 5.660    .000000    .000000
 5.680    .004901    .005015
 5.700    .006946    .007684
 5.720    .008316    .009108
 5.740    .009166    .011146
 5.760    .010014    .012005
 5.780    .010457    .013536
 5.800    .008276    .011998
 5.820    .007899    .012040
 5.840    .014463    .017876
 5.860    .013035    .014922
 5.880    .005894    .011144
 5.900    .013758    .018644
 5.920    .027126    .025357
 5.940    .035449    .037167
 5.960    .039031    .044891
 5.980    .042050    .049745
 6.000    .048365    .057305
 6.020    .058909    .069527
 6.040    .062307    .076960
 6.060    .058885    .075969
 6.080    .080512    .096337
 6.100    .104351    .124156
 6.120    .127901    .151729
 6.140    .141164    .165423
 6.160    .163870    .192907
 6.180    .204257    .250614
 6.200    .223351    .288532
 6.220    .274997    .358908
 6.240    .360535    .459353
 6.260    .474463    .581967
 6.280    .598711    .707196
 6.300    .708679    .815352
 6.320    .750231    .845350
 6.340    .758416    .833154
 6.360    .838364    .900354
 6.380    .937779    .982521
 6.400    .886574    .912915
 6.420    .867565    .877737
 6.440   1.000000   1.000000
 6.460    .974949    .970816
 6.480    .820112    .806655
 6.500    .822822    .808955
 6.520    .895894    .886221
 6.540    .852157    .851896
 6.560    .743010    .757693
 6.580    .668229    .685452
 6.600    .643418    .655998
 6.620    .601481    .612441
 6.640    .641471    .658764
 6.660    .728090    .755009
 6.680    .766802    .796386
 6.700    .771396    .799121
 6.720    .794249    .819786
 6.740    .878121    .899975
 6.760    .819707    .845017
 6.780    .738025    .763497
 6.800    .750678    .776946
 6.820    .777276    .810919
 6.840    .722467    .764885
 6.860    .672915    .712136
 6.880    .744448    .780268
 6.900    .802478    .847195
 6.920    .834874    .878622
 6.940    .822873    .862923
 6.960    .790768    .827370
 6.980    .785454    .823233
 7.000    .821886    .861811
 7.020    .794051    .831669
 7.040    .769396    .805980
 7.060    .790355    .834500
 7.080    .829367    .887179
 7.100    .837052    .898016
 7.120    .802323    .856041
 7.140    .760636    .811770
 7.160    .751184    .795953
 7.180    .781334    .822558
 7.200    .781465    .822210
 7.220    .785573    .830784
 7.240    .788579    .841599
 7.260    .761207    .809783
 7.280    .757393    .804397
 7.300    .774776    .816325
 7.320    .772649    .806646
 7.340    .762278    .793385
 7.360    .793240    .825216
 7.380    .812880    .846040
 7.400    .817384    .851026
 7.420    .795755    .830990
 7.440    .746990    .787509
 7.460    .680605    .725146
 7.480    .667009    .720929
 7.500    .650950    .717501
 7.520    .609125    .684732
 7.540    .552038    .630804
 7.560    .481816    .561509
 7.580    .407987    .486078
 7.600    .361339    .437622
 7.620    .309885    .380693
 7.640    .266546    .329503
 7.660    .232426    .290302
 7.680    .195102    .247362
 7.700    .167678    .216317
 7.720    .148829    .193520
 7.740    .127995    .166231
 7.760    .111524    .143759
 7.780    .103047    .131995
 7.800    .088683    .112314
 7.820    .081055    .102299
 7.840    .074808    .093902
 7.860    .066871    .083167
 7.880    .059290    .074614
 7.900    .055715    .073778
 7.920    .046843    .062260
 7.940    .041591    .053284
 7.960    .036895    .046157
 7.980    .031714    .039078
 8.000    .027452    .032792
 8.020    .025642    .030601
 8.040    .022816    .027596
 8.060    .020572    .025213
 8.080    .019120    .023609
 8.100    .017900    .022756
 8.120    .015385    .021722
 8.140    .014848    .028301
 8.160    .016460    .030233
 8.180    .018208    .024005
 8.200    .017248    .014258
 8.220    .014951    .013669
 8.240    .012832    .013727
 8.260    .011351    .013472
 8.280    .010721    .013090
 8.300    .010635    .013147
 8.320    .009728    .011841
 8.340    .008992    .010683
 8.360    .008938    .010788
 8.380    .008637    .011685
 8.400    .007994    .013675
 8.420    .006820    .014548
 8.440    .005224    .012679
 8.460    .004694    .009460
 8.480    .004623    .007090
 8.500    .004726    .005880
 8.520    .004658    .005449
 8.540    .000000    .000000
