10.000    .000000    .000000
10.020    .004320    .000563
10.040    .006308    .001871
10.060    .010792    .004210
10.080    .015615    .006633
10.100    .017211    .006818
10.120    .017527    .006402
10.140    .014563    .005412
10.160    .011202    .004475
10.180    .011974    .006096
10.200    .013559    .007977
10.220    .016348    .009284
10.240    .019391    .010484
10.260    .022040    .011590
10.280    .024733    .012811
10.300    .028641    .015209
10.320    .032869    .017786
10.340    .037686    .018769
10.360    .042676    .019334
10.380    .047263    .021324
10.400    .051642    .023706
10.420    .056446    .027506
10.440    .061645    .032283
10.460    .066080    .035552
10.480    .070025    .038071
10.500    .073432    .039631
10.520    .076264    .039968
10.540    .078687    .040399
10.560    .080443    .040753
10.580    .081878    .041544
10.600    .082369    .044011
10.620    .083137    .046389
10.640    .085557    .048476
10.660    .088201    .050443
10.680    .090780    .051256
10.700    .093176    .051549
10.720    .096018    .051849
10.740    .098974    .051989
10.760    .102085    .054007
10.780    .105546    .058331
10.800    .109317    .062810
10.820    .114154    .068324
10.840    .119083    .073495
10.860    .124916    .077269
10.880    .130878    .080663
10.900    .136396    .084445
10.920    .141538    .088355
10.940    .147599    .093682
10.960    .154661    .100615
10.980    .161956    .107620
11.000    .170759    .115061
11.020    .179577    .122234
11.040    .189945    .134079
11.060    .200674    .147183
11.080    .214167    .162985
11.100    .231658    .182767
11.120    .249038    .202311
11.140    .271274    .222764
11.160    .293091    .242419
11.180    .317209    .267740
11.200    .342480    .295911
11.220    .369991    .324640
11.240    .409528    .357476
11.260    .449094    .389735
11.280    .478706    .424997
11.300    .504500    .459990
11.320    .540463    .502494
11.340    .595806    .559606
11.360    .650918    .615881
11.380    .713783    .658715
11.400    .780272    .695963
11.420    .827302    .746206
11.440    .845851    .814577
11.460    .862646    .880133
11.480    .899448    .931030
11.500    .947692    .975370
11.520    .985227   1.000000
11.540    .992787    .960786
11.560   1.000000    .919721
11.580    .991558    .925287
11.600    .974816    .951124
11.620    .960060    .965630
11.640    .967060    .933473
11.660    .977710    .897708
11.680    .957875    .860829
11.700    .906770    .821883
11.720    .859289    .786293
11.740    .839086    .781348
11.760    .829361    .787739
11.780    .819614    .786076
11.800    .803741    .732797
11.820    .789754    .679977
11.840    .770768    .657213
11.860    .747195    .664412
11.880    .726969    .672760
11.900    .733190    .670042
11.920    .751942    .662884
11.940    .766580    .654613
11.960    .747139    .628277
11.980    .722146    .598659
12.000    .706706    .583683
12.020    .713885    .606743
12.040    .721055    .631848
12.060    .732599    .634557
12.080    .748039    .616232
12.100    .762628    .597954
12.120    .769719    .598468
12.140    .770444    .615905
12.160    .771504    .632057
12.180    .798114    .647510
12.200    .830915    .661622
12.220    .859782    .672900
12.240    .860290    .658990
12.260    .856545    .641117
12.280    .854229    .630476
12.300    .857098    .647172
12.320    .860872    .669743
12.340    .865081    .687715
12.360    .873122    .672843
12.380    .881254    .657202
12.400    .882257    .641096
12.420    .852851    .621690
12.440    .822703    .601839
12.460    .801650    .590979
12.480    .800639    .600172
12.500    .802182    .612004
12.520    .799013    .613696
12.540    .782363    .585826
12.560    .764462    .555214
12.580    .743854    .525766
12.600    .693767    .500084
12.620    .644554    .474672
12.640    .596656    .448882
12.660    .559534    .419325
12.680    .523209    .390101
12.700    .486982    .360716
12.720    .448089    .327552
12.740    .408954    .293899
12.760    .371229    .262087
12.780    .343661    .243646
12.800    .320740    .231140
12.820    .297978    .218322
12.840    .278766    .204604
12.860    .262195    .190204
12.880    .245507    .175924
12.900    .229593    .163965
12.920    .214649    .154774
12.940    .199687    .145544
12.960    .186537    .136116
12.980    .177032    .126260
13.000    .167867    .116578
13.020    .158340    .107363
13.040    .146435    .099453
13.060    .134372    .091957
13.080    .122586    .084698
13.100    .110915    .078843
13.120    .099486    .073902
13.140    .088432    .069085
13.160    .078474    .064816
13.180    .070429    .061512
13.200    .062464    .058226
13.220    .054845    .054934
13.240    .049699    .050659
13.260    .044818    .046466
13.280    .040007    .042435
13.300    .036655    .037495
13.320    .034107    .032143
13.340    .031597    .026849
13.360    .029355    .021651
13.380    .027149    .016526
13.400    .024964    .011463
13.420    .022800    .006465
13.440    .020666    .001537
13.460    .000000    .000000