3.650000e+002   0.000000
3.655000e+002   0.000000
3.660000e+002   0.000000
3.665000e+002   0.000000
3.670000e+002   0.000000
3.675000e+002   0.000000
3.680000e+002   0.000000
3.685000e+002   0.000000
3.690000e+002   0.000000
3.695000e+002   0.000000
3.700000e+002   0.000000
3.705000e+002   0.000000
3.710000e+002   0.000000
3.715000e+002   0.000000
3.720000e+002   0.000000
3.725000e+002   0.000000
3.730000e+002   0.000000
3.735000e+002   0.000000
3.740000e+002   0.000000
3.745000e+002   0.000000
3.750000e+002   0.000000
3.755000e+002   0.000000
3.760000e+002   0.000000
3.765000e+002   0.000000
3.770000e+002   0.000000
3.775000e+002   0.000000
3.780000e+002   0.000000
3.785000e+002   0.000000
3.790000e+002   0.000000
4.000000e+002   0.000000
4.005000e+002   0.000000
4.010000e+002   0.000000
4.015000e+002   0.000000
4.020000e+002   0.000000
4.025000e+002   0.000000
4.030000e+002   0.000000
4.035000e+002   0.000000
4.040000e+002   0.000000
4.045000e+002   0.000000
4.050000e+002   0.000000
4.055000e+002   0.000000
4.060000e+002   0.000000
4.065000e+002   0.000000
4.070000e+002   0.000000
4.075000e+002   0.000000
4.080000e+002   0.000000
4.085000e+002   0.000000
4.090000e+002   0.000000
4.095000e+002   0.000000
4.100000e+002   0.000000
4.105000e+002   0.000000
4.110000e+002   0.000000
4.115000e+002   0.000000
4.120000e+002   0.000000
4.125000e+002   0.000000
4.130000e+002   0.000000
4.135000e+002   0.000000
4.140000e+002   0.000000
4.145000e+002   0.000000
4.150000e+002   0.000000
4.155000e+002   0.000000
4.160000e+002   0.000000
4.165000e+002   0.000000
4.170000e+002   0.000000
4.175000e+002   0.000000
4.180000e+002   0.000000
4.185000e+002   0.000000
4.190000e+002   0.000000
4.195000e+002   0.000000
4.200000e+002   0.000000
4.205000e+002   0.000000
4.210000e+002   0.000000
4.215000e+002   0.000000
4.220000e+002   0.000000
4.225000e+002   0.000000
4.230000e+002   0.000000
4.235000e+002   0.000000
4.240000e+002   0.000000
4.245000e+002   0.000000
4.250000e+002   0.000000
4.255000e+002   0.000000
4.260000e+002   0.000000
4.265000e+002   0.000000
4.270000e+002   0.000000
4.275000e+002   0.000000
4.280000e+002   0.000000
4.285000e+002   0.000000
4.290000e+002   0.000000
4.295000e+002   0.000000
4.300000e+002   0.000000
4.305000e+002   0.000000
4.310000e+002   0.000000
4.315000e+002   0.000000
4.320000e+002   0.000000
4.325000e+002   0.000000
4.330000e+002   0.000000
4.335000e+002   0.000000
4.340000e+002   0.000000
4.345000e+002   0.000000
4.350000e+002   0.000000
4.355000e+002   0.000000
4.360000e+002   0.000000
4.365000e+002   0.000000
4.370000e+002   0.000000
4.375000e+002   0.000000
4.380000e+002   0.000000
4.385000e+002   0.000000
4.390000e+002   0.000000
4.395000e+002   0.000000
4.400000e+002   0.000000
4.405000e+002   0.000000
4.410000e+002   0.000000
4.415000e+002   0.000000
4.420000e+002   0.000000
4.425000e+002   0.000000
4.430000e+002   0.000000
4.435000e+002   0.000000
4.440000e+002   0.000000
4.445000e+002   0.000000
4.450000e+002   0.000000
4.455000e+002   0.000000
4.460000e+002   0.000000
4.465000e+002   0.000000
4.470000e+002   0.000000
4.475000e+002   0.000000
4.480000e+002   0.000000
4.485000e+002   0.000000
4.490000e+002   0.000000
4.495000e+002   0.000000
4.500000e+002   0.000000
4.505000e+002   0.000000
4.510000e+002   0.000000
4.515000e+002   0.000000
4.520000e+002   0.000000
4.525000e+002   0.000000
4.530000e+002   0.000000
4.535000e+002   0.000000
4.540000e+002   0.000000
4.545000e+002   0.000000
4.550000e+002   0.000000
4.555000e+002   0.000000
4.560000e+002   0.000000
4.565000e+002   0.000000
4.570000e+002   0.000000
4.575000e+002   0.000000
4.580000e+002   0.000000
4.585000e+002   0.000000
4.590000e+002   0.000000
4.595000e+002   0.000000
4.600000e+002   0.000000
4.605000e+002   0.000000
4.610000e+002   0.000000
4.615000e+002   0.000000
4.620000e+002   0.000000
4.625000e+002   0.000000
4.630000e+002   0.000000
4.635000e+002   0.000000
4.640000e+002   0.000000
4.645000e+002   0.000000
4.650000e+002   0.000000
4.655000e+002   0.000000
4.660000e+002   0.000000
4.665000e+002   0.000000
4.670000e+002   0.000000
4.675000e+002   0.000000
4.680000e+002   0.000000
4.685000e+002   0.000000
4.690000e+002   0.000000
4.695000e+002   0.000000
4.700000e+002   0.000000
4.705000e+002   0.000000
4.710000e+002   0.000000
4.715000e+002   0.000000
4.720000e+002   0.000000
4.725000e+002   0.000000
4.730000e+002   0.000000
4.735000e+002   0.000000
4.740000e+002   0.000000
4.745000e+002   0.000000
4.750000e+002   0.000000
4.755000e+002   0.000000
4.760000e+002   0.000000
4.765000e+002   0.000000
4.770000e+002   0.000000
4.775000e+002   0.000000
4.780000e+002   0.000000
4.785000e+002   0.000000
4.790000e+002   0.000000
4.795000e+002   0.000000
4.800000e+002   0.000000
4.805000e+002   0.000000
4.810000e+002   0.000000
4.815000e+002   0.000000
4.820000e+002   0.000000
4.825000e+002   0.000000
4.830000e+002   0.000000
4.835000e+002   0.000000
4.840000e+002   0.000000
4.845000e+002   0.000000
4.850000e+002   0.000000
4.855000e+002   0.000000
4.860000e+002   0.000000
4.865000e+002   0.000000
4.870000e+002   0.000000
4.875000e+002   0.000000
4.880000e+002   0.000000
4.885000e+002   0.000000
4.890000e+002   0.000000
4.895000e+002   0.000000
4.900000e+002   0.000000
4.905000e+002   0.000000
4.910000e+002   0.000000
4.915000e+002   0.000000
4.920000e+002   0.000000
4.925000e+002   0.000000
4.930000e+002   0.000000
4.935000e+002   0.000000
4.940000e+002   0.000000
4.945000e+002   0.000000
4.950000e+002   0.000000
4.955000e+002   0.000000
4.960000e+002   0.000000
4.965000e+002   0.000000
4.970000e+002   0.000000
4.975000e+002   0.000000
4.980000e+002   0.000000
4.985000e+002   0.000000
4.990000e+002   0.000000
4.995000e+002   0.000000
5.000000e+002   0.000000
5.005000e+002   0.000000
5.010000e+002   0.000000
5.015000e+002   0.000000
5.020000e+002   0.000000
5.025000e+002   0.000000
5.030000e+002   0.000000
5.035000e+002   0.000000
5.040000e+002   0.000000
5.045000e+002   0.000000
5.050000e+002   0.000000
5.055000e+002   0.000000
5.060000e+002   0.000000
5.065000e+002   0.000000
5.070000e+002   0.000000
5.075000e+002   0.000000
5.080000e+002   0.000000
5.085000e+002   0.000000
5.090000e+002   0.000000
5.095000e+002   0.000000
5.100000e+002   0.000000
5.105000e+002   0.000000
5.110000e+002   0.000000
5.115000e+002   0.000000
5.120000e+002   0.000000
5.125000e+002   0.000000
5.130000e+002   0.000000
5.135000e+002   0.000000
5.140000e+002   0.000000
5.145000e+002   0.000000
5.150000e+002   0.000000
5.155000e+002   0.000000
5.160000e+002   0.000000
5.165000e+002   0.000000
5.170000e+002   0.000000
5.175000e+002   0.000000
5.180000e+002   0.000000
5.185000e+002   0.000000
5.190000e+002   0.000000
5.195000e+002   0.000000
5.200000e+002   0.000000
5.205000e+002   0.000000
5.210000e+002   0.000000
5.215000e+002   0.000000
5.220000e+002   0.000000
5.225000e+002   0.000000
5.230000e+002   0.000000
5.235000e+002   0.000000
5.240000e+002   0.000000
5.245000e+002   0.000000
5.250000e+002   0.000000
5.255000e+002   0.000000
5.260000e+002   0.000000
5.265000e+002   0.000000
5.270000e+002   0.000000
5.275000e+002   0.000000
5.280000e+002   0.000000
5.285000e+002   0.000000
5.290000e+002   0.000000
5.295000e+002   0.000000
5.300000e+002   0.000000
5.305000e+002   0.000000
5.310000e+002   0.000000
5.315000e+002   0.000000
5.320000e+002   0.000000
5.325000e+002   0.000000
5.330000e+002   0.000000
5.335000e+002   0.000000
5.340000e+002   0.000000
5.345000e+002   0.000000
5.350000e+002   0.000000
5.355000e+002   0.000000
5.360000e+002   0.000000
5.365000e+002   0.000000
5.370000e+002   0.000000
5.375000e+002   0.000000
5.380000e+002   0.000000
5.385000e+002   0.000000
5.390000e+002   0.000000
5.395000e+002   0.000000
5.400000e+002   0.000000
5.405000e+002   0.000000
5.410000e+002   0.000000
5.415000e+002   0.000000
5.420000e+002   0.000000
5.425000e+002   0.000000
5.430000e+002   0.000000
5.435000e+002   0.000000
5.440000e+002   0.000000
5.445000e+002   0.000000
5.450000e+002   0.000000
5.455000e+002   0.000000
5.460000e+002   0.000000
5.465000e+002   0.000000
5.470000e+002   0.000000
5.475000e+002   0.000000
5.480000e+002   0.000000
5.485000e+002   0.000000
5.490000e+002   0.000000
5.495000e+002   0.000000
5.500000e+002   0.000000
5.505000e+002   0.000000
5.510000e+002   0.000000
5.515000e+002   0.000000
5.520000e+002   0.000000
5.525000e+002   0.000000
5.530000e+002   0.000000
5.535000e+002   0.000000
5.540000e+002   0.000000
5.545000e+002   0.000000
5.550000e+002   0.000000
5.555000e+002   0.000000
5.560000e+002   0.000000
5.565000e+002   0.000000
5.570000e+002   0.000000
5.575000e+002   0.000000
5.580000e+002   0.000000
5.585000e+002   0.000000
5.590000e+002   0.000000
5.595000e+002   0.000000
5.600000e+002   0.000000
5.605000e+002   0.000000
5.610000e+002   0.000000
5.615000e+002   0.000000
5.620000e+002   0.000000
5.625000e+002   0.000000
5.630000e+002   0.000000
5.635000e+002   0.000000
5.640000e+002   0.000000
5.645000e+002   0.000000
5.650000e+002   0.000000
5.655000e+002   0.000000
5.660000e+002   0.000000
5.665000e+002   0.000000
5.670000e+002   0.000000
5.675000e+002   0.000000
5.680000e+002   0.000000
5.685000e+002   0.000000
5.690000e+002   0.000000
5.695000e+002   0.000000
5.700000e+002   0.000000
5.705000e+002   0.000000
5.710000e+002   0.000000
5.715000e+002   0.000000
5.720000e+002   0.000000
5.725000e+002   0.000000
5.730000e+002   0.000000
5.735000e+002   0.000000
5.740000e+002   0.000000
5.745000e+002   0.000000
5.750000e+002   0.000000
5.755000e+002   0.000000
5.760000e+002   0.000000
5.765000e+002   0.000000
5.770000e+002   0.000000
5.775000e+002   0.000000
5.780000e+002   0.000000
5.785000e+002   0.000000
5.790000e+002   0.000000
5.795000e+002   0.000000
5.800000e+002   0.000000
5.805000e+002   0.000000
5.810000e+002   0.000000
5.815000e+002   0.000000
5.820000e+002   0.000000
5.825000e+002   0.000000
5.830000e+002   0.000000
5.835000e+002   0.000000
5.840000e+002   0.000000
5.845000e+002   0.000000
5.850000e+002   0.000000
5.855000e+002   0.000000
5.860000e+002   0.000000
5.865000e+002   0.000000
5.870000e+002   0.000000
5.875000e+002   0.000000
5.880000e+002   0.000000
5.885000e+002   0.000000
5.890000e+002   0.000000
5.895000e+002   0.000000
5.900000e+002   0.000000
5.905000e+002   0.000000
5.910000e+002   0.000000
5.915000e+002   0.000000
5.920000e+002   0.000000
5.925000e+002   0.000000
5.930000e+002   0.000000
5.935000e+002   0.000000
5.940000e+002   0.000000
5.945000e+002   0.000000
5.950000e+002   0.000000
5.955000e+002   0.000000
5.960000e+002   0.000000
5.965000e+002   0.000000
5.970000e+002   0.000000
5.975000e+002   0.000000
5.980000e+002   0.000000
5.985000e+002   0.000000
5.990000e+002   0.000000
5.995000e+002   0.000000
6.000000e+002   0.000000
6.005000e+002   0.000000
6.010000e+002   0.000000
6.015000e+002   0.000000
6.020000e+002   0.000000
6.025000e+002   0.000000
6.030000e+002   0.000000
6.035000e+002   0.000000
6.040000e+002   0.000000
6.045000e+002   0.000000
6.050000e+002   0.000000
6.055000e+002   0.000000
6.060000e+002   0.000000
6.065000e+002   0.000000
6.070000e+002   0.000000
6.075000e+002   0.000000
6.080000e+002   0.000000
6.085000e+002   0.000000
6.090000e+002   0.000000
6.095000e+002   0.000000
6.100000e+002   0.000000
6.105000e+002   0.000000
6.110000e+002   0.000000
6.115000e+002   0.000000
6.120000e+002   0.000000
6.125000e+002   0.000000
6.130000e+002   0.000000
6.135000e+002   0.000000
6.140000e+002   0.000000
6.145000e+002   0.000000
6.150000e+002   0.000000
6.155000e+002   0.000000
6.160000e+002   0.000000
6.165000e+002   0.000000
6.170000e+002   0.000000
6.175000e+002   0.000000
6.180000e+002   0.000000
6.185000e+002   0.000000
6.190000e+002   0.000000
6.195000e+002   0.000000
6.200000e+002   0.000000
6.205000e+002   0.000000
6.210000e+002   0.000000
6.215000e+002   0.000000
6.220000e+002   0.000000
6.225000e+002   0.000000
6.230000e+002   0.000000
6.235000e+002   0.000000
6.240000e+002   0.000000
6.245000e+002   0.000000
6.250000e+002   0.000000
6.255000e+002   0.000000
6.260000e+002   0.000000
6.265000e+002   0.000000
6.270000e+002   0.000000
6.275000e+002   0.000000
6.280000e+002   0.000000
6.285000e+002   0.000000
6.290000e+002   0.000000
6.295000e+002   0.000000
6.300000e+002   0.000000
6.305000e+002   0.000000
6.310000e+002   0.000000
6.315000e+002   0.000000
6.320000e+002   0.000000
6.325000e+002   0.000000
6.330000e+002   0.000000
6.335000e+002   0.000000
6.340000e+002   0.000000
6.345000e+002   0.000000
6.350000e+002   0.000000
6.355000e+002   0.000000
6.360000e+002   0.000000
6.365000e+002   0.000000
6.370000e+002   0.000000
6.375000e+002   0.000000
6.380000e+002   0.000000
6.385000e+002   0.000000
6.390000e+002   0.000000
6.395000e+002   0.000000
6.400000e+002   0.000000
6.405000e+002   0.000000
6.410000e+002   0.000000
6.415000e+002   0.000000
6.420000e+002   0.000000
6.425000e+002   0.000000
6.430000e+002   0.000000
6.435000e+002   0.000000
6.440000e+002   0.000000
6.445000e+002   0.000000
6.450000e+002   0.000000
6.455000e+002   0.000000
6.460000e+002   0.000000
6.465000e+002   0.000000
6.470000e+002   0.000000
6.475000e+002   0.000000
6.480000e+002   0.000000
6.485000e+002   0.000000
6.490000e+002   0.000000
6.495000e+002   0.000000
6.500000e+002   0.000000
6.505000e+002   0.000000
6.510000e+002   0.000000
6.515000e+002   0.000000
6.520000e+002   0.000000
6.525000e+002   0.000000
6.530000e+002   0.000000
6.535000e+002   0.000000
6.540000e+002   0.000000
6.545000e+002   0.000000
6.550000e+002   0.000000
6.555000e+002   0.000000
6.560000e+002   0.000000
6.565000e+002   0.000000
6.570000e+002   0.000000
6.575000e+002   0.000000
6.580000e+002   0.000000
6.585000e+002   0.000000
6.590000e+002   0.000000
6.595000e+002   0.000000
6.600000e+002   0.000000
6.605000e+002   0.000000
6.610000e+002   0.000000
6.615000e+002   0.000000
6.620000e+002   0.000000
6.625000e+002   0.000000
6.630000e+002   0.000000
6.635000e+002   0.000000
6.640000e+002   0.000000
6.645000e+002   0.000000
6.650000e+002   0.000000
6.655000e+002   0.000000
6.660000e+002   0.000000
6.665000e+002   0.000000
6.670000e+002   0.000000
6.675000e+002   0.000000
6.680000e+002   0.000000
6.685000e+002   0.000000
6.690000e+002   0.000000
6.695000e+002   0.000000
6.700000e+002   0.000000
6.705000e+002   0.000000
6.710000e+002   0.000000
6.715000e+002   0.000000
6.720000e+002   0.000000
6.725000e+002   0.000000
6.730000e+002   0.000000
6.735000e+002   0.000000
6.740000e+002   0.000000
6.745000e+002   0.000000
6.750000e+002   0.000000
6.755000e+002   0.000000
6.760000e+002   0.000000
6.765000e+002   0.000000
6.770000e+002   0.000000
6.775000e+002   0.000000
6.780000e+002   0.000000
6.785000e+002   0.000000
6.790000e+002   0.000000
6.795000e+002   0.000000
6.800000e+002   0.000000
6.805000e+002   0.000000
6.810000e+002   0.000000
6.815000e+002   0.000000
6.820000e+002   0.000000
6.825000e+002   0.000000
6.830000e+002   0.000000
6.835000e+002   0.000000
6.840000e+002   0.000000
6.845000e+002   0.000000
6.850000e+002   0.000000
6.855000e+002   0.000000
6.860000e+002   0.000000
6.865000e+002   0.000000
6.870000e+002   0.000000
6.875000e+002   0.000000
6.880000e+002   0.000000
6.885000e+002   0.000000
6.890000e+002   0.000000
6.895000e+002   0.000000
6.900000e+002   0.000000
6.905000e+002   0.000000
6.910000e+002   0.000000
6.915000e+002   0.000000
6.920000e+002   0.000000
6.925000e+002   0.000000
6.930000e+002   0.000000
6.935000e+002   0.000000
6.940000e+002   0.000000
6.945000e+002   0.000000
6.950000e+002   0.000000
6.955000e+002   0.000000
6.960000e+002   0.000000
6.965000e+002   0.000000
6.970000e+002   0.000000
6.975000e+002   0.000000
6.980000e+002   0.000000
6.985000e+002   0.000000
6.990000e+002   0.000000
6.995000e+002   0.000000
7.000000e+002   0.000000
7.005000e+002   0.000000
7.010000e+002   0.000000
7.015000e+002   0.000000
7.020000e+002   0.000000
7.025000e+002   0.000000
7.030000e+002   0.000000
7.035000e+002   0.000000
7.040000e+002   0.000000
7.045000e+002   0.000000
7.050000e+002   0.000000
7.055000e+002   0.000000
7.060000e+002   0.000000
7.065000e+002   0.000000
7.070000e+002   0.000000
7.075000e+002   0.000000
7.080000e+002   0.000000
7.085000e+002   0.000000
7.090000e+002   0.000000
7.095000e+002   0.000000
7.100000e+002   0.000000
7.105000e+002   0.000000
7.110000e+002   0.000000
7.115000e+002   0.000000
7.120000e+002   0.000000
7.125000e+002   0.000000
7.130000e+002   0.000000
7.135000e+002   0.000000
7.140000e+002   0.000000
7.145000e+002   0.000000
7.150000e+002   0.000000
7.155000e+002   0.000000
7.160000e+002   0.000000
7.165000e+002   0.000000
7.170000e+002   0.000000
7.175000e+002   0.000000
7.180000e+002   0.000000
7.185000e+002   0.000000
7.190000e+002   0.000000
7.195000e+002   0.000000
7.200000e+002   0.000000
7.205000e+002   0.000000
7.210000e+002   0.000000
7.215000e+002   0.000000
7.220000e+002   0.000000
7.225000e+002   0.000000
7.230000e+002   0.000000
7.235000e+002   0.000000
7.240000e+002   0.000000
7.245000e+002   0.000000
7.250000e+002   0.000000
7.255000e+002   0.000000
7.260000e+002   0.000000
7.265000e+002   0.000000
7.270000e+002   0.000000
7.275000e+002   0.000000
7.280000e+002   0.000000
7.285000e+002   0.000000
7.290000e+002   0.000000
7.295000e+002   0.000000
7.300000e+002   0.000000
7.305000e+002   0.000000
7.310000e+002   0.000000
7.315000e+002   0.000000
7.320000e+002   0.000000
7.325000e+002   0.000000
7.330000e+002   0.000000
7.335000e+002   0.000000
7.340000e+002   0.000000
7.345000e+002   0.000000
7.350000e+002   0.000000
7.355000e+002   0.000000
7.360000e+002   0.000000
7.365000e+002   0.000000
7.370000e+002   0.000000
7.375000e+002   0.000000
7.380000e+002   0.000000
7.385000e+002   0.000000
7.390000e+002   0.000000
7.395000e+002   0.000000
7.400000e+002   0.000000
7.405000e+002   0.000000
7.410000e+002   0.000000
7.415000e+002   0.000000
7.420000e+002   0.000000
7.425000e+002   0.000000
7.430000e+002   0.000000
7.435000e+002   0.000000
7.440000e+002   0.000000
7.445000e+002   0.000000
7.450000e+002   0.000000
7.455000e+002   0.000000
7.460000e+002   0.000000
7.465000e+002   0.000000
7.470000e+002   0.000000
7.475000e+002   0.000000
7.480000e+002   0.000000
7.485000e+002   0.000000
7.490000e+002   0.000000
7.495000e+002   0.000000
7.500000e+002   0.000000
7.505000e+002   0.000000
7.510000e+002   0.000000
7.515000e+002   0.000000
7.520000e+002   0.000000
7.525000e+002   0.000000
7.530000e+002   0.000000
7.535000e+002   0.000000
7.540000e+002   0.000000
7.545000e+002   0.000000
7.550000e+002   0.000000
7.555000e+002   0.000000
7.560000e+002   0.000000
7.565000e+002   0.000000
7.570000e+002   0.000000
7.575000e+002   0.000000
7.580000e+002   0.000000
7.585000e+002   0.000000
7.590000e+002   0.000000
7.595000e+002   0.000000
7.600000e+002   0.000000
7.605000e+002   0.000000
7.610000e+002   0.000000
7.615000e+002   0.000000
7.620000e+002   0.000000
7.625000e+002   0.000000
7.630000e+002   0.000000
7.635000e+002   0.000000
7.640000e+002   0.000000
7.645000e+002   0.000000
7.650000e+002   0.000000
7.655000e+002   0.000000
7.660000e+002   0.000000
7.665000e+002   0.000000
7.670000e+002   0.000000
7.675000e+002   0.000000
7.680000e+002   0.000000
7.685000e+002   0.000000
7.690000e+002   0.000000
7.695000e+002   0.000000
7.700000e+002   0.000000
7.705000e+002   0.000000
7.710000e+002   0.000000
7.715000e+002   0.000000
7.720000e+002   0.000000
7.725000e+002   0.000000
7.730000e+002   0.000000
7.735000e+002   0.000000
7.740000e+002   0.000000
7.745000e+002   0.000000
7.750000e+002   0.000000
7.755000e+002   0.000000
7.760000e+002   0.000000
7.765000e+002   0.000000
7.770000e+002   0.000000
7.775000e+002   0.000000
7.780000e+002   0.000000
7.785000e+002   0.000000
7.790000e+002   0.000000
7.795000e+002   0.000000
7.800000e+002   0.000000
7.805000e+002   0.000000
7.810000e+002   0.000000
7.815000e+002   0.000000
7.820000e+002   0.000000
7.825000e+002   0.000000
7.830000e+002   0.000000
7.835000e+002   0.000000
7.840000e+002   0.000000
7.845000e+002   0.000000
7.850000e+002   0.000000
7.855000e+002   0.000000
7.860000e+002   0.000000
7.865000e+002   0.000000
7.870000e+002   0.000000
7.875000e+002   0.000000
7.880000e+002   0.000000
7.885000e+002   0.000000
7.890000e+002   0.000000
7.895000e+002   0.000000
7.900000e+002   0.000000
7.905000e+002   0.000000
7.910000e+002   0.000000
7.915000e+002   0.000000
7.920000e+002   0.000000
7.925000e+002   0.000000
7.930000e+002   0.000000
7.935000e+002   0.000000
7.940000e+002   0.000000
7.945000e+002   0.000000
7.950000e+002   0.000000
7.955000e+002   0.000000
7.960000e+002   0.000000
7.965000e+002   0.000000
7.970000e+002   0.000000
7.975000e+002   0.000000
7.980000e+002   0.000000
7.985000e+002   0.000000
7.990000e+002   0.000000
7.995000e+002   0.000000
8.000000e+002   0.000000
8.005000e+002   0.000000
8.010000e+002   0.000000
8.015000e+002   0.000000
8.020000e+002   0.000000
8.025000e+002   0.000000
8.030000e+002   0.000000
8.035000e+002   0.000000
8.040000e+002   0.000000
8.045000e+002   0.000000
8.050000e+002   0.000000
8.055000e+002   0.000000
8.060000e+002   0.000000
8.065000e+002   0.000000
8.070000e+002   0.000000
8.075000e+002   0.000000
8.080000e+002   0.000000
8.085000e+002   0.000000
8.090000e+002   0.000000
8.095000e+002   0.000000
8.100000e+002   0.000000
8.105000e+002   0.000000
8.110000e+002   0.000000
8.115000e+002   0.000000
8.120000e+002   0.000000
8.125000e+002   0.000000
8.130000e+002   0.000000
8.135000e+002   0.000000
8.140000e+002   0.000000
8.145000e+002   0.000000
8.150000e+002   0.000000
8.155000e+002   0.000000
8.160000e+002   0.000000
8.165000e+002   0.000000
8.170000e+002   0.000000
8.175000e+002   0.000000
8.180000e+002   0.000000
8.185000e+002   0.000000
8.190000e+002   0.000000
8.195000e+002   0.000000
8.200000e+002   0.000000
8.205000e+002   0.000000
8.210000e+002   0.000000
8.215000e+002   0.000734
8.220000e+002   0.001474
8.225000e+002   0.003096
8.230000e+002   0.004664
8.235000e+002   0.006635
8.240000e+002   0.008759
8.245000e+002   0.011061
8.250000e+002   0.016007
8.255000e+002   0.022326
8.260000e+002   0.027677
8.265000e+002   0.034101
8.270000e+002   0.041038
8.275000e+002   0.049136
8.280000e+002   0.058352
8.285000e+002   0.069953
8.290000e+002   0.080942
8.295000e+002   0.095190
8.300000e+002   0.111348
8.305000e+002   0.129085
8.310000e+002   0.148397
8.315000e+002   0.169337
8.320000e+002   0.192952
8.325000e+002   0.219313
8.330000e+002   0.247821
8.335000e+002   0.279149
8.340000e+002   0.312801
8.345000e+002   0.349639
8.350000e+002   0.386758
8.355000e+002   0.428677
8.360000e+002   0.469248
8.365000e+002   0.513538
8.370000e+002   0.557773
8.375000e+002   0.602768
8.380000e+002   0.646411
8.385000e+002   0.690273
8.390000e+002   0.733824
8.395000e+002   0.772418
8.400000e+002   0.811371
8.405000e+002   0.847738
8.410000e+002   0.878757
8.415000e+002   0.906164
8.420000e+002   0.931765
8.425000e+002   0.949709
8.430000e+002   0.965715
8.435000e+002   0.976130
8.440000e+002   0.985067
8.445000e+002   0.992547
8.450000e+002   0.997606
8.455000e+002   1.000000
8.460000e+002   0.998851
8.465000e+002   0.998035
8.470000e+002   0.996178
8.475000e+002   0.991706
8.480000e+002   0.987604
8.485000e+002   0.982802
8.490000e+002   0.978637
8.495000e+002   0.972948
8.500000e+002   0.968741
8.505000e+002   0.962936
8.510000e+002   0.957348
8.515000e+002   0.951288
8.520000e+002   0.946904
8.525000e+002   0.942248
8.530000e+002   0.938968
8.535000e+002   0.934322
8.540000e+002   0.931301
8.545000e+002   0.926849
8.550000e+002   0.923985
8.555000e+002   0.922145
8.560000e+002   0.919684
8.565000e+002   0.917668
8.570000e+002   0.916741
8.575000e+002   0.916850
8.580000e+002   0.916469
8.585000e+002   0.915149
8.590000e+002   0.915965
8.595000e+002   0.916608
8.600000e+002   0.916051
8.605000e+002   0.916459
8.610000e+002   0.917794
8.615000e+002   0.918810
8.620000e+002   0.919692
8.625000e+002   0.921672
8.630000e+002   0.923796
8.635000e+002   0.924161
8.640000e+002   0.926245
8.645000e+002   0.928298
8.650000e+002   0.930190
8.655000e+002   0.932921
8.660000e+002   0.936456
8.665000e+002   0.938772
8.670000e+002   0.939764
8.675000e+002   0.940815
8.680000e+002   0.943430
8.685000e+002   0.946715
8.690000e+002   0.949545
8.695000e+002   0.951893
8.700000e+002   0.953803
8.705000e+002   0.955912
8.710000e+002   0.959464
8.715000e+002   0.962664
8.720000e+002   0.964044
8.725000e+002   0.965518
8.730000e+002   0.967683
8.735000e+002   0.969592
8.740000e+002   0.969325
8.745000e+002   0.969736
8.750000e+002   0.972545
8.755000e+002   0.975173
8.760000e+002   0.976700
8.765000e+002   0.978292
8.770000e+002   0.978912
8.775000e+002   0.979607
8.780000e+002   0.980474
8.785000e+002   0.980880
8.790000e+002   0.980920
8.795000e+002   0.978874
8.800000e+002   0.977715
8.805000e+002   0.977420
8.810000e+002   0.974818
8.815000e+002   0.971394
8.820000e+002   0.969585
8.825000e+002   0.966556
8.830000e+002   0.962052
8.835000e+002   0.958376
8.840000e+002   0.953584
8.845000e+002   0.948807
8.850000e+002   0.943251
8.855000e+002   0.937051
8.860000e+002   0.928910
8.865000e+002   0.919704
8.870000e+002   0.910450
8.875000e+002   0.899155
8.880000e+002   0.888805
8.885000e+002   0.872675
8.890000e+002   0.858725
8.895000e+002   0.844976
8.900000e+002   0.828920
8.905000e+002   0.808814
8.910000e+002   0.790276
8.915000e+002   0.771866
8.920000e+002   0.748216
8.925000e+002   0.726261
8.930000e+002   0.701686
8.935000e+002   0.675927
8.940000e+002   0.649187
8.945000e+002   0.624101
8.950000e+002   0.596782
8.955000e+002   0.568045
8.960000e+002   0.540882
8.965000e+002   0.513717
8.970000e+002   0.486434
8.975000e+002   0.458165
8.980000e+002   0.428783
8.985000e+002   0.403142
8.990000e+002   0.379195
8.995000e+002   0.353395
9.000000e+002   0.331130
9.005000e+002   0.307692
9.010000e+002   0.283661
9.015000e+002   0.263006
9.020000e+002   0.243415
9.025000e+002   0.223758
9.030000e+002   0.205428
9.035000e+002   0.188553
9.040000e+002   0.172799
9.045000e+002   0.158176
9.050000e+002   0.145105
9.055000e+002   0.131197
9.060000e+002   0.119537
9.065000e+002   0.108633
9.070000e+002   0.099016
9.075000e+002   0.089405
9.080000e+002   0.080658
9.085000e+002   0.073734
9.090000e+002   0.066896
9.095000e+002   0.060324
9.100000e+002   0.054501
9.105000e+002   0.049040
9.110000e+002   0.044590
9.115000e+002   0.039587
9.120000e+002   0.035696
9.125000e+002   0.031943
9.130000e+002   0.028256
9.135000e+002   0.025409
9.140000e+002   0.023023
9.145000e+002   0.020082
9.150000e+002   0.016731
9.155000e+002   0.013891
9.160000e+002   0.010842
9.165000e+002   0.008046
9.170000e+002   0.006190
9.175000e+002   0.002904
9.180000e+002   0.000607
9.185000e+002   0.000019
9.190000e+002   0.000000
9.195000e+002   0.000000
9.200000e+002   0.000000
9.205000e+002   0.000000
9.210000e+002   0.000000
9.215000e+002   0.000000
9.220000e+002   0.000000
9.225000e+002   0.000000
9.230000e+002   0.000000
9.235000e+002   0.000000
9.240000e+002   0.000000
9.245000e+002   0.000000
9.250000e+002   0.000000
9.255000e+002   0.000000
9.260000e+002   0.000000
9.265000e+002   0.000000
9.270000e+002   0.000000
9.275000e+002   0.000000
9.280000e+002   0.000000
9.285000e+002   0.000000
9.290000e+002   0.000000
9.295000e+002   0.000000
9.300000e+002   0.000000
9.305000e+002   0.000000
9.310000e+002   0.000000
9.315000e+002   0.000000
9.320000e+002   0.000000
9.325000e+002   0.000000
9.330000e+002   0.000000
9.335000e+002   0.000000
9.340000e+002   0.000000
9.345000e+002   0.000000
9.350000e+002   0.000000
9.355000e+002   0.000000
9.360000e+002   0.000000
9.365000e+002   0.000000
9.370000e+002   0.000000
9.375000e+002   0.000000
9.380000e+002   0.000000
9.385000e+002   0.000000
9.390000e+002   0.000000
9.395000e+002   0.000000
9.400000e+002   0.000000
9.405000e+002   0.000000
9.410000e+002   0.000000
9.415000e+002   0.000000
9.420000e+002   0.000000
9.425000e+002   0.000000
9.430000e+002   0.000000
9.435000e+002   0.000000
9.440000e+002   0.000000
9.445000e+002   0.000000
9.450000e+002   0.000000
9.455000e+002   0.000000
9.460000e+002   0.000000
9.465000e+002   0.000000
9.470000e+002   0.000000
9.475000e+002   0.000000
9.480000e+002   0.000000
9.485000e+002   0.000000
9.490000e+002   0.000000
9.495000e+002   0.000000
9.500000e+002   0.000000
9.505000e+002   0.000000
9.510000e+002   0.000000
9.515000e+002   0.000000
9.520000e+002   0.000000
9.525000e+002   0.000000
9.530000e+002   0.000000
9.535000e+002   0.000000
9.540000e+002   0.000000
9.545000e+002   0.000000
9.550000e+002   0.000000
9.555000e+002   0.000000
9.560000e+002   0.000000
9.565000e+002   0.000000
9.570000e+002   0.000000
9.575000e+002   0.000000
9.580000e+002   0.000000
9.585000e+002   0.000000
9.590000e+002   0.000000
9.595000e+002   0.000000
9.600000e+002   0.000000
9.605000e+002   0.000000
9.610000e+002   0.000000
9.615000e+002   0.000000
9.620000e+002   0.000000
9.625000e+002   0.000000
9.630000e+002   0.000000
9.635000e+002   0.000000
9.640000e+002   0.000000
9.645000e+002   0.000000
9.650000e+002   0.000000
9.655000e+002   0.000000
9.660000e+002   0.000000
9.665000e+002   0.000000
9.670000e+002   0.000000
9.675000e+002   0.000000
9.680000e+002   0.000000
9.685000e+002   0.000000
9.690000e+002   0.000000
9.695000e+002   0.000000
9.700000e+002   0.000000
9.705000e+002   0.000000
9.710000e+002   0.000000
9.715000e+002   0.000000
9.720000e+002   0.000000
9.725000e+002   0.000000
9.730000e+002   0.000000
9.735000e+002   0.000000
9.740000e+002   0.000000
9.745000e+002   0.000000
9.750000e+002   0.000000
9.755000e+002   0.000000
9.760000e+002   0.000000
9.765000e+002   0.000000
9.770000e+002   0.000000
9.775000e+002   0.000000
9.780000e+002   0.000000
9.785000e+002   0.000000
9.790000e+002   0.000000
9.795000e+002   0.000000
9.800000e+002   0.000000
9.805000e+002   0.000000
9.810000e+002   0.000000
9.815000e+002   0.000000
9.820000e+002   0.000000
9.825000e+002   0.000000
9.830000e+002   0.000000
9.835000e+002   0.000000
9.840000e+002   0.000000
9.845000e+002   0.000000
9.850000e+002   0.000000
9.855000e+002   0.000000
9.860000e+002   0.000000
9.865000e+002   0.000000
9.870000e+002   0.000000
9.875000e+002   0.000000
9.880000e+002   0.000000
9.885000e+002   0.000000
9.890000e+002   0.000000
9.895000e+002   0.000000
9.900000e+002   0.000000
9.905000e+002   0.000000
9.910000e+002   0.000000
9.915000e+002   0.000000
9.920000e+002   0.000000
9.925000e+002   0.000000
9.930000e+002   0.000000
9.935000e+002   0.000000
9.940000e+002   0.000000
9.945000e+002   0.000000
9.950000e+002   0.000000
9.955000e+002   0.000000
9.960000e+002   0.000000
9.965000e+002   0.000000
9.970000e+002   0.000000
9.975000e+002   0.000000
9.980000e+002   0.000000
9.985000e+002   0.000000
9.990000e+002   0.000000
9.995000e+002   0.000000
1.000000e+003   0.000000