  6.2450000e+002  0.0000000e+000
  6.2500000e+002  3.0000000e-006
  6.2550000e+002  2.6500000e-004
  6.2600000e+002  9.4900000e-004
  6.2650000e+002  1.2460000e-003
  6.2700000e+002  3.4710000e-003
  6.2750000e+002  5.6760000e-003
  6.2800000e+002  8.1640000e-003
  6.2850000e+002  1.0992000e-002
  6.2900000e+002  1.5772000e-002
  6.2950000e+002  2.2258000e-002
  6.3000000e+002  3.3163000e-002
  6.3050000e+002  4.1485000e-002
  6.3100000e+002  5.4917000e-002
  6.3150000e+002  6.9144000e-002
  6.3200000e+002  8.7757000e-002
  6.3250000e+002  1.1071900e-001
  6.3300000e+002  1.3696400e-001
  6.3350000e+002  1.6821000e-001
  6.3400000e+002  2.0409100e-001
  6.3450000e+002  2.4892100e-001
  6.3500000e+002  2.9385200e-001
  6.3550000e+002  3.4825700e-001
  6.3600000e+002  4.0402600e-001
  6.3650000e+002  4.6561700e-001
  6.3700000e+002  5.2772900e-001
  6.3750000e+002  5.9134700e-001
  6.3800000e+002  6.5391100e-001
  6.3850000e+002  7.1382500e-001
  6.3900000e+002  7.7287700e-001
  6.3950000e+002  8.2335800e-001
  6.4000000e+002  8.6994400e-001
  6.4050000e+002  9.0695700e-001
  6.4100000e+002  9.4030600e-001
  6.4150000e+002  9.6262600e-001
  6.4200000e+002  9.7961700e-001
  6.4250000e+002  9.8946200e-001
  6.4300000e+002  9.9533300e-001
  6.4350000e+002  1.0000000e+000
  6.4400000e+002  9.9956800e-001
  6.4450000e+002  9.9805300e-001
  6.4500000e+002  9.9292500e-001
  6.4550000e+002  9.8725400e-001
  6.4600000e+002  9.8182500e-001
  6.4650000e+002  9.7549200e-001
  6.4700000e+002  9.6712200e-001
  6.4750000e+002  9.5959500e-001
  6.4800000e+002  9.5376400e-001
  6.4850000e+002  9.5074400e-001
  6.4900000e+002  9.4671900e-001
  6.4950000e+002  9.4466200e-001
  6.5000000e+002  9.4471200e-001
  6.5050000e+002  9.4600700e-001
  6.5100000e+002  9.5120500e-001
  6.5150000e+002  9.5926400e-001
  6.5200000e+002  9.6597800e-001
  6.5250000e+002  9.7341500e-001
  6.5300000e+002  9.7521100e-001
  6.5350000e+002  9.7593400e-001
  6.5400000e+002  9.7316400e-001
  6.5450000e+002  9.6172300e-001
  6.5500000e+002  9.4458200e-001
  6.5550000e+002  9.1542700e-001
  6.5600000e+002  8.7713000e-001
  6.5650000e+002  8.2376900e-001
  6.5700000e+002  7.6941400e-001
  6.5750000e+002  7.0200300e-001
  6.5800000e+002  6.3281500e-001
  6.5850000e+002  5.5683400e-001
  6.5900000e+002  4.8693300e-001
  6.5950000e+002  4.1157300e-001
  6.6000000e+002  3.4764500e-001
  6.6050000e+002  2.8742900e-001
  6.6100000e+002  2.3845400e-001
  6.6150000e+002  1.9400500e-001
  6.6200000e+002  1.6022100e-001
  6.6250000e+002  1.3048900e-001
  6.6300000e+002  1.0816600e-001
  6.6350000e+002  8.8630000e-002
  6.6400000e+002  7.4077000e-002
  6.6450000e+002  6.1423000e-002
  6.6500000e+002  5.1596000e-002
  6.6550000e+002  4.3289000e-002
  6.6600000e+002  3.7172000e-002
  6.6650000e+002  3.0133000e-002
  6.6700000e+002  2.6029000e-002
  6.6750000e+002  1.8973000e-002
  6.6800000e+002  1.6032000e-002
  6.6850000e+002  1.3574000e-002
  6.6900000e+002  1.0536000e-002
  6.6950000e+002  5.4710000e-003
  6.7000000e+002  1.5150000e-003
  6.7050000e+002  9.6400000e-004
  6.7100000e+002  8.3600000e-004
  6.7150000e+002  7.2400000e-004
  6.7200000e+002  6.3500000e-004
  6.7250000e+002  5.5400000e-004
  6.7300000e+002  4.8700000e-004
  6.7350000e+002  4.4400000e-004
  6.7400000e+002  3.6800000e-004
  6.7450000e+002  3.2800000e-004
  6.7500000e+002  2.9000000e-004
  6.7550000e+002  2.4600000e-004
  6.7600000e+002  2.1200000e-004
  6.7650000e+002  1.7900000e-004
  6.7700000e+002  1.5100000e-004
  6.7750000e+002  1.3700000e-004
  6.7800000e+002  1.1900000e-004
  6.7850000e+002  9.4000000e-005
  6.7900000e+002  1.0200000e-004
  6.7950000e+002  7.9000000e-005
  6.8000000e+002  7.5000000e-005
  6.8050000e+002  6.8000000e-005
  6.8100000e+002  4.6000000e-005
  6.8150000e+002  4.5000000e-005
  6.8200000e+002  3.6000000e-005
  6.8250000e+002  2.9000000e-005
  6.8300000e+002  2.4000000e-005
  6.8350000e+002  2.6000000e-005
  6.8400000e+002  3.4000000e-005
  6.8450000e+002  3.5000000e-005
  6.8500000e+002  3.3000000e-005
  6.8550000e+002  3.1000000e-005
  6.8600000e+002  3.1000000e-005
  6.8650000e+002  2.9000000e-005
  6.8700000e+002  2.6000000e-005
  6.8750000e+002  2.2000000e-005
  6.8800000e+002  2.4000000e-005
  6.8850000e+002  2.7000000e-005
  6.8900000e+002  2.5000000e-005
  6.8950000e+002  1.8000000e-005
  6.9000000e+002  1.3000000e-005
  6.9050000e+002  1.9000000e-005
  6.9100000e+002  2.1000000e-005
  6.9150000e+002  2.2000000e-005
  6.9200000e+002  2.4000000e-005
  6.9250000e+002  2.7000000e-005
  6.9300000e+002  2.6000000e-005
  6.9350000e+002  2.2000000e-005
  6.9400000e+002  1.1000000e-005
  6.9450000e+002  1.3000000e-005
  6.9500000e+002  1.1000000e-005
  6.9550000e+002  1.3000000e-005
  6.9600000e+002  2.1000000e-005
  6.9650000e+002  2.3000000e-005
  6.9700000e+002  1.9000000e-005
  6.9750000e+002  1.7000000e-005
  6.9800000e+002  1.7000000e-005
  6.9850000e+002  2.2000000e-005
  6.9900000e+002  2.3000000e-005
  6.9950000e+002  2.0000000e-005
  7.0000000e+002  1.2000000e-005
  7.0050000e+002  1.3000000e-005
  7.0100000e+002  1.9000000e-005
  7.0150000e+002  2.1000000e-005
  7.0200000e+002  1.9000000e-005
  7.0250000e+002  1.5000000e-005
  7.0300000e+002  1.7000000e-005
  7.0350000e+002  1.5000000e-005
  7.0400000e+002  1.0000000e-005
  7.0450000e+002  1.3000000e-005
  7.0500000e+002  1.1000000e-005
  7.0550000e+002  1.6000000e-005
  7.0600000e+002  1.9000000e-005
  7.0650000e+002  1.3000000e-005
  7.0700000e+002  1.7000000e-005
  7.0750000e+002  2.6000000e-005
  7.0800000e+002  3.0000000e-005
  7.0850000e+002  2.5000000e-005
  7.0900000e+002  2.3000000e-005
  7.0950000e+002  2.0000000e-005
  7.1000000e+002  2.2000000e-005
  7.1050000e+002  2.0000000e-005
  7.1100000e+002  2.0000000e-005
  7.1150000e+002  2.0000000e-005
  7.1200000e+002  1.3000000e-005
  7.1250000e+002  1.6000000e-005
  7.1300000e+002  1.7000000e-005
  7.1350000e+002  1.0000000e-005
  7.1400000e+002  1.0000000e-005
  7.1450000e+002  1.4000000e-005
  7.1500000e+002  1.2000000e-005
  7.1550000e+002  1.5000000e-005
  7.1600000e+002  1.3000000e-005
  7.1650000e+002  1.1000000e-005
  7.1700000e+002  1.5000000e-005
  7.1750000e+002  1.2000000e-005
  7.1800000e+002  1.3000000e-005
  7.1850000e+002  1.5000000e-005
  7.1900000e+002  1.6000000e-005
  7.1950000e+002  1.6000000e-005
  7.2000000e+002  1.5000000e-005
  7.2050000e+002  1.5000000e-005
  7.2100000e+002  1.1000000e-005
  7.2150000e+002  1.2000000e-005
  7.2200000e+002  1.2000000e-005
  7.2250000e+002  1.0000000e-005
  7.2300000e+002  1.9000000e-005
  7.2350000e+002  2.3000000e-005
  7.2400000e+002  1.9000000e-005
  7.2450000e+002  1.4000000e-005
  7.2500000e+002  1.3000000e-005
  7.2550000e+002  1.7000000e-005
  7.2600000e+002  2.5000000e-005
  7.2650000e+002  2.0000000e-005
  7.2700000e+002  1.3000000e-005
  7.2750000e+002  1.8000000e-005
  7.2800000e+002  1.6000000e-005
  7.2850000e+002  1.5000000e-005
  7.2900000e+002  1.2000000e-005
  7.2950000e+002  1.2000000e-005
  7.3000000e+002  1.6000000e-005
  7.3050000e+002  0.0000000e+000
