  4.0000000e+003  0.0000000e+000
  4.0016010e+003  0.0000000e+000
  4.0032030e+003  0.0000000e+000
  4.0048060e+003  0.0000000e+000
  4.0064100e+003  0.0000000e+000
  4.0080160e+003  0.0000000e+000
  4.0096230e+003  0.0000000e+000
  4.0112310e+003  0.0000000e+000
  4.0128410e+003  0.0000000e+000
  4.0144520e+003  0.0000000e+000
  4.0160640e+003  0.0000000e+000
  4.0176780e+003  0.0000000e+000
  4.0192930e+003  0.0000000e+000
  4.0209090e+003  0.0000000e+000
  4.0225260e+003  0.0000000e+000
  4.0241450e+003  0.0000000e+000
  4.0257650e+003  0.0000000e+000
  4.0273860e+003  0.0000000e+000
  4.0290090e+003  0.0000000e+000
  4.0306330e+003  0.0000000e+000
  4.0322580e+003  0.0000000e+000
  4.0338850e+003  0.0000000e+000
  4.0355130e+003  0.0000000e+000
  4.0371420e+003  0.0000000e+000
  4.0387720e+003  0.0000000e+000
  4.0404040e+003  0.0000000e+000
  4.0420370e+003  0.0000000e+000
  4.0436720e+003  0.0000000e+000
  4.0453080e+003  0.0000000e+000
  4.0469450e+003  0.0000000e+000
  4.0485830e+003  0.0000000e+000
  4.0502230e+003  0.0000000e+000
  4.0518640e+003  0.0000000e+000
  4.0535060e+003  0.0000000e+000
  4.0551500e+003  0.0000000e+000
  4.0567950e+003  0.0000000e+000
  4.0584420e+003  0.0000000e+000
  4.0600890e+003  0.0000000e+000
  4.0617390e+003  0.0000000e+000
  4.0633890e+003  0.0000000e+000
  4.0650410e+003  0.0000000e+000
  4.0666940e+003  0.0000000e+000
  4.0683480e+003  0.0000000e+000
  4.0700040e+003  0.0000000e+000
  4.0716610e+003  0.0000000e+000
  4.0733200e+003  0.0000000e+000
  4.0749800e+003  0.0000000e+000
  4.0766410e+003  0.0000000e+000
  4.0783030e+003  0.0000000e+000
  4.0799670e+003  0.0000000e+000
  4.0816330e+003  0.0000000e+000
  4.0833000e+003  0.0000000e+000
  4.0849670e+003  0.0000000e+000
  4.0866370e+003  0.0000000e+000
  4.0883070e+003  0.0000000e+000
  4.0899800e+003  0.0000000e+000
  4.0916530e+003  0.0000000e+000
  4.0933280e+003  0.0000000e+000
  4.0950040e+003  0.0000000e+000
  4.0966820e+003  0.0000000e+000
  4.0983600e+003  0.0000000e+000
  4.1000410e+003  0.0000000e+000
  4.1017230e+003  0.0000000e+000
  4.1034060e+003  0.0000000e+000
  4.1050900e+003  0.0000000e+000
  4.1067760e+003  0.0000000e+000
  4.1084630e+003  0.0000000e+000
  4.1101520e+003  0.0000000e+000
  4.1118420e+003  0.0000000e+000
  4.1135340e+003  0.0000000e+000
  4.1152260e+003  0.0000000e+000
  4.1169210e+003  0.0000000e+000
  4.1186160e+003  0.0000000e+000
  4.1203130e+003  0.0000000e+000
  4.1220110e+003  0.0000000e+000
  4.1237110e+003  0.0000000e+000
  4.1254130e+003  0.0000000e+000
  4.1271150e+003  0.0000000e+000
  4.1288190e+003  0.0000000e+000
  4.1305240e+003  0.0000000e+000
  4.1322310e+003  0.0000000e+000
  4.1339400e+003  0.0000000e+000
  4.1356490e+003  0.0000000e+000
  4.1373600e+003  0.0000000e+000
  4.1390730e+003  0.0000000e+000
  4.1407870e+003  0.0000000e+000
  4.1425020e+003  0.0000000e+000
  4.1442190e+003  0.0000000e+000
  4.1459370e+003  0.0000000e+000
  4.1476570e+003  0.0000000e+000
  4.1493770e+003  0.0000000e+000
  4.1511000e+003  0.0000000e+000
  4.1528240e+003  0.0000000e+000
  4.1545490e+003  0.0000000e+000
  4.1562760e+003  0.0000000e+000
  4.1580040e+003  0.0000000e+000
  4.1597340e+003  0.0000000e+000
  4.1614650e+003  0.0000000e+000
  4.1631970e+003  0.0000000e+000
  4.1649310e+003  0.0000000e+000
  4.1666670e+003  0.0000000e+000
  4.1684040e+003  0.0000000e+000
  4.1701420e+003  0.0000000e+000
  4.1718810e+003  0.0000000e+000
  4.1736230e+003  0.0000000e+000
  4.1753650e+003  0.0000000e+000
  4.1771090e+003  0.0000000e+000
  4.1788550e+003  0.0000000e+000
  4.1806020e+003  0.0000000e+000
  4.1823510e+003  0.0000000e+000
  4.1841000e+003  0.0000000e+000
  4.1858520e+003  0.0000000e+000
  4.1876040e+003  0.0000000e+000
  4.1893590e+003  0.0000000e+000
  4.1911150e+003  0.0000000e+000
  4.1928720e+003  0.0000000e+000
  4.1946310e+003  0.0000000e+000
  4.1963910e+003  0.0000000e+000
  4.1981530e+003  0.0000000e+000
  4.1999160e+003  0.0000000e+000
  4.2016810e+003  0.0000000e+000
  4.2034470e+003  0.0000000e+000
  4.2052140e+003  0.0000000e+000
  4.2069830e+003  0.0000000e+000
  4.2087540e+003  0.0000000e+000
  4.2105260e+003  0.0000000e+000
  4.2123000e+003  0.0000000e+000
  4.2140750e+003  0.0000000e+000
  4.2158520e+003  0.0000000e+000
  4.2176290e+003  0.0000000e+000
  4.2194100e+003  0.0000000e+000
  4.2211900e+003  0.0000000e+000
  4.2229730e+003  0.0000000e+000
  4.2247570e+003  0.0000000e+000
  4.2265430e+003  0.0000000e+000
  4.2283300e+003  0.0000000e+000
  4.2301180e+003  0.0000000e+000
  4.2319090e+003  0.0000000e+000
  4.2337000e+003  0.0000000e+000
  4.2354930e+003  0.0000000e+000
  4.2372880e+003  0.0000000e+000
  4.2390840e+003  0.0000000e+000
  4.2408820e+003  0.0000000e+000
  4.2426810e+003  0.0000000e+000
  4.2444820e+003  0.0000000e+000
  4.2462850e+003  0.0000000e+000
  4.2480880e+003  0.0000000e+000
  4.2498940e+003  0.0000000e+000
  4.2517010e+003  0.0000000e+000
  4.2535090e+003  0.0000000e+000
  4.2553190e+003  0.0000000e+000
  4.2571310e+003  0.0000000e+000
  4.2589440e+003  0.0000000e+000
  4.2607590e+003  0.0000000e+000
  4.2625750e+003  0.0000000e+000
  4.2643920e+003  0.0000000e+000
  4.2662110e+003  0.0000000e+000
  4.2680330e+003  0.0000000e+000
  4.2698550e+003  0.0000000e+000
  4.2716790e+003  0.0000000e+000
  4.2735040e+003  0.0000000e+000
  4.2753320e+003  0.0000000e+000
  4.2771600e+003  0.0000000e+000
  4.2789900e+003  0.0000000e+000
  4.2808220e+003  0.0000000e+000
  4.2826550e+003  0.0000000e+000
  4.2844900e+003  0.0000000e+000
  4.2863270e+003  0.0000000e+000
  4.2881650e+003  0.0000000e+000
  4.2900040e+003  0.0000000e+000
  4.2918460e+003  0.0000000e+000
  4.2936880e+003  0.0000000e+000
  4.2955330e+003  0.0000000e+000
  4.2973790e+003  0.0000000e+000
  4.2992260e+003  0.0000000e+000
  4.3010750e+003  0.0000000e+000
  4.3029260e+003  0.0000000e+000
  4.3047780e+003  0.0000000e+000
  4.3066320e+003  0.0000000e+000
  4.3084870e+003  0.0000000e+000
  4.3103450e+003  0.0000000e+000
  4.3122040e+003  0.0000000e+000
  4.3140630e+003  0.0000000e+000
  4.3159260e+003  0.0000000e+000
  4.3177900e+003  0.0000000e+000
  4.3196540e+003  0.0000000e+000
  4.3215210e+003  0.0000000e+000
  4.3233900e+003  0.0000000e+000
  4.3252590e+003  0.0000000e+000
  4.3271310e+003  0.0000000e+000
  4.3290040e+003  0.0000000e+000
  4.3308790e+003  0.0000000e+000
  4.3327550e+003  0.0000000e+000
  4.3346340e+003  0.0000000e+000
  4.3365140e+003  0.0000000e+000
  4.3383950e+003  0.0000000e+000
  4.3402780e+003  0.0000000e+000
  4.3421630e+003  0.0000000e+000
  4.3440480e+003  0.0000000e+000
  4.3459370e+003  0.0000000e+000
  4.3478260e+003  0.0000000e+000
  4.3497170e+003  0.0000000e+000
  4.3516100e+003  0.0000000e+000
  4.3535050e+003  0.0000000e+000
  4.3554010e+003  0.0000000e+000
  4.3572980e+003  0.0000000e+000
  4.3591980e+003  0.0000000e+000
  4.3610990e+003  0.0000000e+000
  4.3630010e+003  0.0000000e+000
  4.3649060e+003  0.0000000e+000
  4.3668130e+003  0.0000000e+000
  4.3687200e+003  0.0000000e+000
  4.3706290e+003  0.0000000e+000
  4.3725410e+003  0.0000000e+000
  4.3744530e+003  0.0000000e+000
  4.3763680e+003  0.0000000e+000
  4.3782840e+003  0.0000000e+000
  4.3802020e+003  0.0000000e+000
  4.3821210e+003  0.0000000e+000
  4.3840420e+003  0.0000000e+000
  4.3859650e+003  0.0000000e+000
  4.3878890e+003  0.0000000e+000
  4.3898150e+003  0.0000000e+000
  4.3917440e+003  0.0000000e+000
  4.3936730e+003  0.0000000e+000
  4.3956040e+003  0.0000000e+000
  4.3975380e+003  0.0000000e+000
  4.3994720e+003  0.0000000e+000
  4.4014080e+003  0.0000000e+000
  4.4033470e+003  0.0000000e+000
  4.4052870e+003  0.0000000e+000
  4.4072280e+003  0.0000000e+000
  4.4091710e+003  0.0000000e+000
  4.4111160e+003  0.0000000e+000
  4.4130630e+003  0.0000000e+000
  4.4150110e+003  0.0000000e+000
  4.4169610e+003  0.0000000e+000
  4.4189130e+003  0.0000000e+000
  4.4208660e+003  0.0000000e+000
  4.4228220e+003  0.0000000e+000
  4.4247790e+003  0.0000000e+000
  4.4267370e+003  0.0000000e+000
  4.4286980e+003  0.0000000e+000
  4.4306600e+003  0.0000000e+000
  4.4326240e+003  0.0000000e+000
  4.4345890e+003  0.0000000e+000
  4.4365570e+003  0.0000000e+000
  4.4385260e+003  0.0000000e+000
  4.4404970e+003  0.0000000e+000
  4.4424700e+003  0.0000000e+000
  4.4444440e+003  0.0000000e+000
  4.4464200e+003  0.0000000e+000
  4.4483990e+003  0.0000000e+000
  4.4503780e+003  0.0000000e+000
  4.4523600e+003  0.0000000e+000
  4.4543430e+003  0.0000000e+000
  4.4563280e+003  0.0000000e+000
  4.4583140e+003  0.0000000e+000
  4.4603030e+003  0.0000000e+000
  4.4622940e+003  0.0000000e+000
  4.4642860e+003  0.0000000e+000
  4.4662790e+003  0.0000000e+000
  4.4682750e+003  0.0000000e+000
  4.4702730e+003  0.0000000e+000
  4.4722720e+003  0.0000000e+000
  4.4742730e+003  0.0000000e+000
  4.4762760e+003  0.0000000e+000
  4.4782800e+003  0.0000000e+000
  4.4802870e+003  0.0000000e+000
  4.4822950e+003  0.0000000e+000
  4.4843050e+003  0.0000000e+000
  4.4863160e+003  0.0000000e+000
  4.4883310e+003  0.0000000e+000
  4.4903460e+003  0.0000000e+000
  4.4923630e+003  0.0000000e+000
  4.4943820e+003  0.0000000e+000
  4.4964030e+003  0.0000000e+000
  4.4984250e+003  0.0000000e+000
  4.5004500e+003  0.0000000e+000
  4.5024770e+003  0.0000000e+000
  4.5045040e+003  0.0000000e+000
  4.5065340e+003  0.0000000e+000
  4.5085660e+003  0.0000000e+000
  4.5106000e+003  0.0000000e+000
  4.5126350e+003  0.0000000e+000
  4.5146730e+003  0.0000000e+000
  4.5167120e+003  0.0000000e+000
  4.5187530e+003  0.0000000e+000
  4.5207960e+003  0.0000000e+000
  4.5228400e+003  0.0000000e+000
  4.5248870e+003  0.0000000e+000
  4.5269350e+003  0.0000000e+000
  4.5289860e+003  0.0000000e+000
  4.5310380e+003  0.0000000e+000
  4.5330910e+003  0.0000000e+000
  4.5351470e+003  0.0000000e+000
  4.5372050e+003  0.0000000e+000
  4.5392650e+003  0.0000000e+000
  4.5413260e+003  0.0000000e+000
  4.5433900e+003  0.0000000e+000
  4.5454550e+003  0.0000000e+000
  4.5475220e+003  0.0000000e+000
  4.5495910e+003  0.0000000e+000
  4.5516610e+003  0.0000000e+000
  4.5537340e+003  0.0000000e+000
  4.5558090e+003  0.0000000e+000
  4.5578850e+003  0.0000000e+000
  4.5599630e+003  0.0000000e+000
  4.5620440e+003  0.0000000e+000
  4.5641260e+003  0.0000000e+000
  4.5662100e+003  0.0000000e+000
  4.5682960e+003  0.0000000e+000
  4.5703840e+003  0.0000000e+000
  4.5724740e+003  0.0000000e+000
  4.5745650e+003  0.0000000e+000
  4.5766590e+003  0.0000000e+000
  4.5787540e+003  0.0000000e+000
  4.5808520e+003  0.0000000e+000
  4.5829520e+003  0.0000000e+000
  4.5850530e+003  0.0000000e+000
  4.5871560e+003  0.0000000e+000
  4.5892610e+003  0.0000000e+000
  4.5913680e+003  0.0000000e+000
  4.5934770e+003  0.0000000e+000
  4.5955880e+003  0.0000000e+000
  4.5977010e+003  0.0000000e+000
  4.5998160e+003  0.0000000e+000
  4.6019330e+003  0.0000000e+000
  4.6040520e+003  0.0000000e+000
  4.6061720e+003  0.0000000e+000
  4.6082950e+003  0.0000000e+000
  4.6104200e+003  0.0000000e+000
  4.6125460e+003  0.0000000e+000
  4.6146740e+003  0.0000000e+000
  4.6168050e+003  0.0000000e+000
  4.6189380e+003  0.0000000e+000
  4.6210720e+003  0.0000000e+000
  4.6232080e+003  0.0000000e+000
  4.6253470e+003  0.0000000e+000
  4.6274870e+003  0.0000000e+000
  4.6296290e+003  0.0000000e+000
  4.6317740e+003  0.0000000e+000
  4.6339200e+003  0.0000000e+000
  4.6360680e+003  0.0000000e+000
  4.6382190e+003  0.0000000e+000
  4.6403710e+003  0.0000000e+000
  4.6425250e+003  0.0000000e+000
  4.6446820e+003  0.0000000e+000
  4.6468400e+003  0.0000000e+000
  4.6490000e+003  0.0000000e+000
  4.6511630e+003  0.0000000e+000
  4.6533270e+003  0.0000000e+000
  4.6554940e+003  0.0000000e+000
  4.6576620e+003  0.0000000e+000
  4.6598330e+003  0.0000000e+000
  4.6620050e+003  0.0000000e+000
  4.6641790e+003  0.0000000e+000
  4.6663560e+003  0.0000000e+000
  4.6685340e+003  0.0000000e+000
  4.6707140e+003  0.0000000e+000
  4.6728970e+003  0.0000000e+000
  4.6750820e+003  0.0000000e+000
  4.6772690e+003  0.0000000e+000
  4.6794570e+003  0.0000000e+000
  4.6816480e+003  0.0000000e+000
  4.6838410e+003  0.0000000e+000
  4.6860360e+003  0.0000000e+000
  4.6882330e+003  0.0000000e+000
  4.6904320e+003  0.0000000e+000
  4.6926320e+003  0.0000000e+000
  4.6948350e+003  0.0000000e+000
  4.6970410e+003  0.0000000e+000
  4.6992480e+003  0.0000000e+000
  4.7014570e+003  0.0000000e+000
  4.7036690e+003  0.0000000e+000
  4.7058820e+003  0.0000000e+000
  4.7080980e+003  0.0000000e+000
  4.7103160e+003  0.0000000e+000
  4.7125350e+003  0.0000000e+000
  4.7147570e+003  0.0000000e+000
  4.7169810e+003  0.0000000e+000
  4.7192070e+003  0.0000000e+000
  4.7214350e+003  0.0000000e+000
  4.7236660e+003  0.0000000e+000
  4.7258980e+003  0.0000000e+000
  4.7281320e+003  0.0000000e+000
  4.7303690e+003  0.0000000e+000
  4.7326080e+003  0.0000000e+000
  4.7348490e+003  0.0000000e+000
  4.7370910e+003  0.0000000e+000
  4.7393370e+003  0.0000000e+000
  4.7415840e+003  0.0000000e+000
  4.7438330e+003  0.0000000e+000
  4.7460840e+003  0.0000000e+000
  4.7483380e+003  0.0000000e+000
  4.7505940e+003  0.0000000e+000
  4.7528520e+003  0.0000000e+000
  4.7551120e+003  0.0000000e+000
  4.7573740e+003  0.0000000e+000
  4.7596380e+003  0.0000000e+000
  4.7619050e+003  0.0000000e+000
  4.7641730e+003  0.0000000e+000
  4.7664440e+003  0.0000000e+000
  4.7687170e+003  0.0000000e+000
  4.7709930e+003  0.0000000e+000
  4.7732700e+003  0.0000000e+000
  4.7755490e+003  0.0000000e+000
  4.7778310e+003  0.0000000e+000
  4.7801150e+003  0.0000000e+000
  4.7824000e+003  0.0000000e+000
  4.7846890e+003  0.0000000e+000
  4.7869790e+003  0.0000000e+000
  4.7892720e+003  0.0000000e+000
  4.7915670e+003  0.0000000e+000
  4.7938640e+003  0.0000000e+000
  4.7961630e+003  0.0000000e+000
  4.7984640e+003  0.0000000e+000
  4.8007680e+003  0.0000000e+000
  4.8030740e+003  0.0000000e+000
  4.8053820e+003  0.0000000e+000
  4.8076920e+003  0.0000000e+000
  4.8100050e+003  0.0000000e+000
  4.8123190e+003  0.0000000e+000
  4.8146370e+003  0.0000000e+000
  4.8169560e+003  0.0000000e+000
  4.8192770e+003  0.0000000e+000
  4.8216010e+003  0.0000000e+000
  4.8239270e+003  0.0000000e+000
  4.8262550e+003  0.0000000e+000
  4.8285850e+003  0.0000000e+000
  4.8309180e+003  0.0000000e+000
  4.8332530e+003  0.0000000e+000
  4.8355900e+003  0.0000000e+000
  4.8379300e+003  0.0000000e+000
  4.8402710e+003  0.0000000e+000
  4.8426150e+003  0.0000000e+000
  4.8449610e+003  0.0000000e+000
  4.8473100e+003  0.0000000e+000
  4.8496610e+003  0.0000000e+000
  4.8520130e+003  0.0000000e+000
  4.8543690e+003  0.0000000e+000
  4.8567270e+003  0.0000000e+000
  4.8590860e+003  0.0000000e+000
  4.8614490e+003  0.0000000e+000
  4.8638130e+003  0.0000000e+000
  4.8661800e+003  0.0000000e+000
  4.8685490e+003  0.0000000e+000
  4.8709210e+003  0.0000000e+000
  4.8732940e+003  0.0000000e+000
  4.8756700e+003  0.0000000e+000
  4.8780490e+003  0.0000000e+000
  4.8804290e+003  0.0000000e+000
  4.8828130e+003  0.0000000e+000
  4.8851980e+003  0.0000000e+000
  4.8875850e+003  0.0000000e+000
  4.8899760e+003  0.0000000e+000
  4.8923680e+003  0.0000000e+000
  4.8947630e+003  0.0000000e+000
  4.8971600e+003  0.0000000e+000
  4.8995590e+003  0.0000000e+000
  4.9019610e+003  0.0000000e+000
  4.9043650e+003  0.0000000e+000
  4.9067710e+003  0.0000000e+000
  4.9091800e+003  0.0000000e+000
  4.9115910e+003  0.0000000e+000
  4.9140050e+003  0.0000000e+000
  4.9164210e+003  0.0000000e+000
  4.9188390e+003  0.0000000e+000
  4.9212600e+003  0.0000000e+000
  4.9236830e+003  0.0000000e+000
  4.9261080e+003  0.0000000e+000
  4.9285360e+003  0.0000000e+000
  4.9309660e+003  0.0000000e+000
  4.9333990e+003  0.0000000e+000
  4.9358340e+003  0.0000000e+000
  4.9382710e+003  0.0000000e+000
  4.9407110e+003  0.0000000e+000
  4.9431540e+003  0.0000000e+000
  4.9455980e+003  0.0000000e+000
  4.9480460e+003  0.0000000e+000
  4.9504950e+003  0.0000000e+000
  4.9529470e+003  0.0000000e+000
  4.9554020e+003  0.0000000e+000
  4.9578580e+003  0.0000000e+000
  4.9603170e+003  0.0000000e+000
  4.9627790e+003  0.0000000e+000
  4.9652440e+003  0.0000000e+000
  4.9677100e+003  0.0000000e+000
  4.9701790e+003  0.0000000e+000
  4.9726500e+003  0.0000000e+000
  4.9751250e+003  0.0000000e+000
  4.9776010e+003  0.0000000e+000
  4.9800800e+003  0.0000000e+000
  4.9825610e+003  0.0000000e+000
  4.9850450e+003  0.0000000e+000
  4.9875310e+003  0.0000000e+000
  4.9900200e+003  0.0000000e+000
  4.9925110e+003  0.0000000e+000
  4.9950050e+003  0.0000000e+000
  4.9975010e+003  0.0000000e+000
  5.0000000e+003  0.0000000e+000
  5.0025010e+003  0.0000000e+000
  5.0050050e+003  0.0000000e+000
  5.0075110e+003  0.0000000e+000
  5.0100200e+003  0.0000000e+000
  5.0125310e+003  0.0000000e+000
  5.0150450e+003  0.0000000e+000
  5.0175620e+003  0.0000000e+000
  5.0200810e+003  0.0000000e+000
  5.0226020e+003  0.0000000e+000
  5.0251250e+003  0.0000000e+000
  5.0276520e+003  0.0000000e+000
  5.0301810e+003  0.0000000e+000
  5.0327130e+003  0.0000000e+000
  5.0352470e+003  0.0000000e+000
  5.0377830e+003  0.0000000e+000
  5.0403230e+003  0.0000000e+000
  5.0428640e+003  0.0000000e+000
  5.0454090e+003  0.0000000e+000
  5.0479560e+003  0.0000000e+000
  5.0505050e+003  0.0000000e+000
  5.0530570e+003  0.0000000e+000
  5.0556120e+003  0.0000000e+000
  5.0581690e+003  0.0000000e+000
  5.0607290e+003  0.0000000e+000
  5.0632910e+003  0.0000000e+000
  5.0658560e+003  0.0000000e+000
  5.0684240e+003  0.0000000e+000
  5.0709940e+003  0.0000000e+000
  5.0735670e+003  0.0000000e+000
  5.0761420e+003  0.0000000e+000
  5.0787200e+003  0.0000000e+000
  5.0813010e+003  0.0000000e+000
  5.0838840e+003  0.0000000e+000
  5.0864700e+003  0.0000000e+000
  5.0890590e+003  0.0000000e+000
  5.0916500e+003  0.0000000e+000
  5.0942430e+003  0.0000000e+000
  5.0968400e+003  0.0000000e+000
  5.0994390e+003  0.0000000e+000
  5.1020410e+003  0.0000000e+000
  5.1046450e+003  0.0000000e+000
  5.1072520e+003  0.0000000e+000
  5.1098620e+003  0.0000000e+000
  5.1124750e+003  0.0000000e+000
  5.1150890e+003  0.0000000e+000
  5.1177080e+003  0.0000000e+000
  5.1203280e+003  0.0000000e+000
  5.1229510e+003  0.0000000e+000
  5.1255770e+003  0.0000000e+000
  5.1282050e+003  0.0000000e+000
  5.1308360e+003  0.0000000e+000
  5.1334700e+003  0.0000000e+000
  5.1361070e+003  0.0000000e+000
  5.1387460e+003  0.0000000e+000
  5.1413880e+003  0.0000000e+000
  5.1440330e+003  0.0000000e+000
  5.1466810e+003  0.0000000e+000
  5.1493310e+003  0.0000000e+000
  5.1519830e+003  0.0000000e+000
  5.1546390e+003  0.0000000e+000
  5.1572970e+003  0.0000000e+000
  5.1599590e+003  0.0000000e+000
  5.1626230e+003  0.0000000e+000
  5.1652890e+003  0.0000000e+000
  5.1679590e+003  0.0000000e+000
  5.1706310e+003  0.0000000e+000
  5.1733060e+003  0.0000000e+000
  5.1759830e+003  0.0000000e+000
  5.1786640e+003  0.0000000e+000
  5.1813470e+003  0.0000000e+000
  5.1840330e+003  0.0000000e+000
  5.1867220e+003  0.0000000e+000
  5.1894140e+003  0.0000000e+000
  5.1921080e+003  0.0000000e+000
  5.1948050e+003  0.0000000e+000
  5.1975050e+003  0.0000000e+000
  5.2002080e+003  0.0000000e+000
  5.2029140e+003  0.0000000e+000
  5.2056220e+003  0.0000000e+000
  5.2083330e+003  0.0000000e+000
  5.2110470e+003  0.0000000e+000
  5.2137640e+003  0.0000000e+000
  5.2164840e+003  0.0000000e+000
  5.2192070e+003  0.0000000e+000
  5.2219320e+003  0.0000000e+000
  5.2246600e+003  0.0000000e+000
  5.2273920e+003  0.0000000e+000
  5.2301250e+003  0.0000000e+000
  5.2328620e+003  0.0000000e+000
  5.2356020e+003  0.0000000e+000
  5.2383450e+003  0.0000000e+000
  5.2410900e+003  0.0000000e+000
  5.2438390e+003  0.0000000e+000
  5.2465900e+003  0.0000000e+000
  5.2493440e+003  0.0000000e+000
  5.2521010e+003  0.0000000e+000
  5.2548610e+003  0.0000000e+000
  5.2576240e+003  0.0000000e+000
  5.2603890e+003  0.0000000e+000
  5.2631580e+003  0.0000000e+000
  5.2659290e+003  0.0000000e+000
  5.2687040e+003  0.0000000e+000
  5.2714810e+003  0.0000000e+000
  5.2742620e+003  0.0000000e+000
  5.2770450e+003  0.0000000e+000
  5.2798310e+003  0.0000000e+000
  5.2826200e+003  0.0000000e+000
  5.2854130e+003  0.0000000e+000
  5.2882070e+003  0.0000000e+000
  5.2910050e+003  0.0000000e+000
  5.2938060e+003  0.0000000e+000
  5.2966100e+003  0.0000000e+000
  5.2994170e+003  0.0000000e+000
  5.3022270e+003  0.0000000e+000
  5.3050400e+003  0.0000000e+000
  5.3078560e+003  0.0000000e+000
  5.3106740e+003  0.0000000e+000
  5.3134970e+003  0.0000000e+000
  5.3163210e+003  0.0000000e+000
  5.3191490e+003  0.0000000e+000
  5.3219800e+003  0.0000000e+000
  5.3248130e+003  0.0000000e+000
  5.3276500e+003  0.0000000e+000
  5.3304900e+003  0.0000000e+000
  5.3333330e+003  0.0000000e+000
  5.3361790e+003  0.0000000e+000
  5.3390280e+003  0.0000000e+000
  5.3418800e+003  0.0000000e+000
  5.3447350e+003  0.0000000e+000
  5.3475940e+003  0.0000000e+000
  5.3504550e+003  0.0000000e+000
  5.3533190e+003  0.0000000e+000
  5.3561870e+003  0.0000000e+000
  5.3590570e+003  0.0000000e+000
  5.3619300e+003  0.0000000e+000
  5.3648070e+003  0.0000000e+000
  5.3676870e+003  0.0000000e+000
  5.3705690e+003  0.0000000e+000
  5.3734550e+003  0.0000000e+000
  5.3763440e+003  0.0000000e+000
  5.3792360e+003  0.0000000e+000
  5.3821310e+003  0.0000000e+000
  5.3850300e+003  0.0000000e+000
  5.3879310e+003  0.0000000e+000
  5.3908350e+003  0.0000000e+000
  5.3937430e+003  0.0000000e+000
  5.3966540e+003  0.0000000e+000
  5.3995680e+003  0.0000000e+000
  5.4024850e+003  0.0000000e+000
  5.4054050e+003  0.0000000e+000
  5.4083290e+003  0.0000000e+000
  5.4112550e+003  0.0000000e+000
  5.4141850e+003  0.0000000e+000
  5.4171180e+003  0.0000000e+000
  5.4200540e+003  0.0000000e+000
  5.4229940e+003  0.0000000e+000
  5.4259360e+003  0.0000000e+000
  5.4288820e+003  0.0000000e+000
  5.4318310e+003  0.0000000e+000
  5.4347830e+003  0.0000000e+000
  5.4377380e+003  0.0000000e+000
  5.4406960e+003  0.0000000e+000
  5.4436580e+003  0.0000000e+000
  5.4466230e+003  0.0000000e+000
  5.4495910e+003  0.0000000e+000
  5.4525630e+003  0.0000000e+000
  5.4555380e+003  0.0000000e+000
  5.4585150e+003  0.0000000e+000
  5.4614970e+003  0.0000000e+000
  5.4644810e+003  0.0000000e+000
  5.4674690e+003  0.0000000e+000
  5.4704590e+003  0.0000000e+000
  5.4734540e+003  0.0000000e+000
  5.4764510e+003  0.0000000e+000
  5.4794520e+003  0.0000000e+000
  5.4824560e+003  0.0000000e+000
  5.4854640e+003  0.0000000e+000
  5.4884740e+003  0.0000000e+000
  5.4914880e+003  0.0000000e+000
  5.4945050e+003  0.0000000e+000
  5.4975260e+003  0.0000000e+000
  5.5005500e+003  0.0000000e+000
  5.5035770e+003  0.0000000e+000
  5.5066080e+003  0.0000000e+000
  5.5096420e+003  0.0000000e+000
  5.5126790e+003  0.0000000e+000
  5.5157200e+003  0.0000000e+000
  5.5187640e+003  0.0000000e+000
  5.5218110e+003  0.0000000e+000
  5.5248620e+003  0.0000000e+000
  5.5279160e+003  0.0000000e+000
  5.5309740e+003  0.0000000e+000
  5.5340340e+003  0.0000000e+000
  5.5370990e+003  0.0000000e+000
  5.5401670e+003  0.0000000e+000
  5.5432370e+003  0.0000000e+000
  5.5463120e+003  0.0000000e+000
  5.5493900e+003  0.0000000e+000
  5.5524710e+003  0.0000000e+000
  5.5555560e+003  0.0000000e+000
  5.5586440e+003  0.0000000e+000
  5.5617350e+003  0.0000000e+000
  5.5648300e+003  0.0000000e+000
  5.5679290e+003  0.0000000e+000
  5.5710310e+003  0.0000000e+000
  5.5741360e+003  0.0000000e+000
  5.5772450e+003  0.0000000e+000
  5.5803570e+003  0.0000000e+000
  5.5834730e+003  0.0000000e+000
  5.5865920e+003  0.0000000e+000
  5.5897150e+003  0.0000000e+000
  5.5928410e+003  0.0000000e+000
  5.5959710e+003  0.0000000e+000
  5.5991040e+003  0.0000000e+000
  5.6022410e+003  0.0000000e+000
  5.6053810e+003  0.0000000e+000
  5.6085250e+003  0.0000000e+000
  5.6116720e+003  0.0000000e+000
  5.6148230e+003  0.0000000e+000
  5.6179780e+003  0.0000000e+000
  5.6211350e+003  0.0000000e+000
  5.6242970e+003  0.0000000e+000
  5.6274620e+003  0.0000000e+000
  5.6306300e+003  0.0000000e+000
  5.6338030e+003  0.0000000e+000
  5.6369790e+003  0.0000000e+000
  5.6401580e+003  0.0000000e+000
  5.6433410e+003  0.0000000e+000
  5.6465270e+003  0.0000000e+000
  5.6497180e+003  0.0000000e+000
  5.6529110e+003  0.0000000e+000
  5.6561080e+003  0.0000000e+000
  5.6593100e+003  0.0000000e+000
  5.6625140e+003  0.0000000e+000
  5.6657230e+003  0.0000000e+000
  5.6689340e+003  0.0000000e+000
  5.6721500e+003  0.0000000e+000
  5.6753690e+003  0.0000000e+000
  5.6785920e+003  0.0000000e+000
  5.6818180e+003  0.0000000e+000
  5.6850480e+003  0.0000000e+000
  5.6882820e+003  0.0000000e+000
  5.6915200e+003  0.0000000e+000
  5.6947610e+003  0.0000000e+000
  5.6980060e+003  0.0000000e+000
  5.7012540e+003  0.0000000e+000
  5.7045060e+003  0.0000000e+000
  5.7077630e+003  0.0000000e+000
  5.7110220e+003  0.0000000e+000
  5.7142860e+003  0.0000000e+000
  5.7175530e+003  0.0000000e+000
  5.7208240e+003  0.0000000e+000
  5.7240990e+003  0.0000000e+000
  5.7273760e+003  0.0000000e+000
  5.7306590e+003  0.0000000e+000
  5.7339450e+003  0.0000000e+000
  5.7372340e+003  0.0000000e+000
  5.7405280e+003  0.0000000e+000
  5.7438250e+003  0.0000000e+000
  5.7471260e+003  0.0000000e+000
  5.7504320e+003  0.0000000e+000
  5.7537400e+003  0.0000000e+000
  5.7570520e+003  0.0000000e+000
  5.7603690e+003  0.0000000e+000
  5.7636880e+003  0.0000000e+000
  5.7670130e+003  0.0000000e+000
  5.7703400e+003  0.0000000e+000
  5.7736720e+003  0.0000000e+000
  5.7770080e+003  0.0000000e+000
  5.7803470e+003  0.0000000e+000
  5.7836900e+003  0.0000000e+000
  5.7870370e+003  0.0000000e+000
  5.7903880e+003  0.0000000e+000
  5.7937430e+003  0.0000000e+000
  5.7971020e+003  0.0000000e+000
  5.8004640e+003  0.0000000e+000
  5.8038310e+003  0.0000000e+000
  5.8072010e+003  0.0000000e+000
  5.8105750e+003  0.0000000e+000
  5.8139540e+003  0.0000000e+000
  5.8173360e+003  0.0000000e+000
  5.8207220e+003  0.0000000e+000
  5.8241120e+003  0.0000000e+000
  5.8275060e+003  0.0000000e+000
  5.8309040e+003  0.0000000e+000
  5.8343060e+003  0.0000000e+000
  5.8377110e+003  0.0000000e+000
  5.8411220e+003  0.0000000e+000
  5.8445360e+003  0.0000000e+000
  5.8479530e+003  0.0000000e+000
  5.8513750e+003  0.0000000e+000
  5.8548010e+003  0.0000000e+000
  5.8582310e+003  0.0000000e+000
  5.8616650e+003  0.0000000e+000
  5.8651030e+003  0.0000000e+000
  5.8685440e+003  0.0000000e+000
  5.8719910e+003  0.0000000e+000
  5.8754400e+003  0.0000000e+000
  5.8788950e+003  0.0000000e+000
  5.8823530e+003  0.0000000e+000
  5.8858150e+003  0.0000000e+000
  5.8892820e+003  0.0000000e+000
  5.8927520e+003  0.0000000e+000
  5.8962270e+003  0.0000000e+000
  5.8997050e+003  0.0000000e+000
  5.9031880e+003  0.0000000e+000
  5.9066750e+003  0.0000000e+000
  5.9101660e+003  0.0000000e+000
  5.9136610e+003  0.0000000e+000
  5.9171600e+003  0.0000000e+000
  5.9206630e+003  0.0000000e+000
  5.9241710e+003  0.0000000e+000
  5.9276820e+003  0.0000000e+000
  5.9311980e+003  0.0000000e+000
  5.9347180e+003  0.0000000e+000
  5.9382420e+003  0.0000000e+000
  5.9417710e+003  0.0000000e+000
  5.9453030e+003  0.0000000e+000
  5.9488400e+003  0.0000000e+000
  5.9523810e+003  0.0000000e+000
  5.9559260e+003  0.0000000e+000
  5.9594760e+003  0.0000000e+000
  5.9630290e+003  0.0000000e+000
  5.9665870e+003  0.0000000e+000
  5.9701490e+003  0.0000000e+000
  5.9737150e+003  0.0000000e+000
  5.9772870e+003  0.0000000e+000
  5.9808610e+003  0.0000000e+000
  5.9844400e+003  0.0000000e+000
  5.9880240e+003  0.0000000e+000
  5.9916120e+003  0.0000000e+000
  5.9952040e+003  0.0000000e+000
  5.9988000e+003  0.0000000e+000
  6.0024010e+003  0.0000000e+000
  6.0060060e+003  0.0000000e+000
  6.0096150e+003  0.0000000e+000
  6.0132290e+003  0.0000000e+000
  6.0168470e+003  0.0000000e+000
  6.0204700e+003  0.0000000e+000
  6.0240970e+003  0.0000000e+000
  6.0277280e+003  0.0000000e+000
  6.0313630e+003  0.0000000e+000
  6.0350030e+003  0.0000000e+000
  6.0386470e+003  0.0000000e+000
  6.0422960e+003  0.0000000e+000
  6.0459490e+003  0.0000000e+000
  6.0496070e+003  0.0000000e+000
  6.0532690e+003  0.0000000e+000
  6.0569350e+003  0.0000000e+000
  6.0606060e+003  0.0000000e+000
  6.0642810e+003  0.0000000e+000
  6.0679610e+003  0.0000000e+000
  6.0716460e+003  0.0000000e+000
  6.0753340e+003  0.0000000e+000
  6.0790270e+003  0.0000000e+000
  6.0827250e+003  0.0000000e+000
  6.0864270e+003  0.0000000e+000
  6.0901340e+003  0.0000000e+000
  6.0938450e+003  0.0000000e+000
  6.0975610e+003  0.0000000e+000
  6.1012810e+003  0.0000000e+000
  6.1050060e+003  0.0000000e+000
  6.1087360e+003  0.0000000e+000
  6.1124690e+003  0.0000000e+000
  6.1162080e+003  0.0000000e+000
  6.1199510e+003  0.0000000e+000
  6.1236990e+003  0.0000000e+000
  6.1274510e+003  0.0000000e+000
  6.1312080e+003  0.0000000e+000
  6.1349690e+003  0.0000000e+000
  6.1387360e+003  0.0000000e+000
  6.1425060e+003  0.0000000e+000
  6.1462820e+003  0.0000000e+000
  6.1500620e+003  0.0000000e+000
  6.1538460e+003  0.0000000e+000
  6.1576360e+003  0.0000000e+000
  6.1614290e+003  0.0000000e+000
  6.1652280e+003  0.0000000e+000
  6.1690310e+003  0.0000000e+000
  6.1728390e+003  0.0000000e+000
  6.1766520e+003  0.0000000e+000
  6.1804700e+003  0.0000000e+000
  6.1842920e+003  0.0000000e+000
  6.1881190e+003  0.0000000e+000
  6.1919500e+003  0.0000000e+000
  6.1957870e+003  0.0000000e+000
  6.1996280e+003  0.0000000e+000
  6.2034740e+003  0.0000000e+000
  6.2073250e+003  0.0000000e+000
  6.2111800e+003  0.0000000e+000
  6.2150410e+003  0.0000000e+000
  6.2189050e+003  0.0000000e+000
  6.2227750e+003  0.0000000e+000
  6.2266500e+003  0.0000000e+000
  6.2305290e+003  0.0000000e+000
  6.2344140e+003  0.0000000e+000
  6.2383030e+003  0.0000000e+000
  6.2421970e+003  0.0000000e+000
  6.2460960e+003  0.0000000e+000
  6.2500000e+003  0.0000000e+000
  6.2539090e+003  0.0000000e+000
  6.2578220e+003  0.0000000e+000
  6.2617410e+003  0.0000000e+000
  6.2656650e+003  0.0000000e+000
  6.2695920e+003  0.0000000e+000
  6.2735260e+003  0.0000000e+000
  6.2774640e+003  0.0000000e+000
  6.2814070e+003  0.0000000e+000
  6.2853550e+003  0.0000000e+000
  6.2893080e+003  0.0000000e+000
  6.2932660e+003  0.0000000e+000
  6.2972290e+003  0.0000000e+000
  6.3011970e+003  0.0000000e+000
  6.3051700e+003  0.0000000e+000
  6.3091480e+003  0.0000000e+000
  6.3131310e+003  0.0000000e+000
  6.3171200e+003  0.0000000e+000
  6.3211120e+003  0.0000000e+000
  6.3251110e+003  0.0000000e+000
  6.3291140e+003  0.0000000e+000
  6.3331220e+003  0.0000000e+000
  6.3371360e+003  0.0000000e+000
  6.3411540e+003  0.0000000e+000
  6.3451780e+003  0.0000000e+000
  6.3492060e+003  0.0000000e+000
  6.3532400e+003  0.0000000e+000
  6.3572790e+003  0.0000000e+000
  6.3613230e+003  0.0000000e+000
  6.3653730e+003  0.0000000e+000
  6.3694270e+003  0.0000000e+000
  6.3734860e+003  0.0000000e+000
  6.3775510e+003  0.0000000e+000
  6.3816210e+003  0.0000000e+000
  6.3856960e+003  0.0000000e+000
  6.3897760e+003  0.0000000e+000
  6.3938620e+003  0.0000000e+000
  6.3979530e+003  0.0000000e+000
  6.4020480e+003  0.0000000e+000
  6.4061500e+003  0.0000000e+000
  6.4102570e+003  0.0000000e+000
  6.4143680e+003  0.0000000e+000
  6.4184850e+003  0.0000000e+000
  6.4226070e+003  0.0000000e+000
  6.4267350e+003  0.0000000e+000
  6.4308680e+003  0.0000000e+000
  6.4350060e+003  0.0000000e+000
  6.4391500e+003  0.0000000e+000
  6.4432990e+003  0.0000000e+000
  6.4474530e+003  0.0000000e+000
  6.4516130e+003  0.0000000e+000
  6.4557780e+003  0.0000000e+000
  6.4599480e+003  0.0000000e+000
  6.4641240e+003  0.0000000e+000
  6.4683050e+003  0.0000000e+000
  6.4724920e+003  0.0000000e+000
  6.4766840e+003  0.0000000e+000
  6.4808810e+003  0.0000000e+000
  6.4850840e+003  0.0000000e+000
  6.4892920e+003  0.0000000e+000
  6.4935070e+003  0.0000000e+000
  6.4977260e+003  0.0000000e+000
  6.5019510e+003  0.0000000e+000
  6.5061810e+003  0.0000000e+000
  6.5104170e+003  0.0000000e+000
  6.5146580e+003  0.0000000e+000
  6.5189050e+003  0.0000000e+000
  6.5231570e+003  0.0000000e+000
  6.5274160e+003  0.0000000e+000
  6.5316790e+003  0.0000000e+000
  6.5359480e+003  0.0000000e+000
  6.5402220e+003  0.0000000e+000
  6.5445020e+003  0.0000000e+000
  6.5487890e+003  0.0000000e+000
  6.5530800e+003  0.0000000e+000
  6.5573770e+003  0.0000000e+000
  6.5616800e+003  0.0000000e+000
  6.5659880e+003  0.0000000e+000
  6.5703020e+003  0.0000000e+000
  6.5746220e+003  0.0000000e+000
  6.5789470e+003  0.0000000e+000
  6.5832780e+003  0.0000000e+000
  6.5876150e+003  0.0000000e+000
  6.5919580e+003  0.0000000e+000
  6.5963060e+003  0.0000000e+000
  6.6006600e+003  0.0000000e+000
  6.6050200e+003  0.0000000e+000
  6.6093850e+003  0.0000000e+000
  6.6137570e+003  0.0000000e+000
  6.6181330e+003  0.0000000e+000
  6.6225170e+003  0.0000000e+000
  6.6269050e+003  0.0000000e+000
  6.6313000e+003  0.0000000e+000
  6.6357000e+003  0.0000000e+000
  6.6401060e+003  0.0000000e+000
  6.6445180e+003  0.0000000e+000
  6.6489370e+003  0.0000000e+000
  6.6533600e+003  0.0000000e+000
  6.6577900e+003  0.0000000e+000
  6.6622250e+003  0.0000000e+000
  6.6666670e+003  0.0000000e+000
  6.6711140e+003  0.0000000e+000
  6.6755670e+003  0.0000000e+000
  6.6800270e+003  0.0000000e+000
  6.6844920e+003  0.0000000e+000
  6.6889630e+003  0.0000000e+000
  6.6934400e+003  0.0000000e+000
  6.6979230e+003  0.0000000e+000
  6.7024130e+003  0.0000000e+000
  6.7069080e+003  0.0000000e+000
  6.7114090e+003  0.0000000e+000
  6.7159170e+003  0.0000000e+000
  6.7204300e+003  0.0000000e+000
  6.7249500e+003  0.0000000e+000
  6.7294760e+003  0.0000000e+000
  6.7340070e+003  0.0000000e+000
  6.7385440e+003  0.0000000e+000
  6.7430880e+003  0.0000000e+000
  6.7476380e+003  0.0000000e+000
  6.7521950e+003  0.0000000e+000
  6.7567570e+003  0.0000000e+000
  6.7613250e+003  0.0000000e+000
  6.7659000e+003  0.0000000e+000
  6.7704800e+003  0.0000000e+000
  6.7750680e+003  0.0000000e+000
  6.7796610e+003  0.0000000e+000
  6.7842610e+003  0.0000000e+000
  6.7888660e+003  0.0000000e+000
  6.7934780e+003  0.0000000e+000
  6.7980970e+003  0.0000000e+000
  6.8027210e+003  0.0000000e+000
  6.8073520e+003  0.0000000e+000
  6.8119890e+003  0.0000000e+000
  6.8166320e+003  0.0000000e+000
  6.8212830e+003  0.0000000e+000
  6.8259380e+003  0.0000000e+000
  6.8306010e+003  0.0000000e+000
  6.8352700e+003  0.0000000e+000
  6.8399450e+003  0.0000000e+000
  6.8446270e+003  0.0000000e+000
  6.8493150e+003  0.0000000e+000
  6.8540100e+003  0.0000000e+000
  6.8587110e+003  0.0000000e+000
  6.8634180e+003  0.0000000e+000
  6.8681320e+003  0.0000000e+000
  6.8728520e+003  0.0000000e+000
  6.8775790e+003  0.0000000e+000
  6.8823130e+003  0.0000000e+000
  6.8870520e+003  0.0000000e+000
  6.8917990e+003  0.0000000e+000
  6.8965510e+003  0.0000000e+000
  6.9013110e+003  0.0000000e+000
  6.9060780e+003  0.0000000e+000
  6.9108500e+003  0.0000000e+000
  6.9156290e+003  0.0000000e+000
  6.9204150e+003  0.0000000e+000
  6.9252080e+003  0.0000000e+000
  6.9300070e+003  0.0000000e+000
  6.9348130e+003  0.0000000e+000
  6.9396250e+003  0.0000000e+000
  6.9444440e+003  0.0000000e+000
  6.9492710e+003  0.0000000e+000
  6.9541030e+003  0.0000000e+000
  6.9589420e+003  0.0000000e+000
  6.9637890e+003  0.0000000e+000
  6.9686420e+003  0.0000000e+000
  6.9735000e+003  0.0000000e+000
  6.9783670e+003  0.0000000e+000
  6.9832400e+003  0.0000000e+000
  6.9881200e+003  0.0000000e+000
  6.9930070e+003  0.0000000e+000
  6.9979000e+003  0.0000000e+000
  7.0028010e+003  0.0000000e+000
  7.0077080e+003  0.0000000e+000
  7.0126230e+003  0.0000000e+000
  7.0175440e+003  0.0000000e+000
  7.0224720e+003  0.0000000e+000
  7.0274070e+003  0.0000000e+000
  7.0323490e+003  0.0000000e+000
  7.0372980e+003  0.0000000e+000
  7.0422540e+003  0.0000000e+000
  7.0472160e+003  0.0000000e+000
  7.0521860e+003  0.0000000e+000
  7.0571630e+003  0.0000000e+000
  7.0621470e+003  0.0000000e+000
  7.0671380e+003  0.0000000e+000
  7.0721360e+003  0.0000000e+000
  7.0771410e+003  0.0000000e+000
  7.0821530e+003  0.0000000e+000
  7.0871720e+003  0.0000000e+000
  7.0921990e+003  0.0000000e+000
  7.0972320e+003  0.0000000e+000
  7.1022730e+003  0.0000000e+000
  7.1073210e+003  0.0000000e+000
  7.1123750e+003  0.0000000e+000
  7.1174380e+003  0.0000000e+000
  7.1225070e+003  0.0000000e+000
  7.1275840e+003  0.0000000e+000
  7.1326680e+003  0.0000000e+000
  7.1377590e+003  0.0000000e+000
  7.1428570e+003  0.0000000e+000
  7.1479620e+003  0.0000000e+000
  7.1530760e+003  0.0000000e+000
  7.1581960e+003  0.0000000e+000
  7.1633240e+003  0.0000000e+000
  7.1684590e+003  0.0000000e+000
  7.1736010e+003  0.0000000e+000
  7.1787510e+003  0.0000000e+000
  7.1839080e+003  0.0000000e+000
  7.1890720e+003  0.0000000e+000
  7.1942450e+003  0.0000000e+000
  7.1994240e+003  0.0000000e+000
  7.2046110e+003  0.0000000e+000
  7.2098060e+003  0.0000000e+000
  7.2150070e+003  0.0000000e+000
  7.2202170e+003  0.0000000e+000
  7.2254340e+003  0.0000000e+000
  7.2306580e+003  0.0000000e+000
  7.2358900e+003  0.0000000e+000
  7.2411290e+003  0.0000000e+000
  7.2463770e+003  0.0000000e+000
  7.2516320e+003  0.0000000e+000
  7.2568940e+003  0.0000000e+000
  7.2621640e+003  0.0000000e+000
  7.2674410e+003  0.0000000e+000
  7.2727270e+003  0.0000000e+000
  7.2780210e+003  0.0000000e+000
  7.2833210e+003  0.0000000e+000
  7.2886300e+003  0.0000000e+000
  7.2939460e+003  0.0000000e+000
  7.2992700e+003  0.0000000e+000
  7.3046020e+003  0.0000000e+000
  7.3099410e+003  0.0000000e+000
  7.3152890e+003  0.0000000e+000
  7.3206440e+003  0.0000000e+000
  7.3260070e+003  0.0000000e+000
  7.3313780e+003  0.0000000e+000
  7.3367570e+003  0.0000000e+000
  7.3421440e+003  0.0000000e+000
  7.3475390e+003  0.0000000e+000
  7.3529410e+003  0.0000000e+000
  7.3583520e+003  0.0000000e+000
  7.3637700e+003  0.0000000e+000
  7.3691970e+003  0.0000000e+000
  7.3746310e+003  0.0000000e+000
  7.3800740e+003  0.0000000e+000
  7.3855240e+003  0.0000000e+000
  7.3909830e+003  0.0000000e+000
  7.3964500e+003  0.0000000e+000
  7.4019250e+003  0.0000000e+000
  7.4074070e+003  0.0000000e+000
  7.4128980e+003  0.0000000e+000
  7.4183970e+003  0.0000000e+000
  7.4239050e+003  0.0000000e+000
  7.4294210e+003  0.0000000e+000
  7.4349440e+003  0.0000000e+000
  7.4404760e+003  0.0000000e+000
  7.4460160e+003  0.0000000e+000
  7.4515650e+003  0.0000000e+000
  7.4571220e+003  0.0000000e+000
  7.4626870e+003  0.0000000e+000
  7.4682600e+003  0.0000000e+000
  7.4738410e+003  0.0000000e+000
  7.4794320e+003  0.0000000e+000
  7.4850300e+003  0.0000000e+000
  7.4906370e+003  0.0000000e+000
  7.4962520e+003  0.0000000e+000
  7.5018760e+003  0.0000000e+000
  7.5075070e+003  0.0000000e+000
  7.5131480e+003  0.0000000e+000
  7.5187970e+003  0.0000000e+000
  7.5244550e+003  0.0000000e+000
  7.5301210e+003  0.0000000e+000
  7.5357950e+003  0.0000000e+000
  7.5414780e+003  0.0000000e+000
  7.5471690e+003  0.0000000e+000
  7.5528700e+003  0.0000000e+000
  7.5585790e+003  0.0000000e+000
  7.5642960e+003  0.0000000e+000
  7.5700230e+003  0.0000000e+000
  7.5757570e+003  0.0000000e+000
  7.5815010e+003  0.0000000e+000
  7.5872530e+003  0.0000000e+000
  7.5930140e+003  0.0000000e+000
  7.5987840e+003  0.0000000e+000
  7.6045630e+003  0.0000000e+000
  7.6103500e+003  0.0000000e+000
  7.6161460e+003  0.0000000e+000
  7.6219510e+003  0.0000000e+000
  7.6277650e+003  0.0000000e+000
  7.6335880e+003  0.0000000e+000
  7.6394190e+003  0.0000000e+000
  7.6452600e+003  0.0000000e+000
  7.6511090e+003  0.0000000e+000
  7.6569680e+003  0.0000000e+000
  7.6628350e+003  0.0000000e+000
  7.6687110e+003  0.0000000e+000
  7.6745970e+003  0.0000000e+000
  7.6804910e+003  0.0000000e+000
  7.6863950e+003  0.0000000e+000
  7.6923080e+003  0.0000000e+000
  7.6982290e+003  0.0000000e+000
  7.7041600e+003  0.0000000e+000
  7.7101000e+003  0.0000000e+000
  7.7160490e+003  0.0000000e+000
  7.7220080e+003  0.0000000e+000
  7.7279750e+003  0.0000000e+000
  7.7339520e+003  0.0000000e+000
  7.7399380e+003  0.0000000e+000
  7.7459330e+003  0.0000000e+000
  7.7519380e+003  0.0000000e+000
  7.7579520e+003  0.0000000e+000
  7.7639750e+003  0.0000000e+000
  7.7700080e+003  0.0000000e+000
  7.7760500e+003  0.0000000e+000
  7.7821020e+003  0.0000000e+000
  7.7881620e+003  0.0000000e+000
  7.7942320e+003  0.0000000e+000
  7.8003130e+003  0.0000000e+000
  7.8064010e+003  0.0000000e+000
  7.8125000e+003  0.0000000e+000
  7.8186080e+003  0.0000000e+000
  7.8247260e+003  0.0000000e+000
  7.8308540e+003  0.0000000e+000
  7.8369900e+003  0.0000000e+000
  7.8431370e+003  0.0000000e+000
  7.8492930e+003  0.0000000e+000
  7.8554590e+003  0.0000000e+000
  7.8616350e+003  0.0000000e+000
  7.8678200e+003  0.0000000e+000
  7.8740160e+003  0.0000000e+000
  7.8802200e+003  0.0000000e+000
  7.8864350e+003  0.0000000e+000
  7.8926600e+003  0.0000000e+000
  7.8988940e+003  0.0000000e+000
  7.9051390e+003  0.0000000e+000
  7.9113920e+003  0.0000000e+000
  7.9176560e+003  0.0000000e+000
  7.9239310e+003  0.0000000e+000
  7.9302140e+003  0.0000000e+000
  7.9365080e+003  0.0000000e+000
  7.9428120e+003  0.0000000e+000
  7.9491250e+003  0.0000000e+000
  7.9554500e+003  0.0000000e+000
  7.9617830e+003  0.0000000e+000
  7.9681270e+003  0.0000000e+000
  7.9744820e+003  0.0000000e+000
  7.9808460e+003  0.0000000e+000
  7.9872210e+003  0.0000000e+000
  7.9936050e+003  0.0000000e+000
  8.0000000e+003  0.0000000e+000
  8.0064050e+003  0.0000000e+000
  8.0128200e+003  0.0000000e+000
  8.0192460e+003  0.0000000e+000
  8.0256820e+003  0.0000000e+000
  8.0321280e+003  0.0000000e+000
  8.0385850e+003  0.0000000e+000
  8.0450520e+003  0.0000000e+000
  8.0515300e+003  0.0000000e+000
  8.0580180e+003  0.0000000e+000
  8.0645160e+003  0.0000000e+000
  8.0710250e+003  0.0000000e+000
  8.0775440e+003  0.0000000e+000
  8.0840740e+003  0.0000000e+000
  8.0906150e+003  0.0000000e+000
  8.0971660e+003  0.0000000e+000
  8.1037280e+003  0.0000000e+000
  8.1103000e+003  0.0000000e+000
  8.1168830e+003  0.0000000e+000
  8.1234770e+003  0.0000000e+000
  8.1300810e+003  0.0000000e+000
  8.1366970e+003  0.0000000e+000
  8.1433220e+003  0.0000000e+000
  8.1499590e+003  0.0000000e+000
  8.1566070e+003  0.0000000e+000
  8.1632650e+003  0.0000000e+000
  8.1699350e+003  0.0000000e+000
  8.1766150e+003  0.0000000e+000
  8.1833060e+003  0.0000000e+000
  8.1900080e+003  0.0000000e+000
  8.1967210e+003  0.0000000e+000
  8.2034450e+003  0.0000000e+000
  8.2101810e+003  0.0000000e+000
  8.2169270e+003  0.0000000e+000
  8.2236850e+003  0.0000000e+000
  8.2304520e+003  0.0000000e+000
  8.2372320e+003  0.0000000e+000
  8.2440220e+003  0.0000000e+000
  8.2508250e+003  0.0000000e+000
  8.2576390e+003  0.0000000e+000
  8.2644630e+003  0.0000000e+000
  8.2712990e+003  0.0000000e+000
  8.2781460e+003  0.0000000e+000
  8.2850040e+003  0.0000000e+000
  8.2918740e+003  0.0000000e+000
  8.2987550e+003  0.0000000e+000
  8.3056470e+003  0.0000000e+000
  8.3125530e+003  0.0000000e+000
  8.3194680e+003  0.0000000e+000
  8.3263950e+003  0.0000000e+000
  8.3333330e+003  0.0000000e+000
  8.3402830e+003  0.0000000e+000
  8.3472460e+003  0.0000000e+000
  8.3542190e+003  0.0000000e+000
  8.3612040e+003  0.0000000e+000
  8.3682000e+003  0.0000000e+000
  8.3752090e+003  0.0000000e+000
  8.3822290e+003  0.0000000e+000
  8.3892620e+003  0.0000000e+000
  8.3963060e+003  0.0000000e+000
  8.4033610e+003  0.0000000e+000
  8.4104290e+003  0.0000000e+000
  8.4175090e+003  0.0000000e+000
  8.4246000e+003  0.0000000e+000
  8.4317030e+003  0.0000000e+000
  8.4388190e+003  0.0000000e+000
  8.4459460e+003  0.0000000e+000
  8.4530860e+003  0.0000000e+000
  8.4602360e+003  0.0000000e+000
  8.4674000e+003  0.0000000e+000
  8.4745760e+003  0.0000000e+000
  8.4817640e+003  0.0000000e+000
  8.4889650e+003  0.0000000e+000
  8.4961770e+003  0.0000000e+000
  8.5034010e+003  0.0000000e+000
  8.5106390e+003  0.0000000e+000
  8.5178880e+003  0.0000000e+000
  8.5251490e+003  0.0000000e+000
  8.5324230e+003  0.0000000e+000
  8.5397100e+003  0.0000000e+000
  8.5470090e+003  0.0000000e+000
  8.5543190e+003  0.0000000e+000
  8.5616440e+003  0.0000000e+000
  8.5689790e+003  0.0000000e+000
  8.5763290e+003  0.0000000e+000
  8.5836910e+003  0.0000000e+000
  8.5910650e+003  0.0000000e+000
  8.5984520e+003  0.0000000e+000
  8.6058530e+003  0.0000000e+000
  8.6132650e+003  0.0000000e+000
  8.6206890e+003  0.0000000e+000
  8.6281270e+003  0.0000000e+000
  8.6355790e+003  0.0000000e+000
  8.6430430e+003  0.0000000e+000
  8.6505190e+003  0.0000000e+000
  8.6580090e+003  0.0000000e+000
  8.6655110e+003  0.0000000e+000
  8.6730270e+003  0.0000000e+000
  8.6805560e+003  0.0000000e+000
  8.6880970e+003  0.0000000e+000
  8.6956520e+003  0.0000000e+000
  8.7032200e+003  0.0000000e+000
  8.7108020e+003  0.0000000e+000
  8.7183960e+003  0.0000000e+000
  8.7260030e+003  0.0000000e+000
  8.7336250e+003  0.0000000e+000
  8.7412590e+003  0.0000000e+000
  8.7489060e+003  0.0000000e+000
  8.7565670e+003  0.0000000e+000
  8.7642410e+003  0.0000000e+000
  8.7719300e+003  0.0000000e+000
  8.7796310e+003  0.0000000e+000
  8.7873460e+003  0.0000000e+000
  8.7950750e+003  0.0000000e+000
  8.8028160e+003  0.0000000e+000
  8.8105730e+003  0.0000000e+000
  8.8183430e+003  0.0000000e+000
  8.8261250e+003  0.0000000e+000
  8.8339230e+003  0.0000000e+000
  8.8417320e+003  0.0000000e+000
  8.8495580e+003  0.0000000e+000
  8.8573960e+003  0.0000000e+000
  8.8652480e+003  0.0000000e+000
  8.8731140e+003  0.0000000e+000
  8.8809940e+003  0.0000000e+000
  8.8888890e+003  0.0000000e+000
  8.8967980e+003  0.0000000e+000
  8.9047200e+003  0.0000000e+000
  8.9126560e+003  0.0000000e+000
  8.9206060e+003  0.0000000e+000
  8.9285710e+003  0.0000000e+000
  8.9365510e+003  0.0000000e+000
  8.9445440e+003  0.0000000e+000
  8.9525520e+003  0.0000000e+000
  8.9605730e+003  0.0000000e+000
  8.9686090e+003  0.0000000e+000
  8.9766610e+003  0.0000000e+000
  8.9847260e+003  0.0000000e+000
  8.9928060e+003  0.0000000e+000
  9.0009000e+003  0.0000000e+000
  9.0090090e+003  0.0000000e+000
  9.0171330e+003  0.0000000e+000
  9.0252710e+003  0.0000000e+000
  9.0334240e+003  0.0000000e+000
  9.0415920e+003  0.0000000e+000
  9.0497730e+003  0.0000000e+000
  9.0579720e+003  0.0000000e+000
  9.0661830e+003  0.0000000e+000
  9.0744100e+003  0.0000000e+000
  9.0826520e+003  0.0000000e+000
  9.0909090e+003  6.7981618e-004
  9.0991820e+003  3.0314389e-003
  9.1074680e+003  1.0354667e-004
  9.1157710e+003 -4.0704720e-003
  9.1240880e+003 -3.8657757e-003
  9.1324200e+003 -2.1479579e-003
  9.1407680e+003 -7.4660842e-004
  9.1491310e+003  1.7111056e-004
  9.1575090e+003 -1.1457953e-004
  9.1659030e+003  5.1951164e-004
  9.1743120e+003  1.8564805e-003
  9.1827360e+003  1.8830644e-003
  9.1911760e+003  1.9602296e-005
  9.1996320e+003 -1.3800078e-003
  9.2081040e+003 -1.3464926e-003
  9.2165900e+003  6.4163085e-004
  9.2250930e+003  2.3516808e-003
  9.2336100e+003  2.0242643e-003
  9.2421440e+003 -3.0504569e-004
  9.2506940e+003 -2.2004300e-003
  9.2592590e+003 -1.4299266e-003
  9.2678410e+003 -8.3986612e-004
  9.2764380e+003  1.1113462e-003
  9.2850510e+003  4.8949313e-004
  9.2936810e+003 -2.5534604e-003
  9.3023250e+003 -2.2714233e-003
  9.3109870e+003 -1.7754696e-003
  9.3196650e+003 -5.5098353e-004
  9.3283580e+003 -1.2372679e-003
  9.3370680e+003 -4.2007468e-003
  9.3457940e+003 -2.5446806e-003
  9.3545370e+003 -7.5247599e-004
  9.3632960e+003  7.4809458e-004
  9.3720710e+003  1.8213475e-003
  9.3808630e+003  1.8847230e-003
  9.3896710e+003  1.6944980e-003
  9.3984960e+003 -2.3983214e-003
  9.4073380e+003 -2.7428730e-003
  9.4161950e+003 -9.0635713e-004
  9.4250700e+003 -9.9954230e-004
  9.4339630e+003 -8.3816930e-004
  9.4428700e+003  2.5834241e-003
  9.4517960e+003  1.1098408e-003
  9.4607370e+003 -1.0570855e-003
  9.4696970e+003 -1.0761246e-003
  9.4786740e+003 -3.0905937e-003
  9.4876660e+003 -9.4813650e-004
  9.4966770e+003  8.2039292e-004
  9.5057030e+003  9.2060305e-004
  9.5147480e+003 -1.7662427e-003
  9.5238100e+003 -4.7228299e-003
  9.5328890e+003  0.0000000e+000
  9.5419850e+003  1.9546198e-003
  9.5510980e+003  2.9086499e-003
  9.5602290e+003  2.4522112e-003
  9.5693780e+003 -2.7117709e-004
  9.5785440e+003 -5.7995802e-004
  9.5877280e+003  9.6502225e-004
  9.5969290e+003  7.6444761e-004
  9.6061470e+003 -1.4462024e-003
  9.6153850e+003 -3.4962061e-003
  9.6246390e+003 -1.3525696e-003
  9.6339110e+003  1.4134047e-003
  9.6432020e+003  1.4039113e-003
  9.6525100e+003 -6.5007465e-005
  9.6618360e+003 -2.0641510e-003
  9.6711800e+003 -2.1503821e-003
  9.6805420e+003 -3.7869774e-003
  9.6899230e+003 -2.6260284e-003
  9.6993210e+003 -1.2718418e-003
  9.7087380e+003 -1.3283566e-003
  9.7181730e+003 -4.0935777e-004
  9.7276270e+003 -7.8149640e-004
  9.7370990e+003 -9.8896999e-005
  9.7465890e+003  9.7679987e-004
  9.7560980e+003  2.5488675e-004
  9.7656250e+003  5.2976533e-004
  9.7751710e+003 -3.0101751e-004
  9.7847360e+003 -8.9936925e-004
  9.7943190e+003  1.3625838e-003
  9.8039220e+003 -3.0072597e-003
  9.8135420e+003 -3.5782089e-003
  9.8231830e+003 -4.5919197e-004
  9.8328420e+003  2.1983709e-003
  9.8425200e+003  9.8171982e-004
  9.8522170e+003 -3.1703825e-003
  9.8619330e+003  3.5780811e-004
  9.8716680e+003  4.7691264e-003
  9.8814230e+003  4.2362362e-003
  9.8911960e+003 -1.4923287e-003
  9.9009900e+003 -5.2567800e-003
  9.9108040e+003 -4.6286560e-004
  9.9206350e+003  8.9354388e-004
  9.9304870e+003  1.8411267e-003
  9.9403570e+003 -1.1526368e-004
  9.9502490e+003 -2.8113700e-003
  9.9601600e+003  2.4385301e-004
  9.9700900e+003  1.1369531e-004
  9.9800400e+003  3.5892376e-003
  9.9900100e+003 -4.0066643e-003
  1.0000000e+004  1.4170847e-004
  1.0010010e+004  4.2417669e-004
  1.0020040e+004  4.9185599e-003
  1.0030090e+004  4.1298908e-003
  1.0040160e+004 -3.1332404e-003
  1.0050250e+004 -1.7597745e-003
  1.0060360e+004 -4.3737097e-003
  1.0070490e+004  2.6930766e-003
  1.0080650e+004 -1.0355029e-003
  1.0090820e+004 -1.7282708e-003
  1.0101010e+004  3.4817727e-003
  1.0111220e+004  2.1715418e-003
  1.0121460e+004  1.7996260e-003
  1.0131710e+004 -6.3091102e-003
  1.0141990e+004 -2.3191129e-003
  1.0152280e+004 -1.3626337e-003
  1.0162600e+004  5.6293537e-004
  1.0172940e+004 -1.2016362e-003
  1.0183300e+004 -1.5977123e-003
  1.0193680e+004  1.8237499e-003
  1.0204080e+004 -2.4146417e-003
  1.0214500e+004 -2.9957665e-003
  1.0224950e+004 -4.6779313e-003
  1.0235420e+004  2.5379937e-003
  1.0245900e+004  2.0609444e-003
  1.0256410e+004 -3.9385899e-004
  1.0266940e+004 -3.9595957e-003
  1.0277490e+004 -3.3318752e-003
  1.0288070e+004 -1.9255104e-003
  1.0298660e+004  2.4508368e-003
  1.0309280e+004  7.5868150e-004
  1.0319920e+004 -1.6839507e-003
  1.0330580e+004  3.6591231e-003
  1.0341260e+004  1.5944920e-003
  1.0351970e+004 -1.1375716e-003
  1.0362690e+004 -3.4308920e-003
  1.0373440e+004  3.4167189e-003
  1.0384220e+004  1.3739659e-003
  1.0395010e+004 -3.5290532e-003
  1.0405830e+004 -5.4660970e-003
  1.0416670e+004  2.2879271e-003
  1.0427530e+004  8.5572741e-004
  1.0438410e+004 -1.1977167e-003
  1.0449320e+004 -2.7325777e-003
  1.0460250e+004  3.3517021e-003
  1.0471200e+004  1.6468677e-003
  1.0482180e+004  1.3922278e-003
  1.0493180e+004  1.1482037e-004
  1.0504200e+004  3.0676827e-003
  1.0515250e+004  1.2464586e-003
  1.0526320e+004  3.0204414e-003
  1.0537410e+004 -2.0334127e-003
  1.0548520e+004  1.5506671e-004
  1.0559660e+004  4.2459197e-004
  1.0570830e+004  3.2272695e-003
  1.0582010e+004  7.9470122e-004
  1.0593220e+004  5.6120550e-004
  1.0604450e+004 -1.7233433e-003
  1.0615710e+004  2.3486451e-003
  1.0626990e+004  1.9917884e-003
  1.0638300e+004  7.2075357e-004
  1.0649630e+004 -1.0357884e-003
  1.0660980e+004  1.8042533e-003
  1.0672360e+004  2.6511666e-003
  1.0683760e+004  1.6522841e-003
  1.0695190e+004  1.9975740e-003
  1.0706640e+004  2.6439391e-003
  1.0718110e+004 -1.5775521e-003
  1.0729610e+004  1.6858731e-003
  1.0741140e+004  6.9805782e-004
  1.0752690e+004  1.6945325e-003
  1.0764260e+004 -1.0769406e-003
  1.0775860e+004  1.1995202e-003
  1.0787490e+004  2.5473509e-004
  1.0799140e+004  5.6031422e-004
  1.0810810e+004 -4.6194092e-004
  1.0822510e+004  2.7115073e-003
  1.0834240e+004  1.2174435e-003
  1.0845990e+004 -1.2975158e-004
  1.0857760e+004 -3.1195616e-003
  1.0869570e+004  9.4781147e-004
  1.0881390e+004  2.7778414e-003
  1.0893250e+004  6.6527422e-004
  1.0905130e+004  4.8787758e-004
  1.0917030e+004  3.4240091e-003
  1.0928960e+004  3.6296078e-003
  1.0940920e+004  2.6223171e-004
  1.0952900e+004  5.7254703e-004
  1.0964910e+004  8.1950816e-004
  1.0976950e+004  2.5829552e-003
  1.0989010e+004  3.6448002e-004
  1.1001100e+004  1.1898960e-003
  1.1013220e+004  2.6359601e-004
  1.1025360e+004 -1.3215540e-003
  1.1037530e+004  2.3955477e-003
  1.1049720e+004  3.0993314e-003
  1.1061950e+004  2.0042439e-003
  1.1074200e+004  9.4746327e-004
  1.1086470e+004  9.3497342e-004
  1.1098780e+004  1.5457954e-003
  1.1111110e+004 -9.5672603e-006
  1.1123470e+004  1.1860204e-003
  1.1135860e+004  1.0635171e-003
  1.1148270e+004  8.1730966e-004
  1.1160710e+004  4.6383897e-003
  1.1173180e+004  5.1310118e-003
  1.1185680e+004  4.0106643e-003
  1.1198210e+004  1.9738281e-003
  1.1210760e+004  4.5611197e-003
  1.1223340e+004  4.3235044e-003
  1.1235960e+004  3.6953310e-003
  1.1248590e+004  6.0519041e-003
  1.1261260e+004  5.1056403e-003
  1.1273960e+004  4.6099206e-003
  1.1286680e+004  4.8639234e-003
  1.1299440e+004  5.8352170e-003
  1.1312220e+004  5.8555342e-003
  1.1325030e+004  4.9452931e-003
  1.1337870e+004  6.6612698e-003
  1.1350740e+004  6.0830852e-003
  1.1363640e+004  5.8182622e-003
  1.1376560e+004  6.9990610e-003
  1.1389520e+004  6.9165961e-003
  1.1402510e+004  7.3571382e-003
  1.1415530e+004  5.7490338e-003
  1.1428570e+004  5.4205498e-003
  1.1441650e+004  6.5908679e-003
  1.1454750e+004  5.3329575e-003
  1.1467890e+004  5.4989448e-003
  1.1481060e+004  4.1570910e-003
  1.1494250e+004  3.1924946e-003
  1.1507480e+004  4.5985486e-003
  1.1520740e+004  3.0771967e-003
  1.1534030e+004  3.5189185e-003
  1.1547340e+004  6.0988525e-003
  1.1560690e+004  5.5554803e-003
  1.1574070e+004  5.0033797e-003
  1.1587490e+004  4.5288322e-003
  1.1600930e+004  5.1213801e-003
  1.1614400e+004  4.0823212e-003
  1.1627910e+004  8.2297809e-003
  1.1641440e+004  1.1394184e-002
  1.1655010e+004  7.9814531e-003
  1.1668610e+004  5.7338984e-003
  1.1682240e+004  4.4834865e-003
  1.1695910e+004  4.3826513e-003
  1.1709600e+004  4.2551332e-003
  1.1723330e+004  4.0882393e-003
  1.1737090e+004  4.5336643e-003
  1.1750880e+004  4.8341863e-003
  1.1764710e+004  4.5223138e-003
  1.1778560e+004  4.4823354e-003
  1.1792450e+004  5.4039652e-003
  1.1806380e+004  5.8171102e-003
  1.1820330e+004  5.7806079e-003
  1.1834320e+004  6.2908293e-003
  1.1848340e+004  6.5730000e-003
  1.1862400e+004  6.6760164e-003
  1.1876480e+004  7.1902866e-003
  1.1890610e+004  7.5696302e-003
  1.1904760e+004  7.4379621e-003
  1.1918950e+004  6.1497269e-003
  1.1933170e+004  6.3908868e-003
  1.1947430e+004  7.0808660e-003
  1.1961720e+004  6.9769942e-003
  1.1976050e+004  7.5974343e-003
  1.1990410e+004  7.9526072e-003
  1.2004800e+004  7.4961446e-003
  1.2019230e+004  7.8139193e-003
  1.2033690e+004  8.0927145e-003
  1.2048190e+004  8.5720979e-003
  1.2062730e+004  8.3537735e-003
  1.2077290e+004  7.9392372e-003
  1.2091900e+004  7.6473467e-003
  1.2106540e+004  7.6629543e-003
  1.2121210e+004  9.0604704e-003
  1.2135920e+004  8.3211279e-003
  1.2150670e+004  7.7246274e-003
  1.2165450e+004  8.9314654e-003
  1.2180270e+004  8.7976679e-003
  1.2195120e+004  8.3038155e-003
  1.2210010e+004  8.4088789e-003
  1.2224940e+004  7.2426680e-003
  1.2239900e+004  6.9190525e-003
  1.2254900e+004  7.5294967e-003
  1.2269940e+004  7.9092039e-003
  1.2285010e+004  7.4846428e-003
  1.2300120e+004  6.9301464e-003
  1.2315270e+004  6.9989259e-003
  1.2330460e+004  7.1945284e-003
  1.2345680e+004  7.1261097e-003
  1.2360940e+004  2.4626605e-002
  1.2376240e+004  2.1391580e-002
  1.2391570e+004  1.3389738e-002
  1.2406950e+004  9.2970515e-003
  1.2422360e+004  7.0322254e-003
  1.2437810e+004  6.3430229e-003
  1.2453300e+004  7.4096797e-003
  1.2468830e+004  6.6649872e-003
  1.2484390e+004  6.1581712e-003
  1.2500000e+004  6.2195743e-003
  1.2515640e+004  6.1713816e-003
  1.2531330e+004  6.0609328e-003
  1.2547050e+004  5.9406501e-003
  1.2562810e+004  6.2851799e-003
  1.2578620e+004  6.1551542e-003
  1.2594460e+004  5.9186150e-003
  1.2610340e+004  5.9645521e-003
  1.2626260e+004  6.3416655e-003
  1.2642220e+004  6.4742789e-003
  1.2658230e+004  6.4786398e-003
  1.2674270e+004  6.5853461e-003
  1.2690360e+004  6.2412862e-003
  1.2706480e+004  8.0969203e-003
  1.2722650e+004  6.9239056e-003
  1.2738850e+004  6.6064685e-003
  1.2755100e+004  6.8108845e-003
  1.2771390e+004  6.6260635e-003
  1.2787720e+004  6.3156784e-003
  1.2804100e+004  6.6052857e-003
  1.2820510e+004  7.3568746e-003
  1.2836970e+004  6.7858798e-003
  1.2853470e+004  6.8352129e-003
  1.2870010e+004  7.1968352e-003
  1.2886600e+004  7.1412078e-003
  1.2903230e+004  6.9299294e-003
  1.2919900e+004  8.0753732e-003
  1.2936610e+004  7.9533011e-003
  1.2953370e+004  8.4798150e-003
  1.2970170e+004  7.9634292e-003
  1.2987010e+004  8.3947601e-003
  1.3003900e+004  8.5669281e-003
  1.3020830e+004  8.2180267e-003
  1.3037810e+004  9.4302259e-003
  1.3054830e+004  9.9414475e-003
  1.3071900e+004  1.0215597e-002
  1.3089000e+004  1.0767297e-002
  1.3106160e+004  1.1351800e-002
  1.3123360e+004  1.1714317e-002
  1.3140600e+004  1.2114613e-002
  1.3157890e+004  1.2960992e-002
  1.3175230e+004  1.3746621e-002
  1.3192610e+004  1.4129932e-002
  1.3210040e+004  1.4653598e-002
  1.3227510e+004  1.5793931e-002
  1.3245030e+004  1.6478186e-002
  1.3262600e+004  1.7487263e-002
  1.3280210e+004  1.8841196e-002
  1.3297870e+004  2.0048724e-002
  1.3315580e+004  2.0967346e-002
  1.3333330e+004  2.2519676e-002
  1.3351130e+004  2.4300043e-002
  1.3368980e+004  2.5158377e-002
  1.3386880e+004  2.7483968e-002
  1.3404830e+004  2.9978426e-002
  1.3422820e+004  3.2502785e-002
  1.3440860e+004  3.5064925e-002
  1.3458950e+004  3.8389497e-002
  1.3477090e+004  4.2016551e-002
  1.3495280e+004  4.5518667e-002
  1.3513510e+004  4.9638961e-002
  1.3531800e+004  5.4545395e-002
  1.3550140e+004  5.9414349e-002
  1.3568520e+004  6.4499684e-002
  1.3586960e+004  7.1854241e-002
  1.3605440e+004  7.9773441e-002
  1.3623980e+004  8.8149667e-002
  1.3642570e+004  9.9199593e-002
  1.3661200e+004  1.1142620e-001
  1.3679890e+004  1.2572490e-001
  1.3698630e+004  1.4177460e-001
  1.3717420e+004  1.6140250e-001
  1.3736260e+004  1.8353790e-001
  1.3755160e+004  2.1081480e-001
  1.3774100e+004  2.4264510e-001
  1.3793100e+004  2.7752510e-001
  1.3812160e+004  3.2096550e-001
  1.3831260e+004  3.7000060e-001
  1.3850420e+004  4.2468400e-001
  1.3869630e+004  4.8627300e-001
  1.3888890e+004  5.5016080e-001
  1.3908210e+004  6.1638150e-001
  1.3927580e+004  6.8512960e-001
  1.3947000e+004  7.5089960e-001
  1.3966480e+004  8.1393070e-001
  1.3986010e+004  8.7056520e-001
  1.4005600e+004  9.1856720e-001
  1.4025250e+004  9.5231690e-001
  1.4044940e+004  9.8214880e-001
  1.4064700e+004  9.9726860e-001
  1.4084510e+004  1.0000000e+000
  1.4104370e+004  9.9749180e-001
  1.4124290e+004  9.9152470e-001
  1.4144270e+004  9.8646060e-001
  1.4164310e+004  9.7037990e-001
  1.4184400e+004  9.5713070e-001
  1.4204550e+004  9.4705430e-001
  1.4224750e+004  9.3562180e-001
  1.4245010e+004  9.2945940e-001
  1.4265340e+004  9.2049600e-001
  1.4285710e+004  9.1174820e-001
  1.4306150e+004  9.0930440e-001
  1.4326650e+004  9.0391830e-001
  1.4347200e+004  8.9974190e-001
  1.4367820e+004  8.9941010e-001
  1.4388490e+004  8.9154200e-001
  1.4409220e+004  8.8714060e-001
  1.4430010e+004  8.7914710e-001
  1.4450870e+004  8.6961880e-001
  1.4471780e+004  8.5937760e-001
  1.4492750e+004  8.4721900e-001
  1.4513790e+004  8.3125650e-001
  1.4534880e+004  8.1271200e-001
  1.4556040e+004  7.8841050e-001
  1.4577260e+004  7.6384750e-001
  1.4598540e+004  7.3877390e-001
  1.4619880e+004  7.1215960e-001
  1.4641290e+004  6.8313300e-001
  1.4662760e+004  6.5367400e-001
  1.4684290e+004  6.2522220e-001
  1.4705880e+004  5.9131430e-001
  1.4727540e+004  5.5402110e-001
  1.4749260e+004  5.1544740e-001
  1.4771050e+004  4.7220000e-001
  1.4792900e+004  4.2749160e-001
  1.4814810e+004  3.8199440e-001
  1.4836790e+004  3.3738290e-001
  1.4858840e+004  2.9421460e-001
  1.4880950e+004  2.5274000e-001
  1.4903130e+004  2.1537940e-001
  1.4925370e+004  1.8373620e-001
  1.4947680e+004  1.5521010e-001
  1.4970060e+004  1.3116750e-001
  1.4992500e+004  1.1030030e-001
  1.5015010e+004  9.2175916e-002
  1.5037590e+004  7.6814950e-002
  1.5060240e+004  6.3888520e-002
  1.5082960e+004  5.2961159e-002
  1.5105740e+004  4.3520883e-002
  1.5128590e+004  3.5829030e-002
  1.5151510e+004  2.9634871e-002
  1.5174510e+004  2.4437731e-002
  1.5197570e+004  2.0287603e-002
  1.5220700e+004  1.6985016e-002
  1.5243900e+004  1.4233007e-002
  1.5267180e+004  1.2022016e-002
  1.5290520e+004  1.0310077e-002
  1.5313940e+004  9.0221288e-003
  1.5337420e+004  7.8781806e-003
  1.5360980e+004  6.8609454e-003
  1.5384620e+004  6.2217666e-003
  1.5408320e+004  0.0000000e+000
  1.5432100e+004  0.0000000e+000
  1.5455950e+004  0.0000000e+000
  1.5479880e+004  0.0000000e+000
  1.5503880e+004  0.0000000e+000
  1.5527950e+004  0.0000000e+000
  1.5552100e+004  0.0000000e+000
  1.5576320e+004  0.0000000e+000
  1.5600630e+004  0.0000000e+000
  1.5625000e+004  0.0000000e+000
  1.5649450e+004  0.0000000e+000
  1.5673980e+004  0.0000000e+000
  1.5698590e+004  0.0000000e+000
  1.5723270e+004  0.0000000e+000
  1.5748030e+004  0.0000000e+000
  1.5772870e+004  0.0000000e+000
  1.5797790e+004  0.0000000e+000
  1.5822780e+004  0.0000000e+000
  1.5847860e+004  0.0000000e+000
  1.5873020e+004  0.0000000e+000
  1.5898250e+004  0.0000000e+000
  1.5923570e+004  0.0000000e+000
  1.5948960e+004  0.0000000e+000
  1.5974440e+004  0.0000000e+000
  1.6000000e+004  0.0000000e+000
  1.6025640e+004  0.0000000e+000
  1.6051360e+004  0.0000000e+000
  1.6077170e+004  0.0000000e+000
  1.6103060e+004  0.0000000e+000
  1.6129030e+004  0.0000000e+000
  1.6155090e+004  0.0000000e+000
  1.6181230e+004  0.0000000e+000
  1.6207460e+004  0.0000000e+000
  1.6233770e+004  0.0000000e+000
  1.6260160e+004  0.0000000e+000
  1.6286640e+004  0.0000000e+000
  1.6313210e+004  0.0000000e+000
  1.6339870e+004  0.0000000e+000
  1.6366610e+004  0.0000000e+000
  1.6393440e+004  0.0000000e+000
  1.6420360e+004  0.0000000e+000
  1.6447370e+004  0.0000000e+000
  1.6474460e+004  0.0000000e+000
  1.6501650e+004  0.0000000e+000
  1.6528930e+004  0.0000000e+000
  1.6556290e+004  0.0000000e+000
  1.6583750e+004  0.0000000e+000
  1.6611290e+004  0.0000000e+000
  1.6638940e+004  0.0000000e+000
  1.6666670e+004  0.0000000e+000
  1.6694490e+004  0.0000000e+000
  1.6722410e+004  0.0000000e+000
  1.6750420e+004  0.0000000e+000
  1.6778520e+004  0.0000000e+000
  1.6806720e+004  0.0000000e+000
  1.6835020e+004  0.0000000e+000
  1.6863410e+004  0.0000000e+000
  1.6891890e+004  0.0000000e+000
  1.6920470e+004  0.0000000e+000
  1.6949150e+004  0.0000000e+000
  1.6977930e+004  0.0000000e+000
  1.7006800e+004  0.0000000e+000
  1.7035780e+004  0.0000000e+000
  1.7064850e+004  0.0000000e+000
  1.7094020e+004  0.0000000e+000
  1.7123290e+004  0.0000000e+000
  1.7152660e+004  0.0000000e+000
  1.7182130e+004  0.0000000e+000
  1.7211710e+004  0.0000000e+000
  1.7241380e+004  0.0000000e+000
  1.7271160e+004  0.0000000e+000
  1.7301040e+004  0.0000000e+000
  1.7331020e+004  0.0000000e+000
  1.7361110e+004  0.0000000e+000
  1.7391300e+004  0.0000000e+000
  1.7421600e+004  0.0000000e+000
  1.7452010e+004  0.0000000e+000
  1.7482520e+004  0.0000000e+000
  1.7513130e+004  0.0000000e+000
  1.7543860e+004  0.0000000e+000
  1.7574690e+004  0.0000000e+000
  1.7605630e+004  0.0000000e+000
  1.7636690e+004  0.0000000e+000
  1.7667850e+004  0.0000000e+000
  1.7699120e+004  0.0000000e+000
  1.7730500e+004  0.0000000e+000
  1.7761990e+004  0.0000000e+000
  1.7793600e+004  0.0000000e+000
  1.7825310e+004  0.0000000e+000
  1.7857140e+004  0.0000000e+000
  1.7889090e+004  0.0000000e+000
  1.7921150e+004  0.0000000e+000
  1.7953320e+004  0.0000000e+000
  1.7985610e+004  0.0000000e+000
  1.8018020e+004  0.0000000e+000
  1.8050540e+004  0.0000000e+000
  1.8083180e+004  0.0000000e+000
  1.8115940e+004  0.0000000e+000
  1.8148820e+004  0.0000000e+000
  1.8181820e+004  0.0000000e+000
  1.8214940e+004  0.0000000e+000
  1.8248180e+004  0.0000000e+000
  1.8281540e+004  0.0000000e+000
  1.8315020e+004  0.0000000e+000
  1.8348620e+004  0.0000000e+000
  1.8382350e+004  0.0000000e+000
  1.8416210e+004  0.0000000e+000
  1.8450190e+004  0.0000000e+000
  1.8484290e+004  0.0000000e+000
  1.8518520e+004  0.0000000e+000
  1.8552880e+004  0.0000000e+000
  1.8587360e+004  0.0000000e+000
  1.8621970e+004  0.0000000e+000
  1.8656720e+004  0.0000000e+000
  1.8691590e+004  0.0000000e+000
  1.8726590e+004  0.0000000e+000
  1.8761730e+004  0.0000000e+000
  1.8796990e+004  0.0000000e+000
  1.8832390e+004  0.0000000e+000
  1.8867930e+004  0.0000000e+000
  1.8903590e+004  0.0000000e+000
  1.8939390e+004  0.0000000e+000
  1.8975330e+004  0.0000000e+000
  1.9011410e+004  0.0000000e+000
  1.9047620e+004  0.0000000e+000
  1.9083970e+004  0.0000000e+000
  1.9120460e+004  0.0000000e+000
  1.9157090e+004  0.0000000e+000
  1.9193860e+004  0.0000000e+000
  1.9230770e+004  0.0000000e+000
  1.9267820e+004  0.0000000e+000
  1.9305020e+004  0.0000000e+000
  1.9342360e+004  0.0000000e+000
  1.9379850e+004  0.0000000e+000
  1.9417480e+004  0.0000000e+000
  1.9455250e+004  0.0000000e+000
  1.9493180e+004  0.0000000e+000
  1.9531250e+004  0.0000000e+000
  1.9569470e+004  0.0000000e+000
  1.9607840e+004  0.0000000e+000
  1.9646370e+004  0.0000000e+000
  1.9685040e+004  0.0000000e+000
  1.9723870e+004  0.0000000e+000
  1.9762850e+004  0.0000000e+000
  1.9801980e+004  0.0000000e+000
  1.9841270e+004  0.0000000e+000
  1.9880710e+004  0.0000000e+000
  1.9920320e+004  0.0000000e+000
  1.9960080e+004  0.0000000e+000
  2.0000000e+004  0.0000000e+000
  2.0040080e+004  0.0000000e+000
  2.0080320e+004  0.0000000e+000
  2.0120720e+004  0.0000000e+000
  2.0161290e+004  0.0000000e+000
  2.0202020e+004  0.0000000e+000
  2.0242920e+004  0.0000000e+000
  2.0283980e+004  0.0000000e+000
  2.0325200e+004  0.0000000e+000
  2.0366600e+004  0.0000000e+000
  2.0408160e+004  0.0000000e+000
  2.0449900e+004  0.0000000e+000
  2.0491800e+004  0.0000000e+000
  2.0533880e+004  0.0000000e+000
  2.0576130e+004  0.0000000e+000
  2.0618560e+004  0.0000000e+000
  2.0661160e+004  0.0000000e+000
  2.0703930e+004  0.0000000e+000
  2.0746890e+004  0.0000000e+000
  2.0790020e+004  0.0000000e+000
  2.0833330e+004  0.0000000e+000
  2.0876830e+004  0.0000000e+000
  2.0920500e+004  0.0000000e+000
  2.0964360e+004  0.0000000e+000
  2.1008400e+004  0.0000000e+000
  2.1052630e+004  0.0000000e+000
  2.1097050e+004  0.0000000e+000
  2.1141650e+004  0.0000000e+000
  2.1186440e+004  0.0000000e+000
  2.1231420e+004  0.0000000e+000
  2.1276600e+004  0.0000000e+000
  2.1321960e+004  0.0000000e+000
  2.1367520e+004  0.0000000e+000
  2.1413280e+004  0.0000000e+000
  2.1459230e+004  0.0000000e+000
  2.1505380e+004  0.0000000e+000
  2.1551720e+004  0.0000000e+000
  2.1598270e+004  0.0000000e+000
  2.1645020e+004  0.0000000e+000
  2.1691970e+004  0.0000000e+000
  2.1739130e+004  0.0000000e+000
  2.1786490e+004  0.0000000e+000
  2.1834060e+004  0.0000000e+000
  2.1881840e+004  0.0000000e+000
  2.1929820e+004  0.0000000e+000
  2.1978020e+004  0.0000000e+000
  2.2026430e+004  0.0000000e+000
  2.2075050e+004  0.0000000e+000
  2.2123890e+004  0.0000000e+000
  2.2172950e+004  0.0000000e+000
  2.2222220e+004  0.0000000e+000
  2.2271710e+004  0.0000000e+000
  2.2321430e+004  0.0000000e+000
  2.2371370e+004  0.0000000e+000
  2.2421520e+004  0.0000000e+000
  2.2471910e+004  0.0000000e+000
  2.2522520e+004  0.0000000e+000
  2.2573360e+004  0.0000000e+000
  2.2624430e+004  0.0000000e+000
  2.2675740e+004  0.0000000e+000
  2.2727270e+004  0.0000000e+000
  2.2779040e+004  0.0000000e+000
  2.2831050e+004  0.0000000e+000
  2.2883290e+004  0.0000000e+000
  2.2935780e+004  0.0000000e+000
  2.2988510e+004  0.0000000e+000
  2.3041470e+004  0.0000000e+000
  2.3094690e+004  0.0000000e+000
  2.3148150e+004  0.0000000e+000
  2.3201860e+004  0.0000000e+000
  2.3255810e+004  0.0000000e+000
  2.3310020e+004  0.0000000e+000
  2.3364490e+004  0.0000000e+000
  2.3419210e+004  0.0000000e+000
  2.3474180e+004  0.0000000e+000
  2.3529410e+004  0.0000000e+000
  2.3584910e+004  0.0000000e+000
  2.3640660e+004  0.0000000e+000
  2.3696680e+004  0.0000000e+000
  2.3752970e+004  0.0000000e+000
  2.3809530e+004  0.0000000e+000
  2.3866350e+004  0.0000000e+000
  2.3923440e+004  0.0000000e+000
  2.3980820e+004  0.0000000e+000
  2.4038460e+004  0.0000000e+000
  2.4096390e+004  0.0000000e+000
  2.4154590e+004  0.0000000e+000
  2.4213080e+004  0.0000000e+000
  2.4271840e+004  0.0000000e+000
  2.4330900e+004  0.0000000e+000
  2.4390240e+004  0.0000000e+000
  2.4449880e+004  0.0000000e+000
  2.4509800e+004  0.0000000e+000
  2.4570020e+004  0.0000000e+000
  2.4630540e+004  0.0000000e+000
  2.4691360e+004  0.0000000e+000
  2.4752470e+004  0.0000000e+000
  2.4813900e+004  0.0000000e+000
  2.4875620e+004  0.0000000e+000
  2.4937660e+004  0.0000000e+000
  2.5000000e+004  0.0000000e+000
