  4.9900000e+002  0.0000000e+000
  4.9950000e+002  8.0000000e-006
  5.0000000e+002  3.9000000e-004
  5.0050000e+002  1.8940000e-003
  5.0100000e+002  2.4790000e-003
  5.0150000e+002  3.1670000e-003
  5.0200000e+002  7.1190000e-003
  5.0250000e+002  1.0345000e-002
  5.0300000e+002  1.3446000e-002
  5.0350000e+002  1.9599000e-002
  5.0400000e+002  2.6250000e-002
  5.0450000e+002  3.8259000e-002
  5.0500000e+002  5.2259000e-002
  5.0550000e+002  6.7062000e-002
  5.0600000e+002  8.5146000e-002
  5.0650000e+002  1.0892900e-001
  5.0700000e+002  1.3519300e-001
  5.0750000e+002  1.7092000e-001
  5.0800000e+002  2.1274000e-001
  5.0850000e+002  2.6161000e-001
  5.0900000e+002  3.1345400e-001
  5.0950000e+002  3.7907000e-001
  5.1000000e+002  4.4131500e-001
  5.1050000e+002  5.2234700e-001
  5.1100000e+002  5.9438100e-001
  5.1150000e+002  6.7569400e-001
  5.1200000e+002  7.3756800e-001
  5.1250000e+002  8.0213000e-001
  5.1300000e+002  8.5538900e-001
  5.1350000e+002  9.0289100e-001
  5.1400000e+002  9.3783500e-001
  5.1450000e+002  9.6196700e-001
  5.1500000e+002  9.7859600e-001
  5.1550000e+002  9.8796400e-001
  5.1600000e+002  9.9406200e-001
  5.1650000e+002  9.9709100e-001
  5.1700000e+002  9.9792400e-001
  5.1750000e+002  9.9920800e-001
  5.1800000e+002  9.9883700e-001
  5.1850000e+002  9.9924800e-001
  5.1900000e+002  9.9984000e-001
  5.1950000e+002  9.9963900e-001
  5.2000000e+002  1.0000000e+000
  5.2050000e+002  9.9927800e-001
  5.2100000e+002  9.9757300e-001
  5.2150000e+002  9.9762300e-001
  5.2200000e+002  9.9640900e-001
  5.2250000e+002  9.9495500e-001
  5.2300000e+002  9.9531600e-001
  5.2350000e+002  9.9549700e-001
  5.2400000e+002  9.9377100e-001
  5.2450000e+002  9.9246800e-001
  5.2500000e+002  9.8931800e-001
  5.2550000e+002  9.8522600e-001
  5.2600000e+002  9.8164500e-001
  5.2650000e+002  9.7734200e-001
  5.2700000e+002  9.6927800e-001
  5.2750000e+002  9.6049200e-001
  5.2800000e+002  9.5035200e-001
  5.2850000e+002  9.3520700e-001
  5.2900000e+002  9.1720300e-001
  5.2950000e+002  8.9565900e-001
  5.3000000e+002  8.6649200e-001
  5.3050000e+002  8.3546000e-001
  5.3100000e+002  7.9852000e-001
  5.3150000e+002  7.5504000e-001
  5.3200000e+002  7.0862200e-001
  5.3250000e+002  6.5451000e-001
  5.3300000e+002  6.0115100e-001
  5.3350000e+002  5.4035000e-001
  5.3400000e+002  4.8671000e-001
  5.3450000e+002  4.2448500e-001
  5.3500000e+002  3.7044400e-001
  5.3550000e+002  3.1065600e-001
  5.3600000e+002  2.6259300e-001
  5.3650000e+002  2.1104900e-001
  5.3700000e+002  1.7336800e-001
  5.3750000e+002  1.3803100e-001
  5.3800000e+002  1.1139300e-001
  5.3850000e+002  8.7293000e-002
  5.3900000e+002  7.0014000e-002
  5.3950000e+002  5.5015000e-002
  5.4000000e+002  4.4225000e-002
  5.4050000e+002  3.4513000e-002
  5.4100000e+002  2.7559000e-002
  5.4150000e+002  2.1772000e-002
  5.4200000e+002  1.5350000e-002
  5.4250000e+002  1.2372000e-002
  5.4300000e+002  9.6290000e-003
  5.4350000e+002  6.5720000e-003
  5.4400000e+002  3.0950000e-003
  5.4450000e+002  6.4000000e-004
  5.4500000e+002  4.9300000e-004
  5.4550000e+002  3.8100000e-004
  5.4600000e+002  2.9900000e-004
  5.4650000e+002  2.2800000e-004
  5.4700000e+002  1.8200000e-004
  5.4750000e+002  1.2900000e-004
  5.4800000e+002  1.0900000e-004
  5.4850000e+002  7.3000000e-005
  5.4900000e+002  5.3000000e-005
  5.4950000e+002  4.5000000e-005
  5.5000000e+002  3.4000000e-005
  5.5050000e+002  2.8000000e-005
  5.5100000e+002  2.4000000e-005
  5.5150000e+002  2.4000000e-005
  5.5200000e+002  2.4000000e-005
  5.5250000e+002  2.5000000e-005
  5.5300000e+002  2.8000000e-005
  5.5350000e+002  2.1000000e-005
  5.5400000e+002  1.9000000e-005
  5.5450000e+002  1.8000000e-005
  5.5500000e+002  2.0000000e-005
  5.5550000e+002  1.8000000e-005
  5.5600000e+002  1.8000000e-005
  5.5650000e+002  2.1000000e-005
  5.5700000e+002  1.5000000e-005
  5.5750000e+002  1.0000000e-005
  5.5800000e+002  9.0000000e-006
  5.5850000e+002  1.2000000e-005
  5.5900000e+002  2.3000000e-005
  5.5950000e+002  2.5000000e-005
  5.6000000e+002  1.7000000e-005
  5.6050000e+002  1.7000000e-005
  5.6100000e+002  1.5000000e-005
  5.6150000e+002  2.6000000e-005
  5.6200000e+002  2.8000000e-005
  5.6250000e+002  1.7000000e-005
  5.6300000e+002  1.5000000e-005
  5.6350000e+002  1.6000000e-005
  5.6400000e+002  2.1000000e-005
  5.6450000e+002  2.3000000e-005
  5.6500000e+002  1.5000000e-005
  5.6550000e+002  1.6000000e-005
  5.6600000e+002  1.8000000e-005
  5.6650000e+002  2.2000000e-005
  5.6700000e+002  1.6000000e-005
  5.6750000e+002  1.3000000e-005
  5.6800000e+002  1.1000000e-005
  5.6850000e+002  1.3000000e-005
  5.6900000e+002  1.4000000e-005
  5.6950000e+002  1.2000000e-005
  5.7000000e+002  1.5000000e-005
  5.7050000e+002  1.7000000e-005
  5.7100000e+002  2.0000000e-005
  5.7150000e+002  1.4000000e-005
  5.7200000e+002  1.1000000e-005
  5.7250000e+002  1.1000000e-005
  5.7300000e+002  1.1000000e-005
  5.7350000e+002  1.1000000e-005
  5.7400000e+002  1.1000000e-005
  5.7450000e+002  1.1000000e-005
  5.7500000e+002  1.3000000e-005
  5.7550000e+002  1.7000000e-005
  5.7600000e+002  1.5000000e-005
  5.7650000e+002  7.0000000e-006
  5.7700000e+002  9.0000000e-006
  5.7750000e+002  1.3000000e-005
  5.7800000e+002  1.2000000e-005
  5.7850000e+002  9.0000000e-006
  5.7900000e+002  7.0000000e-006
  5.7950000e+002  1.0000000e-005
  5.8000000e+002  8.0000000e-006
  5.8050000e+002  9.0000000e-006
  5.8100000e+002  1.0000000e-005
  5.8150000e+002  1.0000000e-005
  5.8200000e+002  1.1000000e-005
  5.8250000e+002  9.0000000e-006
  5.8300000e+002  5.0000000e-006
  5.8350000e+002  7.0000000e-006
  5.8400000e+002  8.0000000e-006
  5.8450000e+002  1.1000000e-005
  5.8500000e+002  1.2000000e-005
  5.8550000e+002  1.0000000e-005
  5.8600000e+002  8.0000000e-006
  5.8650000e+002  1.2000000e-005
  5.8700000e+002  1.4000000e-005
  5.8750000e+002  1.4000000e-005
  5.8800000e+002  1.4000000e-005
  5.8850000e+002  8.0000000e-006
  5.8900000e+002  8.0000000e-006
  5.8950000e+002  1.0000000e-005
  5.9000000e+002  1.0000000e-005
  5.9050000e+002  1.0000000e-005
  5.9100000e+002  1.4000000e-005
  5.9150000e+002  1.5000000e-005
  5.9200000e+002  1.5000000e-005
  5.9250000e+002  1.1000000e-005
  5.9300000e+002  7.0000000e-006
  5.9350000e+002  6.0000000e-006
  5.9400000e+002  7.0000000e-006
  5.9450000e+002  8.0000000e-006
  5.9500000e+002  1.1000000e-005
  5.9550000e+002  1.3000000e-005
  5.9600000e+002  1.1000000e-005
  5.9650000e+002  5.0000000e-006
  5.9700000e+002  6.0000000e-006
  5.9750000e+002  6.0000000e-006
  5.9800000e+002  6.0000000e-006
  5.9850000e+002  8.0000000e-006
  5.9900000e+002  1.2000000e-005
  5.9950000e+002  1.3000000e-005
  6.0000000e+002  1.1000000e-005
  6.0050000e+002  0.0000000e+000
