2.9841838e+03 5.6909998e-06
2.9850746e+03 3.3270000e-05
2.9859660e+03 6.0980001e-05
2.9868578e+03 8.8859997e-05
2.9877502e+03 1.1690000e-04
2.9886432e+03 1.4500000e-04
2.9895366e+03 1.7319999e-04
2.9904306e+03 2.0160001e-04
2.9913252e+03 2.3020001e-04
2.9922202e+03 2.5879999e-04
2.9931158e+03 2.8750001e-04
2.9940120e+03 3.1639999e-04
2.9949087e+03 3.4540001e-04
2.9958059e+03 3.7460000e-04
2.9967036e+03 4.0379999e-04
2.9976019e+03 4.3310001e-04
2.9985007e+03 4.6250000e-04
2.9994001e+03 4.9210002e-04
3.0003000e+03 5.2180002e-04
3.0012005e+03 5.5150001e-04
3.0021015e+03 5.8140000e-04
3.0030030e+03 6.1130000e-04
3.0039051e+03 6.4129999e-04
3.0048077e+03 6.7149999e-04
3.0057109e+03 7.0159999e-04
3.0066146e+03 7.3199999e-04
3.0075188e+03 7.6229998e-04
3.0084236e+03 7.9279998e-04
3.0093289e+03 8.2329998e-04
3.0102348e+03 8.5389998e-04
3.0111412e+03 8.8459998e-04
3.0120482e+03 9.1529998e-04
3.0129557e+03 9.4609999e-04
3.0138638e+03 9.7699999e-04
3.0147724e+03 1.0080000e-03
3.0156815e+03 1.0390000e-03
3.0165913e+03 1.0700000e-03
3.0175015e+03 1.1010000e-03
3.0184123e+03 1.1320000e-03
3.0193237e+03 1.1630000e-03
3.0202356e+03 1.1950000e-03
3.0211480e+03 1.2260000e-03
3.0220610e+03 1.2580000e-03
3.0229746e+03 1.2890000e-03
3.0238887e+03 1.3210000e-03
3.0248034e+03 1.3520001e-03
3.0257186e+03 1.3839999e-03
3.0266344e+03 1.4160000e-03
3.0275507e+03 1.4480000e-03
3.0284676e+03 1.4790000e-03
3.0293850e+03 1.5110000e-03
3.0303030e+03 1.5440000e-03
3.0312216e+03 1.5760000e-03
3.0321407e+03 1.6080000e-03
3.0330604e+03 1.6400000e-03
3.0339806e+03 1.6720000e-03
3.0349014e+03 1.7049999e-03
3.0358227e+03 1.7380000e-03
3.0367446e+03 1.7700000e-03
3.0376671e+03 1.8030000e-03
3.0385901e+03 1.8360000e-03
3.0395137e+03 1.8680000e-03
3.0404378e+03 1.9020000e-03
3.0413625e+03 1.9349999e-03
3.0422878e+03 1.9680001e-03
3.0432136e+03 2.0020001e-03
3.0441400e+03 2.0359999e-03
3.0450670e+03 2.0689999e-03
3.0459945e+03 2.1040000e-03
3.0469226e+03 2.1380000e-03
3.0478513e+03 2.1720000e-03
3.0487805e+03 2.2070000e-03
3.0497103e+03 2.2420001e-03
3.0506406e+03 2.2770001e-03
3.0515716e+03 2.3119999e-03
3.0525031e+03 2.3469999e-03
3.0534351e+03 2.3830000e-03
3.0543677e+03 2.4190000e-03
3.0553009e+03 2.4550001e-03
3.0562347e+03 2.4910001e-03
3.0571691e+03 2.5279999e-03
3.0581040e+03 2.5650000e-03
3.0590395e+03 2.6030000e-03
3.0599755e+03 2.6400001e-03
3.0609122e+03 2.6769999e-03
3.0618494e+03 2.7160000e-03
3.0627871e+03 2.7540000e-03
3.0637255e+03 2.7930001e-03
3.0646644e+03 2.8319999e-03
3.0656039e+03 2.8710000e-03
3.0665440e+03 2.9110000e-03
3.0674847e+03 2.9509999e-03
3.0684259e+03 2.9910000e-03
3.0693677e+03 3.0320000e-03
3.0703101e+03 3.0730001e-03
3.0712531e+03 3.1140000e-03
3.0721966e+03 3.1560000e-03
3.0731407e+03 3.1979999e-03
3.0740855e+03 3.2410000e-03
3.0750308e+03 3.2830001e-03
3.0759766e+03 3.3270000e-03
3.0769231e+03 3.3700000e-03
3.0778701e+03 3.4149999e-03
3.0788177e+03 3.4590000e-03
3.0797659e+03 3.5039999e-03
3.0807147e+03 3.5490000e-03
3.0816641e+03 3.5949999e-03
3.0826141e+03 3.6400000e-03
3.0835646e+03 3.6869999e-03
3.0845157e+03 3.7340000e-03
3.0854674e+03 3.7809999e-03
3.0864198e+03 3.8280000e-03
3.0873726e+03 3.8759999e-03
3.0883261e+03 3.9240001e-03
3.0892802e+03 3.9730002e-03
3.0902349e+03 4.0219999e-03
3.0911901e+03 4.0710000e-03
3.0921459e+03 4.1209999e-03
3.0931024e+03 4.1700001e-03
3.0940594e+03 4.2209998e-03
3.0950170e+03 4.2719999e-03
3.0959752e+03 4.3230001e-03
3.0969340e+03 4.3739998e-03
3.0978934e+03 4.4249999e-03
3.0988534e+03 4.4769999e-03
3.0998140e+03 4.5300000e-03
3.1007752e+03 4.5830002e-03
3.1017370e+03 4.6359999e-03
3.1026993e+03 4.6879998e-03
3.1036623e+03 4.7419998e-03
3.1046259e+03 4.7950000e-03
3.1055901e+03 4.8489999e-03
3.1065548e+03 4.9040001e-03
3.1075202e+03 4.9580000e-03
3.1084862e+03 5.0130002e-03
3.1094527e+03 5.0679999e-03
3.1104199e+03 5.1230001e-03
3.1113877e+03 5.1779998e-03
3.1123561e+03 5.2339998e-03
3.1133250e+03 5.2899998e-03
3.1142946e+03 5.3460002e-03
3.1152648e+03 5.4020002e-03
3.1162356e+03 5.4589999e-03
3.1172070e+03 5.5149999e-03
3.1181790e+03 5.5720001e-03
3.1191516e+03 5.6289998e-03
3.1201248e+03 5.6860000e-03
3.1210986e+03 5.7440000e-03
3.1220731e+03 5.7999999e-03
3.1230481e+03 5.8579999e-03
3.1240237e+03 5.9150001e-03
3.1250000e+03 5.9730001e-03
3.1259769e+03 6.0319998e-03
3.1269543e+03 6.0890000e-03
3.1279324e+03 6.1470000e-03
3.1289111e+03 6.2050000e-03
3.1298905e+03 6.2630000e-03
3.1308704e+03 6.3209999e-03
3.1318509e+03 6.3789999e-03
3.1328321e+03 6.4380001e-03
3.1338139e+03 6.4960001e-03
3.1347962e+03 6.5549999e-03
3.1357792e+03 6.6129998e-03
3.1367629e+03 6.6709998e-03
3.1377471e+03 6.7300000e-03
3.1387320e+03 6.7880000e-03
3.1397174e+03 6.8470002e-03
3.1407035e+03 6.9060000e-03
3.1416902e+03 6.9639999e-03
3.1426776e+03 7.0230002e-03
3.1436655e+03 7.0819999e-03
3.1446541e+03 7.1410001e-03
3.1456433e+03 7.1999999e-03
3.1466331e+03 7.2590001e-03
3.1476235e+03 7.3179998e-03
3.1486146e+03 7.3770001e-03
3.1496063e+03 7.4359998e-03
3.1505986e+03 7.4950000e-03
3.1515916e+03 7.5539998e-03
3.1525851e+03 7.6139998e-03
3.1535793e+03 7.6740002e-03
3.1545741e+03 7.7330000e-03
3.1555696e+03 7.7930000e-03
3.1565657e+03 7.8539997e-03
3.1575624e+03 7.9140002e-03
3.1585597e+03 7.9739997e-03
3.1595577e+03 8.0350004e-03
3.1605563e+03 8.0960002e-03
3.1615555e+03 8.1569999e-03
3.1625553e+03 8.2179997e-03
3.1635558e+03 8.2790004e-03
3.1645570e+03 8.3419997e-03
3.1655587e+03 8.4039997e-03
3.1665611e+03 8.4659997e-03
3.1675641e+03 8.5300002e-03
3.1685678e+03 8.5929995e-03
3.1695721e+03 8.6570000e-03
3.1705770e+03 8.7209996e-03
3.1715826e+03 8.7860003e-03
3.1725888e+03 8.8510001e-03
3.1735957e+03 8.9170001e-03
3.1746032e+03 8.9830002e-03
3.1756113e+03 9.0500005e-03
3.1766201e+03 9.1180000e-03
3.1776295e+03 9.1869999e-03
3.1786395e+03 9.2550004e-03
3.1796502e+03 9.3259998e-03
3.1806616e+03 9.3959998e-03
3.1816736e+03 9.4680004e-03
3.1826862e+03 9.5400000e-03
3.1836995e+03 9.6129999e-03
3.1847134e+03 9.6870000e-03
3.1857279e+03 9.7629996e-03
3.1867431e+03 9.8390002e-03
3.1877590e+03 9.9160001e-03
3.1887755e+03 9.9930000e-03
3.1897927e+03 1.0070000e-02
3.1908105e+03 1.0150000e-02
3.1918289e+03 1.0240000e-02
3.1928480e+03 1.0320000e-02
3.1938678e+03 1.0410000e-02
3.1948882e+03 1.0490000e-02
3.1959092e+03 1.0580000e-02
3.1969309e+03 1.0670000e-02
3.1979533e+03 1.0770000e-02
3.1989763e+03 1.0860000e-02
3.2000000e+03 1.0950000e-02
3.2010243e+03 1.1050000e-02
3.2020493e+03 1.1140000e-02
3.2030750e+03 1.1250000e-02
3.2041012e+03 1.1350000e-02
3.2051282e+03 1.1460000e-02
3.2061558e+03 1.1570000e-02
3.2071841e+03 1.1680000e-02
3.2082130e+03 1.1790000e-02
3.2092426e+03 1.1910000e-02
3.2102729e+03 1.2020000e-02
3.2113038e+03 1.2140000e-02
3.2123354e+03 1.2260000e-02
3.2133676e+03 1.2390000e-02
3.2144005e+03 1.2520000e-02
3.2154341e+03 1.2650000e-02
3.2164683e+03 1.2790000e-02
3.2175032e+03 1.2930000e-02
3.2185388e+03 1.3070000e-02
3.2195750e+03 1.3210000e-02
3.2206119e+03 1.3360000e-02
3.2216495e+03 1.3510000e-02
3.2226877e+03 1.3670000e-02
3.2237266e+03 1.3830000e-02
3.2247662e+03 1.3990000e-02
3.2258065e+03 1.4160000e-02
3.2268474e+03 1.4330000e-02
3.2278890e+03 1.4510000e-02
3.2289312e+03 1.4690000e-02
3.2299742e+03 1.4880000e-02
3.2310178e+03 1.5060000e-02
3.2320621e+03 1.5260000e-02
3.2331070e+03 1.5460000e-02
3.2341527e+03 1.5659999e-02
3.2351990e+03 1.5869999e-02
3.2362460e+03 1.6090000e-02
3.2372936e+03 1.6310001e-02
3.2383420e+03 1.6540000e-02
3.2393910e+03 1.6770000e-02
3.2404407e+03 1.7000001e-02
3.2414911e+03 1.7250000e-02
3.2425422e+03 1.7500000e-02
3.2435939e+03 1.7750001e-02
3.2446463e+03 1.8020000e-02
3.2456994e+03 1.8279999e-02
3.2467532e+03 1.8560000e-02
3.2478077e+03 1.8840000e-02
3.2488629e+03 1.9130001e-02
3.2499188e+03 1.9430000e-02
3.2509753e+03 1.9730000e-02
3.2520325e+03 2.0040000e-02
3.2530904e+03 2.0360000e-02
3.2541490e+03 2.0690000e-02
3.2552083e+03 2.1020001e-02
3.2562683e+03 2.1360001e-02
3.2573290e+03 2.1709999e-02
3.2583904e+03 2.2070000e-02
3.2594524e+03 2.2440000e-02
3.2605152e+03 2.2810001e-02
3.2615786e+03 2.3189999e-02
3.2626427e+03 2.3590000e-02
3.2637076e+03 2.3990000e-02
3.2647731e+03 2.4400000e-02
3.2658393e+03 2.4830000e-02
3.2669062e+03 2.5260000e-02
3.2679739e+03 2.5699999e-02
3.2690422e+03 2.6160000e-02
3.2701112e+03 2.6620001e-02
3.2711809e+03 2.7090000e-02
3.2722513e+03 2.7589999e-02
3.2733224e+03 2.8080000e-02
3.2743942e+03 2.8589999e-02
3.2754668e+03 2.9110000e-02
3.2765400e+03 2.9640000e-02
3.2776139e+03 3.0190000e-02
3.2786885e+03 3.0750001e-02
3.2797639e+03 3.1310000e-02
3.2808399e+03 3.1900000e-02
3.2819166e+03 3.2499999e-02
3.2829941e+03 3.3119999e-02
3.2840722e+03 3.3739999e-02
3.2851511e+03 3.4380000e-02
3.2862307e+03 3.5039999e-02
3.2873110e+03 3.5710000e-02
3.2883920e+03 3.6389999e-02
3.2894737e+03 3.7099998e-02
3.2905561e+03 3.7820000e-02
3.2916392e+03 3.8550001e-02
3.2927231e+03 3.9310001e-02
3.2938076e+03 4.0080000e-02
3.2948929e+03 4.0870000e-02
3.2959789e+03 4.1669998e-02
3.2970656e+03 4.2500000e-02
3.2981530e+03 4.3350000e-02
3.2992412e+03 4.4220001e-02
3.3003300e+03 4.5100000e-02
3.3014196e+03 4.6000000e-02
3.3025099e+03 4.6930000e-02
3.3036009e+03 4.7880001e-02
3.3046927e+03 4.8850000e-02
3.3057851e+03 4.9840000e-02
3.3068783e+03 5.0859999e-02
3.3079722e+03 5.1890001e-02
3.3090668e+03 5.2960001e-02
3.3101622e+03 5.4049999e-02
3.3112583e+03 5.5170000e-02
3.3123551e+03 5.6299999e-02
3.3134526e+03 5.7459999e-02
3.3145509e+03 5.8660001e-02
3.3156499e+03 5.9880000e-02
3.3167496e+03 6.1120000e-02
3.3178500e+03 6.2399998e-02
3.3189512e+03 6.3709997e-02
3.3200531e+03 6.5049998e-02
3.3211558e+03 6.6419996e-02
3.3222591e+03 6.7809999e-02
3.3233632e+03 6.9250003e-02
3.3244681e+03 7.0710003e-02
3.3255737e+03 7.2209999e-02
3.3266800e+03 7.3739998e-02
3.3277870e+03 7.5309999e-02
3.3288948e+03 7.6909997e-02
3.3300033e+03 7.8550003e-02
3.3311126e+03 8.0219999e-02
3.3322226e+03 8.1940003e-02
3.3333333e+03 8.3690003e-02
3.3344448e+03 8.5490003e-02
3.3355570e+03 8.7329999e-02
3.3366700e+03 8.9210004e-02
3.3377837e+03 9.1130003e-02
3.3388982e+03 9.3089998e-02
3.3400134e+03 9.5090002e-02
3.3411293e+03 9.7149998e-02
3.3422460e+03 9.9260002e-02
3.3433634e+03 1.0140000e-01
3.3444816e+03 1.0360000e-01
3.3456005e+03 1.0590000e-01
3.3467202e+03 1.0810000e-01
3.3478406e+03 1.1050000e-01
3.3489618e+03 1.1290000e-01
3.3500838e+03 1.1540000e-01
3.3512064e+03 1.1790000e-01
3.3523299e+03 1.2050000e-01
3.3534541e+03 1.2310000e-01
3.3545790e+03 1.2580000e-01
3.3557047e+03 1.2850000e-01
3.3568312e+03 1.3130000e-01
3.3579584e+03 1.3410001e-01
3.3590863e+03 1.3699999e-01
3.3602151e+03 1.4010000e-01
3.3613445e+03 1.4309999e-01
3.3624748e+03 1.4620000e-01
3.3636058e+03 1.4940000e-01
3.3647376e+03 1.5260001e-01
3.3658701e+03 1.5600000e-01
3.3670034e+03 1.5940000e-01
3.3681374e+03 1.6280000e-01
3.3692722e+03 1.6640000e-01
3.3704078e+03 1.7000000e-01
3.3715442e+03 1.7370000e-01
3.3726813e+03 1.7739999e-01
3.3738192e+03 1.8130000e-01
3.3749578e+03 1.8520001e-01
3.3760972e+03 1.8920000e-01
3.3772374e+03 1.9329999e-01
3.3783784e+03 1.9740000e-01
3.3795201e+03 2.0160000e-01
3.3806626e+03 2.0590000e-01
3.3818059e+03 2.1030000e-01
3.3829499e+03 2.1480000e-01
3.3840948e+03 2.1930000e-01
3.3852404e+03 2.2400001e-01
3.3863867e+03 2.2870000e-01
3.3875339e+03 2.3340000e-01
3.3886818e+03 2.3830000e-01
3.3898305e+03 2.4339999e-01
3.3909800e+03 2.4840000e-01
3.3921303e+03 2.5350001e-01
3.3932813e+03 2.5880000e-01
3.3944331e+03 2.6400000e-01
3.3955857e+03 2.6949999e-01
3.3967391e+03 2.7489999e-01
3.3978933e+03 2.8049999e-01
3.3990483e+03 2.8610000e-01
3.4002040e+03 2.9179999e-01
3.4013605e+03 2.9760000e-01
3.4025179e+03 3.0350000e-01
3.4036760e+03 3.0950001e-01
3.4048349e+03 3.1549999e-01
3.4059946e+03 3.2170001e-01
3.4071550e+03 3.2789999e-01
3.4083163e+03 3.3419999e-01
3.4094783e+03 3.4050000e-01
3.4106412e+03 3.4700000e-01
3.4118048e+03 3.5339999e-01
3.4129693e+03 3.6000001e-01
3.4141345e+03 3.6669999e-01
3.4153005e+03 3.7329999e-01
3.4164674e+03 3.8010001e-01
3.4176350e+03 3.8690001e-01
3.4188034e+03 3.9379999e-01
3.4199726e+03 4.0070000e-01
3.4211427e+03 4.0779999e-01
3.4223135e+03 4.1479999e-01
3.4234851e+03 4.2190000e-01
3.4246575e+03 4.2899999e-01
3.4258308e+03 4.3619999e-01
3.4270048e+03 4.4330001e-01
3.4281796e+03 4.5060000e-01
3.4293553e+03 4.5789999e-01
3.4305317e+03 4.6520001e-01
3.4317090e+03 4.7260001e-01
3.4328871e+03 4.7990000e-01
3.4340659e+03 4.8730001e-01
3.4352456e+03 4.9460000e-01
3.4364261e+03 5.0209999e-01
3.4376074e+03 5.0950003e-01
3.4387895e+03 5.1690000e-01
3.4399725e+03 5.2429998e-01
3.4411562e+03 5.3170002e-01
3.4423408e+03 5.3909999e-01
3.4435262e+03 5.4650003e-01
3.4447124e+03 5.5390000e-01
3.4458994e+03 5.6129998e-01
3.4470872e+03 5.6849998e-01
3.4482759e+03 5.7590002e-01
3.4494653e+03 5.8310002e-01
3.4506556e+03 5.9039998e-01
3.4518467e+03 5.9770000e-01
3.4530387e+03 6.0479999e-01
3.4542314e+03 6.1199999e-01
3.4554250e+03 6.1900002e-01
3.4566194e+03 6.2610000e-01
3.4578147e+03 6.3300002e-01
3.4590107e+03 6.3999999e-01
3.4602076e+03 6.4679998e-01
3.4614053e+03 6.5359998e-01
3.4626039e+03 6.6039997e-01
3.4638033e+03 6.6700000e-01
3.4650035e+03 6.7360002e-01
3.4662045e+03 6.8010002e-01
3.4674064e+03 6.8660003e-01
3.4686091e+03 6.9290000e-01
3.4698126e+03 6.9919997e-01
3.4710170e+03 7.0550001e-01
3.4722222e+03 7.1160001e-01
3.4734283e+03 7.1759999e-01
3.4746352e+03 7.2359997e-01
3.4758429e+03 7.2939998e-01
3.4770515e+03 7.3519999e-01
3.4782609e+03 7.4089998e-01
3.4794711e+03 7.4650002e-01
3.4806822e+03 7.5199997e-01
3.4818942e+03 7.5739998e-01
3.4831069e+03 7.6279998e-01
3.4843206e+03 7.6800001e-01
3.4855350e+03 7.7310002e-01
3.4867503e+03 7.7819997e-01
3.4879665e+03 7.8320003e-01
3.4891835e+03 7.8799999e-01
3.4904014e+03 7.9280001e-01
3.4916201e+03 7.9750001e-01
3.4928397e+03 8.0199999e-01
3.4940601e+03 8.0650002e-01
3.4952814e+03 8.1089997e-01
3.4965035e+03 8.1529999e-01
3.4977265e+03 8.1950003e-01
3.4989503e+03 8.2359999e-01
3.5001750e+03 8.2770002e-01
3.5014006e+03 8.3170003e-01
3.5026270e+03 8.3550000e-01
3.5038542e+03 8.3929998e-01
3.5050824e+03 8.4299999e-01
3.5063114e+03 8.4670001e-01
3.5075412e+03 8.5030001e-01
3.5087719e+03 8.5380000e-01
3.5100035e+03 8.5720003e-01
3.5112360e+03 8.6049998e-01
3.5124693e+03 8.6379999e-01
3.5137034e+03 8.6699998e-01
3.5149385e+03 8.7010002e-01
3.5161744e+03 8.7309998e-01
3.5174112e+03 8.7610000e-01
3.5186488e+03 8.7910002e-01
3.5198874e+03 8.8190001e-01
3.5211268e+03 8.8470000e-01
3.5223670e+03 8.8749999e-01
3.5236082e+03 8.9010000e-01
3.5248502e+03 8.9279997e-01
3.5260931e+03 8.9529997e-01
3.5273369e+03 8.9789999e-01
3.5285815e+03 9.0030003e-01
3.5298270e+03 9.0270001e-01
3.5310734e+03 9.0499997e-01
3.5323207e+03 9.0740001e-01
3.5335689e+03 9.0960002e-01
3.5348180e+03 9.1180003e-01
3.5360679e+03 9.1390002e-01
3.5373187e+03 9.1600001e-01
3.5385704e+03 9.1810000e-01
3.5398230e+03 9.2019999e-01
3.5410765e+03 9.2210001e-01
3.5423309e+03 9.2409998e-01
3.5435861e+03 9.2600000e-01
3.5448423e+03 9.2790002e-01
3.5460993e+03 9.2970002e-01
3.5473572e+03 9.3150002e-01
3.5486160e+03 9.3330002e-01
3.5498758e+03 9.3489999e-01
3.5511364e+03 9.3669999e-01
3.5523979e+03 9.3830001e-01
3.5536603e+03 9.3989998e-01
3.5549236e+03 9.4150001e-01
3.5561878e+03 9.4300002e-01
3.5574529e+03 9.4450003e-01
3.5587189e+03 9.4610000e-01
3.5599858e+03 9.4760001e-01
3.5612536e+03 9.4900000e-01
3.5625223e+03 9.5039999e-01
3.5637919e+03 9.5179999e-01
3.5650624e+03 9.5319998e-01
3.5663338e+03 9.5450002e-01
3.5676061e+03 9.5580000e-01
3.5688794e+03 9.5709997e-01
3.5701535e+03 9.5840001e-01
3.5714286e+03 9.5959997e-01
3.5727045e+03 9.6079999e-01
3.5739814e+03 9.6200001e-01
3.5752592e+03 9.6319997e-01
3.5765379e+03 9.6439999e-01
3.5778175e+03 9.6550000e-01
3.5790981e+03 9.6660000e-01
3.5803795e+03 9.6770000e-01
3.5816619e+03 9.6880001e-01
3.5829452e+03 9.6990001e-01
3.5842294e+03 9.7090000e-01
3.5855145e+03 9.7189999e-01
3.5868006e+03 9.7289997e-01
3.5880875e+03 9.7399998e-01
3.5893754e+03 9.7490001e-01
3.5906643e+03 9.7589999e-01
3.5919540e+03 9.7689998e-01
3.5932447e+03 9.7780001e-01
3.5945363e+03 9.7869998e-01
3.5958288e+03 9.7960001e-01
3.5971223e+03 9.8049998e-01
3.5984167e+03 9.8140001e-01
3.5997120e+03 9.8220003e-01
3.6010083e+03 9.8299998e-01
3.6023055e+03 9.8390001e-01
3.6036036e+03 9.8470002e-01
3.6049027e+03 9.8540002e-01
3.6062027e+03 9.8619998e-01
3.6075036e+03 9.8699999e-01
3.6088055e+03 9.8780000e-01
3.6101083e+03 9.8850000e-01
3.6114121e+03 9.8920000e-01
3.6127168e+03 9.8989999e-01
3.6140224e+03 9.9049997e-01
3.6153290e+03 9.9119997e-01
3.6166365e+03 9.9180001e-01
3.6179450e+03 9.9250001e-01
3.6192544e+03 9.9299997e-01
3.6205648e+03 9.9360001e-01
3.6218761e+03 9.9419999e-01
3.6231884e+03 9.9470001e-01
3.6245016e+03 9.9519998e-01
3.6258158e+03 9.9570000e-01
3.6271309e+03 9.9620003e-01
3.6284470e+03 9.9659997e-01
3.6297641e+03 9.9699998e-01
3.6310821e+03 9.9739999e-01
3.6324010e+03 9.9779999e-01
3.6337209e+03 9.9809998e-01
3.6350418e+03 9.9839997e-01
3.6363636e+03 9.9879998e-01
3.6376864e+03 9.9900001e-01
3.6390102e+03 9.9919999e-01
3.6403349e+03 9.9940002e-01
3.6416606e+03 9.9959999e-01
3.6429872e+03 9.9980003e-01
3.6443149e+03 9.9980003e-01
3.6456435e+03 1.0000000e+00
3.6469730e+03 1.0000000e+00
3.6483035e+03 1.0000000e+00
3.6496350e+03 1.0000000e+00
3.6509675e+03 9.9989998e-01
3.6523009e+03 9.9980003e-01
3.6536354e+03 9.9959999e-01
3.6549708e+03 9.9949998e-01
3.6563071e+03 9.9930000e-01
3.6576445e+03 9.9900001e-01
3.6589828e+03 9.9870002e-01
3.6603221e+03 9.9839997e-01
3.6616624e+03 9.9800003e-01
3.6630037e+03 9.9760002e-01
3.6643459e+03 9.9710000e-01
3.6656891e+03 9.9650002e-01
3.6670334e+03 9.9599999e-01
3.6683786e+03 9.9529999e-01
3.6697248e+03 9.9460000e-01
3.6710720e+03 9.9400002e-01
3.6724201e+03 9.9309999e-01
3.6737693e+03 9.9229997e-01
3.6751194e+03 9.9140000e-01
3.6764706e+03 9.9040002e-01
3.6778227e+03 9.8940003e-01
3.6791759e+03 9.8830003e-01
3.6805300e+03 9.8720002e-01
3.6818851e+03 9.8600000e-01
3.6832413e+03 9.8470002e-01
3.6845984e+03 9.8339999e-01
3.6859565e+03 9.8189998e-01
3.6873156e+03 9.8060000e-01
3.6886758e+03 9.7899997e-01
3.6900369e+03 9.7740000e-01
3.6913990e+03 9.7570002e-01
3.6927622e+03 9.7399998e-01
3.6941263e+03 9.7219998e-01
3.6954915e+03 9.7030002e-01
3.6968577e+03 9.6840000e-01
3.6982249e+03 9.6640003e-01
3.6995930e+03 9.6429998e-01
3.7009623e+03 9.6219999e-01
3.7023325e+03 9.5990002e-01
3.7037037e+03 9.5770001e-01
3.7050760e+03 9.5529997e-01
3.7064492e+03 9.5289999e-01
3.7078235e+03 9.5029998e-01
3.7091988e+03 9.4779998e-01
3.7105751e+03 9.4510001e-01
3.7119525e+03 9.4250000e-01
3.7133309e+03 9.3970001e-01
3.7147103e+03 9.3680000e-01
3.7160907e+03 9.3390000e-01
3.7174721e+03 9.3099999e-01
3.7188546e+03 9.2790002e-01
3.7202381e+03 9.2479998e-01
3.7216226e+03 9.2170000e-01
3.7230082e+03 9.1839999e-01
3.7243948e+03 9.1509998e-01
3.7257824e+03 9.1170001e-01
3.7271711e+03 9.0829998e-01
3.7285608e+03 9.0480000e-01
3.7299515e+03 9.0130001e-01
3.7313433e+03 8.9770001e-01
3.7327361e+03 8.9399999e-01
3.7341299e+03 8.9020002e-01
3.7355248e+03 8.8650000e-01
3.7369208e+03 8.8260001e-01
3.7383178e+03 8.7870002e-01
3.7397158e+03 8.7480003e-01
3.7411149e+03 8.7080002e-01
3.7425150e+03 8.6669999e-01
3.7439161e+03 8.6250001e-01
3.7453184e+03 8.5829997e-01
3.7467216e+03 8.5409999e-01
3.7481259e+03 8.4969997e-01
3.7495313e+03 8.4539998e-01
3.7509377e+03 8.4090000e-01
3.7523452e+03 8.3649999e-01
3.7537538e+03 8.3190000e-01
3.7551633e+03 8.2730001e-01
3.7565740e+03 8.2260001e-01
3.7579857e+03 8.1779999e-01
3.7593985e+03 8.1300002e-01
3.7608123e+03 8.0809999e-01
3.7622272e+03 8.0320001e-01
3.7636432e+03 7.9820001e-01
3.7650602e+03 7.9310000e-01
3.7664783e+03 7.8789997e-01
3.7678975e+03 7.8280002e-01
3.7693178e+03 7.7740002e-01
3.7707391e+03 7.7209997e-01
3.7721614e+03 7.6670003e-01
3.7735849e+03 7.6109999e-01
3.7750094e+03 7.5559998e-01
3.7764350e+03 7.5000000e-01
3.7778617e+03 7.4430001e-01
3.7792895e+03 7.3839998e-01
3.7807183e+03 7.3259997e-01
3.7821483e+03 7.2659999e-01
3.7835793e+03 7.2060001e-01
3.7850114e+03 7.1450001e-01
3.7864445e+03 7.0829999e-01
3.7878788e+03 7.0200002e-01
3.7893141e+03 6.9569999e-01
3.7907506e+03 6.8930000e-01
3.7921881e+03 6.8290001e-01
3.7936267e+03 6.7629999e-01
3.7950664e+03 6.6970003e-01
3.7965072e+03 6.6299999e-01
3.7979491e+03 6.5619999e-01
3.7993921e+03 6.4950001e-01
3.8008362e+03 6.4260000e-01
3.8022814e+03 6.3559997e-01
3.8037277e+03 6.2860000e-01
3.8051750e+03 6.2150002e-01
3.8066235e+03 6.1440003e-01
3.8080731e+03 6.0720003e-01
3.8095238e+03 6.0009998e-01
3.8109756e+03 5.9280002e-01
3.8124285e+03 5.8550000e-01
3.8138825e+03 5.7810003e-01
3.8153377e+03 5.7069999e-01
3.8167939e+03 5.6330001e-01
3.8182512e+03 5.5580002e-01
3.8197097e+03 5.4830003e-01
3.8211693e+03 5.4079998e-01
3.8226300e+03 5.3329998e-01
3.8240918e+03 5.2569997e-01
3.8255547e+03 5.1819998e-01
3.8270188e+03 5.1059997e-01
3.8284839e+03 5.0300002e-01
3.8299502e+03 4.9550000e-01
3.8314176e+03 4.8789999e-01
3.8328862e+03 4.8040000e-01
3.8343558e+03 4.7279999e-01
3.8358266e+03 4.6529999e-01
3.8372985e+03 4.5780000e-01
3.8387716e+03 4.5030001e-01
3.8402458e+03 4.4279999e-01
3.8417211e+03 4.3540001e-01
3.8431975e+03 4.2800000e-01
3.8446751e+03 4.2060000e-01
3.8461538e+03 4.1330001e-01
3.8476337e+03 4.0599999e-01
3.8491147e+03 3.9879999e-01
3.8505968e+03 3.9160001e-01
3.8520801e+03 3.8450000e-01
3.8535645e+03 3.7750000e-01
3.8550501e+03 3.7050000e-01
3.8565368e+03 3.6350000e-01
3.8580247e+03 3.5670000e-01
3.8595137e+03 3.4990001e-01
3.8610039e+03 3.4320000e-01
3.8624952e+03 3.3649999e-01
3.8639876e+03 3.3000001e-01
3.8654813e+03 3.2339999e-01
3.8669760e+03 3.1700000e-01
3.8684720e+03 3.1060001e-01
3.8699690e+03 3.0430001e-01
3.8714673e+03 2.9820001e-01
3.8729667e+03 2.9200000e-01
3.8744673e+03 2.8610000e-01
3.8759690e+03 2.8009999e-01
3.8774719e+03 2.7430001e-01
3.8789760e+03 2.6850000e-01
3.8804812e+03 2.6289999e-01
3.8819876e+03 2.5720000e-01
3.8834951e+03 2.5180000e-01
3.8850039e+03 2.4640000e-01
3.8865138e+03 2.4100000e-01
3.8880249e+03 2.3580000e-01
3.8895371e+03 2.3060000e-01
3.8910506e+03 2.2550000e-01
3.8925652e+03 2.2059999e-01
3.8940810e+03 2.1570000e-01
3.8955980e+03 2.1089999e-01
3.8971161e+03 2.0620000e-01
3.8986355e+03 2.0150000e-01
3.9001560e+03 1.9690000e-01
3.9016777e+03 1.9250000e-01
3.9032006e+03 1.8810000e-01
3.9047247e+03 1.8390000e-01
3.9062500e+03 1.7960000e-01
3.9077765e+03 1.7550001e-01
3.9093041e+03 1.7140000e-01
3.9108330e+03 1.6740000e-01
3.9123631e+03 1.6360000e-01
3.9138943e+03 1.5979999e-01
3.9154268e+03 1.5600000e-01
3.9169604e+03 1.5230000e-01
3.9184953e+03 1.4880000e-01
3.9200314e+03 1.4520000e-01
3.9215686e+03 1.4170000e-01
3.9231071e+03 1.3840000e-01
3.9246468e+03 1.3510001e-01
3.9261877e+03 1.3190000e-01
3.9277298e+03 1.2870000e-01
3.9292731e+03 1.2570000e-01
3.9308176e+03 1.2260000e-01
3.9323634e+03 1.1970000e-01
3.9339103e+03 1.1690000e-01
3.9354585e+03 1.1400000e-01
3.9370079e+03 1.1130000e-01
3.9385585e+03 1.0870000e-01
3.9401103e+03 1.0600000e-01
3.9416634e+03 1.0340000e-01
3.9432177e+03 1.0100000e-01
3.9447732e+03 9.8549999e-02
3.9463299e+03 9.6189998e-02
3.9478879e+03 9.3889996e-02
3.9494471e+03 9.1660000e-02
3.9510075e+03 8.9479998e-02
3.9525692e+03 8.7360002e-02
3.9541321e+03 8.5299999e-02
3.9556962e+03 8.3300002e-02
3.9572616e+03 8.1340000e-02
3.9588282e+03 7.9449996e-02
3.9603960e+03 7.7610001e-02
3.9619651e+03 7.5819999e-02
3.9635355e+03 7.4089997e-02
3.9651071e+03 7.2400004e-02
3.9666799e+03 7.0770003e-02
3.9682540e+03 6.9179997e-02
3.9698293e+03 6.7639999e-02
3.9714059e+03 6.6140004e-02
3.9729837e+03 6.4690001e-02
3.9745628e+03 6.3290000e-02
3.9761431e+03 6.1939999e-02
3.9777247e+03 6.0619999e-02
3.9793076e+03 5.9349999e-02
3.9808917e+03 5.8100000e-02
3.9824771e+03 5.6910001e-02
3.9840637e+03 5.5739999e-02
3.9856517e+03 5.4620001e-02
3.9872408e+03 5.3530000e-02
3.9888313e+03 5.2469999e-02
3.9904230e+03 5.1440001e-02
3.9920160e+03 5.0450001e-02
3.9936102e+03 4.9490001e-02
3.9952058e+03 4.8549999e-02
3.9968026e+03 4.7640000e-02
3.9984006e+03 4.6760000e-02
4.0000000e+03 4.5899998e-02
4.0016006e+03 4.5070000e-02
4.0032026e+03 4.4259999e-02
4.0048058e+03 4.3469999e-02
4.0064103e+03 4.2709999e-02
4.0080160e+03 4.1949999e-02
4.0096231e+03 4.1230001e-02
4.0112314e+03 4.0509999e-02
4.0128411e+03 3.9820001e-02
4.0144520e+03 3.9140001e-02
4.0160643e+03 3.8470000e-02
4.0176778e+03 3.7820000e-02
4.0192926e+03 3.7190001e-02
4.0209087e+03 3.6559999e-02
4.0225261e+03 3.5950001e-02
4.0241449e+03 3.5349999e-02
4.0257649e+03 3.4759998e-02
4.0273862e+03 3.4180000e-02
4.0290089e+03 3.3620000e-02
4.0306328e+03 3.3050001e-02
4.0322581e+03 3.2499999e-02
4.0338846e+03 3.1959999e-02
4.0355125e+03 3.1429999e-02
4.0371417e+03 3.0900000e-02
4.0387722e+03 3.0379999e-02
4.0404040e+03 2.9870000e-02
4.0420372e+03 2.9379999e-02
4.0436717e+03 2.8880000e-02
4.0453074e+03 2.8400000e-02
4.0469446e+03 2.7920000e-02
4.0485830e+03 2.7450001e-02
4.0502228e+03 2.6990000e-02
4.0518639e+03 2.6529999e-02
4.0535063e+03 2.6079999e-02
4.0551500e+03 2.5640000e-02
4.0567951e+03 2.5200000e-02
4.0584416e+03 2.4780000e-02
4.0600893e+03 2.4370000e-02
4.0617384e+03 2.3960000e-02
4.0633889e+03 2.3560001e-02
4.0650407e+03 2.3170000e-02
4.0666938e+03 2.2779999e-02
4.0683483e+03 2.2410000e-02
4.0700041e+03 2.2040000e-02
4.0716612e+03 2.1690000e-02
4.0733198e+03 2.1340000e-02
4.0749796e+03 2.1000000e-02
4.0766408e+03 2.0670000e-02
4.0783034e+03 2.0350000e-02
4.0799674e+03 2.0050000e-02
4.0816327e+03 1.9750001e-02
4.0832993e+03 1.9450000e-02
4.0849673e+03 1.9169999e-02
4.0866367e+03 1.8900000e-02
4.0883074e+03 1.8630000e-02
4.0899796e+03 1.8370001e-02
4.0916530e+03 1.8130001e-02
4.0933279e+03 1.7890001e-02
4.0950041e+03 1.7670000e-02
4.0966817e+03 1.7440001e-02
4.0983607e+03 1.7240001e-02
4.1000410e+03 1.7039999e-02
4.1017227e+03 1.6829999e-02
4.1034058e+03 1.6650001e-02
4.1050903e+03 1.6470000e-02
4.1067762e+03 1.6290000e-02
4.1084634e+03 1.6130000e-02
4.1101521e+03 1.5969999e-02
4.1118421e+03 1.5810000e-02
4.1135335e+03 1.5670000e-02
4.1152263e+03 1.5530000e-02
4.1169205e+03 1.5390000e-02
4.1186161e+03 1.5260000e-02
4.1203131e+03 1.5130000e-02
4.1220115e+03 1.5010000e-02
4.1237113e+03 1.4890000e-02
4.1254125e+03 1.4780000e-02
4.1271151e+03 1.4660000e-02
4.1288192e+03 1.4550000e-02
4.1305246e+03 1.4440000e-02
4.1322314e+03 1.4340000e-02
4.1339396e+03 1.4230000e-02
4.1356493e+03 1.4130000e-02
4.1373604e+03 1.4030000e-02
4.1390728e+03 1.3930000e-02
4.1407867e+03 1.3820000e-02
4.1425021e+03 1.3720000e-02
4.1442188e+03 1.3610000e-02
4.1459370e+03 1.3500000e-02
4.1476566e+03 1.3400000e-02
4.1493776e+03 1.3300000e-02
4.1511000e+03 1.3180000e-02
4.1528239e+03 1.3070000e-02
4.1545492e+03 1.2960000e-02
4.1562760e+03 1.2850000e-02
4.1580042e+03 1.2730000e-02
4.1597338e+03 1.2620000e-02
4.1614648e+03 1.2500000e-02
4.1631973e+03 1.2370000e-02
4.1649313e+03 1.2240000e-02
4.1666667e+03 1.2120000e-02
4.1684035e+03 1.1990000e-02
4.1701418e+03 1.1860000e-02
4.1718815e+03 1.1730000e-02
4.1736227e+03 1.1590000e-02
4.1753653e+03 1.1460000e-02
4.1771094e+03 1.1320000e-02
4.1788550e+03 1.1190000e-02
4.1806020e+03 1.1050000e-02
4.1823505e+03 1.0910000e-02
4.1841004e+03 1.0780000e-02
4.1858518e+03 1.0640000e-02
4.1876047e+03 1.0510000e-02
4.1893590e+03 1.0370000e-02
4.1911148e+03 1.0240000e-02
4.1928721e+03 1.0120000e-02
4.1946309e+03 9.9879997e-03
4.1963911e+03 9.8649999e-03
4.1981528e+03 9.7439997e-03
4.1999160e+03 9.6249999e-03
4.2016807e+03 9.5100002e-03
4.2034468e+03 9.3980003e-03
4.2052145e+03 9.2900004e-03
4.2069836e+03 9.1859996e-03
4.2087542e+03 9.0849996e-03
4.2105263e+03 8.9880005e-03
4.2122999e+03 8.8930000e-03
4.2140750e+03 8.8029997e-03
4.2158516e+03 8.7160002e-03
4.2176297e+03 8.6310003e-03
4.2194093e+03 8.5509997e-03
4.2211904e+03 8.4710000e-03
4.2229730e+03 8.3940001e-03
4.2247571e+03 8.3179995e-03
4.2265427e+03 8.2449997e-03
4.2283298e+03 8.1709996e-03
4.2301184e+03 8.0979997e-03
4.2319086e+03 8.0260001e-03
4.2337003e+03 7.9520000e-03
4.2354934e+03 7.8779999e-03
4.2372881e+03 7.8019998e-03
4.2390844e+03 7.7240001e-03
4.2408821e+03 7.6440000e-03
4.2426814e+03 7.5619998e-03
4.2444822e+03 7.4749999e-03
4.2462845e+03 7.3859999e-03
4.2480884e+03 7.2929999e-03
4.2498938e+03 7.1959998e-03
4.2517007e+03 7.0949998e-03
4.2535091e+03 6.9900001e-03
4.2553191e+03 6.8810000e-03
4.2571307e+03 6.7679998e-03
4.2589438e+03 6.6499999e-03
4.2607584e+03 6.5279999e-03
4.2625746e+03 6.4030001e-03
4.2643923e+03 6.2750001e-03
4.2662116e+03 6.1430000e-03
4.2680324e+03 6.0100001e-03
4.2698548e+03 5.8729998e-03
4.2716788e+03 5.7350001e-03
4.2735043e+03 5.5959998e-03
4.2753313e+03 5.4560001e-03
4.2771600e+03 5.3170002e-03
4.2789902e+03 5.1790001e-03
4.2808219e+03 5.0410000e-03
4.2826552e+03 4.9060001e-03
4.2844901e+03 4.7740000e-03
4.2863266e+03 4.6440000e-03
4.2881647e+03 4.5200000e-03
4.2900043e+03 4.3990002e-03
4.2918455e+03 4.2840000e-03
4.2936883e+03 4.1740001e-03
4.2955326e+03 4.0699998e-03
4.2973786e+03 3.9730002e-03
4.2992261e+03 3.8830000e-03
4.3010753e+03 3.8000001e-03
4.3029260e+03 3.7240000e-03
4.3047783e+03 3.6569999e-03
4.3066322e+03 3.5959999e-03
4.3084877e+03 3.5440000e-03
4.3103448e+03 3.4990001e-03
4.3122035e+03 3.4630001e-03
4.3140638e+03 3.4330001e-03
4.3159258e+03 3.4119999e-03
4.3177893e+03 3.3970000e-03
4.3196544e+03 3.3890000e-03
4.3215212e+03 3.3890000e-03
4.3233895e+03 3.3930000e-03
4.3252595e+03 3.4030001e-03
4.3271311e+03 3.4179999e-03
4.3290043e+03 3.4390001e-03
4.3308792e+03 3.4630001e-03
4.3327556e+03 3.4910000e-03
4.3346337e+03 3.5220000e-03
4.3365134e+03 3.5560001e-03
4.3383948e+03 3.5910001e-03
4.3402778e+03 3.6279999e-03
4.3421624e+03 3.6650000e-03
4.3440487e+03 3.7030000e-03
4.3459365e+03 3.7400001e-03
4.3478261e+03 3.7769999e-03
4.3497173e+03 3.8119999e-03
4.3516101e+03 3.8459999e-03
4.3535046e+03 3.8780000e-03
4.3554007e+03 3.9070002e-03
4.3572985e+03 3.9340002e-03
4.3591979e+03 3.9570001e-03
4.3610990e+03 3.9780000e-03
4.3630017e+03 3.9960002e-03
4.3649062e+03 4.0090000e-03
4.3668122e+03 4.0199999e-03
4.3687200e+03 4.0270002e-03
4.3706294e+03 4.0310002e-03
4.3725404e+03 4.0310002e-03
4.3744532e+03 4.0290002e-03
4.3763676e+03 4.0230001e-03
4.3782837e+03 4.0150001e-03
4.3802015e+03 4.0040002e-03
4.3821209e+03 3.9909999e-03
4.3840421e+03 3.9769998e-03
4.3859649e+03 3.9599999e-03
4.3878894e+03 3.9430000e-03
4.3898156e+03 3.9260001e-03
4.3917435e+03 3.9080000e-03
4.3936731e+03 3.8900001e-03
4.3956044e+03 3.8739999e-03
4.3975374e+03 3.8580000e-03
4.3994721e+03 3.8439999e-03
4.4014085e+03 3.8320001e-03
4.4033465e+03 3.8230000e-03
4.4052863e+03 3.8149999e-03
4.4072279e+03 3.8119999e-03
4.4091711e+03 3.8109999e-03
4.4111160e+03 3.8139999e-03
4.4130627e+03 3.8210000e-03
4.4150110e+03 3.8320001e-03
4.4169611e+03 3.8480000e-03
4.4189129e+03 3.8670001e-03
4.4208665e+03 3.8910001e-03
4.4228218e+03 3.9189998e-03
4.4247788e+03 3.9519998e-03
4.4267375e+03 3.9889999e-03
4.4286980e+03 4.0290002e-03
4.4306602e+03 4.0739998e-03
4.4326241e+03 4.1230000e-03
4.4345898e+03 4.1760001e-03
4.4365572e+03 4.2309999e-03
4.4385264e+03 4.2900001e-03
4.4404973e+03 4.3520001e-03
4.4424700e+03 4.4160001e-03
4.4444444e+03 4.4820001e-03
4.4464206e+03 4.5510000e-03
4.4483986e+03 4.6210000e-03
4.4503783e+03 4.6930001e-03
4.4523598e+03 4.7650002e-03
4.4543430e+03 4.8380001e-03
4.4563280e+03 4.9120001e-03
4.4583148e+03 4.9859998e-03
4.4603033e+03 5.0590001e-03
4.4622936e+03 5.1330002e-03
4.4642857e+03 5.2049998e-03
4.4662796e+03 5.2769999e-03
4.4682752e+03 5.3480002e-03
4.4702727e+03 5.4170000e-03
4.4722719e+03 5.4850001e-03
4.4742729e+03 5.5510001e-03
4.4762757e+03 5.6159999e-03
4.4782803e+03 5.6790002e-03
4.4802867e+03 5.7399999e-03
4.4822949e+03 5.7990002e-03
4.4843049e+03 5.8570001e-03
