6.000000e+002   0.000000
6.005000e+002   0.000000
6.010000e+002   0.000000
6.015000e+002   0.000000
6.020000e+002   0.000000
6.025000e+002   0.000000
6.030000e+002   0.000000
6.035000e+002   0.000000
6.040000e+002   0.000000
6.045000e+002   0.000000
6.050000e+002   0.000000
6.055000e+002   0.000000
6.060000e+002   0.000000
6.065000e+002   0.000000
6.070000e+002   0.000000
6.075000e+002   0.000000
6.080000e+002   0.000000
6.085000e+002   0.000000
6.090000e+002   0.000000
6.095000e+002   0.000000
6.100000e+002   0.000000
6.105000e+002   0.000000
6.110000e+002   0.000000
6.115000e+002   0.000000
6.120000e+002   0.000325
6.125000e+002   0.000418
6.130000e+002   0.000394
6.135000e+002   0.000403
6.140000e+002   0.000372
6.145000e+002   0.000312
6.150000e+002   0.000314
6.155000e+002   0.000313
6.160000e+002   0.000305
6.165000e+002   0.000359
6.170000e+002   0.000349
6.175000e+002   0.000329
6.180000e+002   0.000301
6.185000e+002   0.000246
6.190000e+002   0.000360
6.195000e+002   0.000392
6.200000e+002   0.000305
6.205000e+002   0.000240
6.210000e+002   0.000276
6.215000e+002   0.000247
6.220000e+002   0.000246
6.225000e+002   0.000269
6.230000e+002   0.000269
6.235000e+002   0.000213
6.240000e+002   0.000223
6.245000e+002   0.000312
6.250000e+002   0.000327
6.255000e+002   0.000296
6.260000e+002   0.000207
6.265000e+002   0.000206
6.270000e+002   0.000303
6.275000e+002   0.000324
6.280000e+002   0.000319
6.285000e+002   0.000316
6.290000e+002   0.000490
6.295000e+002   0.000608
6.300000e+002   0.000686
6.305000e+002   0.001028
6.310000e+002   0.001434
6.315000e+002   0.001831
6.320000e+002   0.002146
6.325000e+002   0.002723
6.330000e+002   0.003076
6.335000e+002   0.003324
6.340000e+002   0.003933
6.345000e+002   0.004304
6.350000e+002   0.004310
6.355000e+002   0.004321
6.360000e+002   0.003906
6.365000e+002   0.003398
6.370000e+002   0.003062
6.375000e+002   0.002018
6.380000e+002   0.001508
6.385000e+002   0.001139
6.390000e+002   0.000822
6.395000e+002   0.000742
6.400000e+002   0.000735
6.405000e+002   0.000669
6.410000e+002   0.000645
6.415000e+002   0.000518
6.420000e+002   0.000521
6.425000e+002   0.000458
6.430000e+002   0.000536
6.435000e+002   0.000596
6.440000e+002   0.000428
6.445000e+002   0.000399
6.450000e+002   0.000584
6.455000e+002   0.000579
6.460000e+002   0.000495
6.465000e+002   0.000490
6.470000e+002   0.000521
6.475000e+002   0.000468
6.480000e+002   0.000399
6.485000e+002   0.000506
6.490000e+002   0.000502
6.495000e+002   0.000544
6.500000e+002   0.000567
6.505000e+002   0.000537
6.510000e+002   0.000401
6.515000e+002   0.000408
6.520000e+002   0.000417
6.525000e+002   0.000402
6.530000e+002   0.000453
6.535000e+002   0.000440
6.540000e+002   0.000422
6.545000e+002   0.000466
6.550000e+002   0.000496
6.555000e+002   0.000465
6.560000e+002   0.000439
6.565000e+002   0.000417
6.570000e+002   0.000503
6.575000e+002   0.000524
6.580000e+002   0.000381
6.585000e+002   0.000436
6.590000e+002   0.000519
6.595000e+002   0.000579
6.600000e+002   0.000598
6.605000e+002   0.000641
6.610000e+002   0.000633
6.615000e+002   0.000462
6.620000e+002   0.000374
6.625000e+002   0.000302
6.630000e+002   0.000353
6.635000e+002   0.000400
6.640000e+002   0.000378
6.645000e+002   0.000473
6.650000e+002   0.000483
6.655000e+002   0.000465
6.660000e+002   0.000425
6.665000e+002   0.000321
6.670000e+002   0.000415
6.675000e+002   0.000519
6.680000e+002   0.000486
6.685000e+002   0.000504
6.690000e+002   0.000541
6.695000e+002   0.000652
6.700000e+002   0.000682
6.705000e+002   0.000627
6.710000e+002   0.000585
6.715000e+002   0.000555
6.720000e+002   0.000490
6.725000e+002   0.000538
6.730000e+002   0.000535
6.735000e+002   0.000479
6.740000e+002   0.000555
6.745000e+002   0.000457
6.750000e+002   0.000454
6.755000e+002   0.000552
6.760000e+002   0.000546
6.765000e+002   0.000481
6.770000e+002   0.000491
6.775000e+002   0.000511
6.780000e+002   0.000581
6.785000e+002   0.000626
6.790000e+002   0.000633
6.795000e+002   0.000618
6.800000e+002   0.000601
6.805000e+002   0.000509
6.810000e+002   0.000468
6.815000e+002   0.000462
6.820000e+002   0.000535
6.825000e+002   0.000485
6.830000e+002   0.000489
6.835000e+002   0.000501
6.840000e+002   0.000546
6.845000e+002   0.000558
6.850000e+002   0.000514
6.855000e+002   0.000571
6.860000e+002   0.000607
6.865000e+002   0.000630
6.870000e+002   0.000570
6.875000e+002   0.000535
6.880000e+002   0.000477
6.885000e+002   0.000517
6.890000e+002   0.000480
6.895000e+002   0.000454
6.900000e+002   0.000560
6.905000e+002   0.000558
6.910000e+002   0.000556
6.915000e+002   0.000624
6.920000e+002   0.000609
6.925000e+002   0.000549
6.930000e+002   0.000543
6.935000e+002   0.000620
6.940000e+002   0.000673
6.945000e+002   0.000682
6.950000e+002   0.000630
6.955000e+002   0.000731
6.960000e+002   0.000706
6.965000e+002   0.000748
6.970000e+002   0.000765
6.975000e+002   0.000866
6.980000e+002   0.000801
6.985000e+002   0.000769
6.990000e+002   0.000843
6.995000e+002   0.000777
7.000000e+002   0.000678
7.005000e+002   0.000794
7.010000e+002   0.000921
7.015000e+002   0.000910
7.020000e+002   0.000980
7.025000e+002   0.001011
7.030000e+002   0.001117
7.035000e+002   0.001148
7.040000e+002   0.001239
7.045000e+002   0.001346
7.050000e+002   0.001493
7.055000e+002   0.001677
7.060000e+002   0.002048
7.065000e+002   0.002408
7.070000e+002   0.002703
7.075000e+002   0.003066
7.080000e+002   0.003471
7.085000e+002   0.004000
7.090000e+002   0.004324
7.095000e+002   0.004749
7.100000e+002   0.004977
7.105000e+002   0.005149
7.110000e+002   0.005224
7.115000e+002   0.005175
7.120000e+002   0.005099
7.125000e+002   0.005069
7.130000e+002   0.004827
7.135000e+002   0.004531
7.140000e+002   0.003990
7.145000e+002   0.003707
7.150000e+002   0.003493
7.155000e+002   0.003029
7.160000e+002   0.002734
7.165000e+002   0.002498
7.170000e+002   0.002300
7.175000e+002   0.002099
7.180000e+002   0.001893
7.185000e+002   0.001777
7.190000e+002   0.001796
7.195000e+002   0.001810
7.200000e+002   0.001673
7.205000e+002   0.001637
7.210000e+002   0.001645
7.215000e+002   0.001683
7.220000e+002   0.001673
7.225000e+002   0.001569
7.230000e+002   0.001687
7.235000e+002   0.001739
7.240000e+002   0.001761
7.245000e+002   0.001756
7.250000e+002   0.001627
7.255000e+002   0.001841
7.260000e+002   0.001935
7.265000e+002   0.001858
7.270000e+002   0.002081
7.275000e+002   0.002305
7.280000e+002   0.002482
7.285000e+002   0.002552
7.290000e+002   0.002794
7.295000e+002   0.003095
7.300000e+002   0.003162
7.305000e+002   0.003211
7.310000e+002   0.003474
7.315000e+002   0.003716
7.320000e+002   0.004082
7.325000e+002   0.004525
7.330000e+002   0.004787
7.335000e+002   0.005101
7.340000e+002   0.005495
7.345000e+002   0.006149
7.350000e+002   0.006538
7.355000e+002   0.006984
7.360000e+002   0.007528
7.365000e+002   0.008162
7.370000e+002   0.008882
7.375000e+002   0.009387
7.380000e+002   0.010053
7.385000e+002   0.010831
7.390000e+002   0.011611
7.395000e+002   0.012657
7.400000e+002   0.013886
7.405000e+002   0.014948
7.410000e+002   0.016168
7.415000e+002   0.017774
7.420000e+002   0.019411
7.425000e+002   0.021106
7.430000e+002   0.023673
7.435000e+002   0.026142
7.440000e+002   0.028985
7.445000e+002   0.032387
7.450000e+002   0.036615
7.455000e+002   0.041532
7.460000e+002   0.048099
7.465000e+002   0.055504
7.470000e+002   0.064015
7.475000e+002   0.074932
7.480000e+002   0.088278
7.485000e+002   0.104763
7.490000e+002   0.123253
7.495000e+002   0.147719
7.500000e+002   0.174970
7.505000e+002   0.208567
7.510000e+002   0.245416
7.515000e+002   0.291574
7.520000e+002   0.339398
7.525000e+002   0.400456
7.530000e+002   0.456473
7.535000e+002   0.527371
7.540000e+002   0.597395
7.545000e+002   0.665422
7.550000e+002   0.727303
7.555000e+002   0.787668
7.560000e+002   0.839528
7.565000e+002   0.886429
7.570000e+002   0.923359
7.575000e+002   0.953351
7.580000e+002   0.977468
7.585000e+002   0.988222
7.590000e+002   0.997871
7.595000e+002   1.000000
7.600000e+002   0.996556
7.605000e+002   0.992479
7.610000e+002   0.988795
7.615000e+002   0.988242
7.620000e+002   0.983864
7.625000e+002   0.972569
7.630000e+002   0.963361
7.635000e+002   0.958180
7.640000e+002   0.956754
7.645000e+002   0.953481
7.650000e+002   0.946332
7.655000e+002   0.938249
7.660000e+002   0.930257
7.665000e+002   0.921391
7.670000e+002   0.915607
7.675000e+002   0.908950
7.680000e+002   0.904703
7.685000e+002   0.900667
7.690000e+002   0.894361
7.695000e+002   0.889863
7.700000e+002   0.885666
7.705000e+002   0.880786
7.710000e+002   0.874942
7.715000e+002   0.866930
7.720000e+002   0.856859
7.725000e+002   0.840713
7.730000e+002   0.815521
7.735000e+002   0.787698
7.740000e+002   0.754393
7.745000e+002   0.711248
7.750000e+002   0.665512
7.755000e+002   0.613601
7.760000e+002   0.560134
7.765000e+002   0.502821
7.770000e+002   0.452738
7.775000e+002   0.391028
7.780000e+002   0.338715
7.785000e+002   0.284033
7.790000e+002   0.240004
7.795000e+002   0.196187
7.800000e+002   0.163177
7.805000e+002   0.132424
7.810000e+002   0.108897
7.815000e+002   0.088048
7.820000e+002   0.072700
7.825000e+002   0.059362
7.830000e+002   0.050009
7.835000e+002   0.041385
7.840000e+002   0.035005
7.845000e+002   0.029537
7.850000e+002   0.025315
7.855000e+002   0.021598
7.860000e+002   0.018528
7.865000e+002   0.016035
7.870000e+002   0.014436
7.875000e+002   0.012623
7.880000e+002   0.010993
7.885000e+002   0.009538
7.890000e+002   0.008722
7.895000e+002   0.007832
7.900000e+002   0.007076
7.905000e+002   0.006305
7.910000e+002   0.005820
7.915000e+002   0.005127
7.920000e+002   0.004648
7.925000e+002   0.004155
7.930000e+002   0.003769
7.935000e+002   0.003416
7.940000e+002   0.002971
7.945000e+002   0.002609
7.950000e+002   0.002310
7.955000e+002   0.002023
7.960000e+002   0.001773
7.965000e+002   0.001680
7.970000e+002   0.001435
7.975000e+002   0.001154
7.980000e+002   0.000897
7.985000e+002   0.000819
7.990000e+002   0.000835
7.995000e+002   0.000697
8.000000e+002   0.000509
8.005000e+002   0.000581
8.010000e+002   0.000568
8.015000e+002   0.000645
8.020000e+002   0.000478
8.025000e+002   0.000354
8.030000e+002   0.000322
8.035000e+002   0.000301
8.040000e+002   0.000288
8.045000e+002   0.000358
8.050000e+002   0.000234
8.055000e+002   0.000284
8.060000e+002   0.000261
8.065000e+002   0.000283
8.070000e+002   0.000284
8.075000e+002   0.000358
8.080000e+002   0.000338
8.085000e+002   0.000234
8.090000e+002   0.000282
8.095000e+002   0.000277
8.100000e+002   0.000255
8.105000e+002   0.000288
8.110000e+002   0.000283
8.115000e+002   0.000283
8.120000e+002   0.000254
8.125000e+002   0.000228
8.130000e+002   0.000281
8.135000e+002   0.000256
8.140000e+002   0.000286
8.145000e+002   0.000312
8.150000e+002   0.000257
8.155000e+002   0.000360
8.160000e+002   0.000339
8.165000e+002   0.000338
8.170000e+002   0.000190
8.175000e+002   0.000255
8.180000e+002   0.000301
8.185000e+002   0.000259
8.190000e+002   0.000334
8.195000e+002   0.000345
8.200000e+002   0.000379
8.205000e+002   0.000340
8.210000e+002   0.000317
8.215000e+002   0.000294
8.220000e+002   0.000288
8.225000e+002   0.000223
8.230000e+002   0.000275
8.235000e+002   0.000276
8.240000e+002   0.000246
8.245000e+002   0.000255
8.250000e+002   0.000262
8.255000e+002   0.000228
8.260000e+002   0.000222
8.265000e+002   0.000250
8.270000e+002   0.000278
8.275000e+002   0.000255
8.280000e+002   0.000227
8.285000e+002   0.000315
8.290000e+002   0.000321
8.295000e+002   0.000307
8.300000e+002   0.000315
8.305000e+002   0.000301
8.310000e+002   0.000331
8.315000e+002   0.000261
8.320000e+002   0.000220
8.325000e+002   0.000234
8.330000e+002   0.000210
8.335000e+002   0.000230
8.340000e+002   0.000262
8.345000e+002   0.000304
8.350000e+002   0.000324
8.355000e+002   0.000257
8.360000e+002   0.000263
8.365000e+002   0.000283
8.370000e+002   0.000254
8.375000e+002   0.000254
8.380000e+002   0.000340
8.385000e+002   0.000353
8.390000e+002   0.000347
8.395000e+002   0.000241
8.400000e+002   0.000282
8.405000e+002   0.000322
8.410000e+002   0.000270
8.415000e+002   0.000230
8.420000e+002   0.000233
8.425000e+002   0.000218
8.430000e+002   0.000329
8.435000e+002   0.000339
8.440000e+002   0.000243
8.445000e+002   0.000269
8.450000e+002   0.000240
8.455000e+002   0.000268
8.460000e+002   0.000332
8.465000e+002   0.000283
8.470000e+002   0.000219
8.475000e+002   0.000248
8.480000e+002   0.000248
8.485000e+002   0.000408
8.490000e+002   0.000396
8.495000e+002   0.000418
8.500000e+002   0.000313
8.505000e+002   0.000342
8.510000e+002   0.000331
8.515000e+002   0.000371
8.520000e+002   0.000304
8.525000e+002   0.000316
8.530000e+002   0.000296
8.535000e+002   0.000240
8.540000e+002   0.000346
8.545000e+002   0.000350
8.550000e+002   0.000213
8.555000e+002   0.000205
8.560000e+002   0.000177
8.565000e+002   0.000205
8.570000e+002   0.000180
8.575000e+002   0.000232
8.580000e+002   0.000315
8.585000e+002   0.000238
8.590000e+002   0.000244
8.595000e+002   0.000215
8.600000e+002   0.000242
8.605000e+002   0.000274
8.610000e+002   0.000275
8.615000e+002   0.000246
8.620000e+002   0.000307
8.625000e+002   0.000222
8.630000e+002   0.000133
8.635000e+002   0.000129
8.640000e+002   0.000136
8.645000e+002   0.000156
8.650000e+002   0.000150
8.655000e+002   0.000196
8.660000e+002   0.000185
8.665000e+002   0.000214
8.670000e+002   0.000286
8.675000e+002   0.000260
8.680000e+002   0.000156
8.685000e+002   0.000180
8.690000e+002   0.000211
8.695000e+002   0.000181
8.700000e+002   0.000234
8.705000e+002   0.000216
8.710000e+002   0.000200
8.715000e+002   0.000191
8.720000e+002   0.000267
8.725000e+002   0.000241
8.730000e+002   0.000180
8.735000e+002   0.000214
8.740000e+002   0.000195
8.745000e+002   0.000187
8.750000e+002   0.000182
8.755000e+002   0.000152
8.760000e+002   0.000185
8.765000e+002   0.000187
8.770000e+002   0.000186
8.775000e+002   0.000186
8.780000e+002   0.000187
8.785000e+002   0.000128
8.790000e+002   0.000149
8.795000e+002   0.000169
8.800000e+002   0.000196
8.805000e+002   0.000178
8.810000e+002   0.000233
8.815000e+002   0.000243
8.820000e+002   0.000219
8.825000e+002   0.000234
8.830000e+002   0.000321
8.835000e+002   0.000291
8.840000e+002   0.000211
8.845000e+002   0.000282
8.850000e+002   0.000233
8.855000e+002   0.000157
8.860000e+002   0.000182
8.865000e+002   0.000203
8.870000e+002   0.000189
8.875000e+002   0.000292
8.880000e+002   0.000211
8.885000e+002   0.000181
8.890000e+002   0.000189
8.895000e+002   0.000240
8.900000e+002   0.000155
8.905000e+002   0.000164
8.910000e+002   0.000164
8.915000e+002   0.000208
8.920000e+002   0.000255
8.925000e+002   0.000178
8.930000e+002   0.000154
8.935000e+002   0.000208
8.940000e+002   0.000184
8.945000e+002   0.000177
8.950000e+002   0.000123
8.955000e+002   0.000099
8.960000e+002   0.000098
8.965000e+002   0.000174
8.970000e+002   0.000177
8.975000e+002   0.000151
8.980000e+002   0.000150
8.985000e+002   0.000154
8.990000e+002   0.000188
8.995000e+002   0.000189
9.000000e+002   0.000178
9.005000e+002   0.000123
9.010000e+002   0.000180
9.015000e+002   0.000187
9.020000e+002   0.000205
9.025000e+002   0.000222
9.030000e+002   0.000168
9.035000e+002   0.000171
9.040000e+002   0.000197
9.045000e+002   0.000228
9.050000e+002   0.000180
9.055000e+002   0.000151
9.060000e+002   0.000150
9.065000e+002   0.000121
9.070000e+002   0.000063
9.075000e+002   0.000083
9.080000e+002   0.000084
9.085000e+002   0.000171
9.090000e+002   0.000234
9.095000e+002   0.000214
9.100000e+002   0.000186
9.105000e+002   0.000210
9.110000e+002   0.000152
9.115000e+002   0.000121
9.120000e+002   0.000119
9.125000e+002   0.000119
9.130000e+002   0.000097
9.135000e+002   0.000121
9.140000e+002   0.000113
9.145000e+002   0.000113
9.150000e+002   0.000062
9.155000e+002   0.000060
9.160000e+002   0.000108
9.165000e+002   0.000110
9.170000e+002   0.000109
9.175000e+002   0.000109
9.180000e+002   0.000112
9.185000e+002   0.000138
9.190000e+002   0.000136
9.195000e+002   0.000116
9.200000e+002   0.000090
9.205000e+002   0.000089
9.210000e+002   0.000135
9.215000e+002   0.000137
9.220000e+002   0.000110
9.225000e+002   0.000127
9.230000e+002   0.000127
9.235000e+002   0.000159
9.240000e+002   0.000170
9.245000e+002   0.000170
9.250000e+002   0.000162
9.255000e+002   0.000140
9.260000e+002   0.000168
9.265000e+002   0.000114
9.270000e+002   0.000161
9.275000e+002   0.000194
9.280000e+002   0.000197
9.285000e+002   0.000197
9.290000e+002   0.000146
9.295000e+002   0.000196
9.300000e+002   0.000269
9.305000e+002   0.000215
9.310000e+002   0.000157
9.315000e+002   0.000135
9.320000e+002   0.000163
9.325000e+002   0.000156
9.330000e+002   0.000182
9.335000e+002   0.000142
9.340000e+002   0.000168
9.345000e+002   0.000181
9.350000e+002   0.000179
9.355000e+002   0.000158
9.360000e+002   0.000135
9.365000e+002   0.000062
9.370000e+002   0.000152
9.375000e+002   0.000155
9.380000e+002   0.000170
9.385000e+002   0.000195
9.390000e+002   0.000218
9.395000e+002   0.000113
9.400000e+002   0.000142
9.405000e+002   0.000168
9.410000e+002   0.000141
9.415000e+002   0.000172
9.420000e+002   0.000199
9.425000e+002   0.000193
9.430000e+002   0.000196
9.435000e+002   0.000176
9.440000e+002   0.000197
9.445000e+002   0.000119
9.450000e+002   0.000148
9.455000e+002   0.000142
9.460000e+002   0.000159
9.465000e+002   0.000138
9.470000e+002   0.000110
9.475000e+002   0.000130
9.480000e+002   0.000131
9.485000e+002   0.000142
9.490000e+002   0.000148
9.495000e+002   0.000176
9.500000e+002   0.000124
9.505000e+002   0.000062
9.510000e+002   0.000085
9.515000e+002   0.000113
9.520000e+002   0.000111
9.525000e+002   0.000165
9.530000e+002   0.000188
9.535000e+002   0.000167
9.540000e+002   0.000118
9.545000e+002   0.000083
9.550000e+002   0.000103
9.555000e+002   0.000104
9.560000e+002   0.000130
9.565000e+002   0.000088
9.570000e+002   0.000121
9.575000e+002   0.000201
9.580000e+002   0.000205
9.585000e+002   0.000142
9.590000e+002   0.000133
9.595000e+002   0.000165
9.600000e+002   0.000139
9.605000e+002   0.000165
9.610000e+002   0.000117
9.615000e+002   0.000170
9.620000e+002   0.000270
9.625000e+002   0.000265
9.630000e+002   0.000212
9.635000e+002   0.000116
9.640000e+002   0.000138
9.645000e+002   0.000183
9.650000e+002   0.000164
9.655000e+002   0.000164
9.660000e+002   0.000092
9.665000e+002   0.000117
9.670000e+002   0.000117
9.675000e+002   0.000202
9.680000e+002   0.000200
9.685000e+002   0.000170
9.690000e+002   0.000231
9.695000e+002   0.000230
9.700000e+002   0.000225
9.705000e+002   0.000180
9.710000e+002   0.000180
9.715000e+002   0.000174
9.720000e+002   0.000207
9.725000e+002   0.000181
9.730000e+002   0.000169
9.735000e+002   0.000132
9.740000e+002   0.000116
9.745000e+002   0.000168
9.750000e+002   0.000172
9.755000e+002   0.000146
9.760000e+002   0.000119
9.765000e+002   0.000118
9.770000e+002   0.000092
9.775000e+002   0.000061
9.780000e+002   0.000123
9.785000e+002   0.000193
9.790000e+002   0.000220
9.795000e+002   0.000177
9.800000e+002   0.000118
9.805000e+002   0.000089
9.810000e+002   0.000064
9.815000e+002   0.000145
9.820000e+002   0.000199
9.825000e+002   0.000156
9.830000e+002   0.000132
9.835000e+002   0.000179
9.840000e+002   0.000306
9.845000e+002   0.000278
9.850000e+002   0.000188
9.855000e+002   0.000097
9.860000e+002   0.000064
9.865000e+002   0.000087
9.870000e+002   0.000088
9.875000e+002   0.000124
9.880000e+002   0.000156
9.885000e+002   0.000158
9.890000e+002   0.000123
9.895000e+002   0.000122
9.900000e+002   0.000129
9.905000e+002   0.000098
9.910000e+002   0.000127
9.915000e+002   0.000160
9.920000e+002   0.000160
9.925000e+002   0.000100
9.930000e+002   0.000097
9.935000e+002   0.000097
9.940000e+002   0.000101
9.945000e+002   0.000159
9.950000e+002   0.000183
9.955000e+002   0.000184
9.960000e+002   0.000127
9.965000e+002   0.000192
9.970000e+002   0.000228
9.975000e+002   0.000194
9.980000e+002   0.000228
9.985000e+002   0.000199
9.990000e+002   0.000105
9.995000e+002   0.000071
1.000000e+003   0.000068
1.000500e+003   0.000172
1.001000e+003   0.000207
1.001500e+003   0.000168
1.002000e+003   0.000166
1.002500e+003   0.000166
1.003000e+003   0.000138
1.003500e+003   0.000112
1.004000e+003   0.000142
1.004500e+003   0.000144
1.005000e+003   0.000114
1.005500e+003   0.000112
1.006000e+003   0.000206
1.006500e+003   0.000211
1.007000e+003   0.000192
1.007500e+003   0.000193
1.008000e+003   0.000151
1.008500e+003   0.000145
1.009000e+003   0.000149
1.009500e+003   0.000348
1.010000e+003   0.000323
1.010500e+003   0.000201
1.011000e+003   0.000233
1.011500e+003   0.000192
1.012000e+003   0.000158
1.012500e+003   0.000157
1.013000e+003   0.000157
1.013500e+003   0.000194
1.014000e+003   0.000305
1.014500e+003   0.000236
1.015000e+003   0.000226
1.015500e+003   0.000227
1.016000e+003   0.000120
1.016500e+003   0.000191
1.017000e+003   0.000196
1.017500e+003   0.000234
1.018000e+003   0.000193
1.018500e+003   0.000267
1.019000e+003   0.000231
1.019500e+003   0.000231
1.020000e+003   0.000209
1.020500e+003   0.000280
1.021000e+003   0.000288
1.021500e+003   0.000326
1.022000e+003   0.000247
1.022500e+003   0.000209
1.023000e+003   0.000181
1.023500e+003   0.000250
1.024000e+003   0.000212
1.024500e+003   0.000094
1.025000e+003   0.000129
1.025500e+003   0.000183
1.026000e+003   0.000343
1.026500e+003   0.000366
1.027000e+003   0.000301
1.027500e+003   0.000306
1.028000e+003   0.000275
1.028500e+003   0.000205
1.029000e+003   0.000191
1.029500e+003   0.000226
1.030000e+003   0.000270
1.030500e+003   0.000324
1.031000e+003   0.000372
1.031500e+003   0.000255
1.032000e+003   0.000281
1.032500e+003   0.000331
1.033000e+003   0.000374
1.033500e+003   0.000371
1.034000e+003   0.000285
1.034500e+003   0.000151
1.035000e+003   0.000245
1.035500e+003   0.000250
1.036000e+003   0.000250
1.036500e+003   0.000252
1.037000e+003   0.000181
1.037500e+003   0.000226
1.038000e+003   0.000256
1.038500e+003   0.000301
1.039000e+003   0.000395
1.039500e+003   0.000417
1.040000e+003   0.000415
1.040500e+003   0.000329
1.041000e+003   0.000232
1.041500e+003   0.000234
1.042000e+003   0.000347
1.042500e+003   0.000452
1.043000e+003   0.000352
1.043500e+003   0.000355
1.044000e+003   0.000268
1.044500e+003   0.000421
1.045000e+003   0.000294
1.045500e+003   0.000258
1.046000e+003   0.000299
1.046500e+003   0.000402
1.047000e+003   0.000470
1.047500e+003   0.000492
1.048000e+003   0.000498
1.048500e+003   0.000391
1.049000e+003   0.000263
1.049500e+003   0.000359
1.050000e+003   0.000427
1.050500e+003   0.000384
1.051000e+003   0.000321
1.051500e+003   0.000391
1.052000e+003   0.000400
1.052500e+003   0.000493
1.053000e+003   0.000438
1.053500e+003   0.000551
1.054000e+003   0.000495
1.054500e+003   0.000448
1.055000e+003   0.000448
1.055500e+003   0.000406
1.056000e+003   0.000528
1.056500e+003   0.000457
1.057000e+003   0.000435
1.057500e+003   0.000389
1.058000e+003   0.000635
1.058500e+003   0.000612
1.059000e+003   0.000636
1.059500e+003   0.000560
1.060000e+003   0.000369
1.060500e+003   0.000529
1.061000e+003   0.000550
1.061500e+003   0.000556
1.062000e+003   0.000621
1.062500e+003   0.000637
1.063000e+003   0.000471
1.063500e+003   0.000287
1.064000e+003   0.000465
1.064500e+003   0.000503
1.065000e+003   0.000585
1.065500e+003   0.000496
1.066000e+003   0.000499
1.066500e+003   0.000424
1.067000e+003   0.000434
1.067500e+003   0.000341
1.068000e+003   0.000342
1.068500e+003   0.000240
1.069000e+003   0.000335
1.069500e+003   0.000452
1.070000e+003   0.000448
1.070500e+003   0.000555
1.071000e+003   0.000365
1.071500e+003   0.000477
1.072000e+003   0.000381
1.072500e+003   0.000599
1.073000e+003   0.000665
1.073500e+003   0.000689
1.074000e+003   0.000756
1.074500e+003   0.000775
1.075000e+003   0.000659
1.075500e+003   0.000656
1.076000e+003   0.000549
1.076500e+003   0.000297
1.077000e+003   0.000546
1.077500e+003   0.000788
1.078000e+003   0.000791
1.078500e+003   0.000708
1.079000e+003   0.000814
1.079500e+003   0.000830
1.080000e+003   0.001286
1.080500e+003   0.001181
1.081000e+003   0.000787
1.081500e+003   0.000487
1.082000e+003   0.000447
1.082500e+003   0.000564
1.083000e+003   0.000757
1.083500e+003   0.001393
1.084000e+003   0.001278
1.084500e+003   0.000959
1.085000e+003   0.001233
1.085500e+003   0.001252
1.086000e+003   0.000812
1.086500e+003   0.001307
1.087000e+003   0.001072
1.087500e+003   0.000683
1.088000e+003   0.000522
1.088500e+003   0.000521
1.089000e+003   0.000705
1.089500e+003   0.001446
1.090000e+003   0.001314
1.090500e+003   0.000765
1.091000e+003   0.000608
1.091500e+003   0.000611
1.092000e+003   0.000427
1.092500e+003   0.000577
1.093000e+003   0.000944
1.093500e+003   0.000814
1.094000e+003   0.000638
1.094500e+003   0.001090
1.095000e+003   0.001120
1.095500e+003   0.000894
1.096000e+003   0.001091
1.096500e+003   0.001660
1.097000e+003   0.001485
1.097500e+003   0.000723
1.098000e+003   0.000890
1.098500e+003   0.001124
1.099000e+003   0.001147
1.099500e+003   0.000537
1.100000e+003   0.000517
1.100500e+003   0.000945
1.101000e+003   0.000972
1.101500e+003   0.000985
1.102000e+003   0.001751
1.102500e+003   0.001908
1.103000e+003   0.002129
1.103500e+003   0.001565
1.104000e+003   0.001076
1.104500e+003   0.000865
1.105000e+003   0.000846
1.105500e+003   0.001394
1.106000e+003   0.001432
1.106500e+003   0.001550
1.107000e+003   0.001863
1.107500e+003   0.001941
1.108000e+003   0.001759
1.108500e+003   0.001544
1.109000e+003   0.001155
1.109500e+003   0.002102
1.110000e+003   0.002476
1.110500e+003   0.002719
1.111000e+003   0.002203
1.111500e+003   0.001598
1.112000e+003   0.001392
1.112500e+003   0.002071
1.113000e+003   0.002173
1.113500e+003   0.002432
1.114000e+003   0.002474
1.114500e+003   0.001454
1.115000e+003   0.001749
1.115500e+003   0.001740
1.116000e+003   0.002078
1.116500e+003   0.001858
1.117000e+003   0.002696
1.117500e+003   0.002321
1.118000e+003   0.002813
1.118500e+003   0.003489
1.119000e+003   0.003889
1.119500e+003   0.002907
1.120000e+003   0.002653
