2.5000000e+03 0.0000000e+00
2.5020003e+03 0.0000000e+00
2.5040001e+03 0.0000000e+00
2.5059999e+03 0.0000000e+00
2.5079999e+03 0.0000000e+00
2.5099999e+03 0.0000000e+00
2.5119998e+03 0.0000000e+00
2.5139998e+03 0.0000000e+00
2.5159999e+03 0.0000000e+00
2.5179999e+03 0.0000000e+00
2.5200000e+03 0.0000000e+00
2.5220001e+03 0.0000000e+00
2.5240000e+03 0.0000000e+00
2.5260002e+03 0.0000000e+00
2.5280001e+03 0.0000000e+00
2.5300001e+03 0.0000000e+00
2.5320000e+03 0.0000000e+00
2.5339999e+03 0.0000000e+00
2.5359998e+03 0.0000000e+00
2.5380001e+03 0.0000000e+00
2.5399999e+03 0.0000000e+00
2.5420003e+03 0.0000000e+00
2.5439997e+03 0.0000000e+00
2.5459999e+03 0.0000000e+00
2.5479999e+03 0.0000000e+00
2.5499997e+03 0.0000000e+00
2.5520001e+03 0.0000000e+00
2.5539999e+03 0.0000000e+00
2.5560000e+03 0.0000000e+00
2.5580001e+03 0.0000000e+00
2.5600000e+03 0.0000000e+00
2.5619998e+03 0.0000000e+00
2.5640000e+03 0.0000000e+00
2.5660001e+03 0.0000000e+00
2.5680000e+03 0.0000000e+00
2.5699997e+03 0.0000000e+00
2.5720000e+03 0.0000000e+00
2.5740000e+03 0.0000000e+00
2.5759997e+03 0.0000000e+00
2.5779999e+03 0.0000000e+00
2.5800000e+03 0.0000000e+00
2.5819998e+03 0.0000000e+00
2.5840000e+03 0.0000000e+00
2.5860000e+03 0.0000000e+00
2.5879997e+03 0.0000000e+00
2.5900000e+03 0.0000000e+00
2.5919999e+03 0.0000000e+00
2.5940000e+03 0.0000000e+00
2.5960000e+03 0.0000000e+00
2.5979998e+03 0.0000000e+00
2.5999999e+03 0.0000000e+00
2.6019997e+03 0.0000000e+00
2.6039998e+03 0.0000000e+00
2.6059996e+03 0.0000000e+00
2.6079999e+03 0.0000000e+00
2.6099998e+03 0.0000000e+00
2.6120000e+03 0.0000000e+00
2.6139998e+03 0.0000000e+00
2.6160001e+03 0.0000000e+00
2.6179998e+03 0.0000000e+00
2.6200000e+03 0.0000000e+00
2.6219996e+03 0.0000000e+00
2.6239997e+03 0.0000000e+00
2.6260001e+03 0.0000000e+00
2.6280000e+03 0.0000000e+00
2.6300003e+03 0.0000000e+00
2.6320000e+03 0.0000000e+00
2.6340001e+03 0.0000000e+00
2.6359998e+03 0.0000000e+00
2.6380004e+03 0.0000000e+00
2.6399999e+03 0.0000000e+00
2.6420003e+03 0.0000000e+00
2.6440002e+03 0.0000000e+00
2.6459996e+03 0.0000000e+00
2.6480000e+03 0.0000000e+00
2.6500000e+03 0.0000000e+00
2.6520000e+03 0.0000000e+00
2.6540004e+03 0.0000000e+00
2.6560001e+03 0.0000000e+00
2.6580001e+03 0.0000000e+00
2.6600004e+03 0.0000000e+00
2.6620000e+03 0.0000000e+00
2.6639999e+03 0.0000000e+00
2.6659998e+03 0.0000000e+00
2.6680000e+03 0.0000000e+00
2.6700002e+03 0.0000000e+00
2.6720001e+03 0.0000000e+00
2.6739998e+03 0.0000000e+00
2.6759999e+03 0.0000000e+00
2.6780000e+03 0.0000000e+00
2.6800002e+03 0.0000000e+00
2.6819998e+03 0.0000000e+00
2.6840003e+03 0.0000000e+00
2.6860001e+03 0.0000000e+00
2.6880000e+03 0.0000000e+00
2.6900001e+03 0.0000000e+00
2.6920002e+03 0.0000000e+00
2.6940004e+03 0.0000000e+00
2.6959999e+03 0.0000000e+00
2.6980002e+03 0.0000000e+00
2.6999997e+03 0.0000000e+00
2.7020002e+03 0.0000000e+00
2.7039998e+03 0.0000000e+00
2.7060004e+03 0.0000000e+00
2.7080002e+03 0.0000000e+00
2.7099998e+03 0.0000000e+00
2.7119998e+03 0.0000000e+00
2.7140004e+03 0.0000000e+00
2.7160001e+03 0.0000000e+00
2.7179999e+03 0.0000000e+00
2.7200005e+03 0.0000000e+00
2.7219995e+03 0.0000000e+00
2.7239999e+03 0.0000000e+00
2.7260005e+03 0.0000000e+00
2.7280001e+03 0.0000000e+00
2.7299998e+03 0.0000000e+00
2.7320001e+03 0.0000000e+00
2.7339996e+03 0.0000000e+00
2.7359999e+03 0.0000000e+00
2.7379999e+03 0.0000000e+00
2.7400000e+03 0.0000000e+00
2.7420001e+03 0.0000000e+00
2.7439999e+03 0.0000000e+00
2.7459998e+03 0.0000000e+00
2.7480001e+03 0.0000000e+00
2.7499997e+03 0.0000000e+00
2.7520000e+03 0.0000000e+00
2.7540000e+03 0.0000000e+00
2.7560000e+03 0.0000000e+00
2.7579999e+03 0.0000000e+00
2.7600003e+03 0.0000000e+00
2.7619999e+03 0.0000000e+00
2.7640000e+03 0.0000000e+00
2.7659999e+03 0.0000000e+00
2.7679998e+03 0.0000000e+00
2.7700003e+03 0.0000000e+00
2.7720005e+03 0.0000000e+00
2.7739997e+03 0.0000000e+00
2.7760004e+03 0.0000000e+00
2.7780001e+03 0.0000000e+00
2.7800002e+03 0.0000000e+00
2.7820003e+03 0.0000000e+00
2.7839999e+03 0.0000000e+00
2.7860003e+03 0.0000000e+00
2.7879996e+03 0.0000000e+00
2.7900003e+03 0.0000000e+00
2.7919998e+03 0.0000000e+00
2.7940001e+03 0.0000000e+00
2.7959999e+03 0.0000000e+00
2.7980004e+03 0.0000000e+00
2.7999997e+03 0.0000000e+00
2.8020004e+03 0.0000000e+00
2.8039999e+03 0.0000000e+00
2.8059999e+03 0.0000000e+00
2.8080005e+03 0.0000000e+00
2.8099999e+03 0.0000000e+00
2.8119998e+03 0.0000000e+00
2.8140003e+03 0.0000000e+00
2.8160003e+03 0.0000000e+00
2.8180001e+03 0.0000000e+00
2.8200001e+03 0.0000000e+00
2.8220001e+03 0.0000000e+00
2.8239997e+03 0.0000000e+00
2.8259995e+03 0.0000000e+00
2.8279998e+03 0.0000000e+00
2.8299999e+03 0.0000000e+00
2.8320004e+03 0.0000000e+00
2.8340004e+03 0.0000000e+00
2.8360001e+03 0.0000000e+00
2.8380002e+03 0.0000000e+00
2.8399998e+03 0.0000000e+00
2.8419999e+03 0.0000000e+00
2.8440003e+03 0.0000000e+00
2.8459995e+03 0.0000000e+00
2.8479999e+03 0.0000000e+00
2.8500000e+03 0.0000000e+00
2.8520003e+03 0.0000000e+00
2.8540002e+03 0.0000000e+00
2.8559997e+03 0.0000000e+00
2.8580003e+03 0.0000000e+00
2.8599997e+03 0.0000000e+00
2.8620000e+03 0.0000000e+00
2.8640000e+03 0.0000000e+00
2.8659995e+03 0.0000000e+00
2.8680003e+03 0.0000000e+00
2.8699996e+03 0.0000000e+00
2.8720001e+03 0.0000000e+00
2.8740001e+03 0.0000000e+00
2.8759996e+03 0.0000000e+00
2.8780001e+03 0.0000000e+00
2.8800002e+03 0.0000000e+00
2.8819997e+03 0.0000000e+00
2.8840003e+03 0.0000000e+00
2.8859996e+03 0.0000000e+00
2.8879999e+03 0.0000000e+00
2.8899997e+03 0.0000000e+00
2.8919998e+03 0.0000000e+00
2.8940000e+03 0.0000000e+00
2.8959997e+03 0.0000000e+00
2.8979997e+03 0.0000000e+00
2.9000000e+03 0.0000000e+00
2.9020004e+03 0.0000000e+00
2.9040002e+03 0.0000000e+00
2.9060002e+03 0.0000000e+00
2.9079996e+03 0.0000000e+00
2.9100001e+03 0.0000000e+00
2.9120000e+03 0.0000000e+00
2.9140000e+03 0.0000000e+00
2.9160003e+03 0.0000000e+00
2.9179999e+03 0.0000000e+00
2.9200005e+03 0.0000000e+00
2.9220004e+03 0.0000000e+00
2.9239998e+03 0.0000000e+00
2.9260000e+03 0.0000000e+00
2.9279996e+03 0.0000000e+00
2.9300002e+03 0.0000000e+00
2.9320001e+03 0.0000000e+00
2.9340003e+03 0.0000000e+00
2.9360006e+03 0.0000000e+00
2.9380000e+03 0.0000000e+00
2.9399995e+03 0.0000000e+00
2.9420001e+03 0.0000000e+00
2.9440001e+03 0.0000000e+00
2.9460000e+03 0.0000000e+00
2.9480003e+03 0.0000000e+00
2.9499995e+03 0.0000000e+00
2.9519999e+03 0.0000000e+00
2.9540003e+03 0.0000000e+00
2.9560000e+03 0.0000000e+00
2.9579996e+03 0.0000000e+00
2.9600004e+03 0.0000000e+00
2.9620003e+03 0.0000000e+00
2.9640001e+03 0.0000000e+00
2.9660002e+03 0.0000000e+00
2.9680002e+03 0.0000000e+00
2.9700004e+03 0.0000000e+00
2.9719996e+03 0.0000000e+00
2.9739997e+03 0.0000000e+00
2.9760000e+03 0.0000000e+00
2.9780003e+03 0.0000000e+00
2.9799997e+03 0.0000000e+00
2.9820000e+03 0.0000000e+00
2.9839995e+03 0.0000000e+00
2.9859999e+03 0.0000000e+00
2.9880002e+03 0.0000000e+00
2.9899997e+03 0.0000000e+00
2.9919999e+03 0.0000000e+00
2.9940004e+03 0.0000000e+00
2.9959998e+03 0.0000000e+00
2.9980001e+03 0.0000000e+00
3.0000003e+03 0.0000000e+00
3.0019996e+03 0.0000000e+00
3.0039998e+03 0.0000000e+00
3.0060000e+03 0.0000000e+00
3.0080001e+03 0.0000000e+00
3.0100001e+03 0.0000000e+00
3.0120001e+03 0.0000000e+00
3.0139999e+03 0.0000000e+00
3.0160000e+03 0.0000000e+00
3.0179998e+03 0.0000000e+00
3.0200002e+03 0.0000000e+00
3.0220000e+03 0.0000000e+00
3.0240003e+03 0.0000000e+00
3.0259996e+03 0.0000000e+00
3.0279999e+03 0.0000000e+00
3.0300000e+03 0.0000000e+00
3.0320000e+03 0.0000000e+00
3.0339999e+03 0.0000000e+00
3.0359996e+03 0.0000000e+00
3.0380003e+03 0.0000000e+00
3.0399996e+03 0.0000000e+00
3.0419999e+03 0.0000000e+00
3.0440002e+03 0.0000000e+00
3.0460002e+03 0.0000000e+00
3.0479998e+03 0.0000000e+00
3.0500005e+03 0.0000000e+00
3.0519999e+03 0.0000000e+00
3.0540002e+03 0.0000000e+00
3.0560003e+03 0.0000000e+00
3.0580001e+03 0.0000000e+00
3.0599998e+03 0.0000000e+00
3.0620002e+03 0.0000000e+00
3.0639996e+03 0.0000000e+00
3.0659995e+03 0.0000000e+00
3.0680005e+03 0.0000000e+00
3.0699999e+03 0.0000000e+00
3.0720003e+03 0.0000000e+00
3.0739994e+03 0.0000000e+00
3.0760002e+03 0.0000000e+00
3.0779999e+03 0.0000000e+00
3.0800003e+03 0.0000000e+00
3.0820003e+03 0.0000000e+00
3.0840002e+03 0.0000000e+00
3.0859998e+03 0.0000000e+00
3.0879999e+03 0.0000000e+00
3.0899999e+03 0.0000000e+00
3.0919996e+03 0.0000000e+00
3.0940000e+03 0.0000000e+00
3.0960000e+03 0.0000000e+00
3.0980000e+03 0.0000000e+00
3.0999996e+03 0.0000000e+00
3.1019996e+03 0.0000000e+00
3.1040005e+03 0.0000000e+00
3.1060001e+03 0.0000000e+00
3.1080003e+03 0.0000000e+00
3.1100000e+03 0.0000000e+00
3.1119997e+03 0.0000000e+00
3.1139998e+03 0.0000000e+00
3.1159997e+03 0.0000000e+00
3.1180000e+03 0.0000000e+00
3.1200003e+03 0.0000000e+00
3.1220000e+03 0.0000000e+00
3.1240004e+03 0.0000000e+00
3.1260002e+03 0.0000000e+00
3.1280000e+03 0.0000000e+00
3.1300002e+03 0.0000000e+00
3.1320001e+03 0.0000000e+00
3.1340004e+03 0.0000000e+00
3.1359996e+03 0.0000000e+00
3.1380002e+03 0.0000000e+00
3.1400005e+03 0.0000000e+00
3.1420002e+03 0.0000000e+00
3.1439995e+03 0.0000000e+00
3.1459997e+03 0.0000000e+00
3.1480000e+03 0.0000000e+00
3.1500001e+03 0.0000000e+00
3.1519997e+03 0.0000000e+00
3.1540001e+03 0.0000000e+00
3.1559997e+03 0.0000000e+00
3.1580001e+03 0.0000000e+00
3.1600001e+03 0.0000000e+00
3.1620004e+03 0.0000000e+00
3.1640004e+03 0.0000000e+00
3.1659996e+03 0.0000000e+00
3.1679997e+03 0.0000000e+00
3.1700002e+03 0.0000000e+00
3.1720002e+03 0.0000000e+00
3.1739995e+03 0.0000000e+00
3.1759996e+03 0.0000000e+00
3.1780000e+03 0.0000000e+00
3.1800000e+03 0.0000000e+00
3.1819996e+03 0.0000000e+00
3.1839994e+03 0.0000000e+00
3.1860000e+03 0.0000000e+00
3.1879999e+03 0.0000000e+00
3.1900003e+03 0.0000000e+00
3.1920000e+03 0.0000000e+00
3.1940003e+03 0.0000000e+00
3.1960003e+03 0.0000000e+00
3.1980003e+03 0.0000000e+00
3.2000000e+03 0.0000000e+00
3.2020000e+03 0.0000000e+00
3.2039995e+03 0.0000000e+00
3.2059995e+03 0.0000000e+00
3.2079999e+03 0.0000000e+00
3.2099999e+03 0.0000000e+00
3.2120001e+03 0.0000000e+00
3.2139997e+03 0.0000000e+00
3.2159999e+03 0.0000000e+00
3.2180002e+03 0.0000000e+00
3.2200000e+03 0.0000000e+00
3.2220002e+03 0.0000000e+00
3.2239999e+03 0.0000000e+00
3.2260000e+03 0.0000000e+00
3.2279994e+03 0.0000000e+00
3.2300001e+03 0.0000000e+00
3.2320003e+03 0.0000000e+00
3.2340000e+03 0.0000000e+00
3.2359997e+03 0.0000000e+00
3.2380002e+03 0.0000000e+00
3.2399998e+03 0.0000000e+00
3.2419996e+03 0.0000000e+00
3.2440000e+03 0.0000000e+00
3.2459996e+03 0.0000000e+00
3.2479996e+03 0.0000000e+00
3.2500000e+03 0.0000000e+00
3.2519997e+03 0.0000000e+00
3.2539996e+03 0.0000000e+00
3.2560002e+03 0.0000000e+00
3.2579998e+03 0.0000000e+00
3.2599995e+03 0.0000000e+00
3.2619999e+03 0.0000000e+00
3.2639994e+03 0.0000000e+00
3.2660003e+03 0.0000000e+00
3.2679994e+03 0.0000000e+00
3.2700000e+03 0.0000000e+00
3.2719996e+03 0.0000000e+00
3.2739998e+03 0.0000000e+00
3.2760001e+03 0.0000000e+00
3.2779995e+03 0.0000000e+00
3.2799994e+03 0.0000000e+00
3.2819995e+03 0.0000000e+00
3.2840001e+03 0.0000000e+00
3.2859995e+03 0.0000000e+00
3.2879995e+03 0.0000000e+00
3.2899997e+03 0.0000000e+00
3.2920001e+03 0.0000000e+00
3.2939997e+03 0.0000000e+00
3.2960007e+03 0.0000000e+00
3.2979995e+03 0.0000000e+00
3.3000001e+03 0.0000000e+00
3.3019995e+03 0.0000000e+00
3.3039993e+03 0.0000000e+00
3.3060004e+03 0.0000000e+00
3.3079995e+03 0.0000000e+00
3.3100001e+03 0.0000000e+00
3.3119997e+03 0.0000000e+00
3.3139995e+03 0.0000000e+00
3.3159996e+03 0.0000000e+00
3.3179997e+03 0.0000000e+00
3.3200001e+03 0.0000000e+00
3.3219997e+03 0.0000000e+00
3.3239995e+03 0.0000000e+00
3.3259995e+03 0.0000000e+00
3.3279995e+03 0.0000000e+00
3.3300001e+03 0.0000000e+00
3.3320006e+03 0.0000000e+00
3.3340002e+03 -8.0954877e-04
3.3359999e+03 -6.1968889e-04
3.3380000e+03 1.6136944e-03
3.3400000e+03 1.4417374e-03
3.3420003e+03 -1.5742993e-03
3.3440008e+03 9.8023145e-04
3.3460001e+03 8.7864319e-04
3.3479999e+03 -3.0075482e-04
3.3499996e+03 -4.9863197e-04
3.3520007e+03 1.3387051e-03
3.3539997e+03 -6.5600895e-04
3.3559997e+03 6.8563968e-04
3.3580002e+03 4.1682916e-03
3.3599995e+03 2.9937471e-03
3.3620001e+03 4.8169862e-03
3.3639994e+03 5.3475966e-04
3.3660004e+03 -3.3354771e-04
3.3680001e+03 -2.0642648e-03
3.3700002e+03 2.3689264e-04
3.3719999e+03 -1.2867178e-03
3.3740001e+03 2.6023423e-04
3.3760004e+03 -5.5525108e-04
3.3779995e+03 -1.2775229e-03
3.3799998e+03 -1.7596011e-03
3.3820002e+03 3.1517090e-03
3.3839997e+03 -5.0252951e-03
3.3860004e+03 -5.7433330e-04
3.3879998e+03 3.1246892e-03
3.3900005e+03 1.5485631e-03
3.3920002e+03 5.4053921e-04
3.3940000e+03 8.1077428e-04
3.3959996e+03 6.5814145e-04
3.3980007e+03 -6.3865306e-04
3.4000005e+03 1.6764197e-03
3.4019993e+03 4.4387128e-04
3.4040004e+03 1.9296140e-03
3.4060002e+03 -1.7274367e-03
3.4080004e+03 -2.4859169e-03
3.4100003e+03 1.0071568e-03
3.4119992e+03 2.4474694e-03
3.4140005e+03 1.3528822e-03
3.4159995e+03 1.4483407e-03
3.4179995e+03 -1.0042989e-03
3.4199995e+03 1.6399367e-03
3.4219995e+03 2.1953413e-03
3.4239997e+03 -1.4407870e-03
3.4259998e+03 5.7137397e-04
3.4279997e+03 8.7547040e-04
3.4300000e+03 -2.9859652e-03
3.4320000e+03 -2.6918791e-04
3.4340000e+03 6.1225714e-05
3.4359998e+03 2.6528453e-04
3.4379998e+03 -2.1155931e-03
3.4399996e+03 -1.3707711e-03
3.4419995e+03 5.7850988e-04
3.4440004e+03 2.8244664e-03
3.4460003e+03 -3.8471527e-03
3.4480001e+03 -3.1593593e-03
3.4499996e+03 5.6456414e-04
3.4519992e+03 1.8966686e-03
3.4539999e+03 -2.4099089e-03
3.4559994e+03 1.4949407e-03
3.4580000e+03 -1.1709423e-03
3.4600004e+03 1.9785303e-03
3.4619998e+03 -1.8131922e-03
3.4640001e+03 -3.8271997e-04
3.4660004e+03 4.8529115e-03
3.4680003e+03 2.3101737e-04
3.4700005e+03 9.5876871e-04
3.4720003e+03 -1.5767168e-03
3.4740004e+03 -1.4457096e-03
3.4759998e+03 -5.9287762e-04
3.4779995e+03 -4.0035970e-03
3.4800003e+03 -1.7963485e-03
3.4819995e+03 -1.0844461e-03
3.4840002e+03 9.4323308e-04
3.4860005e+03 -1.1987193e-03
3.4879995e+03 4.9261912e-03
3.4899993e+03 2.5112752e-03
3.4920005e+03 1.9802088e-03
3.4940002e+03 -4.1210800e-03
3.4959997e+03 7.7892863e-04
3.4979992e+03 1.5857404e-03
3.4999997e+03 2.9111635e-03
3.5020002e+03 -2.1409525e-03
3.5040002e+03 -1.4852543e-03
3.5060004e+03 -2.4469302e-04
3.5080002e+03 2.2196218e-03
3.5099999e+03 -1.0279795e-03
3.5120007e+03 -1.8190891e-03
3.5139998e+03 1.2025491e-03
3.5159999e+03 -6.3933269e-04
3.5180003e+03 -2.8044437e-03
3.5200002e+03 3.9949012e-03
3.5219999e+03 -1.3519777e-03
3.5239992e+03 8.7503815e-04
3.5259999e+03 3.4209779e-03
3.5280001e+03 -4.2388556e-03
3.5300001e+03 -2.8153658e-03
3.5320000e+03 4.5581898e-04
3.5339997e+03 3.5062057e-03
3.5360004e+03 1.9317007e-03
3.5379995e+03 2.0368807e-03
3.5399998e+03 -5.9224700e-04
3.5419997e+03 -3.9267950e-04
3.5440006e+03 -4.0569931e-04
3.5459998e+03 2.3960993e-05
3.5480003e+03 4.3003293e-04
3.5500007e+03 3.1332842e-03
3.5520005e+03 3.8920634e-04
3.5540001e+03 3.2010786e-03
3.5560007e+03 -3.4211902e-03
3.5579995e+03 1.1662185e-03
3.5599997e+03 7.1813288e-04
3.5619993e+03 -1.4402663e-03
3.5640003e+03 -3.7584692e-04
3.5660007e+03 -2.1783316e-03
3.5680008e+03 3.5592227e-04
3.5699992e+03 3.4964300e-04
3.5720001e+03 3.0918906e-03
3.5739992e+03 2.3368576e-03
3.5759996e+03 -1.6161037e-03
3.5780007e+03 -1.9668285e-03
3.5800002e+03 -5.5947062e-04
3.5820005e+03 2.3604264e-03
3.5840008e+03 -1.0756276e-03
3.5859992e+03 2.5526562e-04
3.5879999e+03 4.8196777e-03
3.5900006e+03 2.3941807e-03
3.5920003e+03 2.6584012e-03
3.5940001e+03 -1.3782366e-03
3.5959996e+03 7.8488840e-04
3.5979998e+03 3.0926405e-03
3.5999996e+03 -4.5898449e-04
3.6020004e+03 -3.6152019e-04
3.6039996e+03 1.1755237e-03
3.6059998e+03 3.7771449e-03
3.6079996e+03 1.9162458e-03
3.6100001e+03 1.8934270e-03
3.6120003e+03 2.4146512e-03
3.6140001e+03 1.9089077e-03
3.6159996e+03 2.5602435e-03
3.6180000e+03 -3.6695818e-04
3.6200000e+03 -1.2497683e-03
3.6219994e+03 2.8070863e-03
3.6239998e+03 1.2512523e-03
3.6259997e+03 -2.7249272e-03
3.6279993e+03 -4.0016364e-04
3.6299999e+03 -3.7943240e-04
3.6320000e+03 6.7054812e-04
3.6339995e+03 -7.9429901e-04
3.6360002e+03 2.8461363e-04
3.6380002e+03 1.2421601e-03
3.6399998e+03 4.2617247e-03
3.6420003e+03 2.5633108e-03
3.6440001e+03 -7.0556719e-04
3.6459998e+03 3.9138836e-03
3.6480001e+03 2.7902578e-03
3.6499999e+03 6.2906829e-04
3.6519994e+03 -1.1914069e-03
3.6539998e+03 1.1025454e-03
3.6559997e+03 -8.9879963e-04
3.6580005e+03 1.8840985e-03
3.6600006e+03 -1.4628294e-03
3.6620002e+03 -1.3155724e-03
3.6639994e+03 7.7188865e-04
3.6659995e+03 -1.3983904e-03
3.6680005e+03 -8.2628027e-04
3.6699997e+03 -1.1193722e-03
3.6719994e+03 2.4157482e-04
3.6740000e+03 9.4254897e-04
3.6760004e+03 6.6112785e-04
3.6780001e+03 3.0647006e-03
3.6800003e+03 4.2833863e-03
3.6820003e+03 -1.1615481e-03
3.6839999e+03 3.2563999e-03
3.6860000e+03 2.9378268e-04
3.6879996e+03 -1.4994205e-03
3.6900000e+03 -1.5206722e-04
3.6920000e+03 -2.8393590e-03
3.6939994e+03 -1.5457994e-03
3.6959997e+03 9.3648334e-05
3.6979991e+03 1.9358073e-03
3.6999998e+03 1.7639261e-03
3.7019995e+03 3.1296208e-03
3.7040001e+03 -1.9797024e-03
3.7060002e+03 3.6946458e-03
3.7079994e+03 1.3183029e-03
3.7099998e+03 -4.2087087e-04
3.7119992e+03 3.5690553e-03
3.7139999e+03 -1.3443149e-03
3.7159996e+03 -1.2456335e-03
3.7180002e+03 2.8901829e-03
3.7199999e+03 4.2401147e-03
3.7219994e+03 -5.7191664e-04
3.7239996e+03 -1.3209584e-03
3.7260003e+03 -8.0523011e-04
3.7279991e+03 -5.5700919e-04
3.7300001e+03 9.1116910e-04
3.7320005e+03 -1.3024824e-04
3.7340003e+03 -9.4876613e-04
3.7360008e+03 6.6496938e-04
3.7379991e+03 1.2927284e-03
3.7399995e+03 9.4240106e-04
3.7419997e+03 3.7807324e-03
3.7440003e+03 -3.5761026e-04
3.7460003e+03 -1.0478683e-03
3.7479994e+03 4.3799420e-04
3.7499995e+03 3.2191321e-03
3.7520001e+03 -1.2201506e-03
3.7540004e+03 -2.4370693e-03
3.7559998e+03 -2.9091218e-03
3.7579999e+03 1.8647386e-03
3.7600007e+03 1.5002912e-03
3.7620009e+03 1.4800757e-04
3.7640001e+03 8.9642161e-04
3.7660004e+03 2.1384167e-03
3.7679998e+03 -3.6953604e-03
3.7699998e+03 -9.6696349e-05
3.7719992e+03 7.1399607e-04
3.7740007e+03 -4.4920682e-03
3.7760002e+03 -2.4949899e-04
3.7780001e+03 8.0541027e-04
3.7799996e+03 6.6028693e-04
3.7819995e+03 6.0821767e-03
3.7840001e+03 1.4239474e-03
3.7860000e+03 3.4636054e-03
3.7879993e+03 -1.6261701e-03
3.7900007e+03 -4.0163081e-03
3.7919996e+03 -6.6855166e-04
3.7939995e+03 -1.3942479e-03
3.7959999e+03 2.5879350e-04
3.7979995e+03 -1.2048774e-03
3.7999998e+03 3.4620224e-03
3.8019994e+03 -1.3737055e-03
3.8039997e+03 -1.5520585e-03
3.8060006e+03 -9.1955555e-04
3.8080005e+03 1.9821741e-03
3.8099997e+03 1.6353539e-03
3.8119999e+03 4.7452580e-03
3.8140004e+03 -1.0004952e-03
3.8160002e+03 7.5414509e-04
3.8180003e+03 1.9261640e-04
3.8200000e+03 4.6710909e-04
3.8220004e+03 -5.8841100e-04
3.8239997e+03 -1.1726096e-04
3.8259996e+03 -3.2274288e-03
3.8280002e+03 3.3299020e-03
3.8300000e+03 3.4964264e-03
3.8320005e+03 4.1329235e-04
3.8340001e+03 5.0286017e-03
3.8360001e+03 4.0019979e-03
3.8379997e+03 4.1659903e-03
3.8399995e+03 2.6719922e-03
3.8420000e+03 1.2211740e-03
3.8439997e+03 -1.4273196e-03
3.8460000e+03 4.2989361e-03
3.8479995e+03 -2.6575918e-04
3.8499993e+03 4.5102788e-03
3.8520001e+03 -3.2670065e-04
3.8539997e+03 2.8809861e-03
3.8559999e+03 4.6068747e-03
3.8579993e+03 2.6308135e-03
3.8599993e+03 4.4623208e-03
3.8619999e+03 3.9125173e-03
3.8639997e+03 3.5862520e-03
3.8659997e+03 1.8574554e-03
3.8680007e+03 6.4359908e-03
3.8700005e+03 3.5081601e-03
3.8719994e+03 3.9190543e-03
3.8740004e+03 6.3532880e-03
3.8760005e+03 1.1110968e-03
3.8779998e+03 5.7395813e-03
3.8799993e+03 3.3516816e-03
3.8819997e+03 2.8685331e-03
3.8840004e+03 6.8806950e-03
3.8860002e+03 7.8957174e-03
3.8880005e+03 5.7518310e-03
3.8900000e+03 6.2152897e-03
3.8920000e+03 9.1677820e-03
3.8940007e+03 9.1085425e-03
3.8960000e+03 6.6199224e-03
3.8980003e+03 1.3637370e-02
3.8999993e+03 1.2049216e-02
3.9020003e+03 1.0799310e-02
3.9040005e+03 1.3768039e-02
3.9059997e+03 1.4163008e-02
3.9079994e+03 1.5779914e-02
3.9099997e+03 2.0841088e-02
3.9120002e+03 2.2606043e-02
3.9140002e+03 2.5752615e-02
3.9160003e+03 2.8027965e-02
3.9179994e+03 3.3190537e-02
3.9200006e+03 3.8019191e-02
3.9220008e+03 4.1555908e-02
3.9240001e+03 4.8056595e-02
3.9259995e+03 5.6795519e-02
3.9279998e+03 6.4726457e-02
3.9300003e+03 7.4202709e-02
3.9319998e+03 8.4727496e-02
3.9340002e+03 9.8656587e-02
3.9360008e+03 1.1541900e-01
3.9380000e+03 1.3534451e-01
3.9400000e+03 1.6078010e-01
3.9420006e+03 1.9354700e-01
3.9439998e+03 2.2634581e-01
3.9459999e+03 2.6377121e-01
3.9480001e+03 3.0760920e-01
3.9499993e+03 3.6746579e-01
3.9519990e+03 4.2262560e-01
3.9540008e+03 4.7882280e-01
3.9559999e+03 5.4617041e-01
3.9579992e+03 6.0225219e-01
3.9600009e+03 6.9180399e-01
3.9619996e+03 7.4999952e-01
3.9640004e+03 7.9209638e-01
3.9660005e+03 8.3522052e-01
3.9680006e+03 8.6852628e-01
3.9699994e+03 8.9149523e-01
3.9719990e+03 9.0735799e-01
3.9740006e+03 9.1665763e-01
3.9759992e+03 9.1787279e-01
3.9780002e+03 9.0862519e-01
3.9799997e+03 9.3701828e-01
3.9819997e+03 9.6160018e-01
3.9840002e+03 9.8019630e-01
3.9859996e+03 9.9019569e-01
3.9879994e+03 9.9948168e-01
3.9899993e+03 1.0000000e+00
3.9920000e+03 9.8644710e-01
3.9939993e+03 9.6560138e-01
3.9960009e+03 9.3438888e-01
3.9979994e+03 8.9023888e-01
4.0000000e+03 6.2280780e-01
4.0019994e+03 5.6752563e-01
4.0040009e+03 5.1043552e-01
4.0059992e+03 4.4560361e-01
4.0080000e+03 3.9611289e-01
4.0100011e+03 3.4407699e-01
4.0120007e+03 2.9850030e-01
4.0139992e+03 2.5630170e-01
4.0159997e+03 2.2452970e-01
4.0180006e+03 1.9250420e-01
4.0200003e+03 1.5773630e-01
4.0220004e+03 1.3450870e-01
4.0240006e+03 1.1532730e-01
4.0259999e+03 1.0510990e-01
4.0279993e+03 8.9094356e-02
4.0300011e+03 7.7166297e-02
4.0319997e+03 6.9263458e-02
4.0340002e+03 5.8012202e-02
4.0359996e+03 5.0927956e-02
4.0380010e+03 4.6833709e-02
4.0399991e+03 3.9958902e-02
4.0419997e+03 3.4028027e-02
4.0440002e+03 3.4723219e-02
4.0459999e+03 2.5783706e-02
4.0479996e+03 2.6162108e-02
4.0499997e+03 1.9497553e-02
4.0520001e+03 2.3766177e-02
4.0539994e+03 2.0737771e-02
4.0560005e+03 2.0496577e-02
4.0580001e+03 1.2501736e-02
4.0600004e+03 1.0975938e-02
4.0619990e+03 1.4195880e-02
4.0640001e+03 1.2701869e-02
4.0659994e+03 1.4088075e-02
4.0680008e+03 9.7489487e-03
4.0700008e+03 7.2559454e-03
4.0719996e+03 9.7688995e-03
4.0740000e+03 9.2917122e-03
4.0760011e+03 8.3909314e-03
4.0780009e+03 2.9302968e-03
4.0800007e+03 1.1072900e-02
4.0819992e+03 9.6552381e-03
4.0839996e+03 3.4792777e-03
4.0860003e+03 6.4015999e-03
4.0879998e+03 4.8356280e-03
4.0899996e+03 7.0665446e-03
4.0919997e+03 2.1780769e-03
4.0939997e+03 3.5048651e-03
4.0960004e+03 5.6262000e-04
4.0979994e+03 6.2422552e-03
4.1000008e+03 5.8964272e-03
4.1020004e+03 9.4274711e-03
4.1040003e+03 2.7938909e-03
4.1060006e+03 2.9679528e-03
4.1079995e+03 2.7767811e-03
4.1099999e+03 -1.6145342e-03
4.1119994e+03 1.5850980e-03
4.1140004e+03 3.4525448e-03
4.1160005e+03 2.6367106e-03
4.1180004e+03 3.0773447e-03
4.1199990e+03 2.9495039e-03
4.1219995e+03 2.7990646e-03
4.1240003e+03 8.9262438e-04
4.1259997e+03 2.9754762e-03
4.1279994e+03 -7.3926226e-04
4.1300011e+03 1.1485697e-03
4.1320009e+03 8.1249373e-04
4.1339993e+03 7.7188545e-04
4.1360001e+03 2.5974480e-03
4.1380007e+03 -1.2263741e-03
4.1399999e+03 3.8247695e-04
4.1420011e+03 1.5913380e-03
4.1440008e+03 1.4676466e-03
4.1460008e+03 2.8318407e-03
4.1479989e+03 -1.7495661e-03
4.1500011e+03 3.5181807e-03
4.1519997e+03 5.3087599e-03
4.1540002e+03 -6.4680143e-04
4.1559998e+03 2.1535719e-03
4.1580008e+03 4.9784724e-03
4.1600004e+03 7.5459579e-04
4.1620002e+03 -1.0129922e-04
4.1639998e+03 6.4400019e-04
4.1660000e+03 -7.7632174e-04
4.1680005e+03 1.6488510e-03
4.1699991e+03 -2.7617323e-03
4.1720001e+03 -1.4439861e-03
4.1739991e+03 3.9983978e-03
4.1760001e+03 2.1752692e-03
4.1779995e+03 5.7167378e-03
4.1800009e+03 1.4449283e-03
4.1820008e+03 -4.9810938e-04
4.1840008e+03 3.9586090e-03
4.1859990e+03 -2.2958543e-03
4.1880012e+03 3.7475561e-03
4.1899997e+03 2.8750307e-03
4.1920002e+03 2.0468668e-03
4.1939995e+03 -2.7084723e-03
4.1960003e+03 1.5670903e-03
4.1979996e+03 2.1962544e-03
4.2000008e+03 3.9156149e-03
4.2020001e+03 4.1400519e-04
4.2039999e+03 -1.1256669e-03
4.2059999e+03 3.4099580e-03
4.2079997e+03 5.7507991e-03
4.2099996e+03 -6.4563757e-04
4.2120002e+03 3.5311868e-03
4.2140004e+03 2.0598865e-03
4.2159991e+03 -1.6471721e-03
4.2179997e+03 -2.0738135e-03
4.2200005e+03 4.8867520e-03
4.2219997e+03 8.2661380e-04
4.2240003e+03 1.0615118e-03
4.2259998e+03 4.7901249e-03
4.2280007e+03 -7.2158701e-03
4.2300005e+03 -1.3491898e-03
4.2320000e+03 1.3628481e-03
4.2339996e+03 8.8330358e-04
4.2359994e+03 -2.8116519e-03
4.2379993e+03 -2.4903584e-03
4.2399993e+03 3.6047248e-04
4.2420012e+03 -4.0982338e-03
4.2439993e+03 3.4870415e-03
4.2459997e+03 -4.7249114e-03
4.2479998e+03 6.4222421e-03
4.2500005e+03 3.7362745e-03
4.2520008e+03 3.8092684e-03
4.2539995e+03 3.8092975e-03
4.2560001e+03 -1.9825478e-03
4.2579990e+03 1.0958889e-03
4.2599998e+03 -1.1343593e-03
4.2620007e+03 -1.4131535e-03
4.2639994e+03 1.0847168e-03
4.2660005e+03 4.3638977e-03
4.2679995e+03 3.8010951e-03
4.2700008e+03 8.1127137e-03
4.2720000e+03 9.2340196e-03
4.2739992e+03 1.0834258e-02
4.2760004e+03 4.6172999e-03
4.2779998e+03 -1.5298672e-03
4.2800011e+03 3.2772254e-03
4.2820007e+03 -2.6412160e-04
4.2839999e+03 2.2379595e-03
4.2859997e+03 -1.0798186e-03
4.2879990e+03 -1.6078015e-03
4.2900007e+03 -3.0245485e-03
4.2920002e+03 -1.1254896e-03
4.2939998e+03 8.6834136e-04
4.2959994e+03 -2.8661205e-03
4.2979991e+03 2.3817548e-03
4.3000006e+03 4.9045472e-03
4.3020004e+03 -5.0168479e-04
4.3040003e+03 7.2529428e-03
4.3059997e+03 -1.0045257e-04
4.3079997e+03 -2.9991618e-03
4.3099992e+03 1.0085558e-03
4.3119988e+03 5.5891013e-04
4.3140007e+03 9.0287329e-04
4.3160003e+03 2.1463989e-04
4.3180000e+03 -1.5806970e-04
4.3199998e+03 9.5345394e-04
4.3219995e+03 9.9389709e-04
4.3239988e+03 -2.4148892e-03
4.3260005e+03 2.2161950e-03
4.3280003e+03 -2.7111657e-03
4.3299997e+03 -2.4346560e-03
4.3319991e+03 -1.1906442e-03
4.3340008e+03 1.0701630e-03
4.3360002e+03 -3.7268912e-03
4.3379996e+03 3.4993845e-03
4.3400009e+03 3.1022816e-03
4.3420004e+03 3.9163143e-03
4.3439998e+03 4.0481966e-05
4.3460006e+03 2.9952347e-03
4.3480001e+03 -6.5979992e-05
4.3499991e+03 2.6948543e-03
4.3520003e+03 -3.2217166e-04
4.3539993e+03 8.3643790e-05
4.3560001e+03 2.5729383e-03
4.3579990e+03 -1.6311591e-03
4.3600002e+03 -2.9232958e-03
4.3620009e+03 3.1158768e-03
4.3639993e+03 2.4484808e-03
4.3660000e+03 2.9472900e-03
4.3680006e+03 3.7746639e-03
4.3699989e+03 4.5454348e-05
4.3719995e+03 -2.1658365e-03
4.3739996e+03 -2.0655966e-03
4.3760001e+03 1.9141444e-03
4.3780001e+03 1.2042227e-03
4.3800001e+03 -2.0777727e-03
4.3820000e+03 -9.6210872e-04
4.3839999e+03 1.5488589e-03
4.3859997e+03 -5.1347874e-03
4.3879990e+03 -3.5217411e-03
4.3900005e+03 -5.8303046e-04
4.3920002e+03 -3.0288109e-04
4.3939993e+03 3.9341203e-03
4.3960007e+03 -2.0984088e-03
4.3979996e+03 1.6451218e-03
4.4000004e+03 -1.4378256e-04
4.4019993e+03 4.3013105e-03
4.4039999e+03 4.1091195e-03
4.4060005e+03 4.8946950e-04
4.4079991e+03 3.4126724e-04
4.4099995e+03 2.4471714e-03
4.4119998e+03 2.7430401e-04
4.4139995e+03 -1.2286138e-03
4.4159997e+03 -2.3783841e-03
4.4179992e+03 -2.6556973e-03
4.4200006e+03 -1.8568091e-04
4.4220005e+03 3.8711848e-03
4.4239998e+03 2.9068030e-03
4.4260009e+03 6.6716331e-03
4.4279999e+03 2.1493003e-04
4.4300008e+03 -1.6004448e-03
4.4319992e+03 -2.0539789e-03
4.4339998e+03 -2.2700112e-03
4.4360004e+03 -3.5212715e-03
4.4380003e+03 -1.6957360e-04
4.4400006e+03 -7.1351905e-04
4.4420003e+03 5.0938048e-04
4.4439999e+03 -9.5990126e-04
4.4459998e+03 2.2504665e-03
4.4480010e+03 -4.6612637e-04
4.4500002e+03 -2.0407999e-03
4.4520012e+03 -1.3629318e-03
4.4539996e+03 -2.3789487e-04
4.4560003e+03 2.9358640e-03
4.4580008e+03 -1.2647223e-03
4.4600007e+03 -2.6317305e-04
4.4620010e+03 2.6484479e-03
4.4640006e+03 -3.0154914e-03
4.4660006e+03 -1.7987946e-03
4.4679999e+03 3.7014887e-03
4.4700010e+03 1.2271265e-03
4.4719999e+03 -2.7939954e-03
4.4740007e+03 1.0722387e-04
4.4759994e+03 -1.1129517e-03
4.4779998e+03 1.7168625e-03
4.4799996e+03 6.5694973e-03
4.4819997e+03 1.7335440e-03
4.4839991e+03 1.2207344e-03
4.4860008e+03 -2.3685233e-03
4.4879999e+03 1.1536401e-03
4.4899987e+03 -5.3535280e-04
4.4919999e+03 4.8607384e-04
4.4940004e+03 -1.5391624e-03
4.4960006e+03 -2.7048509e-03
4.4980007e+03 2.1656363e-06
4.5000006e+03 -5.5752188e-04
4.5019998e+03 2.9772965e-03
4.5039993e+03 -1.3723465e-03
4.5060005e+03 7.5290469e-04
4.5079991e+03 9.3964089e-05
4.5100000e+03 2.9204842e-03
4.5120001e+03 -3.6857729e-03
4.5140000e+03 -3.0064676e-03
4.5159997e+03 -5.1775819e-04
4.5179997e+03 2.7044851e-03
4.5200009e+03 3.2674097e-03
4.5220000e+03 -9.3438465e-04
4.5240003e+03 -2.6897185e-03
4.5259989e+03 -2.3648082e-03
4.5279992e+03 -2.1411746e-03
4.5300013e+03 -1.2650529e-03
4.5320007e+03 -2.6963633e-03
4.5339998e+03 -1.2800620e-03
4.5359992e+03 1.6164640e-03
4.5379998e+03 -7.6897349e-04
4.5400002e+03 -1.9207988e-04
4.5420004e+03 -1.9746786e-04
4.5440003e+03 3.6915783e-03
4.5459999e+03 -3.9739814e-03
4.5479993e+03 -1.6587331e-04
4.5500004e+03 2.6110956e-03
4.5520013e+03 2.8316362e-03
4.5539994e+03 1.4718990e-03
4.5559997e+03 3.5555204e-03
4.5579993e+03 3.3423584e-03
4.5600011e+03 -1.0293317e-03
4.5620001e+03 -4.4909189e-03
4.5640009e+03 -4.6512340e-03
4.5659993e+03 -7.0501422e-04
4.5679995e+03 2.1788450e-04
4.5699994e+03 -2.5860412e-04
4.5719991e+03 1.2978102e-03
4.5740004e+03 -2.3649384e-03
4.5759995e+03 -5.2680378e-04
4.5779997e+03 -2.6250496e-03
4.5800002e+03 -1.5025336e-03
4.5820004e+03 -1.3196493e-03
4.5839998e+03 2.8309153e-04
4.5859988e+03 1.2730028e-03
4.5879996e+03 3.9771519e-04
4.5900007e+03 1.0804681e-03
4.5920008e+03 2.0173558e-03
4.5939986e+03 2.8668265e-03
4.5960002e+03 7.6548269e-05
4.5979995e+03 1.1797324e-03
4.5999999e+03 -6.3611385e-03
4.6020005e+03 -3.4119894e-03
4.6040008e+03 -4.6941603e-04
4.6060003e+03 -1.2440409e-04
4.6079999e+03 4.7578615e-05
4.6099987e+03 3.9851717e-03
4.6119992e+03 2.0871714e-03
4.6139999e+03 2.5791521e-03
4.6159998e+03 1.2990584e-03
4.6180013e+03 -1.5531782e-03
4.6200005e+03 1.8670127e-03
4.6220013e+03 -1.1147982e-03
4.6239997e+03 -8.0691616e-04
4.6259994e+03 2.1464031e-04
4.6279991e+03 -5.6537136e-04
4.6300007e+03 4.2985458e-04
4.6319992e+03 4.2182137e-04
4.6340000e+03 -2.6366799e-03
4.6359999e+03 -2.3415447e-03
4.6379994e+03 2.4123066e-03
4.6400006e+03 9.6049022e-05
4.6419999e+03 8.9384970e-04
4.6440004e+03 2.1094545e-03
4.6460005e+03 2.6774415e-04
4.6480002e+03 -7.3874684e-04
4.6499990e+03 -1.1353557e-03
4.6520001e+03 -8.6662731e-06
4.6540007e+03 -9.1122702e-04
4.6560005e+03 -1.9500359e-03
4.6580003e+03 -9.3113858e-04
4.6599992e+03 1.6703549e-03
4.6620004e+03 8.7741518e-04
4.6640007e+03 2.1447623e-03
4.6660005e+03 -1.0733166e-03
4.6679999e+03 -5.5013603e-04
4.6699994e+03 2.1891070e-03
4.6720002e+03 -2.9162419e-04
4.6739978e+03 -1.9803359e-03
4.6759998e+03 1.1470654e-03
4.6779992e+03 -1.6342391e-03
4.6800004e+03 -1.6367497e-03
4.6820006e+03 -3.8358441e-05
4.6840009e+03 -1.3266318e-03
4.6860002e+03 1.1037532e-03
4.6879997e+03 8.6423935e-04
4.6900003e+03 7.9264559e-05
4.6920004e+03 -1.8984450e-03
4.6940007e+03 -2.1555449e-03
4.6959999e+03 -1.3232103e-03
4.6980009e+03 -3.6222029e-03
4.6999993e+03 7.4390227e-05
4.7020015e+03 5.9803925e-04
4.7040005e+03 -1.2870709e-03
4.7059997e+03 -1.1138254e-03
4.7080005e+03 3.4733312e-05
4.7100004e+03 -1.7970384e-03
4.7120003e+03 -6.9798017e-04
4.7139992e+03 7.3855661e-04
4.7160003e+03 6.6251727e-05
4.7180004e+03 1.3060677e-03
4.7200001e+03 6.1676756e-04
4.7219992e+03 9.9328510e-04
4.7240001e+03 9.9689898e-04
4.7260004e+03 1.3020800e-03
4.7280003e+03 7.4493041e-04
4.7299997e+03 2.0375366e-03
4.7320008e+03 9.3946652e-04
4.7340014e+03 4.0340651e-04
4.7359987e+03 5.4844579e-04
4.7380005e+03 1.9834810e-03
4.7399990e+03 1.8199523e-03
4.7419998e+03 1.1176752e-03
4.7439995e+03 -3.1536043e-04
4.7459987e+03 -3.9765326e-04
4.7480001e+03 3.1654866e-04
4.7500005e+03 -1.0434591e-04
4.7520003e+03 3.2854779e-04
4.7539997e+03 6.4234709e-04
4.7560007e+03 1.0806418e-03
4.7580012e+03 7.1386696e-04
4.7600006e+03 -4.8476222e-04
4.7620000e+03 -6.8566256e-04
4.7640011e+03 7.4308837e-04
4.7659989e+03 -2.8217168e-04
4.7680011e+03 -1.7932450e-03
4.7700001e+03 -1.4269798e-03
4.7720012e+03 -1.0383358e-03
4.7740013e+03 -1.2435053e-03
4.7760008e+03 4.2550039e-04
4.7779997e+03 -1.0419080e-03
4.7800004e+03 1.5183354e-03
4.7820004e+03 4.8298552e-04
4.7839999e+03 1.1214411e-03
4.7860011e+03 -4.1457263e-04
4.7879995e+03 -1.4563920e-03
4.7899990e+03 -6.3989987e-04
4.7919985e+03 3.4851761e-04
4.7939996e+03 -1.0362546e-03
4.7959996e+03 -1.3321458e-03
4.7979996e+03 -4.0044289e-04
4.8000008e+03 -6.4551015e-04
4.8019990e+03 2.6382535e-04
4.8039990e+03 1.2440706e-03
4.8060011e+03 6.5919681e-04
4.8079999e+03 -1.3912053e-04
4.8100003e+03 -6.9117109e-06
4.8120001e+03 4.4088409e-04
4.8139993e+03 1.0670666e-03
4.8159997e+03 -6.8936532e-04
4.8179999e+03 -4.6934036e-04
4.8199996e+03 -9.1473397e-04
4.8220009e+03 -6.4276787e-04
4.8239988e+03 5.7057227e-04
4.8260012e+03 2.7073533e-04
4.8280001e+03 2.0568602e-04
4.8300007e+03 -3.9243346e-04
4.8319984e+03 -4.2003099e-04
4.8340006e+03 -2.3889994e-04
4.8359993e+03 -3.0206185e-04
4.8379997e+03 -3.8047534e-04
4.8399994e+03 -2.7583921e-04
4.8420008e+03 -1.7816554e-04
4.8439992e+03 3.3560055e-04
4.8460016e+03 1.6994576e-04
4.8480005e+03 -9.5976098e-04
4.8499993e+03 -4.9888558e-04
4.8519992e+03 -1.1171509e-04
4.8540013e+03 5.4962118e-04
4.8559999e+03 9.3040006e-05
4.8580007e+03 -7.6265569e-04
4.8599980e+03 1.6572776e-04
4.8619992e+03 4.9286342e-04
4.8640004e+03 4.7414127e-04
4.8660003e+03 5.9445086e-04
4.8679995e+03 3.9224600e-04
4.8700004e+03 -7.2844228e-04
4.8720006e+03 -5.3267233e-04
4.8740001e+03 -1.1327701e-04
4.8759983e+03 -7.2524686e-05
4.8779988e+03 4.6636607e-05
4.8800009e+03 1.5215378e-04
4.8819995e+03 1.3035408e-04
4.8840002e+03 5.5912405e-04
4.8860000e+03 7.6206919e-04
4.8879988e+03 1.5996903e-04
4.8899995e+03 -1.9107474e-04
4.8919992e+03 -2.7172844e-04
4.8940009e+03 -4.1855132e-04
4.8959992e+03 -4.4692970e-05
4.8979991e+03 6.2358537e-04
4.9000007e+03 6.2075048e-04
4.9019992e+03 5.9758435e-04
4.9039994e+03 1.8729063e-04
4.9060011e+03 2.5289459e-04
4.9079996e+03 2.6870100e-04
4.9099996e+03 -5.0673768e-04
4.9119989e+03 -6.1392586e-04
4.9140002e+03 -7.9945807e-04
4.9160004e+03 -7.2177668e-04
4.9179996e+03 -3.7548592e-04
4.9200007e+03 3.3028965e-04
4.9220011e+03 2.4157031e-04
4.9239981e+03 3.4362820e-04
4.9259991e+03 2.3209483e-04
4.9279996e+03 -4.5939323e-06
4.9299991e+03 4.9265134e-05
4.9320002e+03 4.4591169e-04
4.9340002e+03 3.3515645e-04
4.9359998e+03 1.9698020e-04
4.9380010e+03 -1.0776788e-04
4.9399988e+03 -1.4209740e-04
4.9420006e+03 -9.9996221e-05
4.9439992e+03 -4.7830348e-05
4.9459994e+03 -9.5432799e-05
4.9479989e+03 9.3758827e-05
4.9500000e+03 1.3054277e-04
4.9520003e+03 5.3532305e-05
4.9539995e+03 2.5760330e-04
4.9560007e+03 -1.4922925e-04
4.9580007e+03 9.1537586e-05
4.9600000e+03 -1.2258062e-04
4.9620009e+03 2.2052770e-04
4.9640010e+03 5.3069485e-05
4.9660003e+03 2.2685237e-04
4.9680012e+03 -6.4550972e-05
4.9699986e+03 -2.2965985e-04
4.9720003e+03 -4.2348187e-05
4.9740009e+03 2.1110671e-05
4.9760008e+03 -1.3396092e-04
4.9779998e+03 8.6606582e-05
4.9800004e+03 -2.3651195e-05
4.9820002e+03 -7.1421957e-05
4.9840012e+03 7.4273871e-06
4.9859994e+03 3.3718412e-04
4.9879988e+03 2.4821403e-04
4.9899999e+03 1.5999046e-04
4.9920004e+03 5.8527061e-05
4.9939998e+03 9.1624519e-05
4.9960008e+03 2.7569165e-05
4.9980007e+03 1.4083732e-04
5.0000000e+03 1.0505769e-04
5.0020009e+03 0.0000000e+00
5.0040007e+03 0.0000000e+00
5.0059996e+03 0.0000000e+00
5.0080001e+03 0.0000000e+00
5.0099998e+03 0.0000000e+00
5.0120011e+03 0.0000000e+00
5.0139990e+03 0.0000000e+00
5.0160011e+03 0.0000000e+00
5.0179994e+03 0.0000000e+00
5.0199997e+03 0.0000000e+00
5.0219988e+03 0.0000000e+00
5.0239995e+03 0.0000000e+00
5.0259994e+03 0.0000000e+00
5.0280008e+03 0.0000000e+00
5.0299989e+03 0.0000000e+00
5.0320010e+03 0.0000000e+00
5.0339998e+03 0.0000000e+00
5.0359998e+03 0.0000000e+00
5.0379990e+03 0.0000000e+00
5.0400001e+03 0.0000000e+00
5.0419999e+03 0.0000000e+00
5.0440014e+03 0.0000000e+00
5.0459995e+03 0.0000000e+00
5.0479988e+03 0.0000000e+00
5.0500001e+03 0.0000000e+00
5.0520004e+03 0.0000000e+00
5.0539995e+03 0.0000000e+00
5.0560002e+03 0.0000000e+00
5.0580000e+03 0.0000000e+00
5.0599988e+03 0.0000000e+00
5.0619993e+03 0.0000000e+00
5.0639988e+03 0.0000000e+00
5.0659999e+03 0.0000000e+00
5.0679998e+03 0.0000000e+00
5.0700015e+03 0.0000000e+00
5.0719995e+03 0.0000000e+00
5.0739991e+03 0.0000000e+00
5.0760003e+03 0.0000000e+00
5.0779980e+03 0.0000000e+00
5.0799998e+03 0.0000000e+00
5.0820006e+03 0.0000000e+00
5.0840005e+03 0.0000000e+00
5.0859991e+03 0.0000000e+00
5.0879993e+03 0.0000000e+00
5.0900014e+03 0.0000000e+00
5.0919997e+03 0.0000000e+00
5.0939996e+03 0.0000000e+00
5.0960010e+03 0.0000000e+00
5.0979989e+03 0.0000000e+00
5.1000007e+03 0.0000000e+00
5.1019992e+03 0.0000000e+00
5.1039990e+03 0.0000000e+00
5.1060006e+03 0.0000000e+00
5.1079984e+03 0.0000000e+00
5.1099978e+03 0.0000000e+00
5.1119988e+03 0.0000000e+00
5.1139987e+03 0.0000000e+00
5.1160002e+03 0.0000000e+00
5.1180008e+03 0.0000000e+00
5.1200000e+03 0.0000000e+00
5.1220008e+03 0.0000000e+00
5.1240009e+03 0.0000000e+00
5.1259997e+03 0.0000000e+00
5.1280000e+03 0.0000000e+00
5.1299993e+03 0.0000000e+00
5.1320002e+03 0.0000000e+00
5.1340001e+03 0.0000000e+00
5.1360012e+03 0.0000000e+00
5.1379991e+03 0.0000000e+00
5.1400007e+03 0.0000000e+00
5.1419988e+03 0.0000000e+00
5.1440013e+03 0.0000000e+00
5.1459998e+03 0.0000000e+00
5.1480000e+03 0.0000000e+00
5.1499987e+03 0.0000000e+00
5.1519994e+03 0.0000000e+00
5.1539990e+03 0.0000000e+00
5.1559998e+03 0.0000000e+00
5.1580000e+03 0.0000000e+00
5.1600013e+03 0.0000000e+00
5.1619990e+03 0.0000000e+00
5.1640008e+03 0.0000000e+00
5.1659990e+03 0.0000000e+00
5.1680014e+03 0.0000000e+00
5.1700000e+03 0.0000000e+00
5.1719999e+03 0.0000000e+00
5.1739991e+03 0.0000000e+00
5.1759995e+03 0.0000000e+00
5.1779988e+03 0.0000000e+00
5.1799999e+03 0.0000000e+00
5.1819997e+03 0.0000000e+00
5.1840010e+03 0.0000000e+00
5.1860013e+03 0.0000000e+00
5.1880001e+03 0.0000000e+00
5.1900008e+03 0.0000000e+00
5.1920001e+03 0.0000000e+00
5.1940012e+03 0.0000000e+00
5.1960009e+03 0.0000000e+00
5.1979996e+03 0.0000000e+00
5.1999997e+03 0.0000000e+00
5.2019988e+03 0.0000000e+00
5.2039994e+03 0.0000000e+00
5.2059989e+03 0.0000000e+00
5.2079996e+03 0.0000000e+00
5.2099995e+03 0.0000000e+00
5.2120006e+03 0.0000000e+00
5.2140009e+03 0.0000000e+00
5.2159998e+03 0.0000000e+00
5.2180002e+03 0.0000000e+00
5.2199995e+03 0.0000000e+00
5.2220004e+03 0.0000000e+00
5.2240000e+03 0.0000000e+00
5.2260009e+03 0.0000000e+00
5.2280010e+03 0.0000000e+00
5.2299996e+03 0.0000000e+00
5.2320001e+03 0.0000000e+00
5.2339991e+03 0.0000000e+00
5.2359996e+03 0.0000000e+00
5.2379990e+03 0.0000000e+00
5.2399999e+03 0.0000000e+00
5.2419997e+03 0.0000000e+00
5.2440006e+03 0.0000000e+00
5.2460007e+03 0.0000000e+00
5.2479994e+03 0.0000000e+00
5.2499998e+03 0.0000000e+00
5.2519988e+03 0.0000000e+00
5.2539993e+03 0.0000000e+00
5.2559986e+03 0.0000000e+00
5.2579995e+03 0.0000000e+00
5.2599992e+03 0.0000000e+00
5.2620003e+03 0.0000000e+00
5.2640000e+03 0.0000000e+00
5.2659988e+03 0.0000000e+00
5.2679988e+03 0.0000000e+00
5.2700007e+03 0.0000000e+00
5.2720010e+03 0.0000000e+00
5.2740001e+03 0.0000000e+00
5.2760008e+03 0.0000000e+00
5.2780002e+03 0.0000000e+00
5.2800012e+03 0.0000000e+00
5.2820006e+03 0.0000000e+00
5.2839992e+03 0.0000000e+00
5.2859989e+03 0.0000000e+00
5.2880004e+03 0.0000000e+00
5.2900004e+03 0.0000000e+00
5.2919992e+03 0.0000000e+00
5.2939995e+03 0.0000000e+00
5.2959986e+03 0.0000000e+00
5.2979992e+03 0.0000000e+00
5.3000013e+03 0.0000000e+00
5.3019991e+03 0.0000000e+00
5.3039987e+03 0.0000000e+00
5.3059995e+03 0.0000000e+00
5.3079994e+03 0.0000000e+00
5.3100004e+03 0.0000000e+00
5.3120003e+03 0.0000000e+00
5.3139988e+03 0.0000000e+00
5.3159989e+03 0.0000000e+00
5.3180005e+03 0.0000000e+00
5.3200008e+03 0.0000000e+00
5.3219995e+03 0.0000000e+00
5.3240000e+03 0.0000000e+00
5.3259990e+03 0.0000000e+00
5.3279998e+03 0.0000000e+00
5.3299990e+03 0.0000000e+00
5.3319996e+03 0.0000000e+00
5.3339990e+03 0.0000000e+00
5.3359999e+03 0.0000000e+00
5.3379996e+03 0.0000000e+00
5.3400003e+03 0.0000000e+00
5.3420002e+03 0.0000000e+00
5.3439984e+03 0.0000000e+00
5.3460012e+03 0.0000000e+00
5.3479996e+03 0.0000000e+00
5.3499995e+03 0.0000000e+00
5.3520012e+03 0.0000000e+00
5.3540013e+03 0.0000000e+00
5.3560001e+03 0.0000000e+00
5.3580000e+03 0.0000000e+00
5.3599990e+03 0.0000000e+00
5.3619994e+03 0.0000000e+00
5.3640010e+03 0.0000000e+00
5.3660017e+03 0.0000000e+00
5.3680006e+03 0.0000000e+00
5.3700011e+03 0.0000000e+00
5.3720002e+03 0.0000000e+00
5.3740008e+03 0.0000000e+00
5.3760001e+03 0.0000000e+00
5.3780009e+03 0.0000000e+00
5.3800003e+03 0.0000000e+00
5.3820008e+03 0.0000000e+00
5.3840004e+03 0.0000000e+00
5.3860011e+03 0.0000000e+00
5.3880008e+03 0.0000000e+00
5.3899989e+03 0.0000000e+00
5.3919983e+03 0.0000000e+00
5.3939993e+03 0.0000000e+00
5.3959989e+03 0.0000000e+00
5.3980000e+03 0.0000000e+00
5.3999994e+03 0.0000000e+00
5.4020006e+03 0.0000000e+00
5.4040005e+03 0.0000000e+00
5.4059986e+03 0.0000000e+00
5.4079982e+03 0.0000000e+00
5.4099996e+03 0.0000000e+00
5.4119994e+03 0.0000000e+00
5.4140005e+03 0.0000000e+00
5.4160003e+03 0.0000000e+00
5.4180016e+03 0.0000000e+00
5.4200015e+03 0.0000000e+00
5.4219996e+03 0.0000000e+00
5.4239996e+03 0.0000000e+00
5.4260007e+03 0.0000000e+00
5.4280007e+03 0.0000000e+00
5.4299990e+03 0.0000000e+00
5.4319987e+03 0.0000000e+00
5.4340000e+03 0.0000000e+00
5.4359998e+03 0.0000000e+00
5.4380010e+03 0.0000000e+00
5.4400009e+03 0.0000000e+00
5.4419990e+03 0.0000000e+00
5.4439989e+03 0.0000000e+00
5.4460003e+03 0.0000000e+00
5.4479999e+03 0.0000000e+00
5.4500010e+03 0.0000000e+00
5.4520010e+03 0.0000000e+00
5.4539992e+03 0.0000000e+00
5.4559988e+03 0.0000000e+00
5.4580000e+03 0.0000000e+00
5.4599996e+03 0.0000000e+00
5.4620004e+03 0.0000000e+00
5.4640001e+03 0.0000000e+00
5.4660013e+03 0.0000000e+00
5.4680006e+03 0.0000000e+00
5.4699985e+03 0.0000000e+00
5.4720012e+03 0.0000000e+00
5.4739991e+03 0.0000000e+00
5.4759984e+03 0.0000000e+00
5.4779992e+03 0.0000000e+00
5.4799986e+03 0.0000000e+00
5.4819994e+03 0.0000000e+00
5.4840016e+03 0.0000000e+00
5.4859991e+03 0.0000000e+00
5.4880014e+03 0.0000000e+00
5.4899988e+03 0.0000000e+00
5.4920010e+03 0.0000000e+00
5.4940014e+03 0.0000000e+00
5.4960003e+03 0.0000000e+00
5.4980006e+03 0.0000000e+00
5.4999994e+03 0.0000000e+00
5.5019997e+03 0.0000000e+00
5.5040015e+03 0.0000000e+00
5.5060017e+03 0.0000000e+00
5.5080000e+03 0.0000000e+00
5.5100002e+03 0.0000000e+00
5.5119985e+03 0.0000000e+00
5.5140016e+03 0.0000000e+00
5.5159998e+03 0.0000000e+00
5.5179995e+03 0.0000000e+00
5.5200006e+03 0.0000000e+00
5.5220002e+03 0.0000000e+00
5.5240013e+03 0.0000000e+00
5.5260008e+03 0.0000000e+00
5.5279984e+03 0.0000000e+00
5.5300008e+03 0.0000000e+00
5.5320017e+03 0.0000000e+00
5.5340007e+03 0.0000000e+00
5.5360011e+03 0.0000000e+00
5.5379999e+03 0.0000000e+00
5.5400006e+03 0.0000000e+00
5.5419994e+03 0.0000000e+00
5.5439995e+03 0.0000000e+00
5.5460012e+03 0.0000000e+00
5.5480009e+03 0.0000000e+00
5.5499994e+03 0.0000000e+00
5.5519993e+03 0.0000000e+00
5.5540003e+03 0.0000000e+00
5.5560002e+03 0.0000000e+00
5.5580011e+03 0.0000000e+00
5.5600004e+03 0.0000000e+00
5.5620015e+03 0.0000000e+00
5.5640006e+03 0.0000000e+00
5.5660012e+03 0.0000000e+00
5.5679999e+03 0.0000000e+00
5.5700003e+03 0.0000000e+00
5.5719992e+03 0.0000000e+00
5.5739995e+03 0.0000000e+00
5.5760008e+03 0.0000000e+00
5.5779975e+03 0.0000000e+00
5.5799991e+03 0.0000000e+00
5.5819987e+03 0.0000000e+00
5.5839997e+03 0.0000000e+00
5.5859994e+03 0.0000000e+00
5.5880003e+03 0.0000000e+00
5.5899991e+03 0.0000000e+00
5.5919997e+03 0.0000000e+00
5.5939987e+03 0.0000000e+00
5.5959992e+03 0.0000000e+00
5.5980007e+03 0.0000000e+00
5.6000009e+03 0.0000000e+00
5.6019992e+03 0.0000000e+00
5.6039992e+03 0.0000000e+00
5.6060003e+03 0.0000000e+00
5.6079997e+03 0.0000000e+00
5.6100006e+03 0.0000000e+00
5.6119998e+03 0.0000000e+00
5.6140005e+03 0.0000000e+00
5.6159995e+03 0.0000000e+00
5.6179995e+03 0.0000000e+00
5.6200013e+03 0.0000000e+00
5.6220015e+03 0.0000000e+00
5.6239996e+03 0.0000000e+00
5.6259992e+03 0.0000000e+00
5.6280006e+03 0.0000000e+00
5.6299999e+03 0.0000000e+00
5.6320006e+03 0.0000000e+00
5.6339996e+03 0.0000000e+00
5.6360001e+03 0.0000000e+00
5.6379989e+03 0.0000000e+00
5.6399987e+03 0.0000000e+00
5.6419972e+03 0.0000000e+00
5.6440003e+03 0.0000000e+00
5.6460012e+03 0.0000000e+00
5.6480009e+03 0.0000000e+00
5.6500016e+03 0.0000000e+00
5.6520006e+03 0.0000000e+00
5.6540010e+03 0.0000000e+00
5.6559996e+03 0.0000000e+00
5.6579997e+03 0.0000000e+00
5.6599981e+03 0.0000000e+00
5.6620011e+03 0.0000000e+00
5.6639992e+03 0.0000000e+00
5.6659986e+03 0.0000000e+00
5.6679992e+03 0.0000000e+00
5.6700015e+03 0.0000000e+00
5.6719985e+03 0.0000000e+00
5.6740002e+03 0.0000000e+00
5.6760004e+03 0.0000000e+00
5.6780017e+03 0.0000000e+00
5.6800013e+03 0.0000000e+00
5.6819991e+03 0.0000000e+00
5.6840014e+03 0.0000000e+00
5.6859985e+03 0.0000000e+00
5.6880005e+03 0.0000000e+00
5.6900008e+03 0.0000000e+00
5.6919989e+03 0.0000000e+00
5.6939989e+03 0.0000000e+00
5.6959998e+03 0.0000000e+00
5.6979994e+03 0.0000000e+00
5.6999999e+03 0.0000000e+00
5.7019987e+03 0.0000000e+00
5.7039989e+03 0.0000000e+00
5.7060006e+03 0.0000000e+00
5.7080004e+03 0.0000000e+00
5.7100016e+03 0.0000000e+00
5.7120011e+03 0.0000000e+00
5.7140015e+03 0.0000000e+00
5.7160006e+03 0.0000000e+00
5.7180007e+03 0.0000000e+00
5.7199993e+03 0.0000000e+00
5.7219990e+03 0.0000000e+00
5.7240001e+03 0.0000000e+00
5.7259993e+03 0.0000000e+00
5.7280000e+03 0.0000000e+00
5.7299988e+03 0.0000000e+00
5.7319991e+03 0.0000000e+00
5.7340007e+03 0.0000000e+00
5.7360006e+03 0.0000000e+00
5.7379986e+03 0.0000000e+00
5.7400008e+03 0.0000000e+00
5.7420016e+03 0.0000000e+00
5.7440002e+03 0.0000000e+00
5.7460005e+03 0.0000000e+00
5.7480019e+03 0.0000000e+00
5.7500014e+03 0.0000000e+00
5.7519991e+03 0.0000000e+00
5.7540014e+03 0.0000000e+00
5.7559986e+03 0.0000000e+00
5.7580005e+03 0.0000000e+00
5.7600005e+03 0.0000000e+00
5.7620015e+03 0.0000000e+00
5.7640010e+03 0.0000000e+00
5.7659983e+03 0.0000000e+00
5.7680006e+03 0.0000000e+00
5.7700007e+03 0.0000000e+00
5.7719993e+03 0.0000000e+00
5.7739988e+03 0.0000000e+00
5.7759998e+03 0.0000000e+00
5.7779989e+03 0.0000000e+00
5.7799993e+03 0.0000000e+00
5.7820012e+03 0.0000000e+00
5.7840012e+03 0.0000000e+00
5.7859988e+03 0.0000000e+00
5.7879983e+03 0.0000000e+00
5.7899992e+03 0.0000000e+00
5.7920010e+03 0.0000000e+00
5.7940013e+03 0.0000000e+00
5.7959994e+03 0.0000000e+00
5.7979988e+03 0.0000000e+00
5.8000000e+03 0.0000000e+00
5.8019989e+03 0.0000000e+00
5.8039991e+03 0.0000000e+00
5.8060008e+03 0.0000000e+00
5.8080005e+03 0.0000000e+00
5.8100012e+03 0.0000000e+00
5.8120004e+03 0.0000000e+00
5.8140009e+03 0.0000000e+00
5.8159992e+03 0.0000000e+00
5.8179992e+03 0.0000000e+00
5.8200002e+03 0.0000000e+00
5.8219992e+03 0.0000000e+00
5.8240000e+03 0.0000000e+00
5.8260018e+03 0.0000000e+00
5.8280017e+03 0.0000000e+00
5.8299996e+03 0.0000000e+00
5.8319989e+03 0.0000000e+00
5.8339995e+03 0.0000000e+00
5.8360015e+03 0.0000000e+00
5.8380012e+03 0.0000000e+00
5.8399993e+03 0.0000000e+00
5.8419983e+03 0.0000000e+00
5.8439992e+03 0.0000000e+00
5.8460010e+03 0.0000000e+00
5.8480012e+03 0.0000000e+00
5.8499991e+03 0.0000000e+00
5.8520016e+03 0.0000000e+00
5.8539989e+03 0.0000000e+00
5.8560009e+03 0.0000000e+00
5.8580008e+03 0.0000000e+00
5.8599988e+03 0.0000000e+00
5.8620015e+03 0.0000000e+00
5.8639985e+03 0.0000000e+00
5.8660006e+03 0.0000000e+00
5.8680006e+03 0.0000000e+00
5.8699983e+03 0.0000000e+00
5.8720011e+03 0.0000000e+00
5.8740015e+03 0.0000000e+00
5.8759999e+03 0.0000000e+00
5.8779996e+03 0.0000000e+00
5.8800008e+03 0.0000000e+00
5.8819998e+03 0.0000000e+00
5.8840003e+03 0.0000000e+00
5.8859987e+03 0.0000000e+00
5.8879985e+03 0.0000000e+00
5.8899997e+03 0.0000000e+00
5.8919983e+03 0.0000000e+00
5.8939988e+03 0.0000000e+00
5.8960007e+03 0.0000000e+00
5.8980000e+03 0.0000000e+00
5.9000007e+03 0.0000000e+00
5.9019999e+03 0.0000000e+00
5.9039999e+03 0.0000000e+00
5.9060013e+03 0.0000000e+00
5.9080006e+03 0.0000000e+00
5.9100013e+03 0.0000000e+00
5.9120000e+03 0.0000000e+00
5.9140000e+03 0.0000000e+00
5.9160009e+03 0.0000000e+00
5.9180002e+03 0.0000000e+00
5.9200008e+03 0.0000000e+00
5.9219989e+03 0.0000000e+00
5.9239988e+03 0.0000000e+00
5.9259997e+03 0.0000000e+00
5.9279984e+03 0.0000000e+00
5.9299989e+03 0.0000000e+00
5.9320004e+03 0.0000000e+00
5.9339998e+03 0.0000000e+00
5.9360005e+03 0.0000000e+00
5.9379991e+03 0.0000000e+00
5.9399990e+03 0.0000000e+00
5.9419999e+03 0.0000000e+00
5.9439991e+03 0.0000000e+00
5.9459997e+03 0.0000000e+00
5.9480012e+03 0.0000000e+00
5.9500010e+03 0.0000000e+00
5.9519982e+03 0.0000000e+00
5.9540007e+03 0.0000000e+00
5.9560006e+03 0.0000000e+00
5.9579984e+03 0.0000000e+00
5.9600011e+03 0.0000000e+00
5.9619981e+03 0.0000000e+00
5.9639999e+03 0.0000000e+00
5.9659996e+03 0.0000000e+00
5.9680007e+03 0.0000000e+00
5.9699996e+03 0.0000000e+00
5.9719998e+03 0.0000000e+00
5.9740010e+03 0.0000000e+00
5.9760004e+03 0.0000000e+00
5.9780008e+03 0.0000000e+00
5.9799994e+03 0.0000000e+00
5.9819989e+03 0.0000000e+00
5.9839998e+03 0.0000000e+00
5.9859990e+03 0.0000000e+00
5.9879990e+03 0.0000000e+00
5.9900004e+03 0.0000000e+00
5.9919996e+03 0.0000000e+00
5.9940001e+03 0.0000000e+00
5.9959981e+03 0.0000000e+00
5.9980013e+03 0.0000000e+00
