  7.9950000e+002  0.0000000e+000
  8.0000000e+002  0.0000000e+000
  8.0050000e+002  0.0000000e+000
  8.0100000e+002  0.0000000e+000
  8.0150000e+002  0.0000000e+000
  8.0200000e+002  0.0000000e+000
  8.0250000e+002  0.0000000e+000
  8.0300000e+002  0.0000000e+000
  8.0350000e+002  0.0000000e+000
  8.0400000e+002  0.0000000e+000
  8.0450000e+002  0.0000000e+000
  8.0500000e+002  0.0000000e+000
  8.0550000e+002  0.0000000e+000
  8.0600000e+002  0.0000000e+000
  8.0650000e+002  0.0000000e+000
  8.0700000e+002  0.0000000e+000
  8.0750000e+002  0.0000000e+000
  8.0800000e+002  0.0000000e+000
  8.0850000e+002  0.0000000e+000
  8.0900000e+002  0.0000000e+000
  8.0950000e+002  0.0000000e+000
  8.1000000e+002  0.0000000e+000
  8.1050000e+002  0.0000000e+000
  8.1100000e+002  0.0000000e+000
  8.1150000e+002  0.0000000e+000
  8.1200000e+002  0.0000000e+000
  8.1250000e+002  0.0000000e+000
  8.1300000e+002  0.0000000e+000
  8.1350000e+002  0.0000000e+000
  8.1400000e+002  0.0000000e+000
  8.1450000e+002  0.0000000e+000
  8.1500000e+002  0.0000000e+000
  8.1550000e+002  0.0000000e+000
  8.1600000e+002  0.0000000e+000
  8.1650000e+002  0.0000000e+000
  8.1700000e+002  3.0800000e-004
  8.1750000e+002  5.0300000e-004
  8.1800000e+002  6.5200000e-004
  8.1850000e+002  7.2800000e-004
  8.1900000e+002  7.6000000e-004
  8.1950000e+002  1.0260000e-003
  8.2000000e+002  1.0670000e-003
  8.2050000e+002  1.2830000e-003
  8.2100000e+002  1.4430000e-003
  8.2150000e+002  1.5710000e-003
  8.2200000e+002  1.7770000e-003
  8.2250000e+002  2.1550000e-003
  8.2300000e+002  2.6010000e-003
  8.2350000e+002  2.8170000e-003
  8.2400000e+002  3.2480000e-003
  8.2450000e+002  3.5850000e-003
  8.2500000e+002  3.9260000e-003
  8.2550000e+002  4.3570000e-003
  8.2600000e+002  4.8020000e-003
  8.2650000e+002  5.4570000e-003
  8.2700000e+002  6.0600000e-003
  8.2750000e+002  6.5600000e-003
  8.2800000e+002  7.3620000e-003
  8.2850000e+002  8.0390000e-003
  8.2900000e+002  8.5930000e-003
  8.2950000e+002  9.2190000e-003
  8.3000000e+002  9.7740000e-003
  8.3050000e+002  1.0280000e-002
  8.3100000e+002  1.0480000e-002
  8.3150000e+002  1.0546000e-002
  8.3200000e+002  1.0550000e-002
  8.3250000e+002  1.0484000e-002
  8.3300000e+002  1.0496000e-002
  8.3350000e+002  1.0334000e-002
  8.3400000e+002  1.0047000e-002
  8.3450000e+002  9.8450000e-003
  8.3500000e+002  9.4560000e-003
  8.3550000e+002  9.2240000e-003
  8.3600000e+002  9.2560000e-003
  8.3650000e+002  9.2320000e-003
  8.3700000e+002  9.2400000e-003
  8.3750000e+002  9.3310000e-003
  8.3800000e+002  9.3630000e-003
  8.3850000e+002  9.2920000e-003
  8.3900000e+002  9.3070000e-003
  8.3950000e+002  9.1980000e-003
  8.4000000e+002  9.2350000e-003
  8.4050000e+002  9.3060000e-003
  8.4100000e+002  9.3810000e-003
  8.4150000e+002  9.3380000e-003
  8.4200000e+002  9.2850000e-003
  8.4250000e+002  9.3980000e-003
  8.4300000e+002  9.4680000e-003
  8.4350000e+002  9.4310000e-003
  8.4400000e+002  9.5230000e-003
  8.4450000e+002  9.6180000e-003
  8.4500000e+002  9.5080000e-003
  8.4550000e+002  9.4970000e-003
  8.4600000e+002  9.6970000e-003
  8.4650000e+002  9.7730000e-003
  8.4700000e+002  9.7450000e-003
  8.4750000e+002  9.7490000e-003
  8.4800000e+002  9.8060000e-003
  8.4850000e+002  9.7550000e-003
  8.4900000e+002  9.7670000e-003
  8.4950000e+002  9.8230000e-003
  8.5000000e+002  9.8330000e-003
  8.5050000e+002  9.9570000e-003
  8.5100000e+002  9.7860000e-003
  8.5150000e+002  9.7230000e-003
  8.5200000e+002  9.7700000e-003
  8.5250000e+002  9.4950000e-003
  8.5300000e+002  9.4570000e-003
  8.5350000e+002  9.3940000e-003
  8.5400000e+002  9.3950000e-003
  8.5450000e+002  9.3830000e-003
  8.5500000e+002  9.2860000e-003
  8.5550000e+002  9.3670000e-003
  8.5600000e+002  9.3300000e-003
  8.5650000e+002  9.3980000e-003
  8.5700000e+002  9.4150000e-003
  8.5750000e+002  9.3230000e-003
  8.5800000e+002  9.3110000e-003
  8.5850000e+002  9.4810000e-003
  8.5900000e+002  9.4260000e-003
  8.5950000e+002  9.4460000e-003
  8.6000000e+002  9.2980000e-003
  8.6050000e+002  9.4490000e-003
  8.6100000e+002  9.5260000e-003
  8.6150000e+002  9.5260000e-003
  8.6200000e+002  9.3320000e-003
  8.6250000e+002  9.5130000e-003
  8.6300000e+002  9.5880000e-003
  8.6350000e+002  9.4780000e-003
  8.6400000e+002  9.4860000e-003
  8.6450000e+002  9.4560000e-003
  8.6500000e+002  9.5330000e-003
  8.6550000e+002  9.5650000e-003
  8.6600000e+002  9.6360000e-003
  8.6650000e+002  9.6600000e-003
  8.6700000e+002  9.6970000e-003
  8.6750000e+002  9.7730000e-003
  8.6800000e+002  9.8840000e-003
  8.6850000e+002  9.7510000e-003
  8.6900000e+002  9.8300000e-003
  8.6950000e+002  9.9930000e-003
  8.7000000e+002  9.9840000e-003
  8.7050000e+002  9.9280000e-003
  8.7100000e+002  9.8440000e-003
  8.7150000e+002  9.8100000e-003
  8.7200000e+002  9.8020000e-003
  8.7250000e+002  9.8560000e-003
  8.7300000e+002  9.8340000e-003
  8.7350000e+002  9.7890000e-003
  8.7400000e+002  9.8500000e-003
  8.7450000e+002  9.8790000e-003
  8.7500000e+002  9.8010000e-003
  8.7550000e+002  9.8450000e-003
  8.7600000e+002  1.0051000e-002
  8.7650000e+002  1.0057000e-002
  8.7700000e+002  9.9810000e-003
  8.7750000e+002  1.0101000e-002
  8.7800000e+002  1.0119000e-002
  8.7850000e+002  1.0097000e-002
  8.7900000e+002  1.0166000e-002
  8.7950000e+002  1.0234000e-002
  8.8000000e+002  1.0274000e-002
  8.8050000e+002  1.0407000e-002
  8.8100000e+002  1.0215000e-002
  8.8150000e+002  1.0254000e-002
  8.8200000e+002  1.0199000e-002
  8.8250000e+002  1.0170000e-002
  8.8300000e+002  1.0202000e-002
  8.8350000e+002  1.0200000e-002
  8.8400000e+002  1.0079000e-002
  8.8450000e+002  1.0154000e-002
  8.8500000e+002  1.0208000e-002
  8.8550000e+002  1.0348000e-002
  8.8600000e+002  1.0414000e-002
  8.8650000e+002  1.0392000e-002
  8.8700000e+002  1.0470000e-002
  8.8750000e+002  1.0521000e-002
  8.8800000e+002  1.0417000e-002
  8.8850000e+002  1.0427000e-002
  8.8900000e+002  1.0371000e-002
  8.8950000e+002  1.0524000e-002
  8.9000000e+002  1.0532000e-002
  8.9050000e+002  1.0533000e-002
  8.9100000e+002  1.0580000e-002
  8.9150000e+002  1.0599000e-002
  8.9200000e+002  1.0498000e-002
  8.9250000e+002  1.0486000e-002
  8.9300000e+002  1.0487000e-002
  8.9350000e+002  1.0502000e-002
  8.9400000e+002  1.0624000e-002
  8.9450000e+002  1.0566000e-002
  8.9500000e+002  1.0566000e-002
  8.9550000e+002  1.0757000e-002
  8.9600000e+002  1.0755000e-002
  8.9650000e+002  1.0587000e-002
  8.9700000e+002  1.0605000e-002
  8.9750000e+002  1.0736000e-002
  8.9800000e+002  1.0769000e-002
  8.9850000e+002  1.0842000e-002
  8.9900000e+002  1.0705000e-002
  8.9950000e+002  1.0782000e-002
  9.0000000e+002  1.0899000e-002
  9.0050000e+002  1.0843000e-002
  9.0100000e+002  1.0710000e-002
  9.0150000e+002  1.0720000e-002
  9.0200000e+002  1.0720000e-002
  9.0250000e+002  1.0815000e-002
  9.0300000e+002  1.0754000e-002
  9.0350000e+002  1.0721000e-002
  9.0400000e+002  1.0744000e-002
  9.0450000e+002  1.0657000e-002
  9.0500000e+002  1.0677000e-002
  9.0550000e+002  1.0853000e-002
  9.0600000e+002  1.0934000e-002
  9.0650000e+002  1.0960000e-002
  9.0700000e+002  1.1002000e-002
  9.0750000e+002  1.1139000e-002
  9.0800000e+002  1.1067000e-002
  9.0850000e+002  1.1143000e-002
  9.0900000e+002  1.1029000e-002
  9.0950000e+002  1.1023000e-002
  9.1000000e+002  1.1114000e-002
  9.1050000e+002  1.1022000e-002
  9.1100000e+002  1.1042000e-002
  9.1150000e+002  1.1001000e-002
  9.1200000e+002  1.1045000e-002
  9.1250000e+002  1.1125000e-002
  9.1300000e+002  1.1162000e-002
  9.1350000e+002  1.1254000e-002
  9.1400000e+002  1.1319000e-002
  9.1450000e+002  1.1377000e-002
  9.1500000e+002  1.1262000e-002
  9.1550000e+002  1.1441000e-002
  9.1600000e+002  1.1671000e-002
  9.1650000e+002  1.1722000e-002
  9.1700000e+002  1.1674000e-002
  9.1750000e+002  1.1764000e-002
  9.1800000e+002  1.1785000e-002
  9.1850000e+002  1.1875000e-002
  9.1900000e+002  1.1937000e-002
  9.1950000e+002  1.2019000e-002
  9.2000000e+002  1.2196000e-002
  9.2050000e+002  1.2376000e-002
  9.2100000e+002  1.2622000e-002
  9.2150000e+002  1.2870000e-002
  9.2200000e+002  1.2970000e-002
  9.2250000e+002  1.3286000e-002
  9.2300000e+002  1.3592000e-002
  9.2350000e+002  1.4173000e-002
  9.2400000e+002  1.4601000e-002
  9.2450000e+002  1.5264000e-002
  9.2500000e+002  1.5786000e-002
  9.2550000e+002  1.6309000e-002
  9.2600000e+002  1.6923000e-002
  9.2650000e+002  1.7803000e-002
  9.2700000e+002  1.8643000e-002
  9.2750000e+002  1.9368000e-002
  9.2800000e+002  1.9908000e-002
  9.2850000e+002  2.0851000e-002
  9.2900000e+002  2.1705000e-002
  9.2950000e+002  2.2554000e-002
  9.3000000e+002  2.3051000e-002
  9.3050000e+002  2.3432000e-002
  9.3100000e+002  2.3825000e-002
  9.3150000e+002  2.4107000e-002
  9.3200000e+002  2.4379000e-002
  9.3250000e+002  2.4516000e-002
  9.3300000e+002  2.4722000e-002
  9.3350000e+002  2.4962000e-002
  9.3400000e+002  2.4901000e-002
  9.3450000e+002  2.4827000e-002
  9.3500000e+002  2.4680000e-002
  9.3550000e+002  2.4952000e-002
  9.3600000e+002  2.5057000e-002
  9.3650000e+002  2.4937000e-002
  9.3700000e+002  2.4922000e-002
  9.3750000e+002  2.5176000e-002
  9.3800000e+002  2.5369000e-002
  9.3850000e+002  2.5667000e-002
  9.3900000e+002  2.6246000e-002
  9.3950000e+002  2.6348000e-002
  9.4000000e+002  2.6565000e-002
  9.4050000e+002  2.6771000e-002
  9.4100000e+002  2.6994000e-002
  9.4150000e+002  2.7243000e-002
  9.4200000e+002  2.7562000e-002
  9.4250000e+002  2.7256000e-002
  9.4300000e+002  2.7096000e-002
  9.4350000e+002  2.6893000e-002
  9.4400000e+002  2.7004000e-002
  9.4450000e+002  2.6813000e-002
  9.4500000e+002  2.6382000e-002
  9.4550000e+002  2.6047000e-002
  9.4600000e+002  2.5835000e-002
  9.4650000e+002  2.5425000e-002
  9.4700000e+002  2.4943000e-002
  9.4750000e+002  2.4751000e-002
  9.4800000e+002  2.4284000e-002
  9.4850000e+002  2.3709000e-002
  9.4900000e+002  2.3117000e-002
  9.4950000e+002  2.2438000e-002
  9.5000000e+002  2.1672000e-002
  9.5050000e+002  2.0643000e-002
  9.5100000e+002  2.0016000e-002
  9.5150000e+002  1.9303000e-002
  9.5200000e+002  1.8410000e-002
  9.5250000e+002  1.7309000e-002
  9.5300000e+002  1.6747000e-002
  9.5350000e+002  1.6489000e-002
  9.5400000e+002  1.5955000e-002
  9.5450000e+002  1.5240000e-002
  9.5500000e+002  1.4880000e-002
  9.5550000e+002  1.4520000e-002
  9.5600000e+002  1.4315000e-002
  9.5650000e+002  1.3883000e-002
  9.5700000e+002  1.3581000e-002
  9.5750000e+002  1.3398000e-002
  9.5800000e+002  1.3265000e-002
  9.5850000e+002  1.3170000e-002
  9.5900000e+002  1.2937000e-002
  9.5950000e+002  1.2829000e-002
  9.6000000e+002  1.2815000e-002
  9.6050000e+002  1.2836000e-002
  9.6100000e+002  1.2790000e-002
  9.6150000e+002  1.2652000e-002
  9.6200000e+002  1.2595000e-002
  9.6250000e+002  1.2538000e-002
  9.6300000e+002  1.2560000e-002
  9.6350000e+002  1.2620000e-002
  9.6400000e+002  1.2638000e-002
  9.6450000e+002  1.2474000e-002
  9.6500000e+002  1.2484000e-002
  9.6550000e+002  1.2658000e-002
  9.6600000e+002  1.2561000e-002
  9.6650000e+002  1.2573000e-002
  9.6700000e+002  1.2630000e-002
  9.6750000e+002  1.2567000e-002
  9.6800000e+002  1.2576000e-002
  9.6850000e+002  1.2655000e-002
  9.6900000e+002  1.2720000e-002
  9.6950000e+002  1.2839000e-002
  9.7000000e+002  1.2959000e-002
  9.7050000e+002  1.2984000e-002
  9.7100000e+002  1.2940000e-002
  9.7150000e+002  1.2971000e-002
  9.7200000e+002  1.3070000e-002
  9.7250000e+002  1.3087000e-002
  9.7300000e+002  1.3072000e-002
  9.7350000e+002  1.3198000e-002
  9.7400000e+002  1.3305000e-002
  9.7450000e+002  1.3475000e-002
  9.7500000e+002  1.3480000e-002
  9.7550000e+002  1.3558000e-002
  9.7600000e+002  1.3617000e-002
  9.7650000e+002  1.3503000e-002
  9.7700000e+002  1.3556000e-002
  9.7750000e+002  1.3791000e-002
  9.7800000e+002  1.3813000e-002
  9.7850000e+002  1.3777000e-002
  9.7900000e+002  1.4049000e-002
  9.7950000e+002  1.4108000e-002
  9.8000000e+002  1.4292000e-002
  9.8050000e+002  1.4307000e-002
  9.8100000e+002  1.4362000e-002
  9.8150000e+002  1.4408000e-002
  9.8200000e+002  1.4345000e-002
  9.8250000e+002  1.4414000e-002
  9.8300000e+002  1.4485000e-002
  9.8350000e+002  1.4526000e-002
  9.8400000e+002  1.4586000e-002
  9.8450000e+002  1.4625000e-002
  9.8500000e+002  1.4787000e-002
  9.8550000e+002  1.4740000e-002
  9.8600000e+002  1.4742000e-002
  9.8650000e+002  1.4639000e-002
  9.8700000e+002  1.4792000e-002
  9.8750000e+002  1.4929000e-002
  9.8800000e+002  1.4990000e-002
  9.8850000e+002  1.5004000e-002
  9.8900000e+002  1.4985000e-002
  9.8950000e+002  1.4840000e-002
  9.9000000e+002  1.5032000e-002
  9.9050000e+002  1.5413000e-002
  9.9100000e+002  1.5318000e-002
  9.9150000e+002  1.5380000e-002
  9.9200000e+002  1.5641000e-002
  9.9250000e+002  1.5711000e-002
  9.9300000e+002  1.5769000e-002
  9.9350000e+002  1.5849000e-002
  9.9400000e+002  1.6060000e-002
  9.9450000e+002  1.6171000e-002
  9.9500000e+002  1.6268000e-002
  9.9550000e+002  1.6365000e-002
  9.9600000e+002  1.6512000e-002
  9.9650000e+002  1.6887000e-002
  9.9700000e+002  1.7153000e-002
  9.9750000e+002  1.7436000e-002
  9.9800000e+002  1.7736000e-002
  9.9850000e+002  1.8298000e-002
  9.9900000e+002  1.8882000e-002
  9.9950000e+002  1.9382000e-002
  1.0000000e+003  1.9818000e-002
  1.0005000e+003  2.0625000e-002
  1.0010000e+003  2.1572000e-002
  1.0015000e+003  2.2538000e-002
  1.0020000e+003  2.3589000e-002
  1.0025000e+003  2.4786000e-002
  1.0030000e+003  2.6362000e-002
  1.0035000e+003  2.8200000e-002
  1.0040000e+003  3.0247000e-002
  1.0045000e+003  3.2722000e-002
  1.0050000e+003  3.5646000e-002
  1.0055000e+003  3.8766000e-002
  1.0060000e+003  4.3113000e-002
  1.0065000e+003  4.7750000e-002
  1.0070000e+003  5.4150000e-002
  1.0075000e+003  6.1211000e-002
  1.0080000e+003  6.9461000e-002
  1.0085000e+003  8.0640000e-002
  1.0090000e+003  9.3446000e-002
  1.0095000e+003  1.0828500e-001
  1.0100000e+003  1.2613500e-001
  1.0105000e+003  1.4934400e-001
  1.0110000e+003  1.7329800e-001
  1.0115000e+003  2.0436700e-001
  1.0120000e+003  2.3615900e-001
  1.0125000e+003  2.7539700e-001
  1.0130000e+003  3.1406200e-001
  1.0135000e+003  3.5812700e-001
  1.0140000e+003  4.0215200e-001
  1.0145000e+003  4.5224700e-001
  1.0150000e+003  4.9727500e-001
  1.0155000e+003  5.4942900e-001
  1.0160000e+003  5.9468700e-001
  1.0165000e+003  6.3754800e-001
  1.0170000e+003  6.7378500e-001
  1.0175000e+003  7.1364500e-001
  1.0180000e+003  7.4782500e-001
  1.0185000e+003  7.7877300e-001
  1.0190000e+003  8.0752400e-001
  1.0195000e+003  8.3293400e-001
  1.0200000e+003  8.5387700e-001
  1.0205000e+003  8.7072600e-001
  1.0210000e+003  8.8641100e-001
  1.0215000e+003  8.9949700e-001
  1.0220000e+003  9.0950200e-001
  1.0225000e+003  9.1888500e-001
  1.0230000e+003  9.2854900e-001
  1.0235000e+003  9.3689900e-001
  1.0240000e+003  9.4390300e-001
  1.0245000e+003  9.5243300e-001
  1.0250000e+003  9.5821300e-001
  1.0255000e+003  9.6357200e-001
  1.0260000e+003  9.7284500e-001
  1.0265000e+003  9.8233800e-001
  1.0270000e+003  9.8686400e-001
  1.0275000e+003  9.9027600e-001
  1.0280000e+003  9.9462100e-001
  1.0285000e+003  9.9775200e-001
  1.0290000e+003  9.9914700e-001
  1.0295000e+003  1.0000000e+000
  1.0300000e+003  9.9892600e-001
  1.0305000e+003  9.9539400e-001
  1.0310000e+003  9.9332700e-001
  1.0315000e+003  9.8783700e-001
  1.0320000e+003  9.8170600e-001
  1.0325000e+003  9.7213200e-001
  1.0330000e+003  9.6337100e-001
  1.0335000e+003  9.5342600e-001
  1.0340000e+003  9.4092300e-001
  1.0345000e+003  9.2282900e-001
  1.0350000e+003  9.0520700e-001
  1.0355000e+003  8.8585900e-001
  1.0360000e+003  8.6501600e-001
  1.0365000e+003  8.4384200e-001
  1.0370000e+003  8.2015900e-001
  1.0375000e+003  7.9141800e-001
  1.0380000e+003  7.6561700e-001
  1.0385000e+003  7.3691700e-001
  1.0390000e+003  7.0426200e-001
  1.0395000e+003  6.7335300e-001
  1.0400000e+003  6.3739700e-001
  1.0405000e+003  6.0320700e-001
  1.0410000e+003  5.6293600e-001
  1.0415000e+003  5.2568500e-001
  1.0420000e+003  4.8597600e-001
  1.0425000e+003  4.5013000e-001
  1.0430000e+003  4.1351100e-001
  1.0435000e+003  3.7751500e-001
  1.0440000e+003  3.4201000e-001
  1.0445000e+003  3.0878400e-001
  1.0450000e+003  2.7808600e-001
  1.0455000e+003  2.4937500e-001
  1.0460000e+003  2.2258100e-001
  1.0465000e+003  1.9857700e-001
  1.0470000e+003  1.7696100e-001
  1.0475000e+003  1.5838600e-001
  1.0480000e+003  1.4096300e-001
  1.0485000e+003  1.2558100e-001
  1.0490000e+003  1.1204200e-001
  1.0495000e+003  1.0101700e-001
  1.0500000e+003  9.0038000e-002
  1.0505000e+003  8.0717000e-002
  1.0510000e+003  7.3445000e-002
  1.0515000e+003  6.6280000e-002
  1.0520000e+003  5.9828000e-002
  1.0525000e+003  5.4321000e-002
  1.0530000e+003  4.9879000e-002
  1.0535000e+003  4.5190000e-002
  1.0540000e+003  4.1712000e-002
  1.0545000e+003  3.8767000e-002
  1.0550000e+003  3.5730000e-002
  1.0555000e+003  3.2616000e-002
  1.0560000e+003  3.0134000e-002
  1.0565000e+003  2.8098000e-002
  1.0570000e+003  2.6493000e-002
  1.0575000e+003  2.4114000e-002
  1.0580000e+003  2.2541000e-002
  1.0585000e+003  2.2797000e-002
  1.0590000e+003  2.0960000e-002
  1.0595000e+003  1.8865000e-002
  1.0600000e+003  1.7820000e-002
  1.0605000e+003  1.7422000e-002
  1.0610000e+003  1.7124000e-002
  1.0615000e+003  1.6224000e-002
  1.0620000e+003  1.5728000e-002
  1.0625000e+003  1.5123000e-002
  1.0630000e+003  1.4248000e-002
  1.0635000e+003  1.3271000e-002
  1.0640000e+003  1.2869000e-002
  1.0645000e+003  1.2178000e-002
  1.0650000e+003  1.1840000e-002
  1.0655000e+003  1.1924000e-002
  1.0660000e+003  1.1238000e-002
  1.0665000e+003  1.0910000e-002
  1.0670000e+003  1.0892000e-002
  1.0675000e+003  1.0830000e-002
  1.0680000e+003  1.0370000e-002
  1.0685000e+003  9.8870000e-003
  1.0690000e+003  9.6800000e-003
  1.0695000e+003  9.3560000e-003
  1.0700000e+003  9.0780000e-003
  1.0705000e+003  9.6340000e-003
  1.0710000e+003  9.5080000e-003
  1.0715000e+003  9.1300000e-003
  1.0720000e+003  8.6710000e-003
  1.0725000e+003  8.7520000e-003
  1.0730000e+003  8.7300000e-003
  1.0735000e+003  8.9050000e-003
  1.0740000e+003  8.4200000e-003
  1.0745000e+003  7.7610000e-003
  1.0750000e+003  7.7410000e-003
  1.0755000e+003  7.1240000e-003
  1.0760000e+003  8.0820000e-003
  1.0765000e+003  7.8660000e-003
  1.0770000e+003  7.2110000e-003
  1.0775000e+003  7.5430000e-003
  1.0780000e+003  7.1450000e-003
  1.0785000e+003  7.9660000e-003
  1.0790000e+003  7.7170000e-003
  1.0795000e+003  6.8870000e-003
  1.0800000e+003  6.4000000e-003
  1.0805000e+003  6.2990000e-003
  1.0810000e+003  5.9690000e-003
  1.0815000e+003  6.0820000e-003
  1.0820000e+003  6.0980000e-003
  1.0825000e+003  5.4610000e-003
  1.0830000e+003  5.5130000e-003
  1.0835000e+003  5.7010000e-003
  1.0840000e+003  5.3270000e-003
  1.0845000e+003  5.1130000e-003
  1.0850000e+003  4.9050000e-003
  1.0855000e+003  5.0260000e-003
  1.0860000e+003  4.5100000e-003
  1.0865000e+003  4.6940000e-003
  1.0870000e+003  4.9680000e-003
  1.0875000e+003  4.5300000e-003
  1.0880000e+003  4.2950000e-003
  1.0885000e+003  4.1400000e-003
  1.0890000e+003  4.1090000e-003
  1.0895000e+003  4.4200000e-003
  1.0900000e+003  3.7840000e-003
  1.0905000e+003  3.8640000e-003
  1.0910000e+003  3.8620000e-003
  1.0915000e+003  4.2290000e-003
  1.0920000e+003  4.2720000e-003
  1.0925000e+003  3.6090000e-003
  1.0930000e+003  3.2430000e-003
  1.0935000e+003  4.1240000e-003
  1.0940000e+003  4.3650000e-003
  1.0945000e+003  3.2860000e-003
  1.0950000e+003  2.6980000e-003
  1.0955000e+003  2.6120000e-003
  1.0960000e+003  2.1160000e-003
  1.0965000e+003  2.0980000e-003
  1.0970000e+003  2.3770000e-003
  1.0975000e+003  2.6060000e-003
  1.0980000e+003  2.5610000e-003
  1.0985000e+003  1.9990000e-003
  1.0990000e+003  2.0250000e-003
  1.0995000e+003  1.6080000e-003
  1.1000000e+003  1.8180000e-003
  1.1005000e+003  2.3160000e-003
  1.1010000e+003  2.3420000e-003
  1.1015000e+003  1.8990000e-003
  1.1020000e+003  1.5600000e-003
  1.1025000e+003  1.7610000e-003
  1.1030000e+003  1.4990000e-003
  1.1035000e+003  1.3950000e-003
  1.1040000e+003  1.3280000e-003
  1.1045000e+003  1.4450000e-003
  1.1050000e+003  1.8790000e-003
  1.1055000e+003  1.7550000e-003
  1.1060000e+003  1.6430000e-003
  1.1065000e+003  1.2320000e-003
  1.1070000e+003  1.3860000e-003
  1.1075000e+003  1.3150000e-003
  1.1080000e+003  9.6200000e-004
  1.1085000e+003  4.7300000e-004
  1.1090000e+003  9.9600000e-004
  1.1095000e+003  1.0460000e-003
  1.1100000e+003  1.2940000e-003
  1.1105000e+003  1.1100000e-003
  1.1110000e+003  1.2430000e-003
  1.1115000e+003  9.3000000e-004
  1.1120000e+003  1.1140000e-003
  1.1125000e+003  7.7600000e-004
  1.1130000e+003  1.7990000e-003
  1.1135000e+003  1.6730000e-003
  1.1140000e+003  1.6430000e-003
  1.1145000e+003  1.1520000e-003
  1.1150000e+003  7.4800000e-004
  1.1155000e+003  7.8200000e-004
  1.1160000e+003  5.8800000e-004
  1.1165000e+003  7.3600000e-004
  1.1170000e+003  1.0450000e-003
  1.1175000e+003  8.7100000e-004
  1.1180000e+003  8.1100000e-004
  1.1185000e+003  1.2120000e-003
  1.1190000e+003  4.8900000e-004
  1.1195000e+003  4.7000000e-004
  1.1200000e+003  4.7700000e-004
  1.1205000e+003  0.0000000e+000
