  5.0000000e+003  0.0000000e+000
  5.0100200e+003  0.0000000e+000
  5.0200810e+003  3.8620296e-003
  5.0301810e+003  4.0368694e-003
  5.0403230e+003  3.6296055e-003
  5.0505050e+003  3.4610825e-003
  5.0607290e+003  3.5210429e-003
  5.0709940e+003  3.5460647e-003
  5.0813010e+003  3.8044127e-003
  5.0916500e+003  4.0833070e-003
  5.1020410e+003  4.2550243e-003
  5.1124750e+003  4.4333120e-003
  5.1229510e+003  4.3932698e-003
  5.1334700e+003  4.0639248e-003
  5.1440330e+003  3.9135865e-003
  5.1546390e+003  4.1091181e-003
  5.1652890e+003  4.2054090e-003
  5.1759830e+003  4.2761872e-003
  5.1867220e+003  4.1867495e-003
  5.1975050e+003  3.9397711e-003
  5.2083330e+003  3.0187822e-003
  5.2192070e+003  2.0666593e-003
  5.2301250e+003  2.1430810e-003
  5.2410900e+003  3.8502286e-003
  5.2521010e+003  6.1333124e-003
  5.2631580e+003  6.0730879e-003
  5.2742620e+003  3.9340407e-003
  5.2854130e+003  4.0362375e-003
  5.2966100e+003  5.5684200e-003
  5.3078560e+003  7.1554044e-003
  5.3191490e+003  8.1598274e-003
  5.3304900e+003  9.5381308e-003
  5.3418800e+003  1.1147804e-002
  5.3533190e+003  8.0386261e-003
  5.3648070e+003  4.6635987e-003
  5.3763440e+003  6.1995811e-003
  5.3879310e+003  9.9888705e-003
  5.3995680e+003  1.2326071e-002
  5.4112550e+003  1.3847833e-002
  5.4229940e+003  1.2617536e-002
  5.4347830e+003  1.2895557e-002
  5.4466230e+003  1.3603289e-002
  5.4585150e+003  1.3629934e-002
  5.4704590e+003  1.5313414e-002
  5.4824560e+003  1.7689051e-002
  5.4945050e+003  2.0361952e-002
  5.5066080e+003  2.2128467e-002
  5.5187640e+003  2.3059912e-002
  5.5309740e+003  2.5304787e-002
  5.5432370e+003  2.8727375e-002
  5.5555560e+003  3.1962853e-002
  5.5679290e+003  3.5529930e-002
  5.5803570e+003  3.9878864e-002
  5.5928410e+003  4.4595134e-002
  5.6053810e+003  5.0578069e-002
  5.6179780e+003  5.7400189e-002
  5.6306300e+003  6.4831987e-002
  5.6433410e+003  7.3193111e-002
  5.6561080e+003  8.3947755e-002
  5.6689340e+003  9.7975507e-002
  5.6818180e+003  1.1434570e-001
  5.6947610e+003  1.3324670e-001
  5.7077630e+003  1.5611130e-001
  5.7208240e+003  1.8256940e-001
  5.7339450e+003  2.1494440e-001
  5.7471260e+003  2.5476500e-001
  5.7603690e+003  2.9945610e-001
  5.7736720e+003  3.5246850e-001
  5.7870370e+003  4.1478640e-001
  5.8004640e+003  4.8324620e-001
  5.8139540e+003  5.5374020e-001
  5.8275060e+003  6.2824710e-001
  5.8411220e+003  7.0550720e-001
  5.8548010e+003  7.7699420e-001
  5.8685440e+003  8.3941700e-001
  5.8823530e+003  8.9470990e-001
  5.8962270e+003  9.3688950e-001
  5.9101660e+003  9.6651140e-001
  5.9241710e+003  9.8669010e-001
  5.9382420e+003  9.9671610e-001
  5.9523810e+003  1.0000000e+000
  5.9665870e+003  9.9812650e-001
  5.9808610e+003  9.9438030e-001
  5.9952040e+003  9.8625440e-001
  6.0096150e+003  9.7908540e-001
  6.0240970e+003  9.7029170e-001
  6.0386470e+003  9.6103570e-001
  6.0532690e+003  9.5223610e-001
  6.0679610e+003  9.4409080e-001
  6.0827250e+003  9.3568480e-001
  6.0975610e+003  9.2805120e-001
  6.1124690e+003  9.2005310e-001
  6.1274510e+003  9.1066990e-001
  6.1425060e+003  8.9916650e-001
  6.1576360e+003  8.8406020e-001
  6.1728390e+003  8.6159930e-001
  6.1881190e+003  8.3060230e-001
  6.2034740e+003  7.8665800e-001
  6.2189050e+003  7.3016680e-001
  6.2344140e+003  6.6125800e-001
  6.2500000e+003  5.8246510e-001
  6.2656650e+003  5.0115670e-001
  6.2814070e+003  4.2008730e-001
  6.2972290e+003  3.4564630e-001
  6.3131310e+003  2.8024410e-001
  6.3291140e+003  2.2456130e-001
  6.3451780e+003  1.7874790e-001
  6.3613230e+003  1.4160680e-001
  6.3775510e+003  1.1375010e-001
  6.3938620e+003  9.2144944e-002
  6.4102570e+003  7.3950037e-002
  6.4267350e+003  6.0199168e-002
  6.4432990e+003  4.9444951e-002
  6.4599480e+003  4.0718727e-002
  6.4766840e+003  3.3519730e-002
  6.4935070e+003  2.8076841e-002
  6.5104170e+003  2.3598671e-002
  6.5274160e+003  1.9534135e-002
  6.5445020e+003  1.6822098e-002
  6.5616800e+003  1.4379067e-002
  6.5789470e+003  1.1912835e-002
  6.5963060e+003  1.0368694e-002
  6.6137570e+003  9.1550229e-003
  6.6313000e+003  7.8345817e-003
  6.6489370e+003  6.6592684e-003
  6.6666670e+003  6.0515385e-003
  6.6844920e+003  5.5549764e-003
  6.7024130e+003  4.8067714e-003
  6.7204300e+003  4.0243035e-003
  6.7385440e+003  3.5479176e-003
  6.7567570e+003  3.4677477e-003
  6.7750680e+003  2.8912809e-003
  6.7934780e+003  2.5733318e-003
  6.8119890e+003  2.0915582e-003
  6.8306010e+003  2.0847719e-003
  6.8493150e+003  2.1766608e-003
  6.8681320e+003  2.1256369e-003
  6.8870520e+003  1.8741561e-003
  6.9060780e+003  1.3355344e-003
  6.9252080e+003  1.3870852e-003
  6.9444440e+003  1.0837014e-003
  6.9637890e+003  1.1000512e-003
  6.9832400e+003  1.4398397e-003
  7.0028010e+003  1.2009891e-003
  7.0224720e+003  8.4815652e-004
  7.0422540e+003  8.9778571e-004
  7.0621470e+003  7.1844825e-004
  7.0821530e+003  7.7052473e-004
  7.1022730e+003  1.0585134e-003
  7.1225070e+003  1.2166081e-003
  7.1428570e+003  1.0336542e-003
  7.1633240e+003  5.7032303e-004
  7.1839080e+003  3.5592646e-004
  7.2046110e+003  4.2694810e-004
  7.2254340e+003  1.5179648e-003
  7.2463770e+003  1.6394642e-003
  7.2674410e+003 -3.8186475e-004
  7.2886300e+003 -4.0360162e-004
  7.3099410e+003  8.1857387e-004
  7.3313780e+003  1.4449265e-003
  7.3529410e+003  1.1029283e-003
  7.3746310e+003 -3.9569797e-005
  7.3964500e+003 -3.5624331e-004
  7.4183970e+003 -6.8198751e-005
  7.4404760e+003  6.6143478e-004
  7.4626870e+003  1.2874915e-003
  7.4850300e+003  1.5687373e-003
  7.5075070e+003  1.3371119e-003
  7.5301210e+003  7.5391080e-004
  7.5528700e+003  7.1525213e-004
  7.5757570e+003  7.1380747e-004
  7.5987840e+003  7.4588141e-004
  7.6219510e+003  1.2856638e-003
  7.6452600e+003  1.5166982e-003
  7.6687110e+003  0.0000000e+000
  7.6923080e+003  0.0000000e+000
