1.2500000e+04 1.1813600e-01
1.2503126e+04 1.1248500e-01
1.2506254e+04 1.0349700e-01
1.2509382e+04 8.6212002e-02
1.2512512e+04 5.8412001e-02
1.2515645e+04 2.4103999e-02
1.2518778e+04 -7.4140001e-03
1.2521914e+04 -2.4914000e-02
1.2525050e+04 -2.1553000e-02
1.2528188e+04 1.2630000e-03
1.2531328e+04 3.3592999e-02
1.2534470e+04 6.2656000e-02
1.2537613e+04 7.9559997e-02
1.2540757e+04 8.3446003e-02
1.2543903e+04 8.1610002e-02
1.2547051e+04 8.2826003e-02
1.2550201e+04 9.1647997e-02
1.2553352e+04 1.0516600e-01
1.2556504e+04 1.1506000e-01
1.2559658e+04 1.1286700e-01
1.2562814e+04 9.6129999e-02
1.2565972e+04 6.9426998e-02
1.2569131e+04 4.3296002e-02
1.2572290e+04 2.7728001e-02
1.2575453e+04 2.7822999e-02
1.2578616e+04 4.2222999e-02
1.2581782e+04 6.4658999e-02
1.2584949e+04 8.7641999e-02
1.2588116e+04 1.0659600e-01
1.2591287e+04 1.2028200e-01
1.2594458e+04 1.2872200e-01
1.2597632e+04 1.3091500e-01
1.2600807e+04 1.2400100e-01
1.2603982e+04 1.0473700e-01
1.2607161e+04 7.3146001e-02
1.2610340e+04 3.3569001e-02
1.2613522e+04 -6.4840000e-03
1.2616705e+04 -3.8862001e-02
1.2619889e+04 -5.7291001e-02
1.2623075e+04 -5.7721000e-02
1.2626263e+04 -3.8433000e-02
1.2629452e+04 -3.3300000e-04
1.2632643e+04 5.0448999e-02
1.2635835e+04 1.0166100e-01
1.2639029e+04 1.3725699e-01
1.2642225e+04 1.4367101e-01
1.2645423e+04 1.1842200e-01
1.2648622e+04 7.1644001e-02
1.2651821e+04 2.2172000e-02
1.2655024e+04 -1.2207000e-02
1.2658228e+04 -2.2673000e-02
1.2661433e+04 -1.1277000e-02
1.2664641e+04 1.3375000e-02
1.2667849e+04 4.2771999e-02
1.2671059e+04 7.1763001e-02
1.2674271e+04 9.7823001e-02
1.2677485e+04 1.1782600e-01
1.2680700e+04 1.2562200e-01
1.2683916e+04 1.1460700e-01
1.2687135e+04 8.1896000e-02
1.2690355e+04 3.2138001e-02
1.2693577e+04 -2.3341000e-02
1.2696801e+04 -6.8663999e-02
1.2700025e+04 -8.9097001e-02
1.2703252e+04 -7.7462003e-02
1.2706480e+04 -3.5643000e-02
1.2709710e+04 2.4723999e-02
1.2712942e+04 8.7761000e-02
1.2716175e+04 1.3847300e-01
1.2719410e+04 1.6798900e-01
1.2722646e+04 1.7623900e-01
1.2725885e+04 1.7080300e-01
1.2729125e+04 1.6317300e-01
1.2732365e+04 1.6281600e-01
1.2735609e+04 1.7335400e-01
1.2738854e+04 1.8980500e-01
1.2742100e+04 2.0146300e-01
1.2745348e+04 1.9624200e-01
1.2748597e+04 1.6758400e-01
1.2751849e+04 1.1804100e-01
1.2755102e+04 5.9317999e-02
1.2758357e+04 6.8180002e-03
1.2761613e+04 -2.7871000e-02
1.2764871e+04 -4.0268000e-02
1.2768131e+04 -3.3783000e-02
1.2771392e+04 -1.5306000e-02
1.2774655e+04 8.8930000e-03
1.2777920e+04 3.5619002e-02
1.2781186e+04 6.2870003e-02
1.2784454e+04 8.8691004e-02
1.2787724e+04 1.0998200e-01
1.2790995e+04 1.2388200e-01
1.2794269e+04 1.2977099e-01
1.2797542e+04 1.2996100e-01
1.2800819e+04 1.2745801e-01
1.2804097e+04 1.2366700e-01
1.2807377e+04 1.1775400e-01
1.2810659e+04 1.0805100e-01
1.2813941e+04 9.4795004e-02
1.2817226e+04 8.1944004e-02
1.2820513e+04 7.4957997e-02
1.2823801e+04 7.7128001e-02
1.2827091e+04 8.5592002e-02
1.2830382e+04 9.2554003e-02
1.2833675e+04 8.9429997e-02
1.2836970e+04 7.4005000e-02
1.2840267e+04 5.3405002e-02
1.2843566e+04 4.1389000e-02
1.2846865e+04 4.9208999e-02
1.2850167e+04 7.8319997e-02
1.2853470e+04 1.1639500e-01
1.2856776e+04 1.4436200e-01
1.2860083e+04 1.4600700e-01
1.2863390e+04 1.1913700e-01
1.2866701e+04 7.5960003e-02
1.2870013e+04 3.6286999e-02
1.2873327e+04 1.5234000e-02
1.2876642e+04 1.4495000e-02
1.2879958e+04 2.2958999e-02
1.2883277e+04 2.5105000e-02
1.2886598e+04 1.1897000e-02
1.2889920e+04 -1.4019000e-02
1.2893244e+04 -3.9792001e-02
1.2896569e+04 -5.2021999e-02
1.2899897e+04 -4.4082999e-02
1.2903226e+04 -2.0051001e-02
1.2906557e+04 9.2019998e-03
1.2909889e+04 3.1541999e-02
1.2913223e+04 3.9887000e-02
1.2916559e+04 3.3998001e-02
1.2919897e+04 1.9168001e-02
1.2923236e+04 1.9779999e-03
1.2926577e+04 -1.2779000e-02
1.2929919e+04 -2.3269000e-02
1.2933264e+04 -2.9277001e-02
1.2936611e+04 -2.9897001e-02
1.2939959e+04 -2.1529000e-02
1.2943309e+04 1.1900000e-04
1.2946659e+04 3.6644001e-02
1.2950013e+04 8.2754999e-02
1.2953368e+04 1.2636100e-01
1.2956725e+04 1.5351699e-01
1.2960083e+04 1.5518600e-01
1.2963443e+04 1.3349000e-01
1.2966805e+04 9.9587001e-02
1.2970169e+04 6.7543000e-02
1.2973534e+04 4.5632999e-02
1.2976902e+04 3.3973999e-02
1.2980270e+04 2.6892999e-02
1.2983640e+04 2.0169999e-02
1.2987013e+04 1.4734000e-02
1.2990387e+04 1.5068000e-02
1.2993763e+04 2.3078000e-02
1.2997140e+04 3.4499001e-02
1.3000520e+04 4.0316001e-02
1.3003901e+04 3.4141000e-02
1.3007284e+04 1.7762000e-02
1.3010669e+04 2.1690000e-03
1.3014055e+04 -1.9000001e-04
1.3017443e+04 1.6807999e-02
1.3020833e+04 4.7015999e-02
1.3024225e+04 7.6889001e-02
1.3027619e+04 9.3555003e-02
1.3031013e+04 9.3340002e-02
1.3034411e+04 8.2826003e-02
1.3037810e+04 7.3932998e-02
1.3041210e+04 7.4481003e-02
1.3044613e+04 8.4542997e-02
1.3048016e+04 9.6821003e-02
1.3051422e+04 1.0287700e-01
1.3054830e+04 9.9133998e-02
1.3058240e+04 8.9073002e-02
1.3061651e+04 7.9631001e-02
1.3065064e+04 7.6580003e-02
1.3068479e+04 8.0323003e-02
1.3071895e+04 8.6236000e-02
1.3075314e+04 8.8666998e-02
1.3078734e+04 8.5019998e-02
1.3082156e+04 7.7652000e-02
1.3085579e+04 7.2336003e-02
1.3089005e+04 7.5291999e-02
1.3092433e+04 8.8786997e-02
1.3095862e+04 1.1096000e-01
1.3099292e+04 1.3682801e-01
1.3102725e+04 1.6047899e-01
1.3106160e+04 1.7623900e-01
1.3109596e+04 1.7890900e-01
1.3113035e+04 1.6441301e-01
1.3116474e+04 1.3101099e-01
1.3119916e+04 8.1276000e-02
1.3123360e+04 2.3269000e-02
1.3126805e+04 -3.0303000e-02
1.3130253e+04 -6.5301999e-02
1.3133701e+04 -7.2121002e-02
1.3137152e+04 -4.8517998e-02
1.3140604e+04 -1.9550000e-03
1.3144059e+04 5.3452998e-02
1.3147516e+04 1.0147000e-01
1.3150973e+04 1.2993801e-01
1.3154433e+04 1.3425300e-01
1.3157895e+04 1.1768300e-01
1.3161358e+04 8.9429997e-02
1.3164824e+04 5.9579998e-02
1.3168290e+04 3.5737999e-02
1.3171760e+04 2.0765999e-02
1.3175231e+04 1.3875000e-02
1.3178703e+04 1.3327000e-02
1.3182178e+04 1.9025000e-02
1.3185654e+04 3.3307001e-02
1.3189132e+04 5.8697999e-02
1.3192612e+04 9.4126999e-02
1.3196094e+04 1.3306101e-01
1.3199578e+04 1.6312499e-01
1.3203063e+04 1.7232800e-01
1.3206550e+04 1.5504301e-01
1.3210040e+04 1.1608600e-01
1.3213531e+04 6.9379002e-02
1.3217024e+04 3.1280000e-02
1.3220518e+04 1.3399000e-02
1.3224015e+04 1.6783999e-02
1.3227513e+04 3.4260001e-02
1.3231014e+04 5.4526001e-02
1.3234516e+04 6.9426998e-02
1.3238019e+04 7.6889001e-02
1.3241525e+04 8.0943003e-02
1.3245033e+04 8.7738000e-02
1.3248543e+04 1.0209000e-01
1.3252054e+04 1.2421600e-01
1.3255567e+04 1.4982200e-01
1.3259082e+04 1.7116000e-01
1.3262599e+04 1.7964800e-01
1.3266119e+04 1.6958700e-01
1.3269639e+04 1.4042801e-01
1.3273161e+04 9.9062003e-02
1.3276686e+04 5.7840001e-02
1.3280212e+04 3.1042000e-02
1.3283741e+04 2.8610000e-02
1.3287271e+04 5.1282998e-02
1.3290802e+04 8.9763999e-02
1.3294336e+04 1.2845901e-01
1.3297872e+04 1.5356500e-01
1.3301410e+04 1.5811899e-01
1.3304950e+04 1.4548300e-01
1.3308490e+04 1.2490700e-01
1.3312034e+04 1.0619100e-01
1.3315579e+04 9.4246000e-02
1.3319126e+04 8.8453002e-02
1.3322676e+04 8.5066997e-02
1.3326226e+04 8.1324004e-02
1.3329779e+04 7.6770000e-02
1.3333333e+04 7.2192997e-02
1.3336890e+04 6.7400001e-02
1.3340449e+04 6.0819998e-02
1.3344008e+04 5.1784001e-02
1.3347571e+04 4.3416001e-02
1.3351135e+04 4.2796001e-02
1.3354701e+04 5.8579002e-02
1.3358269e+04 9.4150998e-02
1.3361838e+04 1.4450499e-01
1.3365410e+04 1.9633700e-01
1.3368984e+04 2.3538999e-01
1.3372560e+04 2.5303301e-01
1.3376137e+04 2.4995799e-01
1.3379716e+04 2.3436500e-01
1.3383297e+04 2.1626900e-01
1.3386881e+04 2.0167799e-01
1.3390466e+04 1.9037700e-01
1.3394053e+04 1.7750201e-01
1.3397642e+04 1.5738000e-01
1.3401233e+04 1.2876900e-01
1.3404826e+04 9.6153997e-02
1.3408421e+04 6.9141001e-02
1.3412018e+04 5.7601001e-02
1.3415615e+04 6.7615002e-02
1.3419216e+04 9.7392999e-02
1.3422819e+04 1.3773400e-01
1.3426423e+04 1.7585699e-01
1.3430030e+04 2.0155901e-01
1.3433637e+04 2.1147700e-01
1.3437248e+04 2.0930700e-01
1.3440860e+04 2.0225000e-01
1.3444475e+04 1.9581300e-01
1.3448091e+04 1.9173600e-01
1.3451708e+04 1.8832600e-01
1.3455328e+04 1.8322399e-01
1.3458950e+04 1.7604800e-01
1.3462574e+04 1.6944399e-01
1.3466200e+04 1.6710700e-01
1.3469827e+04 1.7166100e-01
1.3473457e+04 1.8279500e-01
1.3477089e+04 1.9810100e-01
1.3480723e+04 2.1421900e-01
1.3484359e+04 2.2833300e-01
1.3487995e+04 2.3880000e-01
1.3491635e+04 2.4447399e-01
1.3495277e+04 2.4428301e-01
1.3498920e+04 2.3775101e-01
1.3502566e+04 2.2563900e-01
1.3506212e+04 2.1059500e-01
1.3509862e+04 1.9636101e-01
1.3513514e+04 1.8641900e-01
1.3517167e+04 1.8243700e-01
1.3520823e+04 1.8417799e-01
1.3524479e+04 1.9025800e-01
1.3528138e+04 1.9972301e-01
1.3531800e+04 2.1274000e-01
1.3535463e+04 2.2988300e-01
1.3539129e+04 2.5014800e-01
1.3542795e+04 2.6962700e-01
1.3546464e+04 2.8192899e-01
1.3550136e+04 2.8207299e-01
1.3553809e+04 2.7010399e-01
1.3557484e+04 2.5269899e-01
1.3561160e+04 2.3937200e-01
1.3564840e+04 2.3732100e-01
1.3568521e+04 2.4566600e-01
1.3572204e+04 2.5575101e-01
1.3575890e+04 2.5696701e-01
1.3579576e+04 2.4507000e-01
1.3583265e+04 2.2633000e-01
1.3586957e+04 2.1443300e-01
1.3590650e+04 2.2132300e-01
1.3594345e+04 2.4843200e-01
1.3598041e+04 2.8510001e-01
1.3601741e+04 3.1485501e-01
1.3605442e+04 3.2517901e-01
1.3609146e+04 3.1385401e-01
1.3612851e+04 2.9087001e-01
1.3616557e+04 2.7117699e-01
1.3620267e+04 2.6755300e-01
1.3623978e+04 2.8388500e-01
1.3627692e+04 3.1626201e-01
1.3631407e+04 3.5557699e-01
1.3635124e+04 3.9360499e-01
1.3638843e+04 4.2564800e-01
1.3642565e+04 4.5039600e-01
1.3646288e+04 4.6925500e-01
1.3650014e+04 4.8468101e-01
1.3653741e+04 5.0148898e-01
1.3657470e+04 5.2676201e-01
1.3661202e+04 5.6784099e-01
1.3664936e+04 6.2873298e-01
1.3668672e+04 7.0271403e-01
1.3672409e+04 7.7345300e-01
1.3676149e+04 8.2034999e-01
1.3679891e+04 8.3110303e-01
1.3683635e+04 8.0809498e-01
1.3687381e+04 7.6844603e-01
1.3691128e+04 7.3399502e-01
1.3694878e+04 7.2054797e-01
1.3698630e+04 7.3075199e-01
1.3702384e+04 7.5702602e-01
1.3706141e+04 7.8923702e-01
1.3709898e+04 8.2137501e-01
1.3713659e+04 8.5365701e-01
1.3717421e+04 8.8906199e-01
1.3721186e+04 9.2997497e-01
1.3724952e+04 9.7620398e-01
1.3728720e+04 1.0253900e+00
1.3732491e+04 1.0733360e+00
1.3736264e+04 1.1164180e+00
1.3740039e+04 1.1530160e+00
1.3743816e+04 1.1856790e+00
1.3747594e+04 1.2201300e+00
1.3751375e+04 1.2620440e+00
1.3755158e+04 1.3126370e+00
1.3758944e+04 1.3649940e+00
1.3762731e+04 1.4069790e+00
1.3766519e+04 1.4289850e+00
1.3770311e+04 1.4310350e+00
1.3774105e+04 1.4262190e+00
1.3777900e+04 1.4318700e+00
1.3781698e+04 1.4607900e+00
1.3785497e+04 1.5146970e+00
1.3789299e+04 1.5850540e+00
1.3793103e+04 1.6614430e+00
1.3796910e+04 1.7369740e+00
1.3800718e+04 1.8119810e+00
1.3804527e+04 1.8894670e+00
1.3808340e+04 1.9719360e+00
1.3812155e+04 2.0588870e+00
1.3815971e+04 2.1476741e+00
1.3819790e+04 2.2378440e+00
1.3823610e+04 2.3293970e+00
1.3827433e+04 2.4240010e+00
1.3831259e+04 2.5236120e+00
1.3835086e+04 2.6309960e+00
1.3838915e+04 2.7518981e+00
1.3842746e+04 2.8907530e+00
1.3846580e+04 3.0501120e+00
1.3850416e+04 3.2241819e+00
1.3854253e+04 3.4000871e+00
1.3858094e+04 3.5643101e+00
1.3861935e+04 3.7059541e+00
1.3865779e+04 3.8283100e+00
1.3869626e+04 3.9419410e+00
1.3873474e+04 4.0638680e+00
1.3877325e+04 4.2078490e+00
1.3881177e+04 4.3786278e+00
1.3885032e+04 4.5781608e+00
1.3888889e+04 4.8024650e+00
1.3892748e+04 5.0527091e+00
1.3896610e+04 5.3274388e+00
1.3900472e+04 5.6221480e+00
1.3904338e+04 5.9306378e+00
1.3908206e+04 6.2413688e+00
1.3912076e+04 6.5538640e+00
1.3915948e+04 6.8704839e+00
1.3919821e+04 7.2047939e+00
1.3923698e+04 7.5722451e+00
1.3927577e+04 7.9803939e+00
1.3931457e+04 8.4368696e+00
1.3935340e+04 8.9325418e+00
1.3939225e+04 9.4626179e+00
1.3943112e+04 1.0018491e+01
1.3947001e+04 1.0595488e+01
1.3950893e+04 1.1200761e+01
1.3954787e+04 1.1835885e+01
1.3958682e+04 1.2515425e+01
1.3962580e+04 1.3240814e+01
1.3966480e+04 1.4011192e+01
1.3970383e+04 1.4823913e+01
1.3974288e+04 1.5669441e+01
1.3978194e+04 1.6558218e+01
1.3982103e+04 1.7495155e+01
1.3986014e+04 1.8498825e+01
1.3989927e+04 1.9583582e+01
1.3993843e+04 2.0754265e+01
1.3997760e+04 2.2020102e+01
1.4001680e+04 2.3372482e+01
1.4005602e+04 2.4814438e+01
1.4009527e+04 2.6339769e+01
1.4013453e+04 2.7941822e+01
1.4017381e+04 2.9617929e+01
1.4021312e+04 3.1357693e+01
1.4025245e+04 3.3164097e+01
1.4029181e+04 3.5034489e+01
1.4033119e+04 3.6971210e+01
1.4037057e+04 3.8975334e+01
1.4040999e+04 4.1042065e+01
1.4044944e+04 4.3168736e+01
1.4048890e+04 4.5345783e+01
1.4052839e+04 4.7564579e+01
1.4056789e+04 4.9816822e+01
1.4060742e+04 5.2095173e+01
1.4064698e+04 5.4393623e+01
1.4068655e+04 5.6705784e+01
1.4072615e+04 5.9016109e+01
1.4076576e+04 6.1305641e+01
1.4080540e+04 6.3543747e+01
1.4084507e+04 6.5699890e+01
1.4088476e+04 6.7755745e+01
1.4092447e+04 6.9697762e+01
1.4096419e+04 7.1536278e+01
1.4100395e+04 7.3278900e+01
1.4104372e+04 7.4939819e+01
1.4108352e+04 7.6527763e+01
1.4112335e+04 7.8033211e+01
1.4116318e+04 7.9446747e+01
1.4120305e+04 8.0736778e+01
1.4124294e+04 8.1889153e+01
1.4128285e+04 8.2900406e+01
1.4132279e+04 8.3783218e+01
1.4136273e+04 8.4569382e+01
1.4140271e+04 8.5268333e+01
1.4144272e+04 8.5890007e+01
1.4148274e+04 8.6419151e+01
1.4152279e+04 8.6843391e+01
1.4156285e+04 8.7169289e+01
1.4160294e+04 8.7408112e+01
1.4164306e+04 8.7600777e+01
1.4168320e+04 8.7765244e+01
1.4172336e+04 8.7915298e+01
1.4176353e+04 8.8044762e+01
1.4180374e+04 8.8133354e+01
1.4184397e+04 8.8175674e+01
1.4188422e+04 8.8160301e+01
1.4192450e+04 8.8098839e+01
1.4196479e+04 8.7998222e+01
1.4200511e+04 8.7864639e+01
1.4204545e+04 8.7706734e+01
1.4208582e+04 8.7521431e+01
1.4212621e+04 8.7324379e+01
1.4216661e+04 8.7122818e+01
1.4220705e+04 8.6928368e+01
1.4224751e+04 8.6740181e+01
1.4228799e+04 8.6536362e+01
1.4232850e+04 8.6295723e+01
1.4236902e+04 8.5983612e+01
1.4240957e+04 8.5591248e+01
1.4245014e+04 8.5122086e+01
1.4249074e+04 8.4593369e+01
1.4253136e+04 8.4031914e+01
1.4257199e+04 8.3443542e+01
1.4261266e+04 8.2834267e+01
1.4265335e+04 8.2185699e+01
1.4269407e+04 8.1476547e+01
1.4273480e+04 8.0687645e+01
1.4277555e+04 7.9798195e+01
1.4281634e+04 7.8813599e+01
1.4285714e+04 7.7737854e+01
1.4289797e+04 7.6586411e+01
1.4293883e+04 7.5362061e+01
1.4297969e+04 7.4049423e+01
1.4302059e+04 7.2631813e+01
1.4306152e+04 7.1083710e+01
1.4310246e+04 6.9410011e+01
1.4314343e+04 6.7630936e+01
1.4318442e+04 6.5785599e+01
1.4322543e+04 6.3912819e+01
1.4326648e+04 6.2027050e+01
1.4330754e+04 6.0123562e+01
1.4334863e+04 5.8174561e+01
1.4338973e+04 5.6157398e+01
1.4343086e+04 5.4071690e+01
1.4347202e+04 5.1945473e+01
1.4351321e+04 4.9831749e+01
1.4355441e+04 4.7781872e+01
1.4359563e+04 4.5821358e+01
1.4363688e+04 4.3940163e+01
1.4367816e+04 4.2096066e+01
1.4371946e+04 4.0244984e+01
1.4376079e+04 3.8367344e+01
1.4380212e+04 3.6481903e+01
1.4384350e+04 3.4641575e+01
1.4388489e+04 3.2899166e+01
1.4392631e+04 3.1278824e+01
1.4396776e+04 2.9767513e+01
1.4400921e+04 2.8315567e+01
1.4405070e+04 2.6885223e+01
1.4409222e+04 2.5458979e+01
1.4413376e+04 2.4060726e+01
1.4417532e+04 2.2736979e+01
1.4421690e+04 2.1520708e+01
1.4425851e+04 2.0426964e+01
1.4430014e+04 1.9423342e+01
1.4434180e+04 1.8469477e+01
1.4438349e+04 1.7522501e+01
1.4442518e+04 1.6565228e+01
1.4446691e+04 1.5617728e+01
1.4450867e+04 1.4711761e+01
1.4455045e+04 1.3890266e+01
1.4459225e+04 1.3168644e+01
1.4463407e+04 1.2536239e+01
1.4467592e+04 1.1962366e+01
1.4471780e+04 1.1404967e+01
1.4475970e+04 1.0846495e+01
1.4480163e+04 1.0284829e+01
1.4484356e+04 9.7402086e+00
1.4488554e+04 9.2318773e+00
1.4492754e+04 8.7613096e+00
1.4496956e+04 8.3214521e+00
1.4501161e+04 7.8933949e+00
1.4505366e+04 7.4782839e+00
1.4509576e+04 7.0886369e+00
1.4513788e+04 6.7460289e+00
1.4518003e+04 6.4651480e+00
1.4522220e+04 6.2378879e+00
1.4526438e+04 6.0441728e+00
1.4530659e+04 5.8555121e+00
1.4534884e+04 5.6552172e+00
1.4539110e+04 5.4403782e+00
1.4543340e+04 5.2138562e+00
1.4547570e+04 4.9835200e+00
1.4551804e+04 4.7512999e+00
1.4556041e+04 4.5216789e+00
1.4560280e+04 4.2977328e+00
1.4564521e+04 4.0824652e+00
1.4568764e+04 3.8803570e+00
1.4573011e+04 3.6934371e+00
1.4577259e+04 3.5273790e+00
1.4581511e+04 3.3840890e+00
1.4585765e+04 3.2629960e+00
1.4590020e+04 3.1614780e+00
1.4594279e+04 3.0757420e+00
1.4598540e+04 3.0047410e+00
1.4602804e+04 2.9460900e+00
1.4607070e+04 2.8955450e+00
1.4611338e+04 2.8433559e+00
1.4615609e+04 2.7778859e+00
1.4619883e+04 2.6921511e+00
1.4624159e+04 2.5875320e+00
1.4628438e+04 2.4767871e+00
1.4632718e+04 2.3746490e+00
1.4637002e+04 2.2917500e+00
1.4641288e+04 2.2284980e+00
1.4645577e+04 2.1761651e+00
1.4649869e+04 2.1253340e+00
1.4654161e+04 2.0693541e+00
1.4658458e+04 2.0055051e+00
1.4662757e+04 1.9304270e+00
1.4667058e+04 1.8377780e+00
1.4671362e+04 1.7238851e+00
1.4675667e+04 1.5956640e+00
1.4679976e+04 1.4734740e+00
1.4684288e+04 1.3822790e+00
1.4688602e+04 1.3360970e+00
1.4692919e+04 1.3270611e+00
1.4697236e+04 1.3301610e+00
1.4701558e+04 1.3183110e+00
1.4705882e+04 1.2808080e+00
1.4710209e+04 1.2271880e+00
1.4714538e+04 1.1790270e+00
1.4718869e+04 1.1512990e+00
1.4723204e+04 1.1440510e+00
1.4727541e+04 1.1424540e+00
1.4731880e+04 1.1315100e+00
1.4736222e+04 1.1047360e+00
1.4740566e+04 1.0663739e+00
1.4744913e+04 1.0236501e+00
1.4749263e+04 9.7923201e-01
1.4753615e+04 9.2978400e-01
1.4757970e+04 8.7172902e-01
1.4762326e+04 8.0804801e-01
1.4766686e+04 7.4927801e-01
1.4771049e+04 7.0564699e-01
1.4775414e+04 6.8066102e-01
1.4779782e+04 6.6750002e-01
1.4784151e+04 6.5569800e-01
1.4788524e+04 6.3848400e-01
1.4792899e+04 6.1805201e-01
1.4797278e+04 6.0176802e-01
1.4801658e+04 5.9466302e-01
1.4806040e+04 5.9309000e-01
1.4810426e+04 5.8572203e-01
1.4814815e+04 5.6014001e-01
1.4819206e+04 5.1326698e-01
1.4823600e+04 4.5392501e-01
1.4827995e+04 3.9882600e-01
1.4832394e+04 3.6063099e-01
1.4836795e+04 3.4148601e-01
1.4841199e+04 3.3218801e-01
1.4845606e+04 3.2153100e-01
1.4850014e+04 3.0500799e-01
1.4854426e+04 2.8777099e-01
1.4858841e+04 2.8092799e-01
1.4863258e+04 2.9253900e-01
1.4867678e+04 3.2102999e-01
1.4872099e+04 3.5512400e-01
1.4876525e+04 3.7879899e-01
1.4880952e+04 3.7989599e-01
1.4885383e+04 3.5638800e-01
1.4889816e+04 3.1445000e-01
1.4894250e+04 2.6502600e-01
1.4898689e+04 2.1812899e-01
1.4903130e+04 1.8019600e-01
1.4907573e+04 1.5189600e-01
1.4912020e+04 1.3160700e-01
1.4916467e+04 1.2431100e-01
1.4920919e+04 1.4462399e-01
1.4925373e+04 2.0587400e-01
1.4929830e+04 3.0648699e-01
1.4934290e+04 4.2622000e-01
1.4938751e+04 5.4747999e-01
1.4943216e+04 6.6661799e-01
1.4947683e+04 7.7974701e-01
1.4952153e+04 8.6176300e-01
1.4956626e+04 8.6691302e-01
1.4961101e+04 7.6985300e-01
1.4965579e+04 5.9621298e-01
1.4970060e+04 4.1432300e-01
1.4974544e+04 2.8643599e-01
1.4979030e+04 2.3481800e-01
1.4983518e+04 2.4118400e-01
1.4988009e+04 2.7337000e-01
1.4992504e+04 3.0560401e-01
1.4997001e+04 3.2360500e-01
1.5001501e+04 3.2298499e-01
1.5006002e+04 3.0558100e-01
1.5010507e+04 2.7797201e-01
1.5015015e+04 2.5069699e-01
1.5019526e+04 2.3617700e-01
1.5024039e+04 2.4564201e-01
1.5028554e+04 2.8262100e-01
1.5033072e+04 3.4010401e-01
1.5037594e+04 4.0159199e-01
1.5042118e+04 4.4813100e-01
1.5046645e+04 4.6327099e-01
1.5051173e+04 4.3790299e-01
1.5055706e+04 3.7255201e-01
1.5060241e+04 2.7675599e-01
1.5064779e+04 1.6987300e-01
1.5069319e+04 7.1190998e-02
1.5073861e+04 -4.8870002e-03
1.5078407e+04 -5.1139999e-02
1.5082956e+04 -6.6232003e-02
1.5087508e+04 -5.2595001e-02
1.5092062e+04 -1.3351000e-02
1.5096618e+04 4.5442000e-02
1.5101178e+04 1.1360600e-01
1.5105740e+04 1.7690600e-01
1.5110306e+04 2.2149000e-01
1.5114874e+04 2.3882300e-01
1.5119443e+04 2.3224300e-01
1.5124017e+04 2.1569701e-01
1.5128593e+04 2.0887800e-01
1.5133172e+04 2.2728400e-01
1.5137754e+04 2.7480099e-01
1.5142337e+04 3.4093800e-01
1.5146925e+04 4.0245000e-01
1.5151515e+04 4.3408799e-01
1.5156108e+04 4.1720799e-01
1.5160704e+04 3.4990299e-01
1.5165301e+04 2.4626200e-01
1.5169903e+04 1.3103400e-01
1.5174507e+04 3.0064000e-02
1.5179114e+04 -3.5285000e-02
1.5183724e+04 -5.2928001e-02
1.5188335e+04 -2.5129000e-02
1.5192950e+04 3.2090999e-02
1.5197568e+04 9.1242000e-02
1.5202189e+04 1.2943700e-01
1.5206813e+04 1.3718601e-01
1.5211438e+04 1.2164100e-01
1.5216068e+04 9.8513998e-02
1.5220700e+04 8.2731001e-02
1.5225335e+04 8.2111001e-02
1.5229973e+04 9.7084001e-02
1.5234612e+04 1.2407300e-01
1.5239256e+04 1.5838100e-01
1.5243902e+04 1.9607501e-01
1.5248552e+04 2.3398300e-01
1.5253204e+04 2.6733801e-01
1.5257857e+04 2.8860500e-01
1.5262515e+04 2.8905800e-01
1.5267176e+04 2.6273701e-01
1.5271839e+04 2.1104801e-01
1.5276505e+04 1.4581600e-01
1.5281173e+04 8.7188996e-02
1.5285845e+04 5.5002999e-02
1.5290520e+04 6.1655000e-02
1.5295198e+04 1.0440300e-01
1.5299878e+04 1.6703600e-01
1.5304560e+04 2.2664000e-01
1.5309246e+04 2.6445299e-01
1.5313936e+04 2.7134401e-01
1.5318628e+04 2.4850300e-01
1.5323323e+04 2.0463400e-01
1.5328019e+04 1.5044200e-01
1.5332720e+04 9.6391998e-02
1.5337423e+04 5.2142002e-02
1.5342130e+04 2.5916001e-02
1.5346839e+04 2.3055000e-02
1.5351550e+04 4.2915002e-02
1.5356265e+04 7.7437997e-02
1.5360983e+04 1.1305800e-01
1.5365704e+04 1.3689899e-01
1.5370428e+04 1.4221600e-01
1.5375153e+04 1.3368100e-01
1.5379883e+04 1.2626600e-01
1.5384615e+04 1.3837799e-01
1.5389351e+04 1.8243700e-01
1.5394089e+04 2.5415400e-01
1.5398829e+04 3.3245000e-01
1.5403573e+04 3.8769200e-01
1.5408320e+04 4.0032801e-01
1.5413071e+04 3.6859500e-01
1.5417824e+04 3.0975300e-01
1.5422578e+04 2.4759699e-01
1.5427337e+04 1.9919799e-01
1.5432099e+04 1.6720200e-01
1.5436864e+04 1.4395700e-01
1.5441631e+04 1.2128300e-01
1.5446400e+04 9.9229001e-02
1.5451174e+04 8.6306997e-02
1.5455951e+04 9.2458002e-02
1.5460730e+04 1.2016200e-01
1.5465512e+04 1.6081300e-01
1.5470296e+04 1.9698100e-01
1.5475085e+04 2.0968901e-01
1.5479876e+04 1.8801600e-01
1.5484670e+04 1.3461100e-01
1.5489468e+04 6.7138001e-02
1.5494267e+04 8.7970002e-03
1.5499070e+04 -2.0980000e-02
1.5503876e+04 -1.7642001e-02
1.5508685e+04 8.3200000e-03
1.5513497e+04 3.6931001e-02
1.5518311e+04 5.1139999e-02
1.5523129e+04 4.5609001e-02
1.5527950e+04 2.9968999e-02
1.5532774e+04 2.1886000e-02
1.5537602e+04 3.6787000e-02
1.5542430e+04 7.8082003e-02
1.5547263e+04 1.3303700e-01
1.5552100e+04 1.7988600e-01
1.5556939e+04 1.9669500e-01
1.5561781e+04 1.7497499e-01
1.5566625e+04 1.2311900e-01
1.5571473e+04 6.4420000e-02
1.5576324e+04 2.4150999e-02
1.5581178e+04 1.8548001e-02
1.5586036e+04 4.7469001e-02
1.5590894e+04 9.5677003e-02
1.5595758e+04 1.4276500e-01
1.5600624e+04 1.7392600e-01
1.5605493e+04 1.8749200e-01
1.5610366e+04 1.9135401e-01
1.5615240e+04 1.9636101e-01
1.5620118e+04 2.0751899e-01
1.5625000e+04 2.2473300e-01
1.5629885e+04 2.4678700e-01
1.5634772e+04 2.7491999e-01
1.5639662e+04 3.1216100e-01
1.5644555e+04 3.5839000e-01
1.5649452e+04 4.0652701e-01
1.5654352e+04 4.4381601e-01
1.5659255e+04 4.5852599e-01
1.5664160e+04 4.4817901e-01
1.5669069e+04 4.2178601e-01
1.5673981e+04 3.9610800e-01
1.5678897e+04 3.8499799e-01
1.5683815e+04 3.9353299e-01
1.5688735e+04 4.1432300e-01
1.5693659e+04 4.3225199e-01
1.5698587e+04 4.3165600e-01
1.5703518e+04 4.0435699e-01
1.5708452e+04 3.5495701e-01
1.5713387e+04 3.0126500e-01
1.5718327e+04 2.6762399e-01
1.5723270e+04 2.7375200e-01
1.5728217e+04 3.2570300e-01
1.5733166e+04 4.1060400e-01
1.5738117e+04 5.0208497e-01
1.5743073e+04 5.6998700e-01
1.5748031e+04 5.9502101e-01
1.5752993e+04 5.7229900e-01
1.5757958e+04 5.1033401e-01
1.5762925e+04 4.2357400e-01
1.5767896e+04 3.2668099e-01
1.5772871e+04 2.3307800e-01
1.5777848e+04 1.5292101e-01
1.5782829e+04 9.3221001e-02
1.5787811e+04 5.7363000e-02
1.5792798e+04 4.5584999e-02
1.5797788e+04 5.6147002e-02
1.5802782e+04 8.4352002e-02
1.5807778e+04 1.2226100e-01
1.5812776e+04 1.5859599e-01
1.5817779e+04 1.7976700e-01
1.5822785e+04 1.7540400e-01
1.5827794e+04 1.4193000e-01
1.5832806e+04 8.5473001e-02
1.5837820e+04 1.9693000e-02
1.5842839e+04 -3.8361002e-02
1.5847861e+04 -7.5577997e-02
1.5852886e+04 -8.8095002e-02
1.5857914e+04 -8.0536999e-02
1.5862944e+04 -6.2036000e-02
1.5867978e+04 -3.9719999e-02
1.5873016e+04 -1.5664000e-02
1.5878057e+04 1.1873000e-02
1.5883101e+04 4.5442000e-02
1.5888147e+04 8.5091002e-02
1.5893197e+04 1.2652799e-01
1.5898251e+04 1.6183800e-01
1.5903308e+04 1.8069699e-01
1.5908368e+04 1.7464100e-01
1.5913430e+04 1.4162000e-01
1.5918497e+04 8.9311004e-02
1.5923567e+04 3.4212999e-02
1.5928640e+04 -5.6019998e-03
1.5933716e+04 -1.8048000e-02
1.5938794e+04 -5.5780001e-03
1.5943877e+04 1.8191000e-02
1.5948963e+04 3.5737999e-02
1.5954053e+04 3.7645999e-02
1.5959145e+04 2.5486000e-02
1.5964239e+04 8.5349996e-03
1.5969339e+04 -6.1980002e-03
1.5974441e+04 -1.7428000e-02
1.5979546e+04 -2.8586000e-02
1.5984655e+04 -4.1531999e-02
1.5989766e+04 -5.2570999e-02
1.5994881e+04 -5.3477000e-02
1.6000000e+04 -3.8456000e-02
1.6005122e+04 -8.5829999e-03
1.6010247e+04 2.7822999e-02
1.6015374e+04 6.0867999e-02
1.6020506e+04 8.4328003e-02
1.6025641e+04 9.7273998e-02
1.6030779e+04 1.0280600e-01
1.6035921e+04 1.0416500e-01
1.6041064e+04 1.0261500e-01
1.6046213e+04 9.7369999e-02
1.6051364e+04 8.5353002e-02
1.6056519e+04 6.2583998e-02
1.6061677e+04 2.6320999e-02
1.6066837e+04 -2.1791000e-02
1.6072002e+04 -7.2264001e-02
1.6077170e+04 -1.0964800e-01
1.6082342e+04 -1.1703900e-01
1.6087517e+04 -8.5805997e-02
1.6092693e+04 -2.2172000e-02
1.6097875e+04 5.4501999e-02
1.6103060e+04 1.2140200e-01
1.6108248e+04 1.6477101e-01
1.6113439e+04 1.8613300e-01
1.6118633e+04 1.9881700e-01
1.6123831e+04 2.1605401e-01
1.6129032e+04 2.4096900e-01
1.6134237e+04 2.6278400e-01
1.6139445e+04 2.6650399e-01
1.6144655e+04 2.4437900e-01
1.6149870e+04 2.0406200e-01
1.6155089e+04 1.6517600e-01
1.6160311e+04 1.4829600e-01
1.6165536e+04 1.5990700e-01
1.6170763e+04 1.8942299e-01
1.6175995e+04 2.1231100e-01
1.6181230e+04 2.0585001e-01
1.6186468e+04 1.6159999e-01
1.6191710e+04 9.0884998e-02
1.6196954e+04 1.6331000e-02
1.6202203e+04 -4.1723002e-02
1.6207455e+04 -7.5244002e-02
1.6212711e+04 -8.8166997e-02
1.6217970e+04 -8.9216001e-02
1.6223231e+04 -8.3589002e-02
1.6228497e+04 -6.8593003e-02
1.6233766e+04 -3.6311001e-02
1.6239039e+04 2.3293000e-02
1.6244315e+04 1.1348700e-01
1.6249593e+04 2.2499500e-01
1.6254876e+04 3.3326101e-01
1.6260163e+04 4.0814799e-01
1.6265453e+04 4.2603001e-01
1.6270746e+04 3.8461599e-01
1.6276041e+04 3.0496100e-01
1.6281341e+04 2.2289699e-01
1.6286645e+04 1.7168500e-01
1.6291952e+04 1.6491400e-01
1.6297263e+04 1.9357200e-01
1.6302575e+04 2.3193300e-01
1.6307893e+04 2.5560799e-01
1.6313214e+04 2.5069699e-01
1.6318538e+04 2.1862900e-01
1.6323866e+04 1.7144600e-01
1.6329196e+04 1.2578900e-01
1.6334531e+04 9.4246000e-02
1.6339869e+04 8.1896000e-02
1.6345211e+04 8.5424997e-02
1.6350557e+04 9.7774997e-02
1.6355904e+04 1.1401100e-01
1.6361256e+04 1.3203600e-01
1.6366612e+04 1.5230100e-01
1.6371972e+04 1.7414001e-01
1.6377334e+04 1.9478700e-01
1.6382699e+04 2.1250200e-01
1.6388069e+04 2.2952500e-01
1.6393443e+04 2.5312901e-01
1.6398820e+04 2.8986901e-01
1.6404200e+04 3.3824399e-01
1.6409583e+04 3.8387701e-01
1.6414970e+04 4.0681300e-01
1.6420361e+04 3.9305601e-01
1.6425756e+04 3.4353700e-01
1.6431154e+04 2.7174899e-01
1.6436554e+04 1.9509700e-01
1.6441960e+04 1.2667100e-01
1.6447368e+04 7.1787000e-02
1.6452781e+04 3.2304998e-02
1.6458197e+04 9.8219998e-03
1.6463615e+04 5.2919998e-03
1.6469038e+04 1.5330000e-02
1.6474465e+04 2.8538000e-02
1.6479895e+04 2.9778000e-02
1.6485329e+04 7.7240001e-03
1.6490765e+04 -3.7859999e-02
1.6496206e+04 -9.6440002e-02
1.6501650e+04 -1.5306400e-01
1.6507098e+04 -1.9538400e-01
1.6512550e+04 -2.1715100e-01
1.6518004e+04 -2.1705601e-01
1.6523463e+04 -1.9724301e-01
1.6528926e+04 -1.6226700e-01
1.6534392e+04 -1.1847000e-01
1.6539862e+04 -7.3146001e-02
1.6545334e+04 -3.2496002e-02
1.6550811e+04 0.0000000e+00
1.6556291e+04 2.6035000e-02
1.6561776e+04 4.9518999e-02
1.6567264e+04 7.2598003e-02
1.6572754e+04 9.1099001e-02
1.6578249e+04 9.6321002e-02
1.6583748e+04 7.9940997e-02
1.6589251e+04 4.2343002e-02
1.6594757e+04 -5.0539998e-03
1.6600265e+04 -4.2413998e-02
1.6605778e+04 -5.2976001e-02
1.6611296e+04 -3.3186998e-02
1.6616817e+04 1.5970001e-03
1.6622341e+04 2.7346000e-02
1.6627868e+04 2.5796000e-02
1.6633400e+04 -3.5760000e-03
1.6638935e+04 -4.4870000e-02
1.6644474e+04 -7.9965003e-02
1.6650017e+04 -1.0135100e-01
1.6655562e+04 -1.1589500e-01
1.6661113e+04 -1.3553999e-01
1.6666667e+04 -1.6596299e-01
