     400       0
     401       0
     402       0
     403       0
     404       0
     405       0
     406       0
     407       0
     408       0
     409       0
     410       0
     411       0
     412       0
     413       0
     414       0
     415       0
     416       0
     417       0
     418       0
     419       0
     420       0
     421       0
     422       0
     423       0
     424       0
     425       0
     426       0
     427       0
     428       0
     429       0
     430       0
     431       0
     432       0
     433       0
     434       0
     435       0
     436       0
     437       0
     438       0
     439       0
     440       0
     441       0
     442       0
     443       0
     444       0
     445       0
     446       0
     447       0
     448       0
     449       0
     450       0
     451       0
     452       0
     453       0
     454       0
     455       0
     456       0
     457       0
     458       0
     459       0
     460       0
     461       0
     462       0
     463       0
     464       0
     465       0
     466       0
     467       0
     468 0.0004627
     469 0.0006496
     470 0.0008457
     471 0.001931
     472 0.002991
     473 0.004193
     474 0.005345
     475 0.006126
     476 0.006894
     477 0.008117
     478 0.009281
     479 0.009758
     480  0.0102
     481 0.01064
     482 0.01105
     483 0.01145
     484  0.0118
     485 0.01214
     486 0.01246
     487 0.01277
     488 0.01304
     489 0.01292
     490 0.01283
     491 0.01269
     492 0.01257
     493 0.01221
     494 0.01187
     495 0.01155
     496 0.01124
     497 0.01081
     498 0.01042
     499 0.01069
     500 0.01093
     501 0.01097
     502 0.01102
     503 0.01033
     504 0.009705
     505 0.01112
     506 0.01252
     507 0.01378
     508 0.01504
     509 0.01782
     510 0.02053
     511 0.02512
     512 0.02967
     513 0.03642
     514 0.04318
     515 0.05356
     516 0.06365
     517 0.07843
     518 0.09286
     519  0.1128
     520  0.1327
     521  0.1609
     522  0.1885
     523  0.2305
     524  0.2715
     525  0.3219
     526  0.3716
     527  0.4661
     528  0.5577
     529  0.6575
     530  0.7552
     531  0.8361
     532  0.9139
     533  0.9472
     534  0.9785
     535  0.9653
     536  0.9531
     537  0.9465
     538   0.942
     539   0.933
     540  0.9229
     541  0.9206
     542  0.9194
     543  0.9225
     544  0.9266
     545  0.9313
     546  0.9366
     547  0.9366
     548  0.9388
     549  0.9356
     550  0.9363
     551  0.9376
     552  0.9421
     553  0.9055
     554  0.8677
     555  0.9254
     556  0.9808
     557  0.9905
     558  0.9997
     559  0.9999
     560       1
     561  0.9768
     562  0.9544
     563   0.932
     564  0.9115
     565  0.8652
     566  0.8206
     567  0.7691
     568  0.7184
     569  0.6647
     570  0.6084
     571  0.5504
     572   0.492
     573  0.4348
     574  0.3783
     575  0.3237
     576  0.2701
     577  0.2133
     578  0.1576
     579   0.137
     580  0.1168
     581 0.09567
     582 0.07471
     583 0.06121
     584 0.04764
     585 0.03923
     586 0.03082
     587 0.02569
     588 0.02063
     589 0.01726
     590 0.01393
     591 0.01162
     592 0.009328
     593 0.007728
     594 0.00616
     595 0.005333
     596 0.00452
     597 0.003928
     598 0.003337
     599 0.00285
     600 0.00237
     601 0.002047
     602 0.001728
     603 0.001409
     604 0.001091
     605 0.0009332
     606 0.000775
     607 0.00067
     608 0.0005654
     609 0.0005129
     610 0.0004608
     611 0.0005129
     612 0.0005647
     613 0.0005647
     614 0.0005648
     615 0.0006164
     616 0.0006681
     617 0.0004088
     618 0.0001505
     619 0.0004088
     620 0.0006667
     621 0.000667
     622 0.000667
     623 0.000667
     624 0.0006671
     625 0.0006669
     626 0.0006666
     627 0.0006661
     628 0.0006662
     629 0.0006664
     630 0.0006659
     631 0.000666
     632 0.0006659
     633 0.0006663
     634 0.0006666
     635 0.0006666
     636 0.0006661
     637 0.0006661
     638 0.0006665
     639 0.0006152
     640 0.0005638
     641 0.0005637
     642 0.0005641
     643 0.0005125
     644 0.0004608
     645 0.0004607
     646 0.0004607
     647 0.0004607
     648 0.0004607
     649 0.0005675
     650 0.000677
     651 0.0008947
     652 0.001112
     653 0.001165
     654 0.001218
     655 0.001486
     656 0.001745
     657 0.002055
     658 0.002364
     659 0.002717
     660 0.003059
     661 0.00335
     662 0.003636
     663 0.003866
     664 0.004095
     665 0.004374
     666 0.004648
     667 0.004821
     668 0.004985
     669 0.005112
     670 0.005232
     671 0.005454
     672 0.00568
     673 0.005806
     674 0.005939
     675 0.005925
     676 0.005917
     677 0.005668
     678 0.00543
     679 0.005846
     680 0.006258
     681 0.006256
     682 0.006262
     683 0.006158
     684 0.006064
     685 0.006168
     686 0.006261
     687 0.00608
     688 0.005894
     689  0.0058
     690 0.005717
     691 0.005576
     692 0.005435
     693 0.005201
     694 0.004967
     695 0.004593
     696 0.004217
     697 0.003692
     698 0.003161
     699 0.002779
     700 0.002398
     701 0.001921
     702 0.001437
     703 0.0009993
     704 0.0005592
     705 0.0006074
     706 0.0006569
     707 0.0006575
     708 0.0006578
     709 0.00056
     710 0.0004612
     711 0.00051
     712 0.0005597
     713 0.0005604
     714 0.0005607
     715 0.0005113
     716 0.0004613
     717 0.0004607
     718 0.0004607
     719 0.0005113
     720 0.0005624
     721 0.0005629
     722 0.0005633
     723 0.0004611
     724 0.0003576
     725 0.0005113
     726 0.0006669
     727 0.0006688
     728 0.0006696
     729 0.0005661
     730 0.0004614
     731 0.0005654
     732 0.0006713
     733 0.0006201
     734 0.0005677
     735 0.0006209
     736 0.0006751
     737 0.0006761
     738 0.000677
     739 0.0006778
     740 0.0006786
     741 0.0006794
     742 0.0006803
     743 0.0006812
     744 0.0006821
     745 0.0006828
     746 0.0006839
     747 0.0006848
     748 0.0006852
     749 0.0006863
     750 0.000687
     751 0.0006878
     752 0.000689
     753 0.0006334
     754 0.0005767
     755 0.0006334
     756 0.0006918
     757 0.0006937
     758 0.0006947
     759 0.0006961
     760 0.0006967
     761 0.0006975
     762 0.0006989
     763  0.0007
     764 0.0007008
     765 0.0007019
     766 0.0007027
     767 0.0007041
     768 0.0007054
     769 0.0007066
     770 0.0007074
     771 0.0007088
     772 0.0007097
     773 0.0007111
     774 0.0007123
     775 0.0006512
     776 0.0005885
     777 0.0005883
     778 0.0005889
     779 0.0005896
     780 0.0005903
     781 0.0005908
     782 0.0005914
     783 0.0005271
     784 0.0004615
     785 0.0005915
     786 0.0007247
     787 0.0005961
     788 0.0004625
     789 0.0004607
     790 0.0004607
     791 0.0005949
     792 0.000732
     793 0.0007352
     794 0.000737
     795 0.0006013
     796 0.0004627
     797 0.0006676
     798 0.0008791
     799 0.0008149
     800 0.0007457
     801 0.0007461
     802 0.000747
     803 0.0007484
     804 0.0007494
     805 0.000751
     806 0.000752
     807 0.0007532
     808 0.0007542
     809 0.0007561
     810 0.0007574
     811 0.0007584
     812 0.0007596
     813 0.0007607
     814 0.0007618
     815 0.0007627
     816 0.0007636
     817 0.0007645
     818 0.0007658
     819 0.0007668
     820 0.0007678
     821 0.0007691
     822 0.00077
     823 0.0006947
     824 0.000617
     825 0.0006939
     826 0.0007725
     827 0.0007745
     828 0.000775
     829 0.0007756
     830 0.0007764
     831 0.0007772
     832 0.000778
     833 0.0007779
     834 0.0007786
     835 0.0007007
     836 0.0006213
     837 0.000699
     838 0.0007797
     839 0.0007022
     840 0.0006227
     841 0.0006213
     842 0.0006213
     843 0.0005421
     844 0.0004619
     845 0.0004607
     846 0.0004607
     847 0.0004607
     848 0.0004607
     849 0.0006192
     850 0.0007809
     851 0.0007833
     852 0.0007829
     853 0.0007035
     854 0.000623
     855 0.0007006
     856 0.0007802
     857 0.000545
     858 0.0003047
     859 0.0005364
     860 0.0007773
     861 0.0007807
     862 0.0007804
     863 0.0007013
     864 0.0006214
     865 0.0006201
     866 0.0006201
     867 0.0006978
     868 0.0007772
     869 0.0007786
     870 0.0007779
     871 0.0007774
     872 0.0007772
     873 0.0007763
     874 0.0007759
     875 0.0007751
     876 0.0007743
     877 0.0007745
     878 0.0007736
     879 0.0007728
     880 0.0007727
     881 0.0006193
     882 0.0004638
     883 0.0006134
     884 0.0007686
     885 0.0007705
     886 0.0007705
     887 0.0005415
     888 0.0003099
     889 0.0005332
     890 0.0007634
     891 0.0007672
     892 0.0007667
     893 0.000767
     894 0.0007671
     895 0.0007663
     896 0.0007659
     897 0.0007657
     898 0.0007655
     899 0.0007647
     900 0.0007643
     901 0.0007643
     902 0.0007626
     903 0.0007623
     904 0.0007631
     905 0.0007631
     906 0.0007627
     907 0.0007626
     908 0.0007623
     909 0.0007619
     910 0.0007613
     911 0.0007611
     912 0.0007619
     913 0.0006873
     914 0.0006126
     915 0.0006841
     916 0.0007593
     917 0.0007607
     918 0.0007604
     919 0.0006868
     920 0.0006118
     921 0.0006835
     922 0.0007583
     923 0.0007606
     924 0.0007607
     925 0.0007602
     926 0.0007602
     927 0.0006871
     928 0.0006123
     929 0.0005371
     930 0.000462
     931 0.0004607
     932 0.0004607
     933 0.0005349
     934 0.00061
     935 0.0006116
     936 0.0006118
     937 0.0006118
     938 0.0006114
     939 0.0006115
     940 0.0006117
     941 0.0005379
     942 0.0004621
     943 0.0004607
     944 0.0004607
     945 0.00061
     946 0.0007621
     947 0.0006915
     948 0.0006151
     949 0.0006895
     950 0.0007657
     951 0.0006178
     952 0.0004643
     953 0.0006114
     954 0.0007663
     955 0.0007703
     956 0.0007708
     957 0.0003906
     958       0
     959       0
     960       0
     961       0
     962       0
     963       0
     964       0
     965       0
     966       0
     967       0
     968       0
     969       0
     970       0
     971       0
     972       0
     973       0
     974       0
     975       0
     976       0
     977       0
     978       0
     979       0
     980       0
     981       0
     982       0
     983       0
     984       0
     985       0
     986       0
     987       0
     988       0
     989       0
     990       0
     991       0
     992       0
     993       0
     994       0
     995       0
     996       0
     997       0
     998       0
     999       0
    1000       0
    1001       0
    1002       0
    1003       0
    1004       0
    1005       0
    1006       0
    1007       0
    1008       0
    1009       0
    1010       0
    1011       0
    1012       0
    1013       0
    1014       0
    1015       0
    1016       0
    1017       0
    1018       0
    1019       0
    1020       0
    1021       0
    1022       0
    1023       0
    1024       0
    1025       0
    1026       0
    1027       0
    1028       0
    1029       0
    1030       0
    1031       0
    1032       0
    1033       0
    1034       0
    1035       0
    1036       0
    1037       0
    1038       0
    1039       0
    1040       0
    1041       0
    1042       0
    1043       0
    1044       0
    1045       0
    1046       0
    1047       0
    1048       0
    1049       0
    1050       0
    1051       0
    1052       0
    1053       0
    1054       0
    1055       0
    1056       0
    1057       0
    1058       0
    1059       0
    1060       0
    1061       0
    1062       0
    1063       0
    1064       0
    1065       0
    1066       0
    1067       0
    1068       0
    1069       0
    1070       0
    1071       0
    1072       0
    1073       0
    1074       0
    1075       0
    1076       0
    1077       0
    1078       0
    1079       0
    1080       0
    1081       0
    1082       0
    1083       0
    1084       0
    1085       0
    1086       0
    1087       0
    1088       0
    1089       0
    1090       0
    1091       0
    1092       0
    1093       0
    1094       0
    1095       0
    1096       0
    1097       0
    1098       0
    1099       0
    1100       0
    1101       0
    1102       0
    1103       0
    1104       0
    1105       0
    1106       0
    1107       0
    1108       0
    1109       0
    1110       0
    1111       0
    1112       0
    1113       0
    1114       0
    1115       0
    1116       0
    1117       0
    1118       0
    1119       0
    1120       0
    1121       0
    1122       0
    1123       0
    1124       0
    1125       0
    1126       0
    1127       0
    1128       0
    1129       0
    1130       0
    1131       0
    1132       0
    1133       0
    1134       0
    1135       0
    1136       0
    1137       0
    1138       0
    1139       0
    1140       0
    1141       0
    1142       0
    1143       0
    1144       0
    1145       0
    1146       0
    1147       0
    1148       0
    1149       0
    1150       0
    1151       0
    1152       0
    1153       0
    1154       0
    1155       0
    1156       0
    1157       0
    1158       0
    1159       0
    1160       0
    1161       0
    1162       0
    1163       0
    1164       0
    1165       0
    1166       0
    1167       0
    1168       0
    1169       0
    1170       0
    1171       0
    1172       0
    1173       0
    1174       0
    1175       0
    1176       0
    1177       0
    1178       0
    1179       0
    1180       0
    1181       0
    1182       0
    1183       0
    1184       0
    1185       0
    1186       0
    1187       0
    1188       0
    1189       0
    1190       0
    1191       0
    1192       0
    1193       0
    1194       0
    1195       0
    1196       0
    1197       0
    1198       0
    1199       0
    1200       0
