6.6666667e+03 1.5974000e-02
6.6675555e+03 4.2438000e-02
6.6684450e+03 7.2835997e-02
6.6693343e+03 1.0490400e-01
6.6702243e+03 1.3582700e-01
6.6711141e+03 1.6295899e-01
6.6720041e+03 1.8398701e-01
6.6728948e+03 1.9714800e-01
6.6737853e+03 2.0201200e-01
6.6746765e+03 1.9924600e-01
6.6755674e+03 1.9044800e-01
6.6764586e+03 1.7797901e-01
6.6773505e+03 1.6455600e-01
6.6782422e+03 1.5296900e-01
6.6791346e+03 1.4591201e-01
6.6800267e+03 1.4486299e-01
6.6809191e+03 1.5010799e-01
6.6818122e+03 1.6093200e-01
6.6827051e+03 1.7569000e-01
6.6835987e+03 1.9211701e-01
6.6844920e+03 2.0737600e-01
6.6853855e+03 2.1922500e-01
6.6862799e+03 2.2587700e-01
6.6871739e+03 2.2642601e-01
6.6880687e+03 2.2101399e-01
6.6889632e+03 2.1059500e-01
6.6898580e+03 1.9667099e-01
6.6907535e+03 1.8086401e-01
6.6916487e+03 1.6460399e-01
6.6925447e+03 1.4896300e-01
6.6934404e+03 1.3463400e-01
6.6943364e+03 1.2204600e-01
6.6952331e+03 1.1091200e-01
6.6961295e+03 1.0108900e-01
6.6970267e+03 9.2124000e-02
6.6979236e+03 8.3255000e-02
6.6988208e+03 7.3647000e-02
6.6997187e+03 6.2251002e-02
6.7006163e+03 4.7826000e-02
6.7015148e+03 2.9540000e-02
6.7024129e+03 6.9140000e-03
6.7033112e+03 -2.0098001e-02
6.7042104e+03 -5.0639998e-02
6.7051092e+03 -8.3374001e-02
6.7060088e+03 -1.1596600e-01
6.7069081e+03 -1.4603101e-01
6.7078077e+03 -1.7092200e-01
6.7087080e+03 -1.8818299e-01
6.7096080e+03 -1.9607501e-01
6.7105089e+03 -1.9328500e-01
6.7114094e+03 -1.7971900e-01
6.7123102e+03 -1.5590100e-01
6.7132117e+03 -1.2292800e-01
6.7141130e+03 -8.2445003e-02
6.7150150e+03 -3.6238998e-02
6.7159167e+03 1.3875000e-02
6.7168187e+03 6.6399001e-02
6.7177215e+03 1.2001900e-01
6.7186239e+03 1.7347300e-01
6.7195272e+03 2.2549599e-01
6.7204301e+03 2.7451500e-01
6.7213333e+03 3.1886101e-01
6.7222373e+03 3.5650700e-01
6.7231409e+03 3.8573700e-01
6.7240454e+03 4.0535900e-01
6.7249496e+03 4.1491899e-01
6.7258540e+03 4.1479999e-01
6.7267592e+03 4.0729001e-01
6.7276640e+03 3.9503500e-01
6.7285697e+03 3.8096899e-01
6.7294751e+03 3.6792701e-01
6.7303807e+03 3.5810399e-01
6.7312871e+03 3.5288301e-01
6.7321932e+03 3.5212001e-01
6.7331001e+03 3.5493299e-01
6.7340067e+03 3.5979700e-01
6.7349136e+03 3.6492300e-01
6.7358212e+03 3.6878499e-01
6.7367285e+03 3.7000099e-01
6.7376367e+03 3.6799899e-01
6.7385445e+03 3.6268201e-01
6.7394525e+03 3.5438499e-01
6.7403614e+03 3.4365600e-01
6.7412699e+03 3.3116299e-01
6.7421793e+03 3.1764501e-01
6.7430883e+03 3.0341101e-01
6.7439976e+03 2.8874800e-01
6.7449077e+03 2.7365601e-01
6.7458175e+03 2.5784901e-01
6.7467281e+03 2.4094500e-01
6.7476383e+03 2.2234900e-01
6.7485488e+03 2.0153500e-01
6.7494602e+03 1.7836000e-01
6.7503712e+03 1.5306400e-01
6.7512830e+03 1.2628999e-01
6.7521945e+03 9.9349000e-02
6.7531062e+03 7.3551998e-02
6.7540188e+03 5.0639998e-02
6.7549310e+03 3.2138001e-02
6.7558440e+03 1.9478001e-02
6.7567568e+03 1.3709000e-02
6.7576697e+03 1.5044000e-02
6.7585835e+03 2.3197999e-02
6.7594970e+03 3.7312001e-02
6.7604113e+03 5.6123000e-02
6.7613252e+03 7.8201003e-02
6.7622394e+03 1.0190000e-01
6.7631544e+03 1.2569401e-01
6.7640692e+03 1.4760400e-01
6.7649847e+03 1.6632000e-01
6.7658999e+03 1.8057799e-01
6.7668153e+03 1.8961400e-01
6.7677316e+03 1.9323801e-01
6.7686475e+03 1.9192600e-01
6.7695643e+03 1.8692000e-01
6.7704807e+03 1.8012500e-01
6.7713974e+03 1.7354400e-01
6.7723149e+03 1.6911000e-01
6.7732321e+03 1.6820399e-01
6.7741501e+03 1.7156599e-01
6.7750678e+03 1.7893299e-01
6.7759857e+03 1.8930399e-01
6.7769044e+03 2.0134400e-01
6.7778229e+03 2.1367000e-01
6.7787421e+03 2.2466099e-01
6.7796610e+03 2.3357800e-01
6.7805802e+03 2.3953900e-01
6.7815002e+03 2.4151801e-01
6.7824199e+03 2.3860900e-01
6.7833403e+03 2.2971600e-01
6.7842605e+03 2.1345600e-01
6.7851809e+03 1.8906499e-01
6.7861022e+03 1.5664101e-01
6.7870231e+03 1.1737300e-01
6.7879448e+03 7.3789999e-02
6.7888663e+03 2.9397000e-02
6.7897879e+03 -1.1682000e-02
6.7907104e+03 -4.5180000e-02
6.7916326e+03 -6.7782000e-02
6.7925556e+03 -7.7939004e-02
6.7934783e+03 -7.5507000e-02
6.7944012e+03 -6.1535001e-02
6.7953249e+03 -3.8242001e-02
6.7962484e+03 -8.7730000e-03
6.7971726e+03 2.3984000e-02
6.7980965e+03 5.7624999e-02
6.7990207e+03 9.0336002e-02
6.7999457e+03 1.2097300e-01
6.8008704e+03 1.4939301e-01
6.8017959e+03 1.7533299e-01
6.8027211e+03 1.9929400e-01
6.8036465e+03 2.2165699e-01
6.8045728e+03 2.4285300e-01
6.8054987e+03 2.6316601e-01
6.8064255e+03 2.8285900e-01
6.8073519e+03 3.0190900e-01
6.8082786e+03 3.2012400e-01
6.8092062e+03 3.3712301e-01
6.8101334e+03 3.5242999e-01
6.8110614e+03 3.6573401e-01
6.8119891e+03 3.7650999e-01
6.8129171e+03 3.8435400e-01
6.8138458e+03 3.8890800e-01
6.8147743e+03 3.9000499e-01
6.8157036e+03 3.8764399e-01
6.8166326e+03 3.8199401e-01
6.8175618e+03 3.7357801e-01
6.8184919e+03 3.6315900e-01
6.8194216e+03 3.5183400e-01
6.8203522e+03 3.4074700e-01
6.8212824e+03 3.3099601e-01
6.8222129e+03 3.2355699e-01
6.8231442e+03 3.1907499e-01
6.8240752e+03 3.1762099e-01
6.8250071e+03 3.1878901e-01
6.8259386e+03 3.2179299e-01
6.8268703e+03 3.2548901e-01
6.8278029e+03 3.2863599e-01
6.8287352e+03 3.2994699e-01
6.8296683e+03 3.2856399e-01
6.8306011e+03 3.2427299e-01
6.8315341e+03 3.1721500e-01
6.8324680e+03 3.0803600e-01
6.8334016e+03 2.9768899e-01
6.8343359e+03 2.8765199e-01
6.8352700e+03 2.7918801e-01
6.8362043e+03 2.7358499e-01
6.8371395e+03 2.7165401e-01
6.8380743e+03 2.7379900e-01
6.8390099e+03 2.8007001e-01
6.8399453e+03 2.9008299e-01
6.8408809e+03 3.0331600e-01
6.8418173e+03 3.1907499e-01
6.8427534e+03 3.3664700e-01
6.8436903e+03 3.5541001e-01
6.8446270e+03 3.7467399e-01
6.8455638e+03 3.9391500e-01
6.8465016e+03 4.1251099e-01
6.8474389e+03 4.2986801e-01
6.8483772e+03 4.4543701e-01
6.8493151e+03 4.5864499e-01
6.8502532e+03 4.6882600e-01
6.8511922e+03 4.7554901e-01
6.8521309e+03 4.7833899e-01
6.8530704e+03 4.7695601e-01
6.8540096e+03 4.7121000e-01
6.8549490e+03 4.6112499e-01
6.8558893e+03 4.4696301e-01
6.8568293e+03 4.2934400e-01
6.8577701e+03 4.0922099e-01
6.8587106e+03 3.8778701e-01
6.8596513e+03 3.6649701e-01
6.8605929e+03 3.4687501e-01
6.8615341e+03 3.3047101e-01
6.8624762e+03 3.1850299e-01
6.8634180e+03 3.1165999e-01
6.8643600e+03 3.1008700e-01
6.8653029e+03 3.1354401e-01
6.8662454e+03 3.2122099e-01
6.8671888e+03 3.3182999e-01
6.8681319e+03 3.4384701e-01
6.8690752e+03 3.5595801e-01
6.8700194e+03 3.6714000e-01
6.8709632e+03 3.7650999e-01
6.8719079e+03 3.8342401e-01
6.8728522e+03 3.8776299e-01
6.8737969e+03 3.8969499e-01
6.8747423e+03 3.8962299e-01
6.8756875e+03 3.8814500e-01
6.8766334e+03 3.8599899e-01
6.8775791e+03 3.8378200e-01
6.8785250e+03 3.8204101e-01
6.8794718e+03 3.8099200e-01
6.8804182e+03 3.8056299e-01
6.8813655e+03 3.8042000e-01
6.8823125e+03 3.7996700e-01
6.8832597e+03 3.7841699e-01
6.8842077e+03 3.7493700e-01
6.8851555e+03 3.6892799e-01
6.8861041e+03 3.6010700e-01
6.8870523e+03 3.4856701e-01
6.8880009e+03 3.3469200e-01
6.8889502e+03 3.1929001e-01
6.8898993e+03 3.0314901e-01
6.8908492e+03 2.8731799e-01
6.8917988e+03 2.7258301e-01
6.8927486e+03 2.5973299e-01
6.8936993e+03 2.4962400e-01
6.8946496e+03 2.4290000e-01
6.8956008e+03 2.4049200e-01
6.8965517e+03 2.4321000e-01
6.8975029e+03 2.5184101e-01
6.8984549e+03 2.6712400e-01
6.8994065e+03 2.8953499e-01
6.9003591e+03 3.1912300e-01
6.9013112e+03 3.5543400e-01
6.9022637e+03 3.9727601e-01
6.9032170e+03 4.4281399e-01
6.9041700e+03 4.8973501e-01
6.9051238e+03 5.3532100e-01
6.9060773e+03 5.7642400e-01
6.9070311e+03 6.1039901e-01
6.9079857e+03 6.3545698e-01
6.9089401e+03 6.5047699e-01
6.9098952e+03 6.5526903e-01
6.9108500e+03 6.5069097e-01
6.9118051e+03 6.3850802e-01
6.9127611e+03 6.2088901e-01
6.9137167e+03 5.9998000e-01
6.9146732e+03 5.7783097e-01
6.9156293e+03 5.5627799e-01
6.9165857e+03 5.3682297e-01
6.9175430e+03 5.2082503e-01
6.9185000e+03 5.0914198e-01
6.9194577e+03 5.0265700e-01
6.9204152e+03 5.0194198e-01
6.9213730e+03 5.0725901e-01
6.9223316e+03 5.1853597e-01
6.9232898e+03 5.3510600e-01
6.9242490e+03 5.5546701e-01
6.9252078e+03 5.7790202e-01
6.9261668e+03 6.0048097e-01
6.9271267e+03 6.2122297e-01
6.9280863e+03 6.3860399e-01
6.9290468e+03 6.5169299e-01
6.9300069e+03 6.6053802e-01
6.9309673e+03 6.6559303e-01
6.9319286e+03 6.6783398e-01
6.9328895e+03 6.6859698e-01
6.9338513e+03 6.6921699e-01
6.9348128e+03 6.7098099e-01
6.9357745e+03 6.7481899e-01
6.9367371e+03 6.8130398e-01
6.9376993e+03 6.9060302e-01
6.9386625e+03 7.0273799e-01
6.9396253e+03 7.1718597e-01
6.9405883e+03 7.3313701e-01
6.9415522e+03 7.4961102e-01
6.9425159e+03 7.6551402e-01
6.9434803e+03 7.7974701e-01
6.9444444e+03 7.9128700e-01
6.9454088e+03 7.9965502e-01
6.9463741e+03 8.0459100e-01
6.9473391e+03 8.0640298e-01
6.9483048e+03 8.0547303e-01
6.9492703e+03 8.0208701e-01
6.9502361e+03 7.9624599e-01
6.9512027e+03 7.8790098e-01
6.9521690e+03 7.7657598e-01
6.9531361e+03 7.6220000e-01
6.9541029e+03 7.4517697e-01
6.9550700e+03 7.2638899e-01
6.9560380e+03 7.0760202e-01
6.9570056e+03 6.9174701e-01
6.9579741e+03 6.8178099e-01
6.9589422e+03 6.8011200e-01
6.9599107e+03 6.8843299e-01
6.9608800e+03 7.0731598e-01
6.9618489e+03 7.3563999e-01
6.9628188e+03 7.7114099e-01
6.9637883e+03 8.1086099e-01
6.9647581e+03 8.5182101e-01
6.9657287e+03 8.9144701e-01
6.9666991e+03 9.2787701e-01
6.9676702e+03 9.5982498e-01
6.9686411e+03 9.8676598e-01
6.9696123e+03 1.0089390e+00
6.9705843e+03 1.0263910e+00
6.9715559e+03 1.0391949e+00
6.9725285e+03 1.0477300e+00
6.9735007e+03 1.0522840e+00
6.9744732e+03 1.0532370e+00
6.9754465e+03 1.0516400e+00
6.9764196e+03 1.0485640e+00
6.9773935e+03 1.0451790e+00
6.9783671e+03 1.0427229e+00
6.9793409e+03 1.0423890e+00
6.9803156e+03 1.0449170e+00
6.9812900e+03 1.0506390e+00
6.9822653e+03 1.0597939e+00
6.9832402e+03 1.0724061e+00
6.9842154e+03 1.0883090e+00
6.9851915e+03 1.1074060e+00
6.9861673e+03 1.1293170e+00
6.9871439e+03 1.1533730e+00
6.9881202e+03 1.1785980e+00
6.9890968e+03 1.2037990e+00
6.9900742e+03 1.2275450e+00
6.9910513e+03 1.2483350e+00
6.9920293e+03 1.2649770e+00
6.9930070e+03 1.2766830e+00
6.9939849e+03 1.2832880e+00
6.9949637e+03 1.2852430e+00
6.9959422e+03 1.2834311e+00
6.9969216e+03 1.2792110e+00
6.9979006e+03 1.2739650e+00
6.9988799e+03 1.2689110e+00
6.9998601e+03 1.2649291e+00
7.0008400e+03 1.2626400e+00
7.0018207e+03 1.2624260e+00
7.0028011e+03 1.2640470e+00
7.0037818e+03 1.2671700e+00
7.0047634e+03 1.2711999e+00
7.0057446e+03 1.2755630e+00
7.0067267e+03 1.2797830e+00
7.0077085e+03 1.2834780e+00
7.0086905e+03 1.2863870e+00
7.0096735e+03 1.2886519e+00
7.0106561e+03 1.2903450e+00
7.0116396e+03 1.2918230e+00
7.0126227e+03 1.2936350e+00
7.0136062e+03 1.2964240e+00
7.0145905e+03 1.3011210e+00
7.0155745e+03 1.3085600e+00
7.0165593e+03 1.3195270e+00
7.0175439e+03 1.3347141e+00
7.0185287e+03 1.3547890e+00
7.0195144e+03 1.3800380e+00
7.0204997e+03 1.4100790e+00
7.0214860e+03 1.4441010e+00
7.0224719e+03 1.4810801e+00
7.0234581e+03 1.5196559e+00
7.0244452e+03 1.5584230e+00
7.0254319e+03 1.5957590e+00
7.0264196e+03 1.6303530e+00
7.0274069e+03 1.6616340e+00
7.0283945e+03 1.6893380e+00
7.0293829e+03 1.7135850e+00
7.0303711e+03 1.7348050e+00
7.0313601e+03 1.7534970e+00
7.0323488e+03 1.7705200e+00
7.0333378e+03 1.7863270e+00
7.0343276e+03 1.8008699e+00
7.0353172e+03 1.8137450e+00
7.0363076e+03 1.8244261e+00
7.0372977e+03 1.8322700e+00
7.0382880e+03 1.8372771e+00
7.0392793e+03 1.8397800e+00
7.0402702e+03 1.8408771e+00
7.0412620e+03 1.8423311e+00
7.0422535e+03 1.8467180e+00
7.0432453e+03 1.8569230e+00
7.0442379e+03 1.8746370e+00
7.0452303e+03 1.9008390e+00
7.0462235e+03 1.9354340e+00
7.0472163e+03 1.9772290e+00
7.0482095e+03 2.0244589e+00
7.0492036e+03 2.0744081e+00
7.0501973e+03 2.1248810e+00
7.0511919e+03 2.1745679e+00
7.0521862e+03 2.2230861e+00
7.0531807e+03 2.2706270e+00
7.0541762e+03 2.3175709e+00
7.0551713e+03 2.3649931e+00
7.0561673e+03 2.4135351e+00
7.0571630e+03 2.4636979e+00
7.0581590e+03 2.5155780e+00
7.0591558e+03 2.5688169e+00
7.0601524e+03 2.6230330e+00
7.0611498e+03 2.6782031e+00
7.0621469e+03 2.7344699e+00
7.0631443e+03 2.7920001e+00
7.0641425e+03 2.8508899e+00
7.0651405e+03 2.9114480e+00
7.0661393e+03 2.9740570e+00
7.0671378e+03 3.0389781e+00
7.0681366e+03 3.1058781e+00
7.0691363e+03 3.1742570e+00
7.0701356e+03 3.2436130e+00
7.0711359e+03 3.3135409e+00
7.0721358e+03 3.3837309e+00
7.0731360e+03 3.4534690e+00
7.0741371e+03 3.5223241e+00
7.0751378e+03 3.5902021e+00
7.0761395e+03 3.6574600e+00
7.0771408e+03 3.7245750e+00
7.0781425e+03 3.7915220e+00
7.0791450e+03 3.8587091e+00
7.0801471e+03 3.9268010e+00
7.0811502e+03 3.9965391e+00
7.0821530e+03 4.0685410e+00
7.0831560e+03 4.1429510e+00
7.0841599e+03 4.2199130e+00
7.0851635e+03 4.3000689e+00
7.0861680e+03 4.3839931e+00
7.0871722e+03 4.4718981e+00
7.0881767e+03 4.5634260e+00
7.0891820e+03 4.6584120e+00
7.0901871e+03 4.7566652e+00
7.0911930e+03 4.8582072e+00
7.0921986e+03 4.9621820e+00
7.0932045e+03 5.0677290e+00
7.0942112e+03 5.1743259e+00
7.0952177e+03 5.2820201e+00
7.0962251e+03 5.3914781e+00
7.0972321e+03 5.5027719e+00
7.0982394e+03 5.6162591e+00
7.0992476e+03 5.7325602e+00
7.1002555e+03 5.8526268e+00
7.1012643e+03 5.9771290e+00
7.1022727e+03 6.1054220e+00
7.1032815e+03 6.2365999e+00
7.1042911e+03 6.3697090e+00
7.1053004e+03 6.5039868e+00
7.1063107e+03 6.6387892e+00
7.1073205e+03 6.7724938e+00
7.1083307e+03 6.9048882e+00
7.1093418e+03 7.0372338e+00
7.1103526e+03 7.1719160e+00
7.1113642e+03 7.3114872e+00
7.1123755e+03 7.4580660e+00
7.1133871e+03 7.6142778e+00
7.1143997e+03 7.7828641e+00
7.1154119e+03 7.9657550e+00
7.1164250e+03 8.1628084e+00
7.1174377e+03 8.3723297e+00
7.1184508e+03 8.5921278e+00
7.1194647e+03 8.8192701e+00
7.1204784e+03 9.0516319e+00
7.1214929e+03 9.2862120e+00
7.1225071e+03 9.5211020e+00
7.1235216e+03 9.7560883e+00
7.1245370e+03 9.9926939e+00
7.1255521e+03 1.0234236e+01
7.1265681e+03 1.0482668e+01
7.1275837e+03 1.0739779e+01
7.1285997e+03 1.1007237e+01
7.1296166e+03 1.1286091e+01
7.1306331e+03 1.1576199e+01
7.1316505e+03 1.1873126e+01
7.1326676e+03 1.2172126e+01
7.1336850e+03 1.2469577e+01
7.1347033e+03 1.2763071e+01
7.1357213e+03 1.3050699e+01
7.1367402e+03 1.3329935e+01
7.1377587e+03 1.3601684e+01
7.1387776e+03 1.3869428e+01
7.1397974e+03 1.4139366e+01
7.1408168e+03 1.4417982e+01
7.1418371e+03 1.4711451e+01
7.1428571e+03 1.5026545e+01
7.1438774e+03 1.5371084e+01
7.1448987e+03 1.5749955e+01
7.1459196e+03 1.6162466e+01
7.1469414e+03 1.6604424e+01
7.1479628e+03 1.7069124e+01
7.1489846e+03 1.7547464e+01
7.1500073e+03 1.8030142e+01
7.1510296e+03 1.8508028e+01
7.1520529e+03 1.8974566e+01
7.1530758e+03 1.9427347e+01
7.1540990e+03 1.9868587e+01
7.1551232e+03 2.0303726e+01
7.1561470e+03 2.0735048e+01
7.1571717e+03 2.1166729e+01
7.1581961e+03 2.1600580e+01
7.1592208e+03 2.2038221e+01
7.1602464e+03 2.2482704e+01
7.1612717e+03 2.2935581e+01
7.1622979e+03 2.3402428e+01
7.1633238e+03 2.3893070e+01
7.1643499e+03 2.4419165e+01
7.1653770e+03 2.4991274e+01
7.1664038e+03 2.5616503e+01
7.1674314e+03 2.6299286e+01
7.1684588e+03 2.7035999e+01
7.1694864e+03 2.7819132e+01
7.1705150e+03 2.8635286e+01
7.1715432e+03 2.9467535e+01
7.1725723e+03 3.0299353e+01
7.1736011e+03 3.1116867e+01
7.1746303e+03 3.1912899e+01
7.1756603e+03 3.2683659e+01
7.1766900e+03 3.3430267e+01
7.1777206e+03 3.4158180e+01
7.1787509e+03 3.4875656e+01
7.1797815e+03 3.5594250e+01
7.1808130e+03 3.6320709e+01
7.1818442e+03 3.7060165e+01
7.1828763e+03 3.7816166e+01
7.1839080e+03 3.8590263e+01
7.1849401e+03 3.9381931e+01
7.1859731e+03 4.0188480e+01
7.1870058e+03 4.1006207e+01
7.1880394e+03 4.1833138e+01
7.1890726e+03 4.2667557e+01
7.1901062e+03 4.3507408e+01
7.1911406e+03 4.4349934e+01
7.1921748e+03 4.5191883e+01
7.1932099e+03 4.6028400e+01
7.1942446e+03 4.6855236e+01
7.1952796e+03 4.7667835e+01
7.1963156e+03 4.8461769e+01
7.1973512e+03 4.9235771e+01
7.1983878e+03 4.9991608e+01
7.1994240e+03 5.0735687e+01
7.2004606e+03 5.1478027e+01
7.2014980e+03 5.2230858e+01
7.2025352e+03 5.3007317e+01
7.2035732e+03 5.3820465e+01
7.2046110e+03 5.4678772e+01
7.2056490e+03 5.5583809e+01
7.2066879e+03 5.6531502e+01
7.2077266e+03 5.7511520e+01
7.2087661e+03 5.8507679e+01
7.2098053e+03 5.9500408e+01
7.2108449e+03 6.0473515e+01
7.2118853e+03 6.1415123e+01
7.2129254e+03 6.2318897e+01
7.2139665e+03 6.3183521e+01
7.2150072e+03 6.4011856e+01
7.2160482e+03 6.4812851e+01
7.2170902e+03 6.5595459e+01
7.2181318e+03 6.6364716e+01
7.2191744e+03 6.7122459e+01
7.2202166e+03 6.7868660e+01
7.2212591e+03 6.8602844e+01
7.2223026e+03 6.9320892e+01
7.2233457e+03 7.0021584e+01
7.2243898e+03 7.0702698e+01
7.2254335e+03 7.1365166e+01
7.2264776e+03 7.2012520e+01
7.2275225e+03 7.2647453e+01
7.2285672e+03 7.3271774e+01
7.2296127e+03 7.3884918e+01
7.2306580e+03 7.4487900e+01
7.2317035e+03 7.5080772e+01
7.2327500e+03 7.5661995e+01
7.2337962e+03 7.6229286e+01
7.2348433e+03 7.6778198e+01
7.2358900e+03 7.7309105e+01
7.2369371e+03 7.7821922e+01
7.2379851e+03 7.8316162e+01
7.2390327e+03 7.8791405e+01
7.2400813e+03 7.9246262e+01
7.2411296e+03 7.9683708e+01
7.2421782e+03 8.0105232e+01
7.2432277e+03 8.0511185e+01
7.2442769e+03 8.0901001e+01
7.2453270e+03 8.1273796e+01
7.2463768e+03 8.1631920e+01
7.2474269e+03 8.1976746e+01
7.2484779e+03 8.2308792e+01
7.2495287e+03 8.2628059e+01
7.2505803e+03 8.2936264e+01
7.2516316e+03 8.3237885e+01
7.2526832e+03 8.3536507e+01
7.2537358e+03 8.3833405e+01
7.2547880e+03 8.4127831e+01
7.2558412e+03 8.4420296e+01
7.2568940e+03 8.4711288e+01
7.2579472e+03 8.4999084e+01
7.2590013e+03 8.5279869e+01
7.2600550e+03 8.5547592e+01
7.2611098e+03 8.5799957e+01
7.2621641e+03 8.6034485e+01
7.2632188e+03 8.6248589e+01
7.2642744e+03 8.6439537e+01
7.2653297e+03 8.6604401e+01
7.2663860e+03 8.6745094e+01
7.2674419e+03 8.6863518e+01
7.2684981e+03 8.6961266e+01
7.2695552e+03 8.7039803e+01
7.2706121e+03 8.7100502e+01
7.2716698e+03 8.7148758e+01
7.2727273e+03 8.7188675e+01
7.2737850e+03 8.7223602e+01
7.2748437e+03 8.7255737e+01
7.2759021e+03 8.7287018e+01
7.2769614e+03 8.7321114e+01
7.2780204e+03 8.7359497e+01
7.2790797e+03 8.7400986e+01
7.2801399e+03 8.7442902e+01
7.2811998e+03 8.7483047e+01
7.2822607e+03 8.7520004e+01
7.2833212e+03 8.7551811e+01
7.2843820e+03 8.7575432e+01
7.2854438e+03 8.7588287e+01
7.2865053e+03 8.7590240e+01
7.2875677e+03 8.7582329e+01
7.2886297e+03 8.7565590e+01
7.2896921e+03 8.7540337e+01
7.2907555e+03 8.7506531e+01
7.2918184e+03 8.7466667e+01
7.2928824e+03 8.7422516e+01
7.2939460e+03 8.7374969e+01
7.2950100e+03 8.7323883e+01
7.2960748e+03 8.7267776e+01
7.2971394e+03 8.7207504e+01
7.2982049e+03 8.7142731e+01
7.2992701e+03 8.7072273e+01
7.3003356e+03 8.6994263e+01
7.3014020e+03 8.6906670e+01
7.3024681e+03 8.6809685e+01
7.3035352e+03 8.6703156e+01
7.3046019e+03 8.6586525e+01
7.3056689e+03 8.6459061e+01
7.3067369e+03 8.6320854e+01
7.3078046e+03 8.6173775e+01
7.3088732e+03 8.6019112e+01
7.3099415e+03 8.5857819e+01
7.3110101e+03 8.5689827e+01
7.3120797e+03 8.5515831e+01
7.3131489e+03 8.5336731e+01
7.3142191e+03 8.5152771e+01
7.3152890e+03 8.4963486e+01
7.3163591e+03 8.4767746e+01
7.3174302e+03 8.4566399e+01
7.3185010e+03 8.4360291e+01
7.3195728e+03 8.4149979e+01
7.3206442e+03 8.3935928e+01
7.3217159e+03 8.3717491e+01
7.3227886e+03 8.3495857e+01
7.3238610e+03 8.3270714e+01
7.3249343e+03 8.3040642e+01
7.3260073e+03 8.2802986e+01
7.3270806e+03 8.2553673e+01
7.3281549e+03 8.2289650e+01
7.3292288e+03 8.2007980e+01
7.3303037e+03 8.1706047e+01
7.3313783e+03 8.1382324e+01
7.3324532e+03 8.1037354e+01
7.3335290e+03 8.0675911e+01
7.3346045e+03 8.0304764e+01
7.3356810e+03 7.9931572e+01
7.3367572e+03 7.9563263e+01
7.3378336e+03 7.9206177e+01
7.3389110e+03 7.8865410e+01
7.3399881e+03 7.8543304e+01
7.3410662e+03 7.8236534e+01
7.3421439e+03 7.7939751e+01
7.3432219e+03 7.7647804e+01
7.3443010e+03 7.7356102e+01
7.3453796e+03 7.7060768e+01
7.3464593e+03 7.6759842e+01
7.3475386e+03 7.6453255e+01
7.3486182e+03 7.6143692e+01
7.3496988e+03 7.5834175e+01
7.3507791e+03 7.5526688e+01
7.3518603e+03 7.5221016e+01
7.3529412e+03 7.4914810e+01
7.3540224e+03 7.4604866e+01
7.3551046e+03 7.4286293e+01
7.3561864e+03 7.3953964e+01
7.3572692e+03 7.3603081e+01
7.3583517e+03 7.3229454e+01
7.3594345e+03 7.2832703e+01
7.3605183e+03 7.2414276e+01
7.3616018e+03 7.1977303e+01
7.3626862e+03 7.1525787e+01
7.3637703e+03 7.1064713e+01
7.3648546e+03 7.0600220e+01
7.3659400e+03 7.0137451e+01
7.3670251e+03 6.9679474e+01
7.3681111e+03 6.9227028e+01
7.3691968e+03 6.8779900e+01
7.3702828e+03 6.8337082e+01
7.3713697e+03 6.7896011e+01
7.3724564e+03 6.7453217e+01
7.3735440e+03 6.7005280e+01
7.3746313e+03 6.6550400e+01
7.3757189e+03 6.6087837e+01
7.3768075e+03 6.5617607e+01
7.3778957e+03 6.5140053e+01
7.3789849e+03 6.4656448e+01
7.3800738e+03 6.4168907e+01
7.3811630e+03 6.3679482e+01
7.3822532e+03 6.3189743e+01
7.3833430e+03 6.2700535e+01
7.3844339e+03 6.2211941e+01
7.3855244e+03 6.1724495e+01
7.3866152e+03 6.1237762e+01
7.3877070e+03 6.0750843e+01
7.3887984e+03 6.0262440e+01
7.3898909e+03 5.9771275e+01
7.3909830e+03 5.9277008e+01
7.3920754e+03 5.8779285e+01
7.3931688e+03 5.8277725e+01
7.3942619e+03 5.7771919e+01
7.3953560e+03 5.7261753e+01
7.3964497e+03 5.6747604e+01
7.3975437e+03 5.6229519e+01
7.3986388e+03 5.5707191e+01
7.3997335e+03 5.5180023e+01
7.4008292e+03 5.4647778e+01
7.4019245e+03 5.4110409e+01
7.4030202e+03 5.3567814e+01
7.4041168e+03 5.3020191e+01
7.4052131e+03 5.2467846e+01
7.4063104e+03 5.1911736e+01
7.4074074e+03 5.1353073e+01
7.4085047e+03 5.0793076e+01
7.4096030e+03 5.0233196e+01
7.4107009e+03 4.9674725e+01
7.4117999e+03 4.9118469e+01
7.4128984e+03 4.8564861e+01
7.4139974e+03 4.8013828e+01
7.4150973e+03 4.7464870e+01
7.4161968e+03 4.6917416e+01
7.4172974e+03 4.6370865e+01
7.4183976e+03 4.5824932e+01
7.4194982e+03 4.5279671e+01
7.4205997e+03 4.4735455e+01
7.4217009e+03 4.4193005e+01
7.4228031e+03 4.3653084e+01
7.4239050e+03 4.3116688e+01
7.4250072e+03 4.2584419e+01
7.4261103e+03 4.2056679e+01
7.4272132e+03 4.1533375e+01
7.4283170e+03 4.1013885e+01
7.4294205e+03 4.0497349e+01
7.4305243e+03 3.9982773e+01
7.4316291e+03 3.9469456e+01
7.4327336e+03 3.8956524e+01
7.4338391e+03 3.8443398e+01
7.4349442e+03 3.7929916e+01
7.4360497e+03 3.7416340e+01
7.4371562e+03 3.6903645e+01
7.4382623e+03 3.6392117e+01
7.4393694e+03 3.5882164e+01
7.4404762e+03 3.5374378e+01
7.4415833e+03 3.4869362e+01
7.4426914e+03 3.4367966e+01
7.4437992e+03 3.3870266e+01
7.4449080e+03 3.3376335e+01
7.4460164e+03 3.2886742e+01
7.4471251e+03 3.2402180e+01
7.4482349e+03 3.1922935e+01
7.4493443e+03 3.1448078e+01
7.4504547e+03 3.0976175e+01
7.4515648e+03 3.0505871e+01
7.4526752e+03 3.0035782e+01
7.4537867e+03 2.9564260e+01
7.4548977e+03 2.9089212e+01
7.4560098e+03 2.8609346e+01
7.4571216e+03 2.8125071e+01
7.4582336e+03 2.7637981e+01
7.4593467e+03 2.7149773e+01
7.4604594e+03 2.6662230e+01
7.4615732e+03 2.6177883e+01
7.4626866e+03 2.5699686e+01
7.4638003e+03 2.5230574e+01
7.4649150e+03 2.4771666e+01
7.4660294e+03 2.4323534e+01
7.4671448e+03 2.3886417e+01
7.4682599e+03 2.3460363e+01
7.4693753e+03 2.3045349e+01
7.4704917e+03 2.2639751e+01
7.4716078e+03 2.2242258e+01
7.4727248e+03 2.1851826e+01
7.4738416e+03 2.1467756e+01
7.4749586e+03 2.1090126e+01
7.4760767e+03 2.0717335e+01
7.4771944e+03 2.0348978e+01
7.4783132e+03 1.9984840e+01
7.4794316e+03 1.9625401e+01
7.4805503e+03 1.9271540e+01
7.4816700e+03 1.8923044e+01
7.4827894e+03 1.8580746e+01
7.4839099e+03 1.8245911e+01
7.4850299e+03 1.7920231e+01
7.4861503e+03 1.7604612e+01
7.4872718e+03 1.7298817e+01
7.4883929e+03 1.7002439e+01
7.4895150e+03 1.6714739e+01
7.4906367e+03 1.6434908e+01
7.4917588e+03 1.6160845e+01
7.4928819e+03 1.5890097e+01
7.4940047e+03 1.5620660e+01
7.4951284e+03 1.5351486e+01
7.4962519e+03 1.5082502e+01
7.4973756e+03 1.4812922e+01
7.4985004e+03 1.4542555e+01
7.4996249e+03 1.4271783e+01
7.5007503e+03 1.4001655e+01
7.5018755e+03 1.3733744e+01
7.5030009e+03 1.3468098e+01
7.5041274e+03 1.3204979e+01
7.5052535e+03 1.2945032e+01
7.5063807e+03 1.2689304e+01
7.5075075e+03 1.2438893e+01
7.5086347e+03 1.2193536e+01
7.5097628e+03 1.1953425e+01
7.5108907e+03 1.1719131e+01
7.5120195e+03 1.1491537e+01
7.5131480e+03 1.1271381e+01
7.5142769e+03 1.1058473e+01
7.5154067e+03 1.0852622e+01
7.5165362e+03 1.0654020e+01
7.5176668e+03 1.0462713e+01
7.5187970e+03 1.0277819e+01
7.5199275e+03 1.0097527e+01
7.5210591e+03 9.9200716e+00
7.5221903e+03 9.7436895e+00
7.5233226e+03 9.5673084e+00
7.5244545e+03 9.3894949e+00
7.5255867e+03 9.2093220e+00
7.5267200e+03 9.0268373e+00
7.5278529e+03 8.8432074e+00
7.5289869e+03 8.6608400e+00
7.5301205e+03 8.4813347e+00
7.5312544e+03 8.3065500e+00
7.5323894e+03 8.1382513e+00
7.5335240e+03 7.9779859e+00
7.5346597e+03 7.8268280e+00
7.5357950e+03 7.6838012e+00
7.5369307e+03 7.5475931e+00
7.5380674e+03 7.4166770e+00
7.5392037e+03 7.2895761e+00
7.5403411e+03 7.1649308e+00
7.5414781e+03 7.0408821e+00
7.5426155e+03 6.9164991e+00
7.5437539e+03 6.7918301e+00
7.5448920e+03 6.6676369e+00
7.5460311e+03 6.5447330e+00
7.5471698e+03 6.4235210e+00
7.5483089e+03 6.3046212e+00
7.5494490e+03 6.1885829e+00
7.5505888e+03 6.0757160e+00
7.5517296e+03 5.9657092e+00
7.5528701e+03 5.8577528e+00
7.5540109e+03 5.7512279e+00
7.5551528e+03 5.6458712e+00
7.5562943e+03 5.5417771e+00
7.5574368e+03 5.4386368e+00
7.5585790e+03 5.3361650e+00
7.5597215e+03 5.2343359e+00
7.5608651e+03 5.1332951e+00
7.5620083e+03 5.0333261e+00
7.5631526e+03 4.9337621e+00
7.5642965e+03 4.8340788e+00
7.5654408e+03 4.7339911e+00
7.5665861e+03 4.6334982e+00
7.5677311e+03 4.5329332e+00
7.5688771e+03 4.4323440e+00
7.5700227e+03 4.3324699e+00
7.5711687e+03 4.2344332e+00
7.5723158e+03 4.1396608e+00
7.5734624e+03 4.0496340e+00
7.5746102e+03 3.9650440e+00
7.5757576e+03 3.8864851e+00
7.5769053e+03 3.8141961e+00
7.5780541e+03 3.7478199e+00
7.5792025e+03 3.6864040e+00
7.5803520e+03 3.6283729e+00
7.5815011e+03 3.5719631e+00
7.5826506e+03 3.5154810e+00
7.5838011e+03 3.4578559e+00
7.5849513e+03 3.3980601e+00
7.5861025e+03 3.3354750e+00
7.5872534e+03 3.2701011e+00
7.5884046e+03 3.2025571e+00
7.5895569e+03 3.1342981e+00
7.5907088e+03 3.0665390e+00
7.5918618e+03 3.0006881e+00
7.5930144e+03 2.9382701e+00
7.5941674e+03 2.8807869e+00
7.5953214e+03 2.8296700e+00
7.5964751e+03 2.7855151e+00
7.5976298e+03 2.7484651e+00
7.5987842e+03 2.7182570e+00
7.5999389e+03 2.6944389e+00
7.6010947e+03 2.6759379e+00
7.6022501e+03 2.6609421e+00
7.6034066e+03 2.6475191e+00
7.6045627e+03 2.6338570e+00
7.6057192e+03 2.6184080e+00
7.6068768e+03 2.5997629e+00
7.6080339e+03 2.5767560e+00
7.6091922e+03 2.5489330e+00
7.6103501e+03 2.5167220e+00
7.6115083e+03 2.4809830e+00
7.6126676e+03 2.4428599e+00
7.6138266e+03 2.4034970e+00
7.6149866e+03 2.3641341e+00
7.6161462e+03 2.3260109e+00
7.6173062e+03 2.2899621e+00
7.6184673e+03 2.2561309e+00
7.6196280e+03 2.2243021e+00
7.6207898e+03 2.1939750e+00
7.6219512e+03 2.1646490e+00
7.6231130e+03 2.1357529e+00
7.6242758e+03 2.1067140e+00
7.6254383e+03 2.0772209e+00
7.6266019e+03 2.0472040e+00
7.6277651e+03 2.0168779e+00
7.6289286e+03 1.9866940e+00
7.6300932e+03 1.9570349e+00
7.6312575e+03 1.9282340e+00
7.6324228e+03 1.9004821e+00
7.6335878e+03 1.8737791e+00
7.6347531e+03 1.8479820e+00
7.6359195e+03 1.8226620e+00
7.6370855e+03 1.7972701e+00
7.6382527e+03 1.7714500e+00
7.6394194e+03 1.7450330e+00
7.6405865e+03 1.7178770e+00
7.6417547e+03 1.6899101e+00
7.6429225e+03 1.6612760e+00
7.6440914e+03 1.6323560e+00
7.6452599e+03 1.6034840e+00
7.6464288e+03 1.5748730e+00
7.6475988e+03 1.5467160e+00
7.6487684e+03 1.5190120e+00
7.6499391e+03 1.4917130e+00
7.6511094e+03 1.4646530e+00
7.6522801e+03 1.4376640e+00
7.6534518e+03 1.4105550e+00
7.6546232e+03 1.3834471e+00
7.6557957e+03 1.3564340e+00
7.6569678e+03 1.3301610e+00
7.6581403e+03 1.3051500e+00
7.6593139e+03 1.2822150e+00
7.6604871e+03 1.2621400e+00
7.6616613e+03 1.2456170e+00
7.6628352e+03 1.2331721e+00
7.6640095e+03 1.2248750e+00
7.6651849e+03 1.2201780e+00
7.6663599e+03 1.2182710e+00
7.6675359e+03 1.2179370e+00
7.6687117e+03 1.2176991e+00
7.6698877e+03 1.2159580e+00
7.6710649e+03 1.2111419e+00
7.6722417e+03 1.2021540e+00
7.6734196e+03 1.1885160e+00
7.6745971e+03 1.1702290e+00
7.6757750e+03 1.1479371e+00
7.6769539e+03 1.1227360e+00
7.6781325e+03 1.0963430e+00
7.6793122e+03 1.0704269e+00
7.6804916e+03 1.0463470e+00
7.6816712e+03 1.0251040e+00
7.6828520e+03 1.0072230e+00
7.6840324e+03 9.9282199e-01
7.6852139e+03 9.8140198e-01
7.6863951e+03 9.7227001e-01
7.6875766e+03 9.6471298e-01
7.6887592e+03 9.5810801e-01
7.6899414e+03 9.5214802e-01
7.6911247e+03 9.4692701e-01
7.6923077e+03 9.4268298e-01
7.6934910e+03 9.3994099e-01
7.6946754e+03 9.3910599e-01
7.6958595e+03 9.4048899e-01
7.6970446e+03 9.4418502e-01
7.6982294e+03 9.4973999e-01
7.6994146e+03 9.5629603e-01
7.7006008e+03 9.6287698e-01
7.7017867e+03 9.6838403e-01
7.7029736e+03 9.7174603e-01
7.7041602e+03 9.7205597e-01
7.7053472e+03 9.6850300e-01
7.7065353e+03 9.6096897e-01
7.7077230e+03 9.4957298e-01
7.7089118e+03 9.3462402e-01
7.7101002e+03 9.1657603e-01
7.7112890e+03 8.9614302e-01
7.7124789e+03 8.7389898e-01
7.7136685e+03 8.5067701e-01
7.7148591e+03 8.2707399e-01
7.7160494e+03 8.0380398e-01
7.7172400e+03 7.8167897e-01
7.7184318e+03 7.6167500e-01
7.7196231e+03 7.4474800e-01
7.7208156e+03 7.3177803e-01
7.7220077e+03 7.2333801e-01
7.7232002e+03 7.1971399e-01
7.7243938e+03 7.2081000e-01
7.7255870e+03 7.2603202e-01
7.7267813e+03 7.3421001e-01
7.7279753e+03 7.4393702e-01
7.7291696e+03 7.5361699e-01
7.7303650e+03 7.6179498e-01
7.7315601e+03 7.6727802e-01
7.7327562e+03 7.6923299e-01
7.7339520e+03 7.6753998e-01
7.7351482e+03 7.6272398e-01
7.7363455e+03 7.5562000e-01
7.7375424e+03 7.4732298e-01
7.7387404e+03 7.3895401e-01
7.7399381e+03 7.3127699e-01
7.7411361e+03 7.2481602e-01
7.7423352e+03 7.1940398e-01
7.7435340e+03 7.1442097e-01
7.7447339e+03 7.0900899e-01
7.7459334e+03 7.0199901e-01
7.7471333e+03 6.9234300e-01
7.7483343e+03 6.7939699e-01
7.7495349e+03 6.6308898e-01
7.7507366e+03 6.4403999e-01
7.7519380e+03 6.2332100e-01
7.7531397e+03 6.0248297e-01
7.7543426e+03 5.8343399e-01
7.7555451e+03 5.6807899e-01
7.7567487e+03 5.5778003e-01
7.7579519e+03 5.5339301e-01
7.7591555e+03 5.5520499e-01
7.7603602e+03 5.6261998e-01
7.7615646e+03 5.7425398e-01
7.7627701e+03 5.8798701e-01
7.7639752e+03 6.0157698e-01
7.7651806e+03 6.1278301e-01
7.7663872e+03 6.1967301e-01
7.7675935e+03 6.2072200e-01
7.7688008e+03 6.1516702e-01
7.7700078e+03 6.0310298e-01
7.7712151e+03 5.8548403e-01
7.7724236e+03 5.6388301e-01
7.7736317e+03 5.4042298e-01
7.7748409e+03 5.1741600e-01
7.7760498e+03 4.9729300e-01
7.7772590e+03 4.8189101e-01
7.7784693e+03 4.7247401e-01
7.7796793e+03 4.6946999e-01
7.7808904e+03 4.7261700e-01
7.7821012e+03 4.8089001e-01
7.7833123e+03 4.9245301e-01
7.7845245e+03 5.0513703e-01
7.7857364e+03 5.1684302e-01
7.7869494e+03 5.2568901e-01
7.7881620e+03 5.3024203e-01
7.7893750e+03 5.2967000e-01
7.7905891e+03 5.2385300e-01
7.7918029e+03 5.1357698e-01
7.7930178e+03 5.0010598e-01
7.7942323e+03 4.8508599e-01
7.7954472e+03 4.7042301e-01
7.7966632e+03 4.5785901e-01
7.7978788e+03 4.4884601e-01
7.7990956e+03 4.4426900e-01
7.8003120e+03 4.4433999e-01
7.8015288e+03 4.4877499e-01
7.8027467e+03 4.5673800e-01
7.8039643e+03 4.6682301e-01
7.8051829e+03 4.7752801e-01
7.8064012e+03 4.8720801e-01
7.8076199e+03 4.9436000e-01
7.8088398e+03 4.9765101e-01
7.8100592e+03 4.9602899e-01
7.8112798e+03 4.8875800e-01
7.8125000e+03 4.7585899e-01
7.8137206e+03 4.5790601e-01
7.8149423e+03 4.3590000e-01
7.8161637e+03 4.1129500e-01
7.8173862e+03 3.8585600e-01
7.8186083e+03 3.6146599e-01
7.8198308e+03 3.3981800e-01
7.8210544e+03 3.2224599e-01
7.8222777e+03 3.0956200e-01
7.8235021e+03 3.0207601e-01
7.8247261e+03 2.9976299e-01
7.8259506e+03 3.0188501e-01
7.8271761e+03 3.0758300e-01
7.8284013e+03 3.1588000e-01
7.8296276e+03 3.2584599e-01
7.8308536e+03 3.3679000e-01
7.8320799e+03 3.4818599e-01
7.8333074e+03 3.5960600e-01
7.8345345e+03 3.7078801e-01
7.8357627e+03 3.8149300e-01
7.8369906e+03 3.9131600e-01
7.8382189e+03 3.9973199e-01
7.8394483e+03 4.0624100e-01
7.8406773e+03 4.1005599e-01
7.8419075e+03 4.1084200e-01
7.8431373e+03 4.0857700e-01
7.8443674e+03 4.0361801e-01
7.8455988e+03 3.9672801e-01
7.8468297e+03 3.8936099e-01
7.8480618e+03 3.8318601e-01
7.8492936e+03 3.7972900e-01
7.8505257e+03 3.7996700e-01
7.8517589e+03 3.8440201e-01
7.8529918e+03 3.9276999e-01
7.8542259e+03 4.0407100e-01
7.8554595e+03 4.1644499e-01
7.8566936e+03 4.2786500e-01
7.8579288e+03 4.3640101e-01
7.8591636e+03 4.4052601e-01
7.8603996e+03 4.3914300e-01
7.8616352e+03 4.3203801e-01
7.8628712e+03 4.2002201e-01
7.8641084e+03 4.0430999e-01
7.8653451e+03 3.8659501e-01
7.8665831e+03 3.6857101e-01
7.8678206e+03 3.5173801e-01
7.8690586e+03 3.3728999e-01
7.8702976e+03 3.2572699e-01
7.8715364e+03 3.1681001e-01
7.8727762e+03 3.1011099e-01
7.8740157e+03 3.0493701e-01
7.8752556e+03 3.0055001e-01
7.8764967e+03 2.9640099e-01
7.8777374e+03 2.9222900e-01
7.8789792e+03 2.8805700e-01
7.8802206e+03 2.8405100e-01
7.8814625e+03 2.8047499e-01
7.8827055e+03 2.7739999e-01
7.8839481e+03 2.7491999e-01
7.8851919e+03 2.7291700e-01
7.8864353e+03 2.7127200e-01
7.8876791e+03 2.6981801e-01
7.8889241e+03 2.6843500e-01
7.8901687e+03 2.6721901e-01
7.8914144e+03 2.6645601e-01
7.8926598e+03 2.6655099e-01
7.8939056e+03 2.6800600e-01
7.8951525e+03 2.7122399e-01
7.8963991e+03 2.7647001e-01
7.8976468e+03 2.8362200e-01
7.8988942e+03 2.9201499e-01
7.9001419e+03 3.0074099e-01
7.9013908e+03 3.0848899e-01
7.9026393e+03 3.1392500e-01
7.9038890e+03 3.1559399e-01
7.9051383e+03 3.1228000e-01
7.9063881e+03 3.0314901e-01
7.9076389e+03 2.8808099e-01
7.9088894e+03 2.6757699e-01
7.9101411e+03 2.4261400e-01
7.9113924e+03 2.1467200e-01
7.9126441e+03 1.8558501e-01
7.9138970e+03 1.5742700e-01
7.9151494e+03 1.3189299e-01
7.9164031e+03 1.1036300e-01
7.9176564e+03 9.3865000e-02
7.9189101e+03 8.3040997e-02
7.9201649e+03 7.7986002e-02
7.9214194e+03 7.8225002e-02
7.9226750e+03 8.2826003e-02
7.9239303e+03 9.0622000e-02
7.9251859e+03 1.0046900e-01
7.9264428e+03 1.1110300e-01
7.9276992e+03 1.2121200e-01
7.9289569e+03 1.2991400e-01
7.9302141e+03 1.3644600e-01
7.9314718e+03 1.4057100e-01
7.9327306e+03 1.4235900e-01
7.9339891e+03 1.4204900e-01
7.9352487e+03 1.4057100e-01
7.9365079e+03 1.3880700e-01
7.9377676e+03 1.3787700e-01
7.9390284e+03 1.3880700e-01
7.9402889e+03 1.4243101e-01
7.9415505e+03 1.4932100e-01
7.9428118e+03 1.5969200e-01
7.9440734e+03 1.7309099e-01
7.9453362e+03 1.8885100e-01
7.9465987e+03 2.0585001e-01
7.9478623e+03 2.2275400e-01
7.9491256e+03 2.3815601e-01
7.9503893e+03 2.5062501e-01
7.9516541e+03 2.5925601e-01
7.9529186e+03 2.6347601e-01
7.9541842e+03 2.6323700e-01
7.9554495e+03 2.5889799e-01
7.9567152e+03 2.5131699e-01
7.9579820e+03 2.4168400e-01
7.9592485e+03 2.3126601e-01
7.9605162e+03 2.2125199e-01
7.9617834e+03 2.1276399e-01
7.9630511e+03 2.0649400e-01
7.9643200e+03 2.0277500e-01
7.9655885e+03 2.0143899e-01
7.9668582e+03 2.0210700e-01
7.9681275e+03 2.0420501e-01
7.9693972e+03 2.0701800e-01
7.9706681e+03 2.0987900e-01
7.9719386e+03 2.1228699e-01
7.9732103e+03 2.1383700e-01
7.9744817e+03 2.1464799e-01
7.9757534e+03 2.1500500e-01
7.9770263e+03 2.1541101e-01
7.9782989e+03 2.1650700e-01
7.9795726e+03 2.1893901e-01
7.9808460e+03 2.2301599e-01
7.9821197e+03 2.2871400e-01
7.9833947e+03 2.3562901e-01
7.9846693e+03 2.4297200e-01
7.9859450e+03 2.4969500e-01
7.9872204e+03 2.5441599e-01
7.9884963e+03 2.5567999e-01
7.9897732e+03 2.5246099e-01
7.9910499e+03 2.4411599e-01
7.9923277e+03 2.3043101e-01
7.9936051e+03 2.1185800e-01
7.9948830e+03 1.8954200e-01
7.9961620e+03 1.6517600e-01
7.9974407e+03 1.4054701e-01
7.9987205e+03 1.1765900e-01
8.0000000e+03 9.8370999e-02
8.0012799e+03 8.4352002e-02
8.0025610e+03 7.6961003e-02
8.0038417e+03 7.6723002e-02
8.0051236e+03 8.3683997e-02
8.0064051e+03 9.7369999e-02
8.0076871e+03 1.1687200e-01
8.0089702e+03 1.4083301e-01
8.0102530e+03 1.6744100e-01
8.0115369e+03 1.9495399e-01
8.0128205e+03 2.2144300e-01
8.0141045e+03 2.4507000e-01
8.0153897e+03 2.6421499e-01
8.0166745e+03 2.7732801e-01
8.0179605e+03 2.8345501e-01
8.0192462e+03 2.8219199e-01
8.0205322e+03 2.7365601e-01
8.0218195e+03 2.5861201e-01
8.0231064e+03 2.3837000e-01
8.0243945e+03 2.1462400e-01
8.0256822e+03 1.8975700e-01
8.0269703e+03 1.6593900e-01
8.0282596e+03 1.4519601e-01
8.0295486e+03 1.2931800e-01
8.0308387e+03 1.1959000e-01
8.0321285e+03 1.1680100e-01
8.0334187e+03 1.2071100e-01
8.0347101e+03 1.3067700e-01
8.0360011e+03 1.4529200e-01
8.0372934e+03 1.6288701e-01
8.0385852e+03 1.8155500e-01
8.0398775e+03 1.9910300e-01
8.0411710e+03 2.1364599e-01
8.0424641e+03 2.2377899e-01
8.0437584e+03 2.2854801e-01
8.0450523e+03 2.2752200e-01
8.0463466e+03 2.2091800e-01
8.0476422e+03 2.0952199e-01
8.0489374e+03 1.9466799e-01
8.0502338e+03 1.7793100e-01
8.0515298e+03 1.6100401e-01
8.0528262e+03 1.4557800e-01
8.0541239e+03 1.3325199e-01
8.0554211e+03 1.2516899e-01
8.0567196e+03 1.2202200e-01
8.0580177e+03 1.2378600e-01
8.0593163e+03 1.3000900e-01
8.0606160e+03 1.3980800e-01
8.0619154e+03 1.5194400e-01
8.0632159e+03 1.6503300e-01
8.0645161e+03 1.7786001e-01
8.0658167e+03 1.8942299e-01
8.0671186e+03 1.9900700e-01
8.0684200e+03 2.0623200e-01
8.0697227e+03 2.1121500e-01
8.0710250e+03 2.1433800e-01
8.0723277e+03 2.1612599e-01
8.0736317e+03 2.1710300e-01
8.0749352e+03 2.1770000e-01
8.0762400e+03 2.1812899e-01
8.0775444e+03 2.1827200e-01
8.0788493e+03 2.1793801e-01
8.0801553e+03 2.1672200e-01
8.0814610e+03 2.1419500e-01
8.0827679e+03 2.0990300e-01
8.0840744e+03 2.0351399e-01
8.0853813e+03 1.9502600e-01
8.0866895e+03 1.8484500e-01
8.0879973e+03 1.7354400e-01
8.0893063e+03 1.6186200e-01
8.0906149e+03 1.5070400e-01
8.0919239e+03 1.4088100e-01
8.0932342e+03 1.3334700e-01
8.0945441e+03 1.2872200e-01
8.0958552e+03 1.2733901e-01
8.0971660e+03 1.2941299e-01
8.0984772e+03 1.3484900e-01
8.0997896e+03 1.4336100e-01
8.1011016e+03 1.5423200e-01
8.1024148e+03 1.6653500e-01
8.1037277e+03 1.7926601e-01
8.1050410e+03 1.9133000e-01
8.1063555e+03 2.0165400e-01
8.1076697e+03 2.0911600e-01
8.1089851e+03 2.1266900e-01
8.1103001e+03 2.1162000e-01
8.1116155e+03 2.0568299e-01
8.1129322e+03 1.9490699e-01
8.1142485e+03 1.7971900e-01
8.1155660e+03 1.6100401e-01
8.1168831e+03 1.3999900e-01
8.1182007e+03 1.1837400e-01
8.1195195e+03 9.7774997e-02
8.1208379e+03 7.9870000e-02
8.1221576e+03 6.6160999e-02
8.1234768e+03 5.7934999e-02
8.1247966e+03 5.5932000e-02
8.1261175e+03 6.0318999e-02
8.1274381e+03 7.0666999e-02
8.1287599e+03 8.6188003e-02
8.1300813e+03 1.0561900e-01
8.1314032e+03 1.2750600e-01
8.1327263e+03 1.5008400e-01
8.1340490e+03 1.7185199e-01
8.1353729e+03 1.9164000e-01
8.1366965e+03 2.0854400e-01
8.1380205e+03 2.2218201e-01
8.1393458e+03 2.3255301e-01
8.1406706e+03 2.4001500e-01
8.1419967e+03 2.4528500e-01
8.1433225e+03 2.4900401e-01
8.1446486e+03 2.5176999e-01
8.1459760e+03 2.5401101e-01
8.1473031e+03 2.5594199e-01
8.1486314e+03 2.5742000e-01
8.1499593e+03 2.5808799e-01
8.1512876e+03 2.5763500e-01
8.1526172e+03 2.5582299e-01
8.1539463e+03 2.5241300e-01
8.1552768e+03 2.4757300e-01
8.1566069e+03 2.4173200e-01
8.1579373e+03 2.3550899e-01
8.1592691e+03 2.2952500e-01
8.1606005e+03 2.2437499e-01
8.1619331e+03 2.2056100e-01
8.1632653e+03 2.1831900e-01
8.1645980e+03 2.1746100e-01
8.1659319e+03 2.1765199e-01
8.1672654e+03 2.1836700e-01
8.1686002e+03 2.1901099e-01
8.1699346e+03 2.1920200e-01
8.1712695e+03 2.1865299e-01
8.1726056e+03 2.1746100e-01
8.1739413e+03 2.1607800e-01
8.1752783e+03 2.1514800e-01
8.1766149e+03 2.1536300e-01
8.1779519e+03 2.1739000e-01
8.1792902e+03 2.2165699e-01
8.1806281e+03 2.2814199e-01
8.1819673e+03 2.3627201e-01
8.1833061e+03 2.4526100e-01
8.1846453e+03 2.5408199e-01
8.1859858e+03 2.6144901e-01
8.1873259e+03 2.6621801e-01
8.1886672e+03 2.6738599e-01
8.1900082e+03 2.6459599e-01
8.1913496e+03 2.5787300e-01
8.1926923e+03 2.4774000e-01
8.1940346e+03 2.3519900e-01
8.1953781e+03 2.2149000e-01
8.1967213e+03 2.0804401e-01
8.1980649e+03 1.9602700e-01
8.1994098e+03 1.8651401e-01
8.2007543e+03 1.8019600e-01
8.2021001e+03 1.7735900e-01
8.2034454e+03 1.7778800e-01
8.2047913e+03 1.8084000e-01
8.2061384e+03 1.8570399e-01
8.2074851e+03 1.9145000e-01
8.2088330e+03 1.9719601e-01
8.2101806e+03 2.0210700e-01
8.2115287e+03 2.0570700e-01
8.2128780e+03 2.0780499e-01
8.2142269e+03 2.0852000e-01
8.2155771e+03 2.0809101e-01
8.2169269e+03 2.0685101e-01
8.2182771e+03 2.0508701e-01
8.2196286e+03 2.0301300e-01
8.2209798e+03 2.0060501e-01
8.2223322e+03 1.9755299e-01
8.2236842e+03 1.9342799e-01
8.2250367e+03 1.8749200e-01
8.2263904e+03 1.7900400e-01
8.2277438e+03 1.6732199e-01
8.2290984e+03 1.5213400e-01
8.2304527e+03 1.3346601e-01
8.2318074e+03 1.1179400e-01
8.2331633e+03 8.7903999e-02
8.2345189e+03 6.3109003e-02
8.2358758e+03 3.8862001e-02
8.2372323e+03 1.6689001e-02
8.2385892e+03 -2.0260001e-03
8.2399474e+03 -1.6187999e-02
8.2413053e+03 -2.5056999e-02
8.2426644e+03 -2.8324001e-02
8.2440231e+03 -2.6345000e-02
8.2453823e+03 -1.9764001e-02
8.2467427e+03 -9.5600002e-03
8.2481028e+03 3.1470000e-03
8.2494641e+03 1.6903000e-02
8.2508251e+03 3.0611999e-02
8.2521865e+03 4.3152999e-02
8.2535492e+03 5.4001000e-02
8.2549115e+03 6.2870003e-02
8.2562751e+03 6.9807999e-02
8.2576383e+03 7.5340003e-02
8.2590020e+03 8.0251001e-02
8.2603669e+03 8.5400999e-02
8.2617315e+03 9.1670997e-02
8.2630973e+03 9.9730000e-02
8.2644628e+03 1.0998200e-01
8.2658287e+03 1.2259400e-01
8.2671959e+03 1.3709000e-01
8.2685628e+03 1.5268300e-01
8.2699309e+03 1.6822800e-01
8.2712986e+03 1.8243700e-01
8.2726668e+03 1.9404800e-01
8.2740362e+03 2.0179699e-01
8.2754053e+03 2.0475300e-01
8.2767757e+03 2.0244101e-01
8.2781457e+03 1.9493100e-01
8.2795161e+03 1.8274701e-01
8.2808879e+03 1.6689301e-01
8.2822592e+03 1.4872500e-01
8.2836319e+03 1.2969901e-01
8.2850041e+03 1.1131700e-01
8.2863769e+03 9.4795004e-02
8.2877509e+03 8.1110001e-02
8.2891245e+03 7.0952997e-02
8.2904994e+03 6.4324997e-02
8.2918740e+03 6.0867999e-02
8.2932490e+03 5.9819002e-02
8.2946253e+03 6.0081001e-02
8.2960012e+03 6.0439002e-02
8.2973784e+03 5.9556000e-02
8.2987552e+03 5.6219000e-02
8.3001325e+03 4.9710002e-02
8.3015110e+03 3.9744001e-02
8.3028892e+03 2.6582999e-02
8.3042687e+03 1.0848000e-02
8.3056478e+03 -6.4130002e-03
8.3070274e+03 -2.3627000e-02
8.3084083e+03 -3.9482001e-02
8.3097888e+03 -5.2689999e-02
8.3111706e+03 -6.2251002e-02
8.3125520e+03 -6.7590997e-02
8.3139338e+03 -6.8497002e-02
8.3153170e+03 -6.5279000e-02
8.3166998e+03 -5.8341000e-02
8.3180839e+03 -4.8326999e-02
8.3194676e+03 -3.5834000e-02
8.3208517e+03 -2.1361999e-02
8.3222372e+03 -5.2450001e-03
8.3236223e+03 1.2326000e-02
8.3250087e+03 3.1207999e-02
8.3263947e+03 5.1093001e-02
8.3277811e+03 7.1548998e-02
8.3291689e+03 9.1766998e-02
8.3305563e+03 1.1067300e-01
8.3319450e+03 1.2676699e-01
8.3333333e+03 1.3871101e-01
