3.8000000e+02 0.0000000e+00
3.8100000e+02 1.1853456e-03
3.8200000e+02 2.0287408e-05
3.8300000e+02 0.0000000e+00
3.8400000e+02 9.8754853e-04
3.8500000e+02 0.0000000e+00
3.8600000e+02 0.0000000e+00
3.8700000e+02 5.0468045e-04
3.8800000e+02 0.0000000e+00
3.8900000e+02 0.0000000e+00
3.9000000e+02 0.0000000e+00
3.9100000e+02 0.0000000e+00
3.9200000e+02 0.0000000e+00
3.9300000e+02 0.0000000e+00
3.9400000e+02 0.0000000e+00
3.9500000e+02 0.0000000e+00
3.9600000e+02 9.3989873e-04
3.9700000e+02 0.0000000e+00
3.9800000e+02 0.0000000e+00
3.9900000e+02 1.4442523e-03
4.0000000e+02 0.0000000e+00
4.0100000e+02 0.0000000e+00
4.0200000e+02 0.0000000e+00
4.0300000e+02 0.0000000e+00
4.0400000e+02 0.0000000e+00
4.0500000e+02 0.0000000e+00
4.0600000e+02 0.0000000e+00
4.0700000e+02 0.0000000e+00
4.0800000e+02 0.0000000e+00
4.0900000e+02 0.0000000e+00
4.1000000e+02 0.0000000e+00
4.1100000e+02 0.0000000e+00
4.1200000e+02 1.9528138e-05
4.1300000e+02 0.0000000e+00
4.1400000e+02 0.0000000e+00
4.1500000e+02 1.9082704e-03
4.1600000e+02 0.0000000e+00
4.1700000e+02 2.4325338e-03
4.1800000e+02 0.0000000e+00
4.1900000e+02 0.0000000e+00
4.2000000e+02 0.0000000e+00
4.2100000e+02 0.0000000e+00
4.2200000e+02 4.6705870e-04
4.2300000e+02 0.0000000e+00
4.2400000e+02 0.0000000e+00
4.2500000e+02 0.0000000e+00
4.2600000e+02 9.4582231e-04
4.2700000e+02 0.0000000e+00
4.2800000e+02 1.9125293e-05
4.2900000e+02 0.0000000e+00
4.3000000e+02 9.3898143e-04
4.3100000e+02 0.0000000e+00
4.3200000e+02 5.0468045e-04
4.3300000e+02 0.0000000e+00
4.3400000e+02 0.0000000e+00
4.3500000e+02 0.0000000e+00
4.3600000e+02 1.0266538e-03
4.3700000e+02 0.0000000e+00
4.3800000e+02 0.0000000e+00
4.3900000e+02 5.6248989e-04
4.4000000e+02 0.0000000e+00
4.4100000e+02 0.0000000e+00
4.4200000e+02 9.6555757e-04
4.4300000e+02 0.0000000e+00
4.4400000e+02 0.0000000e+00
4.4500000e+02 0.0000000e+00
4.4600000e+02 0.0000000e+00
4.4700000e+02 9.7795554e-04
4.4800000e+02 1.0093609e-03
4.4900000e+02 0.0000000e+00
4.5000000e+02 1.4856124e-05
4.5100000e+02 5.0468045e-04
4.5200000e+02 0.0000000e+00
4.5300000e+02 0.0000000e+00
4.5400000e+02 0.0000000e+00
4.5500000e+02 0.0000000e+00
4.5600000e+02 9.3720917e-04
4.5700000e+02 0.0000000e+00
4.5800000e+02 0.0000000e+00
4.5900000e+02 0.0000000e+00
4.6000000e+02 9.3745924e-04
4.6100000e+02 0.0000000e+00
4.6200000e+02 1.0202115e-03
4.6300000e+02 0.0000000e+00
4.6400000e+02 0.0000000e+00
4.6500000e+02 0.0000000e+00
4.6600000e+02 0.0000000e+00
4.6700000e+02 0.0000000e+00
4.6800000e+02 0.0000000e+00
4.6900000e+02 3.2087849e-05
4.7000000e+02 0.0000000e+00
4.7100000e+02 0.0000000e+00
4.7200000e+02 0.0000000e+00
4.7300000e+02 0.0000000e+00
4.7400000e+02 0.0000000e+00
4.7500000e+02 0.0000000e+00
4.7600000e+02 0.0000000e+00
4.7700000e+02 4.5394342e-04
4.7800000e+02 0.0000000e+00
4.7900000e+02 2.3211467e-05
4.8000000e+02 0.0000000e+00
4.8100000e+02 0.0000000e+00
4.8200000e+02 0.0000000e+00
4.8300000e+02 3.5268922e-05
4.8400000e+02 0.0000000e+00
4.8500000e+02 2.4856301e-03
4.8600000e+02 0.0000000e+00
4.8700000e+02 0.0000000e+00
4.8800000e+02 1.4824407e-03
4.8900000e+02 0.0000000e+00
4.9000000e+02 2.1258394e-05
4.9100000e+02 0.0000000e+00
4.9200000e+02 0.0000000e+00
4.9300000e+02 9.7668608e-04
4.9400000e+02 4.6252779e-04
4.9500000e+02 4.5207714e-04
4.9600000e+02 9.7172553e-04
4.9700000e+02 0.0000000e+00
4.9800000e+02 0.0000000e+00
4.9900000e+02 0.0000000e+00
5.0000000e+02 4.9250028e-04
5.0100000e+02 0.0000000e+00
5.0200000e+02 0.0000000e+00
5.0300000e+02 0.0000000e+00
5.0400000e+02 0.0000000e+00
5.0500000e+02 0.0000000e+00
5.0600000e+02 0.0000000e+00
5.0700000e+02 4.9538522e-04
5.0800000e+02 0.0000000e+00
5.0900000e+02 0.0000000e+00
5.1000000e+02 8.6432787e-06
5.1100000e+02 5.0468045e-04
5.1200000e+02 0.0000000e+00
5.1300000e+02 1.9818848e-05
5.1400000e+02 0.0000000e+00
5.1500000e+02 0.0000000e+00
5.1600000e+02 0.0000000e+00
5.1700000e+02 1.9379606e-03
5.1800000e+02 0.0000000e+00
5.1900000e+02 0.0000000e+00
5.2000000e+02 0.0000000e+00
5.2100000e+02 0.0000000e+00
5.2200000e+02 0.0000000e+00
5.2300000e+02 0.0000000e+00
5.2400000e+02 9.8595614e-04
5.2500000e+02 4.9656597e-04
5.2600000e+02 0.0000000e+00
5.2700000e+02 4.7676391e-04
5.2800000e+02 0.0000000e+00
5.2900000e+02 0.0000000e+00
5.3000000e+02 1.4508055e-03
5.3100000e+02 0.0000000e+00
5.3200000e+02 1.4750702e-03
5.3300000e+02 0.0000000e+00
5.3400000e+02 0.0000000e+00
5.3500000e+02 5.1085228e-04
5.3600000e+02 2.4876611e-03
5.3700000e+02 0.0000000e+00
5.3800000e+02 1.5076877e-03
5.3900000e+02 0.0000000e+00
5.4000000e+02 0.0000000e+00
5.4100000e+02 0.0000000e+00
5.4200000e+02 0.0000000e+00
5.4300000e+02 0.0000000e+00
5.4400000e+02 0.0000000e+00
5.4500000e+02 0.0000000e+00
5.4600000e+02 1.9963567e-03
5.4700000e+02 0.0000000e+00
5.4800000e+02 9.8643111e-04
5.4900000e+02 0.0000000e+00
5.5000000e+02 0.0000000e+00
5.5100000e+02 1.9614284e-03
5.5200000e+02 4.8653195e-04
5.5300000e+02 4.9652009e-04
5.5400000e+02 0.0000000e+00
5.5500000e+02 0.0000000e+00
5.5600000e+02 0.0000000e+00
5.5700000e+02 0.0000000e+00
5.5800000e+02 0.0000000e+00
5.5900000e+02 0.0000000e+00
5.6000000e+02 4.8845220e-04
5.6100000e+02 0.0000000e+00
5.6200000e+02 4.9931326e-04
5.6300000e+02 5.0468045e-04
5.6400000e+02 0.0000000e+00
5.6500000e+02 9.5885175e-04
5.6600000e+02 1.6429581e-05
5.6700000e+02 0.0000000e+00
5.6800000e+02 0.0000000e+00
5.6900000e+02 0.0000000e+00
5.7000000e+02 0.0000000e+00
5.7100000e+02 4.8718576e-04
5.7200000e+02 0.0000000e+00
5.7300000e+02 5.3984153e-06
5.7400000e+02 0.0000000e+00
5.7500000e+02 0.0000000e+00
5.7600000e+02 0.0000000e+00
5.7700000e+02 4.6254152e-06
5.7800000e+02 0.0000000e+00
5.7900000e+02 5.0071742e-04
5.8000000e+02 0.0000000e+00
5.8100000e+02 0.0000000e+00
5.8200000e+02 0.0000000e+00
5.8300000e+02 0.0000000e+00
5.8400000e+02 0.0000000e+00
5.8500000e+02 0.0000000e+00
5.8600000e+02 1.0093609e-03
5.8700000e+02 5.0233195e-04
5.8800000e+02 0.0000000e+00
5.8900000e+02 0.0000000e+00
5.9000000e+02 0.0000000e+00
5.9100000e+02 5.0468045e-04
5.9200000e+02 2.5073223e-03
5.9300000e+02 5.0468045e-04
5.9400000e+02 0.0000000e+00
5.9500000e+02 0.0000000e+00
5.9600000e+02 0.0000000e+00
5.9700000e+02 1.5052998e-03
5.9800000e+02 0.0000000e+00
5.9900000e+02 0.0000000e+00
6.0000000e+02 0.0000000e+00
6.0100000e+02 5.8078966e-06
6.0200000e+02 5.0468045e-04
6.0300000e+02 0.0000000e+00
6.0400000e+02 0.0000000e+00
6.0500000e+02 0.0000000e+00
6.0600000e+02 5.0307543e-04
6.0700000e+02 5.0689963e-04
6.0800000e+02 0.0000000e+00
6.0900000e+02 0.0000000e+00
6.1000000e+02 4.9264762e-04
6.1100000e+02 0.0000000e+00
6.1200000e+02 0.0000000e+00
6.1300000e+02 1.0083107e-03
6.1400000e+02 0.0000000e+00
6.1500000e+02 0.0000000e+00
6.1600000e+02 0.0000000e+00
6.1700000e+02 4.9788515e-04
6.1800000e+02 0.0000000e+00
6.1900000e+02 0.0000000e+00
6.2000000e+02 2.4903220e-03
6.2100000e+02 2.9669161e-06
6.2200000e+02 4.9909359e-04
6.2300000e+02 2.0074753e-07
6.2400000e+02 5.0634229e-04
6.2500000e+02 0.0000000e+00
6.2600000e+02 4.2617795e-06
6.2700000e+02 0.0000000e+00
6.2800000e+02 1.5061464e-03
6.2900000e+02 0.0000000e+00
6.3000000e+02 0.0000000e+00
6.3100000e+02 0.0000000e+00
6.3200000e+02 0.0000000e+00
6.3300000e+02 0.0000000e+00
6.3400000e+02 0.0000000e+00
6.3500000e+02 0.0000000e+00
6.3600000e+02 0.0000000e+00
6.3700000e+02 0.0000000e+00
6.3800000e+02 7.6765087e-06
6.3900000e+02 0.0000000e+00
6.4000000e+02 0.0000000e+00
6.4100000e+02 0.0000000e+00
6.4200000e+02 0.0000000e+00
6.4300000e+02 5.0665247e-04
6.4400000e+02 0.0000000e+00
6.4500000e+02 0.0000000e+00
6.4600000e+02 1.0150076e-03
6.4700000e+02 0.0000000e+00
6.4800000e+02 5.0435098e-04
6.4900000e+02 1.5045108e-03
6.5000000e+02 0.0000000e+00
6.5100000e+02 0.0000000e+00
6.5200000e+02 0.0000000e+00
6.5300000e+02 0.0000000e+00
6.5400000e+02 1.0055874e-03
6.5500000e+02 0.0000000e+00
6.5600000e+02 4.9804386e-04
6.5700000e+02 0.0000000e+00
6.5800000e+02 0.0000000e+00
6.5900000e+02 0.0000000e+00
6.6000000e+02 0.0000000e+00
6.6100000e+02 5.0332910e-04
6.6200000e+02 9.9083415e-04
6.6300000e+02 0.0000000e+00
6.6400000e+02 5.0235398e-04
6.6500000e+02 5.0432394e-04
6.6600000e+02 0.0000000e+00
6.6700000e+02 0.0000000e+00
6.6800000e+02 0.0000000e+00
6.6900000e+02 0.0000000e+00
6.7000000e+02 4.0223798e-07
6.7100000e+02 0.0000000e+00
6.7200000e+02 0.0000000e+00
6.7300000e+02 0.0000000e+00
6.7400000e+02 0.0000000e+00
6.7500000e+02 0.0000000e+00
6.7600000e+02 0.0000000e+00
6.7700000e+02 0.0000000e+00
6.7800000e+02 0.0000000e+00
6.7900000e+02 0.0000000e+00
6.8000000e+02 0.0000000e+00
6.8100000e+02 9.9652779e-04
6.8200000e+02 4.8961935e-04
6.8300000e+02 0.0000000e+00
6.8400000e+02 0.0000000e+00
6.8500000e+02 1.0041330e-03
6.8600000e+02 0.0000000e+00
6.8700000e+02 0.0000000e+00
6.8800000e+02 0.0000000e+00
6.8900000e+02 0.0000000e+00
6.9000000e+02 1.4746800e-03
6.9100000e+02 9.7398957e-04
6.9200000e+02 0.0000000e+00
6.9300000e+02 0.0000000e+00
6.9400000e+02 0.0000000e+00
6.9500000e+02 0.0000000e+00
6.9600000e+02 0.0000000e+00
6.9700000e+02 0.0000000e+00
6.9800000e+02 0.0000000e+00
6.9900000e+02 0.0000000e+00
7.0000000e+02 0.0000000e+00
7.0100000e+02 9.6463704e-04
7.0200000e+02 9.9479766e-04
7.0300000e+02 0.0000000e+00
7.0400000e+02 0.0000000e+00
7.0500000e+02 1.4852661e-03
7.0600000e+02 0.0000000e+00
7.0700000e+02 7.5531853e-06
7.0800000e+02 0.0000000e+00
7.0900000e+02 0.0000000e+00
7.1000000e+02 0.0000000e+00
7.1100000e+02 0.0000000e+00
7.1200000e+02 5.0061652e-04
7.1300000e+02 0.0000000e+00
7.1400000e+02 0.0000000e+00
7.1500000e+02 1.4559998e-03
7.1600000e+02 0.0000000e+00
7.1700000e+02 0.0000000e+00
7.1800000e+02 0.0000000e+00
7.1900000e+02 0.0000000e+00
7.2000000e+02 6.7063140e-06
7.2100000e+02 0.0000000e+00
7.2200000e+02 0.0000000e+00
7.2300000e+02 0.0000000e+00
7.2400000e+02 0.0000000e+00
7.2500000e+02 0.0000000e+00
7.2600000e+02 0.0000000e+00
7.2700000e+02 5.1641923e-04
7.2800000e+02 4.9293699e-04
7.2900000e+02 0.0000000e+00
7.3000000e+02 9.9147149e-04
7.3100000e+02 0.0000000e+00
7.3200000e+02 0.0000000e+00
7.3300000e+02 0.0000000e+00
7.3400000e+02 2.4539671e-03
7.3500000e+02 9.7539877e-04
7.3600000e+02 0.0000000e+00
7.3700000e+02 0.0000000e+00
7.3800000e+02 5.0468045e-04
7.3900000e+02 0.0000000e+00
7.4000000e+02 0.0000000e+00
7.4100000e+02 0.0000000e+00
7.4200000e+02 0.0000000e+00
7.4300000e+02 0.0000000e+00
7.4400000e+02 0.0000000e+00
7.4500000e+02 5.0468045e-04
7.4600000e+02 0.0000000e+00
7.4700000e+02 1.4863504e-03
7.4800000e+02 0.0000000e+00
7.4900000e+02 0.0000000e+00
7.5000000e+02 0.0000000e+00
7.5100000e+02 0.0000000e+00
7.5200000e+02 0.0000000e+00
7.5300000e+02 0.0000000e+00
7.5400000e+02 4.5315898e-04
7.5500000e+02 0.0000000e+00
7.5600000e+02 0.0000000e+00
7.5700000e+02 0.0000000e+00
7.5800000e+02 0.0000000e+00
7.5900000e+02 0.0000000e+00
7.6000000e+02 0.0000000e+00
7.6100000e+02 0.0000000e+00
7.6200000e+02 0.0000000e+00
7.6300000e+02 1.4563847e-03
7.6400000e+02 0.0000000e+00
7.6500000e+02 0.0000000e+00
7.6600000e+02 0.0000000e+00
7.6700000e+02 0.0000000e+00
7.6800000e+02 1.4341241e-05
7.6900000e+02 0.0000000e+00
7.7000000e+02 0.0000000e+00
7.7100000e+02 4.7978810e-04
7.7200000e+02 9.5552400e-04
7.7300000e+02 4.7906695e-04
7.7400000e+02 0.0000000e+00
7.7500000e+02 5.0468045e-04
7.7600000e+02 0.0000000e+00
7.7700000e+02 5.0468045e-04
7.7800000e+02 0.0000000e+00
7.7900000e+02 0.0000000e+00
7.8000000e+02 1.9613278e-03
7.8100000e+02 0.0000000e+00
7.8200000e+02 0.0000000e+00
7.8300000e+02 0.0000000e+00
7.8400000e+02 0.0000000e+00
7.8500000e+02 0.0000000e+00
7.8600000e+02 0.0000000e+00
7.8700000e+02 1.4806437e-03
7.8800000e+02 1.5774560e-05
7.8900000e+02 0.0000000e+00
7.9000000e+02 0.0000000e+00
7.9100000e+02 0.0000000e+00
7.9200000e+02 0.0000000e+00
7.9300000e+02 0.0000000e+00
7.9400000e+02 0.0000000e+00
7.9500000e+02 0.0000000e+00
7.9600000e+02 0.0000000e+00
7.9700000e+02 0.0000000e+00
7.9800000e+02 0.0000000e+00
7.9900000e+02 5.7197789e-05
8.0000000e+02 0.0000000e+00
8.0100000e+02 4.5130006e-04
8.0200000e+02 0.0000000e+00
8.0300000e+02 0.0000000e+00
8.0400000e+02 0.0000000e+00
8.0500000e+02 0.0000000e+00
8.0600000e+02 0.0000000e+00
8.0700000e+02 1.6323150e-05
8.0800000e+02 0.0000000e+00
8.0900000e+02 4.0333621e-04
8.1000000e+02 9.4617980e-04
8.1100000e+02 1.9718332e-03
8.1200000e+02 0.0000000e+00
8.1300000e+02 0.0000000e+00
8.1400000e+02 1.0244913e-03
8.1500000e+02 0.0000000e+00
8.1600000e+02 0.0000000e+00
8.1700000e+02 0.0000000e+00
8.1800000e+02 0.0000000e+00
8.1900000e+02 0.0000000e+00
8.2000000e+02 1.4783274e-03
8.2100000e+02 9.7553884e-04
8.2200000e+02 1.4362949e-03
8.2300000e+02 1.4176273e-05
8.2400000e+02 0.0000000e+00
8.2500000e+02 4.8792041e-04
8.2600000e+02 6.3822555e-03
8.2700000e+02 2.0163869e-02
8.2800000e+02 4.2091895e-02
8.2900000e+02 6.1103377e-02
8.3000000e+02 9.5404207e-02
8.3100000e+02 1.4829364e-01
8.3200000e+02 2.1813635e-01
8.3300000e+02 2.9590163e-01
8.3400000e+02 3.6955605e-01
8.3500000e+02 4.4712160e-01
8.3600000e+02 5.1275985e-01
8.3700000e+02 5.7258600e-01
8.3800000e+02 6.5128644e-01
8.3900000e+02 7.1661752e-01
8.4000000e+02 7.6941349e-01
8.4100000e+02 7.9608326e-01
8.4200000e+02 8.6564995e-01
8.4300000e+02 8.9020189e-01
8.4400000e+02 9.1091757e-01
8.4500000e+02 9.7610139e-01
8.4600000e+02 9.3110582e-01
8.4700000e+02 9.9534444e-01
8.4800000e+02 9.7890210e-01
8.4900000e+02 9.6224870e-01
8.5000000e+02 9.8263164e-01
8.5100000e+02 9.9022321e-01
8.5200000e+02 9.9266774e-01
8.5300000e+02 9.7236847e-01
8.5400000e+02 9.7700595e-01
8.5500000e+02 9.4812264e-01
8.5600000e+02 9.5144906e-01
8.5700000e+02 1.0000000e+00
8.5800000e+02 9.7417894e-01
8.5900000e+02 9.4774156e-01
8.6000000e+02 9.5684708e-01
8.6100000e+02 9.7346377e-01
8.6200000e+02 9.6392141e-01
8.6300000e+02 9.8303732e-01
8.6400000e+02 9.5630760e-01
8.6500000e+02 9.5303310e-01
8.6600000e+02 9.5707975e-01
8.6700000e+02 9.8623525e-01
8.6800000e+02 9.4216136e-01
8.6900000e+02 9.3686762e-01
8.7000000e+02 9.5975525e-01
8.7100000e+02 9.6265863e-01
8.7200000e+02 9.5153464e-01
8.7300000e+02 9.3626829e-01
8.7400000e+02 9.8450048e-01
8.7500000e+02 9.5457175e-01
8.7600000e+02 9.5080792e-01
8.7700000e+02 9.8519176e-01
8.7800000e+02 9.1565200e-01
8.7900000e+02 9.4171252e-01
8.8000000e+02 9.4028982e-01
8.8100000e+02 9.3291125e-01
8.8200000e+02 9.1016669e-01
8.8300000e+02 8.7858249e-01
8.8400000e+02 8.4218779e-01
8.8500000e+02 7.9276400e-01
8.8600000e+02 7.5351958e-01
8.8700000e+02 6.8755083e-01
8.8800000e+02 6.5406237e-01
8.8900000e+02 5.9027082e-01
8.9000000e+02 5.1386184e-01
8.9100000e+02 4.8964098e-01
8.9200000e+02 3.9865744e-01
8.9300000e+02 3.5602822e-01
8.9400000e+02 3.1362802e-01
8.9500000e+02 2.8007264e-01
8.9600000e+02 2.3937101e-01
8.9700000e+02 1.9188519e-01
8.9800000e+02 1.6332687e-01
8.9900000e+02 1.3189400e-01
9.0000000e+02 1.1736251e-01
9.0100000e+02 9.5261616e-02
9.0200000e+02 7.9389269e-02
9.0300000e+02 6.5668048e-02
9.0400000e+02 5.5465270e-02
9.0500000e+02 4.2977662e-02
9.0600000e+02 3.8699938e-02
9.0700000e+02 2.7098164e-02
9.0800000e+02 2.2967050e-02
9.0900000e+02 1.9403454e-02
9.1000000e+02 1.4780759e-02
9.1100000e+02 7.8911727e-03
9.1200000e+02 7.7981770e-03
9.1300000e+02 8.0176134e-03
9.1400000e+02 4.6275046e-03
9.1500000e+02 5.0305605e-03
9.1600000e+02 1.2534494e-04
9.1700000e+02 1.9620288e-03
9.1800000e+02 1.5527448e-03
9.1900000e+02 2.8730954e-03
9.2000000e+02 0.0000000e+00
9.2100000e+02 0.0000000e+00
9.2200000e+02 0.0000000e+00
9.2300000e+02 4.3051495e-05
9.2400000e+02 0.0000000e+00
9.2500000e+02 9.2998045e-05
9.2600000e+02 0.0000000e+00
9.2700000e+02 0.0000000e+00
9.2800000e+02 1.9258118e-03
9.2900000e+02 1.4087180e-03
9.3000000e+02 4.3585545e-04
9.3100000e+02 0.0000000e+00
9.3200000e+02 0.0000000e+00
9.3300000e+02 9.9160034e-04
9.3400000e+02 0.0000000e+00
9.3500000e+02 4.8109666e-04
9.3600000e+02 0.0000000e+00
9.3700000e+02 0.0000000e+00
9.3800000e+02 4.3077134e-04
9.3900000e+02 0.0000000e+00
9.4000000e+02 5.0468045e-04
9.4100000e+02 0.0000000e+00
9.4200000e+02 0.0000000e+00
9.4300000e+02 0.0000000e+00
9.4400000e+02 4.3805612e-04
9.4500000e+02 0.0000000e+00
9.4600000e+02 0.0000000e+00
9.4700000e+02 1.4098353e-03
9.4800000e+02 0.0000000e+00
9.4900000e+02 0.0000000e+00
9.5000000e+02 0.0000000e+00
9.5100000e+02 0.0000000e+00
9.5200000e+02 0.0000000e+00
9.5300000e+02 2.8986700e-03
9.5400000e+02 5.2282371e-04
9.5500000e+02 0.0000000e+00
9.5600000e+02 2.3821821e-05
9.5700000e+02 1.8506310e-05
9.5800000e+02 5.4439950e-04
9.5900000e+02 0.0000000e+00
9.6000000e+02 0.0000000e+00
9.6100000e+02 0.0000000e+00
9.6200000e+02 0.0000000e+00
9.6300000e+02 0.0000000e+00
9.6400000e+02 0.0000000e+00
9.6500000e+02 0.0000000e+00
9.6600000e+02 4.4591040e-04
9.6700000e+02 0.0000000e+00
9.6800000e+02 0.0000000e+00
9.6900000e+02 0.0000000e+00
9.7000000e+02 0.0000000e+00
9.7100000e+02 0.0000000e+00
9.7200000e+02 5.0468045e-04
9.7300000e+02 0.0000000e+00
9.7400000e+02 0.0000000e+00
9.7500000e+02 0.0000000e+00
9.7600000e+02 0.0000000e+00
9.7700000e+02 2.2673780e-05
9.7800000e+02 0.0000000e+00
9.7900000e+02 9.3673332e-04
9.8000000e+02 0.0000000e+00
9.8100000e+02 0.0000000e+00
9.8200000e+02 5.2344237e-04
9.8300000e+02 0.0000000e+00
9.8400000e+02 0.0000000e+00
9.8500000e+02 0.0000000e+00
9.8600000e+02 0.0000000e+00
9.8700000e+02 0.0000000e+00
9.8800000e+02 3.7679523e-04
9.8900000e+02 4.6561352e-04
9.9000000e+02 0.0000000e+00
9.9100000e+02 0.0000000e+00
9.9200000e+02 0.0000000e+00
9.9300000e+02 0.0000000e+00
9.9400000e+02 0.0000000e+00
9.9500000e+02 0.0000000e+00
9.9600000e+02 0.0000000e+00
9.9700000e+02 0.0000000e+00
9.9800000e+02 1.4723913e-03
9.9900000e+02 0.0000000e+00
1.0000000e+03 0.0000000e+00
1.0010000e+03 0.0000000e+00
1.0020000e+03 0.0000000e+00
1.0030000e+03 0.0000000e+00
1.0040000e+03 2.2826773e-05
1.0050000e+03 0.0000000e+00
1.0060000e+03 0.0000000e+00
1.0070000e+03 0.0000000e+00
1.0080000e+03 0.0000000e+00
1.0090000e+03 0.0000000e+00
1.0100000e+03 0.0000000e+00
1.0110000e+03 0.0000000e+00
1.0120000e+03 5.2669740e-04
1.0130000e+03 9.2852705e-04
1.0140000e+03 0.0000000e+00
1.0150000e+03 0.0000000e+00
1.0160000e+03 0.0000000e+00
1.0170000e+03 0.0000000e+00
1.0180000e+03 4.3841502e-04
1.0190000e+03 0.0000000e+00
1.0200000e+03 0.0000000e+00
1.0210000e+03 1.4411148e-03
1.0220000e+03 8.9128563e-04
1.0230000e+03 4.5064431e-05
1.0240000e+03 0.0000000e+00
1.0250000e+03 0.0000000e+00
1.0260000e+03 0.0000000e+00
1.0270000e+03 9.7218725e-04
1.0280000e+03 0.0000000e+00
1.0290000e+03 0.0000000e+00
1.0300000e+03 0.0000000e+00
1.0310000e+03 0.0000000e+00
1.0320000e+03 0.0000000e+00
1.0330000e+03 1.3945502e-03
1.0340000e+03 0.0000000e+00
1.0350000e+03 0.0000000e+00
1.0360000e+03 0.0000000e+00
1.0370000e+03 9.4270970e-04
1.0380000e+03 0.0000000e+00
1.0390000e+03 0.0000000e+00
1.0400000e+03 0.0000000e+00
1.0410000e+03 2.3369210e-05
1.0420000e+03 0.0000000e+00
1.0430000e+03 0.0000000e+00
1.0440000e+03 0.0000000e+00
1.0450000e+03 9.6753540e-04
1.0460000e+03 4.6703936e-04
1.0470000e+03 0.0000000e+00
1.0480000e+03 0.0000000e+00
1.0490000e+03 4.6163955e-04
1.0500000e+03 0.0000000e+00
1.0510000e+03 5.0468045e-04
1.0520000e+03 0.0000000e+00
1.0530000e+03 0.0000000e+00
1.0540000e+03 0.0000000e+00
1.0550000e+03 0.0000000e+00
1.0560000e+03 1.4514646e-03
1.0570000e+03 3.5690903e-05
1.0580000e+03 0.0000000e+00
1.0590000e+03 0.0000000e+00
1.0600000e+03 0.0000000e+00
1.0610000e+03 1.9183065e-03
1.0620000e+03 4.4269471e-04
1.0630000e+03 5.0468045e-04
1.0640000e+03 0.0000000e+00
1.0650000e+03 4.4890156e-04
1.0660000e+03 4.5359845e-05
1.0670000e+03 9.7010094e-04
1.0680000e+03 0.0000000e+00
1.0690000e+03 9.3496482e-04
1.0700000e+03 0.0000000e+00
1.0710000e+03 0.0000000e+00
1.0720000e+03 4.8318009e-04
1.0730000e+03 1.4301939e-03
1.0740000e+03 0.0000000e+00
1.0750000e+03 0.0000000e+00
1.0760000e+03 0.0000000e+00
1.0770000e+03 1.9048085e-03
1.0780000e+03 5.0468045e-04
1.0790000e+03 1.4456324e-03
1.0800000e+03 1.4579037e-03
1.0810000e+03 0.0000000e+00
1.0820000e+03 0.0000000e+00
1.0830000e+03 0.0000000e+00
1.0840000e+03 5.2738914e-04
1.0850000e+03 0.0000000e+00
1.0860000e+03 0.0000000e+00
1.0870000e+03 5.0468045e-04
1.0880000e+03 0.0000000e+00
1.0890000e+03 0.0000000e+00
1.0900000e+03 0.0000000e+00
1.0910000e+03 0.0000000e+00
1.0920000e+03 0.0000000e+00
1.0930000e+03 2.1654068e-05
1.0940000e+03 0.0000000e+00
1.0950000e+03 0.0000000e+00
1.0960000e+03 0.0000000e+00
1.0970000e+03 0.0000000e+00
1.0980000e+03 0.0000000e+00
1.0990000e+03 0.0000000e+00
1.1000000e+03 0.0000000e+00
