3.8000000e+02 0.0000000e+00
3.8100000e+02 0.0000000e+00
3.8200000e+02 0.0000000e+00
3.8300000e+02 2.9641935e-03
3.8400000e+02 0.0000000e+00
3.8500000e+02 0.0000000e+00
3.8600000e+02 0.0000000e+00
3.8700000e+02 1.0342167e-04
3.8800000e+02 0.0000000e+00
3.8900000e+02 2.9733779e-03
3.9000000e+02 0.0000000e+00
3.9100000e+02 0.0000000e+00
3.9200000e+02 0.0000000e+00
3.9300000e+02 0.0000000e+00
3.9400000e+02 0.0000000e+00
3.9500000e+02 0.0000000e+00
3.9600000e+02 0.0000000e+00
3.9700000e+02 0.0000000e+00
3.9800000e+02 0.0000000e+00
3.9900000e+02 1.0692381e-04
4.0000000e+02 0.0000000e+00
4.0100000e+02 0.0000000e+00
4.0200000e+02 1.1622589e-04
4.0300000e+02 0.0000000e+00
4.0400000e+02 0.0000000e+00
4.0500000e+02 0.0000000e+00
4.0600000e+02 0.0000000e+00
4.0700000e+02 1.3328443e-04
4.0800000e+02 0.0000000e+00
4.0900000e+02 0.0000000e+00
4.1000000e+02 3.0928828e-03
4.1100000e+02 8.9585331e-05
4.1200000e+02 0.0000000e+00
4.1300000e+02 0.0000000e+00
4.1400000e+02 0.0000000e+00
4.1500000e+02 0.0000000e+00
4.1600000e+02 0.0000000e+00
4.1700000e+02 0.0000000e+00
4.1800000e+02 3.0928828e-03
4.1900000e+02 0.0000000e+00
4.2000000e+02 0.0000000e+00
4.2100000e+02 2.9664378e-03
4.2200000e+02 0.0000000e+00
4.2300000e+02 0.0000000e+00
4.2400000e+02 0.0000000e+00
4.2500000e+02 0.0000000e+00
4.2600000e+02 1.5575588e-04
4.2700000e+02 1.2863653e-02
4.2800000e+02 2.2587839e-02
4.2900000e+02 5.1286910e-02
4.3000000e+02 1.0454518e-01
4.3100000e+02 1.7891064e-01
4.3200000e+02 2.8085423e-01
4.3300000e+02 3.8537144e-01
4.3400000e+02 4.8032743e-01
4.3500000e+02 5.4775258e-01
4.3600000e+02 6.0237029e-01
4.3700000e+02 6.2410144e-01
4.3800000e+02 6.5557689e-01
4.3900000e+02 6.9197909e-01
4.4000000e+02 7.4450307e-01
4.4100000e+02 7.6687296e-01
4.4200000e+02 8.0697396e-01
4.4300000e+02 8.3158856e-01
4.4400000e+02 8.8081084e-01
4.4500000e+02 9.0264331e-01
4.4600000e+02 9.2420269e-01
4.4700000e+02 9.3618116e-01
4.4800000e+02 9.4256641e-01
4.4900000e+02 9.8508328e-01
4.5000000e+02 1.0000000e+00
4.5100000e+02 9.9640918e-01
4.5200000e+02 9.8410837e-01
4.5300000e+02 9.3201900e-01
4.5400000e+02 8.0307647e-01
4.5500000e+02 6.0400712e-01
4.5600000e+02 3.7843246e-01
4.5700000e+02 2.1708864e-01
4.5800000e+02 1.0341853e-01
4.5900000e+02 4.8810800e-02
4.6000000e+02 2.1209537e-02
4.6100000e+02 9.1013075e-03
4.6200000e+02 3.0263861e-03
4.6300000e+02 0.0000000e+00
4.6400000e+02 7.6859040e-05
4.6500000e+02 2.9834763e-03
4.6600000e+02 0.0000000e+00
4.6700000e+02 0.0000000e+00
4.6800000e+02 0.0000000e+00
4.6900000e+02 0.0000000e+00
4.7000000e+02 0.0000000e+00
4.7100000e+02 0.0000000e+00
4.7200000e+02 0.0000000e+00
4.7300000e+02 0.0000000e+00
4.7400000e+02 0.0000000e+00
4.7500000e+02 0.0000000e+00
4.7600000e+02 0.0000000e+00
4.7700000e+02 0.0000000e+00
4.7800000e+02 0.0000000e+00
4.7900000e+02 0.0000000e+00
4.8000000e+02 3.0231435e-03
4.8100000e+02 0.0000000e+00
4.8200000e+02 0.0000000e+00
4.8300000e+02 0.0000000e+00
4.8400000e+02 3.0201080e-03
4.8500000e+02 0.0000000e+00
4.8600000e+02 8.2585947e-05
4.8700000e+02 0.0000000e+00
4.8800000e+02 0.0000000e+00
4.8900000e+02 0.0000000e+00
4.9000000e+02 0.0000000e+00
4.9100000e+02 3.0172883e-03
4.9200000e+02 0.0000000e+00
4.9300000e+02 0.0000000e+00
4.9400000e+02 0.0000000e+00
4.9500000e+02 0.0000000e+00
4.9600000e+02 4.6128894e-05
4.9700000e+02 3.0928828e-03
4.9800000e+02 0.0000000e+00
4.9900000e+02 0.0000000e+00
5.0000000e+02 0.0000000e+00
5.0100000e+02 0.0000000e+00
5.0200000e+02 0.0000000e+00
5.0300000e+02 0.0000000e+00
5.0400000e+02 0.0000000e+00
5.0500000e+02 3.0433274e-03
5.0600000e+02 0.0000000e+00
5.0700000e+02 0.0000000e+00
5.0800000e+02 0.0000000e+00
5.0900000e+02 0.0000000e+00
5.1000000e+02 3.1988217e-03
5.1100000e+02 6.2751320e-03
5.1200000e+02 9.1291763e-03
5.1300000e+02 1.8253652e-02
5.1400000e+02 9.2786483e-03
5.1500000e+02 9.2786483e-03
5.1600000e+02 1.2212502e-02
5.1700000e+02 9.2786483e-03
5.1800000e+02 9.2146684e-03
5.1900000e+02 9.2786483e-03
5.2000000e+02 9.2786483e-03
5.2100000e+02 6.2354094e-03
5.2200000e+02 6.1857655e-03
5.2300000e+02 9.2786483e-03
5.2400000e+02 6.2335768e-03
5.2500000e+02 6.2354943e-03
5.2600000e+02 1.5252198e-02
5.2700000e+02 6.1287377e-03
5.2800000e+02 6.2489303e-03
5.2900000e+02 3.1646438e-03
5.3000000e+02 6.1082586e-03
5.3100000e+02 3.7188811e-05
5.3200000e+02 2.9973505e-03
5.3300000e+02 3.0928828e-03
5.3400000e+02 7.3765656e-05
5.3500000e+02 3.0550593e-03
5.3600000e+02 0.0000000e+00
5.3700000e+02 7.0398189e-05
5.3800000e+02 3.8937618e-05
5.3900000e+02 0.0000000e+00
5.4000000e+02 3.0634227e-03
5.4100000e+02 0.0000000e+00
5.4200000e+02 0.0000000e+00
5.4300000e+02 0.0000000e+00
5.4400000e+02 0.0000000e+00
5.4500000e+02 3.0367354e-03
5.4600000e+02 3.0586172e-03
5.4700000e+02 0.0000000e+00
5.4800000e+02 0.0000000e+00
5.4900000e+02 3.0928828e-03
5.5000000e+02 0.0000000e+00
5.5100000e+02 3.1430423e-03
5.5200000e+02 0.0000000e+00
5.5300000e+02 0.0000000e+00
5.5400000e+02 2.6173576e-04
5.5500000e+02 0.0000000e+00
5.5600000e+02 4.8588070e-05
5.5700000e+02 4.4090497e-05
5.5800000e+02 6.2240427e-03
5.5900000e+02 3.1967949e-03
5.6000000e+02 9.2786483e-03
5.6100000e+02 1.5432091e-02
5.6200000e+02 9.2786483e-03
5.6300000e+02 1.2371531e-02
5.6400000e+02 9.3546434e-03
5.6500000e+02 9.4555284e-03
5.6600000e+02 1.5363727e-02
5.6700000e+02 9.2196958e-03
5.6800000e+02 9.2616531e-03
5.6900000e+02 9.2508256e-03
5.7000000e+02 3.0928828e-03
5.7100000e+02 3.1464900e-03
5.7200000e+02 3.0753582e-03
5.7300000e+02 0.0000000e+00
5.7400000e+02 0.0000000e+00
5.7500000e+02 2.1470443e-05
5.7600000e+02 0.0000000e+00
5.7700000e+02 3.1070560e-03
5.7800000e+02 0.0000000e+00
5.7900000e+02 1.2143487e-05
5.8000000e+02 3.0928828e-03
5.8100000e+02 3.0766065e-03
5.8200000e+02 4.6569895e-05
5.8300000e+02 3.0667005e-03
5.8400000e+02 3.1097922e-03
5.8500000e+02 8.6406159e-05
5.8600000e+02 9.2786483e-03
5.8700000e+02 9.2498633e-03
5.8800000e+02 9.2765298e-03
5.8900000e+02 9.2360594e-03
5.9000000e+02 6.2195880e-03
5.9100000e+02 1.2345837e-02
5.9200000e+02 6.2054744e-03
5.9300000e+02 1.2371531e-02
5.9400000e+02 1.2346149e-02
5.9500000e+02 1.2338846e-02
5.9600000e+02 6.1857655e-03
5.9700000e+02 9.2384694e-03
5.9800000e+02 3.3877969e-05
5.9900000e+02 3.0928828e-03
6.0000000e+02 2.8217122e-05
6.0100000e+02 0.0000000e+00
6.0200000e+02 3.0868774e-03
6.0300000e+02 0.0000000e+00
6.0400000e+02 0.0000000e+00
6.0500000e+02 0.0000000e+00
6.0600000e+02 0.0000000e+00
6.0700000e+02 0.0000000e+00
6.0800000e+02 0.0000000e+00
6.0900000e+02 0.0000000e+00
6.1000000e+02 2.4580657e-05
6.1100000e+02 3.7589358e-06
6.1200000e+02 0.0000000e+00
6.1300000e+02 0.0000000e+00
6.1400000e+02 0.0000000e+00
6.1500000e+02 0.0000000e+00
6.1600000e+02 3.0805300e-03
6.1700000e+02 0.0000000e+00
6.1800000e+02 0.0000000e+00
6.1900000e+02 0.0000000e+00
6.2000000e+02 0.0000000e+00
6.2100000e+02 1.8182444e-05
6.2200000e+02 8.5596252e-06
6.2300000e+02 0.0000000e+00
6.2400000e+02 0.0000000e+00
6.2500000e+02 0.0000000e+00
6.2600000e+02 0.0000000e+00
6.2700000e+02 0.0000000e+00
6.2800000e+02 3.0807870e-03
6.2900000e+02 0.0000000e+00
6.3000000e+02 6.7090146e-06
6.3100000e+02 3.0901626e-03
6.3200000e+02 0.0000000e+00
6.3300000e+02 0.0000000e+00
6.3400000e+02 0.0000000e+00
6.3500000e+02 0.0000000e+00
6.3600000e+02 0.0000000e+00
6.3700000e+02 0.0000000e+00
6.3800000e+02 0.0000000e+00
6.3900000e+02 0.0000000e+00
6.4000000e+02 0.0000000e+00
6.4100000e+02 0.0000000e+00
6.4200000e+02 0.0000000e+00
6.4300000e+02 0.0000000e+00
6.4400000e+02 0.0000000e+00
6.4500000e+02 0.0000000e+00
6.4600000e+02 0.0000000e+00
6.4700000e+02 0.0000000e+00
6.4800000e+02 0.0000000e+00
6.4900000e+02 0.0000000e+00
6.5000000e+02 0.0000000e+00
6.5100000e+02 0.0000000e+00
6.5200000e+02 0.0000000e+00
6.5300000e+02 0.0000000e+00
6.5400000e+02 0.0000000e+00
6.5500000e+02 0.0000000e+00
6.5600000e+02 1.3557221e-05
6.5700000e+02 0.0000000e+00
6.5800000e+02 0.0000000e+00
6.5900000e+02 0.0000000e+00
6.6000000e+02 3.0889981e-03
6.6100000e+02 0.0000000e+00
6.6200000e+02 0.0000000e+00
6.6300000e+02 0.0000000e+00
6.6400000e+02 0.0000000e+00
6.6500000e+02 0.0000000e+00
6.6600000e+02 0.0000000e+00
6.6700000e+02 0.0000000e+00
6.6800000e+02 3.0889875e-03
6.6900000e+02 0.0000000e+00
6.7000000e+02 0.0000000e+00
6.7100000e+02 0.0000000e+00
6.7200000e+02 0.0000000e+00
6.7300000e+02 3.0711599e-03
6.7400000e+02 0.0000000e+00
6.7500000e+02 0.0000000e+00
6.7600000e+02 0.0000000e+00
6.7700000e+02 0.0000000e+00
6.7800000e+02 0.0000000e+00
6.7900000e+02 0.0000000e+00
6.8000000e+02 0.0000000e+00
6.8100000e+02 0.0000000e+00
6.8200000e+02 3.0766797e-05
6.8300000e+02 0.0000000e+00
6.8400000e+02 3.0593760e-03
6.8500000e+02 0.0000000e+00
6.8600000e+02 0.0000000e+00
6.8700000e+02 0.0000000e+00
6.8800000e+02 0.0000000e+00
6.8900000e+02 0.0000000e+00
6.9000000e+02 0.0000000e+00
6.9100000e+02 0.0000000e+00
6.9200000e+02 2.2227331e-05
6.9300000e+02 0.0000000e+00
6.9400000e+02 0.0000000e+00
6.9500000e+02 0.0000000e+00
6.9600000e+02 0.0000000e+00
6.9700000e+02 0.0000000e+00
6.9800000e+02 3.0474422e-03
6.9900000e+02 1.7841961e-05
7.0000000e+02 0.0000000e+00
7.0100000e+02 0.0000000e+00
7.0200000e+02 0.0000000e+00
7.0300000e+02 0.0000000e+00
7.0400000e+02 0.0000000e+00
7.0500000e+02 0.0000000e+00
7.0600000e+02 0.0000000e+00
7.0700000e+02 0.0000000e+00
7.0800000e+02 3.0655878e-03
7.0900000e+02 0.0000000e+00
7.1000000e+02 0.0000000e+00
7.1100000e+02 0.0000000e+00
7.1200000e+02 0.0000000e+00
7.1300000e+02 3.7214007e-05
7.1400000e+02 0.0000000e+00
7.1500000e+02 0.0000000e+00
7.1600000e+02 0.0000000e+00
7.1700000e+02 3.0672054e-03
7.1800000e+02 5.8747488e-05
7.1900000e+02 0.0000000e+00
7.2000000e+02 0.0000000e+00
7.2100000e+02 3.0426913e-03
7.2200000e+02 0.0000000e+00
7.2300000e+02 2.9959359e-03
7.2400000e+02 0.0000000e+00
7.2500000e+02 0.0000000e+00
7.2600000e+02 0.0000000e+00
7.2700000e+02 0.0000000e+00
7.2800000e+02 0.0000000e+00
7.2900000e+02 0.0000000e+00
7.3000000e+02 3.0380661e-03
7.3100000e+02 0.0000000e+00
7.3200000e+02 0.0000000e+00
7.3300000e+02 0.0000000e+00
7.3400000e+02 0.0000000e+00
7.3500000e+02 0.0000000e+00
7.3600000e+02 0.0000000e+00
7.3700000e+02 0.0000000e+00
7.3800000e+02 3.0410228e-03
7.3900000e+02 0.0000000e+00
7.4000000e+02 0.0000000e+00
7.4100000e+02 0.0000000e+00
7.4200000e+02 0.0000000e+00
7.4300000e+02 0.0000000e+00
7.4400000e+02 0.0000000e+00
7.4500000e+02 0.0000000e+00
7.4600000e+02 0.0000000e+00
7.4700000e+02 0.0000000e+00
7.4800000e+02 5.4856049e-05
7.4900000e+02 2.9498201e-03
7.5000000e+02 3.7765050e-05
7.5100000e+02 0.0000000e+00
7.5200000e+02 0.0000000e+00
7.5300000e+02 2.9497875e-03
7.5400000e+02 0.0000000e+00
7.5500000e+02 0.0000000e+00
7.5600000e+02 0.0000000e+00
7.5700000e+02 0.0000000e+00
7.5800000e+02 0.0000000e+00
7.5900000e+02 0.0000000e+00
7.6000000e+02 0.0000000e+00
7.6100000e+02 0.0000000e+00
7.6200000e+02 0.0000000e+00
7.6300000e+02 0.0000000e+00
7.6400000e+02 0.0000000e+00
7.6500000e+02 0.0000000e+00
7.6600000e+02 0.0000000e+00
7.6700000e+02 0.0000000e+00
7.6800000e+02 8.7888836e-05
7.6900000e+02 0.0000000e+00
7.7000000e+02 8.1438365e-05
7.7100000e+02 0.0000000e+00
7.7200000e+02 0.0000000e+00
7.7300000e+02 0.0000000e+00
7.7400000e+02 0.0000000e+00
7.7500000e+02 0.0000000e+00
7.7600000e+02 0.0000000e+00
7.7700000e+02 0.0000000e+00
7.7800000e+02 0.0000000e+00
7.7900000e+02 6.0925970e-05
7.8000000e+02 0.0000000e+00
7.8100000e+02 0.0000000e+00
7.8200000e+02 3.0001450e-03
7.8300000e+02 3.0096764e-03
7.8400000e+02 0.0000000e+00
7.8500000e+02 0.0000000e+00
7.8600000e+02 0.0000000e+00
7.8700000e+02 0.0000000e+00
7.8800000e+02 0.0000000e+00
7.8900000e+02 0.0000000e+00
7.9000000e+02 0.0000000e+00
7.9100000e+02 0.0000000e+00
7.9200000e+02 6.1034548e-03
7.9300000e+02 0.0000000e+00
7.9400000e+02 0.0000000e+00
7.9500000e+02 3.0219545e-03
7.9600000e+02 0.0000000e+00
7.9700000e+02 0.0000000e+00
7.9800000e+02 3.0928828e-03
7.9900000e+02 0.0000000e+00
8.0000000e+02 0.0000000e+00
8.0100000e+02 0.0000000e+00
8.0200000e+02 0.0000000e+00
8.0300000e+02 0.0000000e+00
8.0400000e+02 0.0000000e+00
8.0500000e+02 0.0000000e+00
8.0600000e+02 0.0000000e+00
8.0700000e+02 1.0003477e-04
8.0800000e+02 0.0000000e+00
8.0900000e+02 0.0000000e+00
8.1000000e+02 0.0000000e+00
8.1100000e+02 9.5784040e-05
8.1200000e+02 2.9609871e-03
8.1300000e+02 0.0000000e+00
8.1400000e+02 0.0000000e+00
8.1500000e+02 0.0000000e+00
8.1600000e+02 0.0000000e+00
8.1700000e+02 0.0000000e+00
8.1800000e+02 0.0000000e+00
8.1900000e+02 0.0000000e+00
8.2000000e+02 0.0000000e+00
8.2100000e+02 2.9892453e-03
8.2200000e+02 0.0000000e+00
8.2300000e+02 0.0000000e+00
8.2400000e+02 7.3277612e-05
8.2500000e+02 1.0271219e-04
8.2600000e+02 2.9245024e-03
8.2700000e+02 2.9812975e-03
8.2800000e+02 0.0000000e+00
8.2900000e+02 0.0000000e+00
8.3000000e+02 0.0000000e+00
8.3100000e+02 0.0000000e+00
8.3200000e+02 0.0000000e+00
8.3300000e+02 0.0000000e+00
8.3400000e+02 0.0000000e+00
8.3500000e+02 0.0000000e+00
8.3600000e+02 0.0000000e+00
8.3700000e+02 0.0000000e+00
8.3800000e+02 0.0000000e+00
8.3900000e+02 3.0928828e-03
8.4000000e+02 0.0000000e+00
8.4100000e+02 0.0000000e+00
8.4200000e+02 2.8775327e-03
8.4300000e+02 0.0000000e+00
8.4400000e+02 0.0000000e+00
8.4500000e+02 0.0000000e+00
8.4600000e+02 0.0000000e+00
8.4700000e+02 0.0000000e+00
8.4800000e+02 0.0000000e+00
8.4900000e+02 8.9148586e-05
8.5000000e+02 0.0000000e+00
8.5100000e+02 0.0000000e+00
8.5200000e+02 0.0000000e+00
8.5300000e+02 3.0928828e-03
8.5400000e+02 0.0000000e+00
8.5500000e+02 0.0000000e+00
8.5600000e+02 1.2635320e-04
8.5700000e+02 1.2131983e-04
8.5800000e+02 0.0000000e+00
8.5900000e+02 0.0000000e+00
8.6000000e+02 0.0000000e+00
8.6100000e+02 2.9713727e-03
8.6200000e+02 9.0749408e-03
8.6300000e+02 3.2206259e-03
8.6400000e+02 3.0928828e-03
8.6500000e+02 3.0928828e-03
8.6600000e+02 3.0928828e-03
8.6700000e+02 3.0928828e-03
8.6800000e+02 3.0928828e-03
8.6900000e+02 3.0928828e-03
8.7000000e+02 3.0928828e-03
8.7100000e+02 3.0928828e-03
8.7200000e+02 3.0928828e-03
8.7300000e+02 3.0928828e-03
8.7400000e+02 3.0928828e-03
8.7500000e+02 3.0928828e-03
8.7600000e+02 3.0928828e-03
8.7700000e+02 3.0928828e-03
8.7800000e+02 3.0928828e-03
8.7900000e+02 3.0928828e-03
8.8000000e+02 3.0928828e-03
8.8100000e+02 3.0928828e-03
8.8200000e+02 3.0928828e-03
8.8300000e+02 3.0928828e-03
8.8400000e+02 3.0928828e-03
8.8500000e+02 3.0928828e-03
8.8600000e+02 3.0928828e-03
8.8700000e+02 3.0928828e-03
8.8800000e+02 3.0928828e-03
8.8900000e+02 3.0928828e-03
8.9000000e+02 3.0928828e-03
8.9100000e+02 3.0928828e-03
8.9200000e+02 3.0928828e-03
8.9300000e+02 3.0928828e-03
8.9400000e+02 3.0928828e-03
8.9500000e+02 3.0928828e-03
8.9600000e+02 3.0928828e-03
8.9700000e+02 3.0928828e-03
8.9800000e+02 3.0928828e-03
8.9900000e+02 3.0928828e-03
9.0000000e+02 3.0928828e-03
9.0100000e+02 3.0928828e-03
9.0200000e+02 3.0928828e-03
9.0300000e+02 3.0928828e-03
9.0400000e+02 3.0928828e-03
9.0500000e+02 3.0928828e-03
9.0600000e+02 3.0928828e-03
9.0700000e+02 3.0928828e-03
9.0800000e+02 3.0928828e-03
9.0900000e+02 3.0928828e-03
9.1000000e+02 3.0928828e-03
9.1100000e+02 3.0928828e-03
9.1200000e+02 3.0928828e-03
9.1300000e+02 3.0928828e-03
9.1400000e+02 3.0928828e-03
9.1500000e+02 6.1857655e-03
9.1600000e+02 0.0000000e+00
9.1700000e+02 0.0000000e+00
9.1800000e+02 0.0000000e+00
9.1900000e+02 0.0000000e+00
9.2000000e+02 0.0000000e+00
9.2100000e+02 0.0000000e+00
9.2200000e+02 0.0000000e+00
9.2300000e+02 0.0000000e+00
9.2400000e+02 0.0000000e+00
9.2500000e+02 0.0000000e+00
9.2600000e+02 0.0000000e+00
9.2700000e+02 0.0000000e+00
9.2800000e+02 0.0000000e+00
9.2900000e+02 0.0000000e+00
9.3000000e+02 0.0000000e+00
9.3100000e+02 2.9907921e-03
9.3200000e+02 0.0000000e+00
9.3300000e+02 0.0000000e+00
9.3400000e+02 2.8809930e-03
9.3500000e+02 0.0000000e+00
9.3600000e+02 0.0000000e+00
9.3700000e+02 0.0000000e+00
9.3800000e+02 0.0000000e+00
9.3900000e+02 0.0000000e+00
9.4000000e+02 5.9480263e-03
9.4100000e+02 1.3827530e-04
9.4200000e+02 1.1331132e-04
9.4300000e+02 0.0000000e+00
9.4400000e+02 0.0000000e+00
9.4500000e+02 0.0000000e+00
9.4600000e+02 0.0000000e+00
9.4700000e+02 1.0643598e-04
9.4800000e+02 0.0000000e+00
9.4900000e+02 0.0000000e+00
9.5000000e+02 0.0000000e+00
9.5100000e+02 0.0000000e+00
9.5200000e+02 2.8788067e-03
9.5300000e+02 0.0000000e+00
9.5400000e+02 0.0000000e+00
9.5500000e+02 1.2963582e-04
9.5600000e+02 0.0000000e+00
9.5700000e+02 0.0000000e+00
9.5800000e+02 0.0000000e+00
9.5900000e+02 0.0000000e+00
9.6000000e+02 0.0000000e+00
9.6100000e+02 0.0000000e+00
9.6200000e+02 1.2653020e-04
9.6300000e+02 0.0000000e+00
9.6400000e+02 0.0000000e+00
9.6500000e+02 0.0000000e+00
9.6600000e+02 0.0000000e+00
9.6700000e+02 1.4202039e-04
9.6800000e+02 0.0000000e+00
9.6900000e+02 0.0000000e+00
9.7000000e+02 0.0000000e+00
9.7100000e+02 0.0000000e+00
9.7200000e+02 0.0000000e+00
9.7300000e+02 1.2170221e-04
9.7400000e+02 0.0000000e+00
9.7500000e+02 0.0000000e+00
9.7600000e+02 2.9438190e-03
9.7700000e+02 0.0000000e+00
9.7800000e+02 0.0000000e+00
9.7900000e+02 2.9445192e-03
9.8000000e+02 0.0000000e+00
9.8100000e+02 0.0000000e+00
9.8200000e+02 0.0000000e+00
9.8300000e+02 0.0000000e+00
9.8400000e+02 2.9573765e-03
9.8500000e+02 1.3909006e-04
9.8600000e+02 0.0000000e+00
9.8700000e+02 0.0000000e+00
9.8800000e+02 0.0000000e+00
9.8900000e+02 0.0000000e+00
9.9000000e+02 0.0000000e+00
9.9100000e+02 2.9596206e-03
9.9200000e+02 0.0000000e+00
9.9300000e+02 0.0000000e+00
9.9400000e+02 0.0000000e+00
9.9500000e+02 0.0000000e+00
9.9600000e+02 2.9709630e-03
9.9700000e+02 2.8381391e-03
9.9800000e+02 0.0000000e+00
9.9900000e+02 2.8431375e-03
1.0000000e+03 0.0000000e+00
1.0010000e+03 0.0000000e+00
1.0020000e+03 0.0000000e+00
1.0030000e+03 0.0000000e+00
1.0040000e+03 0.0000000e+00
1.0050000e+03 0.0000000e+00
1.0060000e+03 0.0000000e+00
1.0070000e+03 0.0000000e+00
1.0080000e+03 0.0000000e+00
1.0090000e+03 0.0000000e+00
1.0100000e+03 1.4932403e-04
1.0110000e+03 0.0000000e+00
1.0120000e+03 0.0000000e+00
1.0130000e+03 0.0000000e+00
1.0140000e+03 2.9434019e-03
1.0150000e+03 0.0000000e+00
1.0160000e+03 0.0000000e+00
1.0170000e+03 0.0000000e+00
1.0180000e+03 0.0000000e+00
1.0190000e+03 0.0000000e+00
1.0200000e+03 0.0000000e+00
1.0210000e+03 0.0000000e+00
1.0220000e+03 0.0000000e+00
1.0230000e+03 0.0000000e+00
1.0240000e+03 0.0000000e+00
1.0250000e+03 0.0000000e+00
1.0260000e+03 0.0000000e+00
1.0270000e+03 0.0000000e+00
1.0280000e+03 0.0000000e+00
1.0290000e+03 0.0000000e+00
1.0300000e+03 2.7970444e-03
1.0310000e+03 1.0999808e-04
1.0320000e+03 0.0000000e+00
1.0330000e+03 1.4645782e-04
1.0340000e+03 0.0000000e+00
1.0350000e+03 2.9624405e-03
1.0360000e+03 0.0000000e+00
1.0370000e+03 3.0928828e-03
1.0380000e+03 0.0000000e+00
1.0390000e+03 0.0000000e+00
1.0400000e+03 1.3528153e-04
1.0410000e+03 0.0000000e+00
1.0420000e+03 0.0000000e+00
1.0430000e+03 0.0000000e+00
1.0440000e+03 0.0000000e+00
1.0450000e+03 0.0000000e+00
1.0460000e+03 0.0000000e+00
1.0470000e+03 1.3782921e-04
1.0480000e+03 0.0000000e+00
1.0490000e+03 0.0000000e+00
1.0500000e+03 0.0000000e+00
1.0510000e+03 0.0000000e+00
1.0520000e+03 0.0000000e+00
1.0530000e+03 1.1232801e-04
1.0540000e+03 0.0000000e+00
1.0550000e+03 0.0000000e+00
1.0560000e+03 2.9650510e-03
1.0570000e+03 2.8741547e-03
1.0580000e+03 0.0000000e+00
1.0590000e+03 0.0000000e+00
1.0600000e+03 3.0928828e-03
1.0610000e+03 0.0000000e+00
1.0620000e+03 0.0000000e+00
1.0630000e+03 0.0000000e+00
1.0640000e+03 1.2305398e-04
1.0650000e+03 0.0000000e+00
1.0660000e+03 0.0000000e+00
1.0670000e+03 0.0000000e+00
1.0680000e+03 2.9534553e-03
1.0690000e+03 0.0000000e+00
1.0700000e+03 1.2266446e-04
1.0710000e+03 0.0000000e+00
1.0720000e+03 0.0000000e+00
1.0730000e+03 0.0000000e+00
1.0740000e+03 2.9707178e-03
1.0750000e+03 0.0000000e+00
1.0760000e+03 0.0000000e+00
1.0770000e+03 0.0000000e+00
1.0780000e+03 1.3194811e-04
1.0790000e+03 2.9880734e-03
1.0800000e+03 0.0000000e+00
1.0810000e+03 0.0000000e+00
1.0820000e+03 0.0000000e+00
1.0830000e+03 0.0000000e+00
1.0840000e+03 0.0000000e+00
1.0850000e+03 0.0000000e+00
1.0860000e+03 0.0000000e+00
1.0870000e+03 0.0000000e+00
1.0880000e+03 2.9548186e-03
1.0890000e+03 0.0000000e+00
1.0900000e+03 0.0000000e+00
1.0910000e+03 0.0000000e+00
1.0920000e+03 0.0000000e+00
1.0930000e+03 0.0000000e+00
1.0940000e+03 0.0000000e+00
1.0950000e+03 0.0000000e+00
1.0960000e+03 0.0000000e+00
1.0970000e+03 1.3002516e-04
1.0980000e+03 0.0000000e+00
1.0990000e+03 0.0000000e+00
1.1000000e+03 2.9922988e-03
