     400       0
     401       0
     402       0
     403       0
     404       0
     405       0
     406       0
     407       0
     408       0
     409       0
     410       0
     411       0
     412       0
     413       0
     414       0
     415       0
     416       0
     417       0
     418       0
     419       0
     420       0
     421       0
     422       0
     423       0
     424       0
     425       0
     426       0
     427       0
     428       0
     429       0
     430       0
     431       0
     432       0
     433       0
     434       0
     435       0
     436       0
     437       0
     438       0
     439       0
     440       0
     441       0
     442       0
     443       0
     444       0
     445       0
     446       0
     447       0
     448       0
     449       0
     450       0
     451       0
     452       0
     453       0
     454 0.0001798
     455 0.0009259
     456 0.001673
     457 0.002492
     458 0.003306
     459 0.004758
     460 0.006199
     461 0.008418
     462  0.0106
     463 0.01576
     464  0.0208
     465  0.0285
     466 0.03611
     467 0.04845
     468 0.06056
     469 0.08153
     470  0.1022
     471  0.1397
     472  0.1767
     473  0.2492
     474  0.3192
     475  0.4244
     476  0.5262
     477  0.6094
     478  0.6885
     479  0.7158
     480  0.7406
     481  0.7494
     482   0.757
     483  0.7715
     484  0.7838
     485  0.8077
     486  0.8303
     487  0.8584
     488  0.8845
     489  0.9099
     490  0.9355
     491  0.9463
     492  0.9568
     493  0.9549
     494  0.9536
     495  0.9455
     496  0.9384
     497  0.9301
     498  0.9234
     499  0.9218
     500  0.9195
     501  0.9222
     502  0.9263
     503  0.9306
     504  0.9363
     505  0.9424
     506  0.9513
     507  0.9595
     508  0.9685
     509   0.979
     510  0.9884
     511  0.9931
     512       1
     513   0.987
     514  0.9771
     515  0.9328
     516  0.8879
     517  0.8162
     518   0.745
     519  0.6598
     520  0.5778
     521  0.5019
     522  0.4271
     523  0.3692
     524  0.3122
     525  0.2701
     526  0.2287
     527  0.1966
     528  0.1645
     529  0.1384
     530  0.1128
     531  0.0933
     532 0.07402
     533 0.06061
     534 0.04736
     535 0.03853
     536 0.02989
     537  0.0245
     538 0.01926
     539 0.01595
     540 0.01268
     541 0.01055
     542 0.008473
     543 0.007017
     544 0.005598
     545 0.004674
     546 0.003765
     547 0.00327
     548 0.002789
     549 0.002484
     550 0.002192
     551 0.001948
     552 0.001715
     553 0.001632
     554 0.001546
     555 0.001465
     556 0.001382
     557 0.001301
     558 0.00122
     559 0.001093
     560 0.0009702
     561 0.001158
     562 0.001346
     563 0.001504
     564 0.001663
     565 0.001677
     566 0.001693
     567 0.001756
     568 0.00182
     569 0.001886
     570 0.001943
     571 0.001959
     572 0.001972
     573 0.002056
     574 0.002141
     575 0.002133
     576 0.00213
     577 0.002143
     578 0.002158
     579 0.002193
     580 0.002231
     581 0.002247
     582 0.002263
     583 0.002259
     584 0.002249
     585 0.002243
     586 0.002234
     587 0.00225
     588 0.002268
     589 0.00237
     590 0.002475
     591 0.00249
     592 0.002507
     593 0.002583
     594 0.002665
     595 0.002761
     596 0.002861
     597 0.002965
     598 0.003067
     599 0.003165
     600 0.003268
     601 0.003385
     602 0.003505
     603 0.003647
     604 0.003788
     605 0.004079
     606 0.004363
     607 0.004693
     608 0.005026
     609 0.005495
     610 0.005964
     611 0.006581
     612 0.007194
     613 0.007983
     614 0.008764
     615 0.009749
     616 0.01074
     617 0.01182
     618 0.01286
     619  0.0137
     620 0.01453
     621 0.01474
     622 0.01497
     623 0.01459
     624 0.01423
     625  0.0135
     626 0.01276
     627 0.01194
     628 0.01117
     629 0.01048
     630 0.009765
     631 0.009233
     632 0.008697
     633 0.008343
     634 0.007982
     635 0.007531
     636 0.007063
     637 0.007062
     638 0.007077
     639 0.006993
     640 0.006913
     641 0.006878
     642 0.006859
     643 0.006863
     644 0.006891
     645 0.006888
     646 0.006865
     647 0.006771
     648 0.006692
     649 0.006834
     650 0.00695
     651 0.007089
     652 0.007201
     653 0.007388
     654 0.007564
     655 0.007748
     656 0.007874
     657 0.008053
     658 0.008241
     659 0.008513
     660 0.008764
     661 0.009051
     662 0.009335
     663 0.009608
     664 0.009884
     665 0.01018
     666 0.01048
     667 0.01083
     668 0.01116
     669 0.01143
     670 0.01167
     671 0.01197
     672 0.01228
     673 0.01256
     674 0.01286
     675 0.01314
     676 0.01343
     677 0.01366
     678 0.01393
     679 0.01408
     680  0.0142
     681 0.01435
     682 0.01452
     683 0.01465
     684  0.0148
     685 0.01494
     686 0.01505
     687 0.01522
     688 0.01539
     689 0.01554
     690 0.01573
     691 0.01591
     692 0.01609
     693 0.01617
     694 0.01624
     695 0.01608
     696 0.01593
     697 0.01535
     698 0.01475
     699 0.01391
     700 0.01308
     701 0.01206
     702 0.01101
     703 0.009988
     704 0.008938
     705 0.008102
     706 0.007264
     707 0.006591
     708 0.005914
     709 0.005375
     710 0.00483
     711 0.004432
     712 0.004023
     713 0.003728
     714 0.003441
     715 0.003247
     716 0.003061
     717 0.002929
     718 0.002794
     719 0.002702
     720 0.002609
     721 0.002574
     722 0.002543
     723 0.002614
     724 0.002681
     725 0.002892
     726 0.003109
     727 0.003347
     728 0.003589
     729 0.003895
     730 0.004202
     731 0.004488
     732 0.004772
     733 0.004979
     734 0.005196
     735 0.005239
     736 0.005278
     737 0.005145
     738 0.005018
     739 0.004796
     740 0.004575
     741 0.004221
     742 0.003866
     743 0.003507
     744 0.003145
     745 0.002866
     746 0.002589
     747 0.00231
     748 0.002023
     749 0.001761
     750 0.001495
     751 0.001206
     752 0.0009162
     753 0.0007129
     754 0.0005093
     755 0.0002806
     756 4.954e-005
     757       0
     758       0
     759       0
     760       0
     761       0
     762       0
     763       0
     764       0
     765       0
     766       0
     767       0
     768       0
     769       0
     770       0
     771       0
     772       0
     773       0
     774       0
     775       0
     776       0
     777       0
     778       0
     779       0
     780       0
     781       0
     782       0
     783       0
     784       0
     785       0
     786       0
     787       0
     788       0
     789       0
     790       0
     791       0
     792       0
     793       0
     794       0
     795       0
     796       0
     797       0
     798       0
     799       0
     800       0
     801       0
     802       0
     803       0
     804       0
     805       0
     806       0
     807       0
     808       0
     809       0
     810       0
     811       0
     812       0
     813       0
     814       0
     815       0
     816       0
     817       0
     818       0
     819       0
     820       0
     821       0
     822       0
     823       0
     824       0
     825       0
     826       0
     827       0
     828       0
     829       0
     830       0
     831       0
     832       0
     833       0
     834       0
     835       0
     836       0
     837       0
     838       0
     839       0
     840       0
     841       0
     842       0
     843       0
     844       0
     845       0
     846       0
     847       0
     848       0
     849       0
     850       0
     851       0
     852       0
     853       0
     854       0
     855       0
     856       0
     857       0
     858       0
     859       0
     860       0
     861       0
     862       0
     863       0
     864       0
     865       0
     866       0
     867       0
     868       0
     869       0
     870       0
     871       0
     872       0
     873       0
     874       0
     875       0
     876       0
     877       0
     878       0
     879       0
     880       0
     881       0
     882       0
     883       0
     884       0
     885       0
     886       0
     887       0
     888       0
     889       0
     890       0
     891       0
     892       0
     893       0
     894       0
     895       0
     896       0
     897       0
     898       0
     899       0
     900       0
     901       0
     902       0
     903       0
     904       0
     905       0
     906       0
     907       0
     908       0
     909       0
     910       0
     911       0
     912       0
     913       0
     914       0
     915       0
     916       0
     917       0
     918       0
     919       0
     920       0
     921       0
     922       0
     923       0
     924       0
     925       0
     926       0
     927       0
     928       0
     929       0
     930       0
     931       0
     932       0
     933       0
     934       0
     935       0
     936       0
     937       0
     938       0
     939       0
     940       0
     941       0
     942       0
     943       0
     944       0
     945       0
     946       0
     947       0
     948       0
     949       0
     950       0
     951       0
     952       0
     953       0
     954       0
     955       0
     956       0
     957       0
     958       0
     959       0
     960       0
     961       0
     962       0
     963       0
     964       0
     965       0
     966       0
     967       0
     968       0
     969       0
     970       0
     971       0
     972       0
     973       0
     974       0
     975       0
     976       0
     977       0
     978       0
     979       0
     980       0
     981       0
     982       0
     983       0
     984       0
     985       0
     986       0
     987       0
     988       0
     989       0
     990       0
     991       0
     992       0
     993       0
     994       0
     995       0
     996       0
     997       0
     998       0
     999       0
    1000       0
    1001       0
    1002       0
    1003       0
    1004       0
    1005       0
    1006       0
    1007       0
    1008       0
    1009       0
    1010       0
    1011       0
    1012       0
    1013       0
    1014       0
    1015       0
    1016       0
    1017       0
    1018       0
    1019       0
    1020       0
    1021       0
    1022       0
    1023       0
    1024       0
    1025       0
    1026       0
    1027       0
    1028       0
    1029       0
    1030       0
    1031       0
    1032       0
    1033       0
    1034       0
    1035       0
    1036       0
    1037       0
    1038       0
    1039       0
    1040       0
    1041       0
    1042       0
    1043       0
    1044       0
    1045       0
    1046       0
    1047       0
    1048       0
    1049       0
    1050       0
    1051       0
    1052       0
    1053       0
    1054       0
    1055       0
    1056       0
    1057       0
    1058       0
    1059       0
    1060       0
    1061       0
    1062       0
    1063       0
    1064       0
    1065       0
    1066       0
    1067       0
    1068       0
    1069       0
    1070       0
    1071       0
    1072       0
    1073       0
    1074       0
    1075       0
    1076       0
    1077       0
    1078       0
    1079       0
    1080       0
    1081       0
    1082       0
    1083       0
    1084       0
    1085       0
    1086       0
    1087       0
    1088       0
    1089       0
    1090       0
    1091       0
    1092       0
    1093       0
    1094       0
    1095       0
    1096       0
    1097       0
    1098       0
    1099       0
    1100       0
    1101       0
    1102       0
    1103       0
    1104       0
    1105       0
    1106       0
    1107       0
    1108       0
    1109       0
    1110       0
    1111       0
    1112       0
    1113       0
    1114       0
    1115       0
    1116       0
    1117       0
    1118       0
    1119       0
    1120       0
    1121       0
    1122       0
    1123       0
    1124       0
    1125       0
    1126       0
    1127       0
    1128       0
    1129       0
    1130       0
    1131       0
    1132       0
    1133       0
    1134       0
    1135       0
    1136       0
    1137       0
    1138       0
    1139       0
    1140       0
    1141       0
    1142       0
    1143       0
    1144       0
    1145       0
    1146       0
    1147       0
    1148       0
    1149       0
    1150       0
    1151       0
    1152       0
    1153       0
    1154       0
    1155       0
    1156       0
    1157       0
    1158       0
    1159       0
    1160       0
    1161       0
    1162       0
    1163       0
    1164       0
    1165       0
    1166       0
    1167       0
    1168       0
    1169       0
    1170       0
    1171       0
    1172       0
    1173       0
    1174       0
    1175       0
    1176       0
    1177       0
    1178       0
    1179       0
    1180       0
    1181       0
    1182       0
    1183       0
    1184       0
    1185       0
    1186       0
    1187       0
    1188       0
    1189       0
    1190       0
    1191       0
    1192       0
    1193       0
    1194       0
    1195       0
    1196       0
    1197       0
    1198       0
    1199       0
    1200       0
