     400       0
     401       0
     402       0
     403       0
     404       0
     405 0.000787
     406 0.001073
     407 0.001354
     408 0.002081
     409 0.002776
     410 0.003619
     411 0.004418
     412 0.004594
     413 0.004791
     414 0.006653
     415 0.008408
     416 0.009337
     417 0.01026
     418 0.01435
     419 0.01826
     420 0.02605
     421 0.03365
     422 0.05101
     423 0.06779
     424  0.1012
     425   0.134
     426   0.214
     427  0.2905
     428   0.386
     429  0.4752
     430  0.5388
     431  0.5982
     432  0.6174
     433  0.6349
     434  0.6408
     435  0.6458
     436  0.6609
     437  0.6753
     438  0.6922
     439  0.7073
     440   0.728
     441  0.7487
     442  0.7672
     443  0.7841
     444  0.7826
     445  0.7808
     446  0.8251
     447  0.8684
     448  0.8855
     449  0.9021
     450  0.9142
     451  0.9235
     452  0.9275
     453   0.929
     454  0.9143
     455  0.9167
     456  0.9326
     457  0.9451
     458  0.9589
     459  0.9743
     460  0.9865
     461       1
     462  0.9992
     463  0.9998
     464   0.982
     465   0.967
     466  0.9647
     467  0.9616
     468  0.9594
     469  0.9573
     470  0.9615
     471  0.9658
     472  0.9598
     473  0.9514
     474  0.8982
     475  0.8467
     476  0.7586
     477  0.6719
     478  0.5565
     479  0.4444
     480  0.3478
     481  0.2556
     482  0.1976
     483  0.1421
     484  0.1112
     485 0.08155
     486 0.06592
     487 0.05096
     488 0.04205
     489 0.03358
     490 0.02842
     491  0.0234
     492 0.02052
     493 0.01775
     494 0.01552
     495  0.0134
     496 0.01311
     497  0.0128
     498 0.01209
     499  0.0114
     500 0.01114
     501  0.0109
     502 0.01092
     503 0.01092
     504 0.01104
     505 0.01113
     506 0.01118
     507 0.01123
     508 0.01112
     509 0.01101
     510 0.01069
     511 0.01039
     512 0.01052
     513 0.01062
     514 0.01012
     515 0.009598
     516 0.008557
     517 0.007573
     518 0.007068
     519 0.006571
     520 0.006074
     521 0.005588
     522 0.005171
     523 0.004766
     524 0.004409
     525 0.004064
     526 0.003808
     527 0.003564
     528 0.00344
     529 0.003322
     530 0.003277
     531 0.003234
     532 0.003159
     533 0.003092
     534 0.003111
     535 0.00313
     536 0.003226
     537 0.003319
     538 0.003483
     539 0.003645
     540 0.003923
     541 0.004197
     542 0.004582
     543 0.004957
     544 0.005522
     545 0.006086
     546  0.0068
     547 0.007495
     548 0.008398
     549 0.00926
     550 0.009735
     551 0.01017
     552 0.01003
     553 0.009892
     554 0.008925
     555 0.007986
     556 0.006838
     557 0.005709
     558 0.00503
     559 0.004364
     560 0.003896
     561 0.003432
     562 0.003073
     563 0.002713
     564 0.002482
     565 0.00225
     566 0.002186
     567 0.002122
     568 0.002053
     569 0.001985
     570 0.001952
     571 0.001923
     572 0.001852
     573 0.001785
     574 0.001797
     575 0.001809
     576 0.001815
     577 0.001817
     578 0.001797
     579 0.001776
     580 0.001796
     581 0.001815
     582 0.001843
     583 0.001871
     584 0.001873
     585 0.001878
     586 0.001933
     587 0.00199
     588 0.002033
     589 0.002074
     590 0.002139
     591 0.002202
     592 0.002297
     593 0.002386
     594 0.00251
     595 0.002628
     596 0.002793
     597 0.00296
     598 0.003186
     599 0.003407
     600 0.003719
     601 0.004023
     602 0.004435
     603 0.004845
     604 0.005447
     605 0.006052
     606 0.006816
     607 0.007584
     608 0.008787
     609 0.009971
     610 0.01102
     611 0.01207
     612 0.01344
     613 0.01482
     614  0.0156
     615 0.01638
     616  0.0166
     617 0.01681
     618  0.0166
     619 0.01642
     620 0.01597
     621 0.01554
     622 0.01508
     623 0.01462
     624 0.01426
     625 0.01389
     626 0.01288
     627 0.01186
     628 0.01258
     629  0.0133
     630 0.01332
     631 0.01337
     632 0.01356
     633 0.01378
     634 0.01402
     635 0.01424
     636   0.015
     637  0.0158
     638 0.01637
     639 0.01691
     640 0.01826
     641 0.01962
     642 0.02102
     643 0.02237
     644 0.02348
     645 0.02457
     646 0.02646
     647 0.02849
     648 0.02998
     649 0.03173
     650 0.03254
     651 0.03316
     652 0.03393
     653 0.03465
     654 0.03528
     655 0.03595
     656 0.03586
     657 0.03583
     658 0.03418
     659 0.03247
     660 0.03027
     661 0.02817
     662 0.02435
     663 0.02056
     664  0.0205
     665 0.02046
     666 0.01897
     667 0.01748
     668 0.01593
     669 0.01443
     670 0.01416
     671 0.01392
     672 0.01341
     673  0.0129
     674 0.01103
     675 0.009148
     676 0.01056
     677 0.01196
     678 0.01187
     679 0.01175
     680 0.01157
     681 0.01143
     682 0.01129
     683 0.01111
     684 0.01082
     685 0.01054
     686 0.009864
     687 0.009197
     688 0.008972
     689 0.008742
     690 0.008182
     691 0.007606
     692 0.006989
     693 0.006374
     694 0.005768
     695 0.005166
     696 0.00458
     697 0.003987
     698 0.003419
     699 0.002857
     700 0.002607
     701 0.002359
     702 0.002106
     703 0.001854
     704 0.001679
     705 0.001505
     706 0.001413
     707 0.001319
     708 0.001279
     709 0.00124
     710 0.001234
     711 0.00123
     712 0.001272
     713 0.001314
     714 0.001406
     715 0.001498
     716 0.001683
     717 0.001868
     718 0.002088
     719 0.00231
     720 0.002549
     721 0.002786
     722 0.002952
     723 0.003117
     724 0.00311
     725 0.003101
     726 0.002911
     727 0.002716
     728 0.002392
     729 0.002064
     730 0.001721
     731 0.001374
     732 0.001185
     733 0.000996
     734       0
     735       0
     736       0
     737       0
     738       0
     739       0
     740       0
     741       0
     742       0
     743       0
     744       0
     745       0
     746       0
     747       0
     748       0
     749       0
     750       0
     751       0
     752       0
     753       0
     754       0
     755       0
     756       0
     757       0
     758       0
     759       0
     760       0
     761       0
     762       0
     763       0
     764       0
     765       0
     766       0
     767       0
     768       0
     769       0
     770       0
     771       0
     772       0
     773       0
     774       0
     775       0
     776       0
     777       0
     778       0
     779       0
     780       0
     781       0
     782       0
     783       0
     784       0
     785       0
     786       0
     787       0
     788       0
     789       0
     790       0
     791       0
     792       0
     793       0
     794       0
     795       0
     796       0
     797       0
     798       0
     799       0
     800       0
     801       0
     802       0
     803       0
     804       0
     805       0
     806       0
     807       0
     808       0
     809       0
     810       0
     811       0
     812       0
     813       0
     814       0
     815       0
     816       0
     817       0
     818       0
     819       0
     820       0
     821       0
     822       0
     823       0
     824       0
     825       0
     826       0
     827       0
     828       0
     829       0
     830       0
     831       0
     832       0
     833       0
     834       0
     835       0
     836       0
     837       0
     838       0
     839       0
     840       0
     841       0
     842       0
     843       0
     844       0
     845       0
     846       0
     847       0
     848       0
     849       0
     850       0
     851       0
     852       0
     853       0
     854       0
     855       0
     856       0
     857       0
     858       0
     859       0
     860       0
     861       0
     862       0
     863       0
     864       0
     865       0
     866       0
     867       0
     868       0
     869       0
     870       0
     871       0
     872       0
     873       0
     874       0
     875       0
     876       0
     877       0
     878       0
     879       0
     880       0
     881       0
     882       0
     883       0
     884       0
     885       0
     886       0
     887       0
     888       0
     889       0
     890       0
     891       0
     892       0
     893       0
     894       0
     895       0
     896       0
     897       0
     898       0
     899       0
     900       0
     901       0
     902       0
     903       0
     904       0
     905       0
     906       0
     907       0
     908       0
     909       0
     910       0
     911       0
     912       0
     913       0
     914       0
     915       0
     916       0
     917       0
     918       0
     919       0
     920       0
     921       0
     922       0
     923       0
     924       0
     925       0
     926       0
     927       0
     928       0
     929       0
     930       0
     931       0
     932       0
     933       0
     934       0
     935       0
     936       0
     937       0
     938       0
     939       0
     940       0
     941       0
     942       0
     943       0
     944       0
     945       0
     946       0
     947       0
     948       0
     949       0
     950       0
     951       0
     952       0
     953       0
     954       0
     955       0
     956       0
     957       0
     958       0
     959       0
     960       0
     961       0
     962       0
     963       0
     964       0
     965       0
     966       0
     967       0
     968       0
     969       0
     970       0
     971       0
     972       0
     973       0
     974       0
     975       0
     976       0
     977       0
     978       0
     979       0
     980       0
     981       0
     982       0
     983       0
     984       0
     985       0
     986       0
     987       0
     988       0
     989       0
     990       0
     991       0
     992       0
     993       0
     994       0
     995       0
     996       0
     997       0
     998       0
     999       0
    1000       0
    1001       0
    1002       0
    1003       0
    1004       0
    1005       0
    1006       0
    1007       0
    1008       0
    1009       0
    1010       0
    1011       0
    1012       0
    1013       0
    1014       0
    1015       0
    1016       0
    1017       0
    1018       0
    1019       0
    1020       0
    1021       0
    1022       0
    1023       0
    1024       0
    1025       0
    1026       0
    1027       0
    1028       0
    1029       0
    1030       0
    1031       0
    1032       0
    1033       0
    1034       0
    1035       0
    1036       0
    1037       0
    1038       0
    1039       0
    1040       0
    1041       0
    1042       0
    1043       0
    1044       0
    1045       0
    1046       0
    1047       0
    1048       0
    1049       0
    1050       0
    1051       0
    1052       0
    1053       0
    1054       0
    1055       0
    1056       0
    1057       0
    1058       0
    1059       0
    1060       0
    1061       0
    1062       0
    1063       0
    1064       0
    1065       0
    1066       0
    1067       0
    1068       0
    1069       0
    1070       0
    1071       0
    1072       0
    1073       0
    1074       0
    1075       0
    1076       0
    1077       0
    1078       0
    1079       0
    1080       0
    1081       0
    1082       0
    1083       0
    1084       0
    1085       0
    1086       0
    1087       0
    1088       0
    1089       0
    1090       0
    1091       0
    1092       0
    1093       0
    1094       0
    1095       0
    1096       0
    1097       0
    1098       0
    1099       0
    1100       0
    1101       0
    1102       0
    1103       0
    1104       0
    1105       0
    1106       0
    1107       0
    1108       0
    1109       0
    1110       0
    1111       0
    1112       0
    1113       0
    1114       0
    1115       0
    1116       0
    1117       0
    1118       0
    1119       0
    1120       0
    1121       0
    1122       0
    1123       0
    1124       0
    1125       0
    1126       0
    1127       0
    1128       0
    1129       0
    1130       0
    1131       0
    1132       0
    1133       0
    1134       0
    1135       0
    1136       0
    1137       0
    1138       0
    1139       0
    1140       0
    1141       0
    1142       0
    1143       0
    1144       0
    1145       0
    1146       0
    1147       0
    1148       0
    1149       0
    1150       0
    1151       0
    1152       0
    1153       0
    1154       0
    1155       0
    1156       0
    1157       0
    1158       0
    1159       0
    1160       0
    1161       0
    1162       0
    1163       0
    1164       0
    1165       0
    1166       0
    1167       0
    1168       0
    1169       0
    1170       0
    1171       0
    1172       0
    1173       0
    1174       0
    1175       0
    1176       0
    1177       0
    1178       0
    1179       0
    1180       0
    1181       0
    1182       0
    1183       0
    1184       0
    1185       0
    1186       0
    1187       0
    1188       0
    1189       0
    1190       0
    1191       0
    1192       0
    1193       0
    1194       0
    1195       0
    1196       0
    1197       0
    1198       0
    1199       0
    1200       0
