3.8000000e+02 0.0000000e+00
3.8100000e+02 0.0000000e+00
3.8200000e+02 0.0000000e+00
3.8300000e+02 0.0000000e+00
3.8400000e+02 0.0000000e+00
3.8500000e+02 0.0000000e+00
3.8600000e+02 5.4420829e-03
3.8700000e+02 0.0000000e+00
3.8800000e+02 0.0000000e+00
3.8900000e+02 0.0000000e+00
3.9000000e+02 0.0000000e+00
3.9100000e+02 0.0000000e+00
3.9200000e+02 0.0000000e+00
3.9300000e+02 0.0000000e+00
3.9400000e+02 0.0000000e+00
3.9500000e+02 0.0000000e+00
3.9600000e+02 2.3394255e-02
3.9700000e+02 5.2419416e-02
3.9800000e+02 1.0471206e-01
3.9900000e+02 1.7416093e-01
4.0000000e+02 2.3290122e-01
4.0100000e+02 2.9681412e-01
4.0200000e+02 3.5589866e-01
4.0300000e+02 4.3571489e-01
4.0400000e+02 4.7194705e-01
4.0500000e+02 5.2280085e-01
4.0600000e+02 5.6986757e-01
4.0700000e+02 5.9321478e-01
4.0800000e+02 6.3885282e-01
4.0900000e+02 6.7358005e-01
4.1000000e+02 6.8549275e-01
4.1100000e+02 7.3130577e-01
4.1200000e+02 7.5004935e-01
4.1300000e+02 7.9534874e-01
4.1400000e+02 8.0706500e-01
4.1500000e+02 8.8309175e-01
4.1600000e+02 9.0057468e-01
4.1700000e+02 9.5812489e-01
4.1800000e+02 9.8277135e-01
4.1900000e+02 1.0000000e+00
4.2000000e+02 9.4648360e-01
4.2100000e+02 8.3572140e-01
4.2200000e+02 6.5975295e-01
4.2300000e+02 4.7935399e-01
4.2400000e+02 2.9468006e-01
4.2500000e+02 1.7928461e-01
4.2600000e+02 1.0973693e-01
4.2700000e+02 5.2418802e-02
4.2800000e+02 3.4792092e-02
4.2900000e+02 1.1597364e-02
4.3000000e+02 4.0432327e-04
4.3100000e+02 3.9241564e-04
4.3200000e+02 0.0000000e+00
4.3300000e+02 5.7986820e-03
4.3400000e+02 0.0000000e+00
4.3500000e+02 0.0000000e+00
4.3600000e+02 0.0000000e+00
4.3700000e+02 0.0000000e+00
4.3800000e+02 0.0000000e+00
4.3900000e+02 0.0000000e+00
4.4000000e+02 0.0000000e+00
4.4100000e+02 0.0000000e+00
4.4200000e+02 5.6309181e-03
4.4300000e+02 0.0000000e+00
4.4400000e+02 0.0000000e+00
4.4500000e+02 5.6705328e-03
4.4600000e+02 0.0000000e+00
4.4700000e+02 3.6084149e-04
4.4800000e+02 5.5943669e-03
4.4900000e+02 1.1735417e-02
4.5000000e+02 5.9693760e-03
4.5100000e+02 2.0248032e-04
4.5200000e+02 1.1454124e-02
4.5300000e+02 1.1234812e-02
4.5400000e+02 2.4407790e-04
4.5500000e+02 5.9640056e-03
4.5600000e+02 0.0000000e+00
4.5700000e+02 1.1284135e-02
4.5800000e+02 5.7986820e-03
4.5900000e+02 0.0000000e+00
4.6000000e+02 0.0000000e+00
4.6100000e+02 0.0000000e+00
4.6200000e+02 0.0000000e+00
4.6300000e+02 5.6188285e-03
4.6400000e+02 5.5104841e-03
4.6500000e+02 5.7986820e-03
4.6600000e+02 0.0000000e+00
4.6700000e+02 0.0000000e+00
4.6800000e+02 0.0000000e+00
4.6900000e+02 1.7027363e-02
4.7000000e+02 1.6152233e-04
4.7100000e+02 1.1459876e-02
4.7200000e+02 5.5624664e-03
4.7300000e+02 0.0000000e+00
4.7400000e+02 0.0000000e+00
4.7500000e+02 5.4685465e-03
4.7600000e+02 0.0000000e+00
4.7700000e+02 0.0000000e+00
4.7800000e+02 0.0000000e+00
4.7900000e+02 0.0000000e+00
4.8000000e+02 1.1466613e-02
4.8100000e+02 1.7396046e-02
4.8200000e+02 1.7266907e-02
4.8300000e+02 1.7531124e-02
4.8400000e+02 1.7396046e-02
4.8500000e+02 1.7396046e-02
4.8600000e+02 2.3194728e-02
4.8700000e+02 2.3361592e-02
4.8800000e+02 3.4610550e-02
4.8900000e+02 3.4688702e-02
4.9000000e+02 1.7640301e-02
4.9100000e+02 1.7112590e-02
4.9200000e+02 1.7396046e-02
4.9300000e+02 1.1691221e-02
4.9400000e+02 1.7396046e-02
4.9500000e+02 2.3194728e-02
4.9600000e+02 1.7482531e-02
4.9700000e+02 2.8873170e-02
4.9800000e+02 2.8993410e-02
4.9900000e+02 2.9094832e-02
5.0000000e+02 3.4792092e-02
5.0100000e+02 3.4880373e-02
5.0200000e+02 4.6256552e-02
5.0300000e+02 4.0763528e-02
5.0400000e+02 5.2188138e-02
5.0500000e+02 5.7893911e-02
5.0600000e+02 5.7986820e-02
5.0700000e+02 5.7986820e-02
5.0800000e+02 5.2356016e-02
5.0900000e+02 5.7855551e-02
5.1000000e+02 5.2188138e-02
5.1100000e+02 4.6389456e-02
5.1200000e+02 3.4932211e-02
5.1300000e+02 2.8993410e-02
5.1400000e+02 2.8993410e-02
5.1500000e+02 2.3194728e-02
5.1600000e+02 1.7396046e-02
5.1700000e+02 1.7263485e-02
5.1800000e+02 1.7156141e-02
5.1900000e+02 5.7986820e-03
5.2000000e+02 5.6973500e-03
5.2100000e+02 5.7056074e-03
5.2200000e+02 0.0000000e+00
5.2300000e+02 0.0000000e+00
5.2400000e+02 8.9638725e-05
5.2500000e+02 5.6122145e-03
5.2600000e+02 0.0000000e+00
5.2700000e+02 0.0000000e+00
5.2800000e+02 0.0000000e+00
5.2900000e+02 5.7986820e-03
5.3000000e+02 1.4531362e-04
5.3100000e+02 5.8684053e-03
5.3200000e+02 5.7986820e-03
5.3300000e+02 1.7510165e-02
5.3400000e+02 2.8993410e-02
5.3500000e+02 2.8993410e-02
5.3600000e+02 3.4894757e-02
5.3700000e+02 5.2188138e-02
5.3800000e+02 5.7986820e-02
5.3900000e+02 6.3785502e-02
5.4000000e+02 5.8152519e-02
5.4100000e+02 5.2286883e-02
5.4200000e+02 4.0638749e-02
5.4300000e+02 3.4694623e-02
5.4400000e+02 2.3194728e-02
5.4500000e+02 1.1807900e-02
5.4600000e+02 5.7986820e-03
5.4700000e+02 5.7986820e-03
5.4800000e+02 1.1597364e-02
5.4900000e+02 5.7447078e-03
5.5000000e+02 1.1597364e-02
5.5100000e+02 1.1597364e-02
5.5200000e+02 5.9376972e-03
5.5300000e+02 1.7349166e-02
5.5400000e+02 1.7396046e-02
5.5500000e+02 1.1597364e-02
5.5600000e+02 1.1688459e-02
5.5700000e+02 1.1680027e-02
5.5800000e+02 1.1669128e-02
5.5900000e+02 1.1532424e-02
5.6000000e+02 1.1535211e-02
5.6100000e+02 5.9198844e-03
5.6200000e+02 5.8603499e-03
5.6300000e+02 5.7986820e-03
5.6400000e+02 5.7986820e-03
5.6500000e+02 5.7986820e-03
5.6600000e+02 5.7986820e-03
5.6700000e+02 5.7986820e-03
5.6800000e+02 5.7986820e-03
5.6900000e+02 5.8508454e-03
5.7000000e+02 5.8732574e-03
5.7100000e+02 1.7396046e-02
5.7200000e+02 2.3194728e-02
5.7300000e+02 2.3194728e-02
5.7400000e+02 2.9090587e-02
5.7500000e+02 3.4792092e-02
5.7600000e+02 4.0669323e-02
5.7700000e+02 4.6416029e-02
5.7800000e+02 5.2259164e-02
5.7900000e+02 5.2188138e-02
5.8000000e+02 5.2409964e-02
5.8100000e+02 5.7986820e-02
5.8200000e+02 5.2188138e-02
5.8300000e+02 5.2237226e-02
5.8400000e+02 5.2188138e-02
5.8500000e+02 4.6389456e-02
5.8600000e+02 4.6442136e-02
5.8700000e+02 4.0617758e-02
5.8800000e+02 4.0594746e-02
5.8900000e+02 4.6309608e-02
5.9000000e+02 4.0654186e-02
5.9100000e+02 4.6389456e-02
5.9200000e+02 4.6426407e-02
5.9300000e+02 4.6446168e-02
5.9400000e+02 5.2211932e-02
5.9500000e+02 5.7986820e-02
5.9600000e+02 6.3806606e-02
5.9700000e+02 6.9609294e-02
5.9800000e+02 6.9615942e-02
5.9900000e+02 7.5423170e-02
6.0000000e+02 7.5435769e-02
6.0100000e+02 7.5516329e-02
6.0200000e+02 6.9617961e-02
6.0300000e+02 6.3794534e-02
6.0400000e+02 5.2219589e-02
6.0500000e+02 4.6389456e-02
6.0600000e+02 2.9011851e-02
6.0700000e+02 2.3169230e-02
6.0800000e+02 1.1656305e-02
6.0900000e+02 0.0000000e+00
6.1000000e+02 1.7442131e-02
6.1100000e+02 2.8189718e-05
6.1200000e+02 1.1511774e-02
6.1300000e+02 5.7956655e-03
6.1400000e+02 0.0000000e+00
6.1500000e+02 0.0000000e+00
6.1600000e+02 2.3159519e-05
6.1700000e+02 0.0000000e+00
6.1800000e+02 0.0000000e+00
6.1900000e+02 1.6438324e-05
6.2000000e+02 5.4297944e-05
6.2100000e+02 0.0000000e+00
6.2200000e+02 5.7665860e-03
6.2300000e+02 0.0000000e+00
6.2400000e+02 0.0000000e+00
6.2500000e+02 0.0000000e+00
6.2600000e+02 5.7741985e-03
6.2700000e+02 0.0000000e+00
6.2800000e+02 0.0000000e+00
6.2900000e+02 0.0000000e+00
6.3000000e+02 0.0000000e+00
6.3100000e+02 0.0000000e+00
6.3200000e+02 0.0000000e+00
6.3300000e+02 0.0000000e+00
6.3400000e+02 0.0000000e+00
6.3500000e+02 0.0000000e+00
6.3600000e+02 0.0000000e+00
6.3700000e+02 0.0000000e+00
6.3800000e+02 5.7692815e-03
6.3900000e+02 0.0000000e+00
6.4000000e+02 5.7489463e-03
6.4100000e+02 0.0000000e+00
6.4200000e+02 0.0000000e+00
6.4300000e+02 5.7835766e-03
6.4400000e+02 0.0000000e+00
6.4500000e+02 0.0000000e+00
6.4600000e+02 0.0000000e+00
6.4700000e+02 0.0000000e+00
6.4800000e+02 0.0000000e+00
6.4900000e+02 0.0000000e+00
6.5000000e+02 0.0000000e+00
6.5100000e+02 5.7489543e-03
6.5200000e+02 0.0000000e+00
6.5300000e+02 0.0000000e+00
6.5400000e+02 0.0000000e+00
6.5500000e+02 0.0000000e+00
6.5600000e+02 0.0000000e+00
6.5700000e+02 0.0000000e+00
6.5800000e+02 0.0000000e+00
6.5900000e+02 5.7818410e-03
6.6000000e+02 0.0000000e+00
6.6100000e+02 0.0000000e+00
6.6200000e+02 0.0000000e+00
6.6300000e+02 0.0000000e+00
6.6400000e+02 0.0000000e+00
6.6500000e+02 0.0000000e+00
6.6600000e+02 5.7348781e-03
6.6700000e+02 3.2557549e-05
6.6800000e+02 5.7840760e-03
6.6900000e+02 0.0000000e+00
6.7000000e+02 0.0000000e+00
6.7100000e+02 0.0000000e+00
6.7200000e+02 5.7983055e-03
6.7300000e+02 2.3031820e-02
6.7400000e+02 1.7170689e-02
6.7500000e+02 5.7986820e-03
6.7600000e+02 1.1597364e-02
6.7700000e+02 2.3120873e-02
6.7800000e+02 2.3196233e-02
6.7900000e+02 2.3214175e-02
6.8000000e+02 1.1632275e-02
6.8100000e+02 1.7445196e-02
6.8200000e+02 1.7453729e-02
6.8300000e+02 2.3194728e-02
6.8400000e+02 5.9243221e-03
6.8500000e+02 5.7386148e-03
6.8600000e+02 0.0000000e+00
6.8700000e+02 9.4980123e-05
6.8800000e+02 3.5267932e-05
6.8900000e+02 0.0000000e+00
6.9000000e+02 0.0000000e+00
6.9100000e+02 0.0000000e+00
6.9200000e+02 0.0000000e+00
6.9300000e+02 0.0000000e+00
6.9400000e+02 0.0000000e+00
6.9500000e+02 1.1532266e-02
6.9600000e+02 0.0000000e+00
6.9700000e+02 0.0000000e+00
6.9800000e+02 5.7134879e-03
6.9900000e+02 0.0000000e+00
7.0000000e+02 5.6583027e-03
7.0100000e+02 0.0000000e+00
7.0200000e+02 0.0000000e+00
7.0300000e+02 5.7986820e-03
7.0400000e+02 0.0000000e+00
7.0500000e+02 0.0000000e+00
7.0600000e+02 0.0000000e+00
7.0700000e+02 0.0000000e+00
7.0800000e+02 0.0000000e+00
7.0900000e+02 0.0000000e+00
7.1000000e+02 0.0000000e+00
7.1100000e+02 0.0000000e+00
7.1200000e+02 5.7052945e-03
7.1300000e+02 0.0000000e+00
7.1400000e+02 0.0000000e+00
7.1500000e+02 0.0000000e+00
7.1600000e+02 0.0000000e+00
7.1700000e+02 0.0000000e+00
7.1800000e+02 0.0000000e+00
7.1900000e+02 0.0000000e+00
7.2000000e+02 0.0000000e+00
7.2100000e+02 0.0000000e+00
7.2200000e+02 0.0000000e+00
7.2300000e+02 0.0000000e+00
7.2400000e+02 0.0000000e+00
7.2500000e+02 0.0000000e+00
7.2600000e+02 0.0000000e+00
7.2700000e+02 0.0000000e+00
7.2800000e+02 6.7465043e-05
7.2900000e+02 0.0000000e+00
7.3000000e+02 0.0000000e+00
7.3100000e+02 0.0000000e+00
7.3200000e+02 0.0000000e+00
7.3300000e+02 0.0000000e+00
7.3400000e+02 1.3296615e-04
7.3500000e+02 5.5385364e-03
7.3600000e+02 0.0000000e+00
7.3700000e+02 0.0000000e+00
7.3800000e+02 0.0000000e+00
7.3900000e+02 0.0000000e+00
7.4000000e+02 0.0000000e+00
7.4100000e+02 0.0000000e+00
7.4200000e+02 0.0000000e+00
7.4300000e+02 5.6495292e-03
7.4400000e+02 0.0000000e+00
7.4500000e+02 0.0000000e+00
7.4600000e+02 0.0000000e+00
7.4700000e+02 0.0000000e+00
7.4800000e+02 0.0000000e+00
7.4900000e+02 5.5304614e-03
7.5000000e+02 5.7278783e-03
7.5100000e+02 5.6073184e-03
7.5200000e+02 0.0000000e+00
7.5300000e+02 0.0000000e+00
7.5400000e+02 0.0000000e+00
7.5500000e+02 0.0000000e+00
7.5600000e+02 0.0000000e+00
7.5700000e+02 0.0000000e+00
7.5800000e+02 0.0000000e+00
7.5900000e+02 0.0000000e+00
7.6000000e+02 0.0000000e+00
7.6100000e+02 0.0000000e+00
7.6200000e+02 0.0000000e+00
7.6300000e+02 0.0000000e+00
7.6400000e+02 0.0000000e+00
7.6500000e+02 0.0000000e+00
7.6600000e+02 0.0000000e+00
7.6700000e+02 0.0000000e+00
7.6800000e+02 0.0000000e+00
7.6900000e+02 0.0000000e+00
7.7000000e+02 0.0000000e+00
7.7100000e+02 5.7033459e-03
7.7200000e+02 0.0000000e+00
7.7300000e+02 5.6515349e-03
7.7400000e+02 0.0000000e+00
7.7500000e+02 0.0000000e+00
7.7600000e+02 0.0000000e+00
7.7700000e+02 5.5717870e-03
7.7800000e+02 0.0000000e+00
7.7900000e+02 0.0000000e+00
7.8000000e+02 0.0000000e+00
7.8100000e+02 0.0000000e+00
7.8200000e+02 0.0000000e+00
7.8300000e+02 0.0000000e+00
7.8400000e+02 0.0000000e+00
7.8500000e+02 1.0780062e-04
7.8600000e+02 0.0000000e+00
7.8700000e+02 0.0000000e+00
7.8800000e+02 1.8124668e-04
7.8900000e+02 0.0000000e+00
7.9000000e+02 0.0000000e+00
7.9100000e+02 1.2065006e-04
7.9200000e+02 0.0000000e+00
7.9300000e+02 0.0000000e+00
7.9400000e+02 0.0000000e+00
7.9500000e+02 0.0000000e+00
7.9600000e+02 0.0000000e+00
7.9700000e+02 5.6398281e-03
7.9800000e+02 5.6354393e-03
7.9900000e+02 1.6429792e-04
8.0000000e+02 5.6374309e-03
8.0100000e+02 0.0000000e+00
8.0200000e+02 0.0000000e+00
8.0300000e+02 0.0000000e+00
8.0400000e+02 0.0000000e+00
8.0500000e+02 0.0000000e+00
8.0600000e+02 0.0000000e+00
8.0700000e+02 0.0000000e+00
8.0800000e+02 0.0000000e+00
8.0900000e+02 0.0000000e+00
8.1000000e+02 0.0000000e+00
8.1100000e+02 0.0000000e+00
8.1200000e+02 0.0000000e+00
8.1300000e+02 0.0000000e+00
8.1400000e+02 0.0000000e+00
8.1500000e+02 0.0000000e+00
8.1600000e+02 0.0000000e+00
8.1700000e+02 0.0000000e+00
8.1800000e+02 0.0000000e+00
8.1900000e+02 0.0000000e+00
8.2000000e+02 0.0000000e+00
8.2100000e+02 0.0000000e+00
8.2200000e+02 0.0000000e+00
8.2300000e+02 0.0000000e+00
8.2400000e+02 0.0000000e+00
8.2500000e+02 0.0000000e+00
8.2600000e+02 0.0000000e+00
8.2700000e+02 0.0000000e+00
8.2800000e+02 0.0000000e+00
8.2900000e+02 0.0000000e+00
8.3000000e+02 0.0000000e+00
8.3100000e+02 0.0000000e+00
8.3200000e+02 0.0000000e+00
8.3300000e+02 0.0000000e+00
8.3400000e+02 0.0000000e+00
8.3500000e+02 0.0000000e+00
8.3600000e+02 0.0000000e+00
8.3700000e+02 0.0000000e+00
8.3800000e+02 0.0000000e+00
8.3900000e+02 0.0000000e+00
8.4000000e+02 0.0000000e+00
8.4100000e+02 0.0000000e+00
8.4200000e+02 0.0000000e+00
8.4300000e+02 0.0000000e+00
8.4400000e+02 0.0000000e+00
8.4500000e+02 0.0000000e+00
8.4600000e+02 0.0000000e+00
8.4700000e+02 0.0000000e+00
8.4800000e+02 0.0000000e+00
8.4900000e+02 0.0000000e+00
8.5000000e+02 0.0000000e+00
8.5100000e+02 5.5882893e-03
8.5200000e+02 0.0000000e+00
8.5300000e+02 5.7986820e-03
8.5400000e+02 0.0000000e+00
8.5500000e+02 0.0000000e+00
8.5600000e+02 0.0000000e+00
8.5700000e+02 5.7986820e-03
8.5800000e+02 0.0000000e+00
8.5900000e+02 0.0000000e+00
8.6000000e+02 0.0000000e+00
8.6100000e+02 0.0000000e+00
8.6200000e+02 5.4167617e-03
8.6300000e+02 0.0000000e+00
8.6400000e+02 0.0000000e+00
8.6500000e+02 0.0000000e+00
8.6600000e+02 1.7872257e-04
8.6700000e+02 0.0000000e+00
8.6800000e+02 0.0000000e+00
8.6900000e+02 0.0000000e+00
8.7000000e+02 0.0000000e+00
8.7100000e+02 0.0000000e+00
8.7200000e+02 0.0000000e+00
8.7300000e+02 0.0000000e+00
8.7400000e+02 5.3097550e-03
8.7500000e+02 0.0000000e+00
8.7600000e+02 5.3861389e-03
8.7700000e+02 0.0000000e+00
8.7800000e+02 5.5633308e-03
8.7900000e+02 0.0000000e+00
8.8000000e+02 0.0000000e+00
8.8100000e+02 5.5986105e-03
8.8200000e+02 0.0000000e+00
8.8300000e+02 0.0000000e+00
8.8400000e+02 0.0000000e+00
8.8500000e+02 0.0000000e+00
8.8600000e+02 0.0000000e+00
8.8700000e+02 5.3287376e-03
8.8800000e+02 0.0000000e+00
8.8900000e+02 0.0000000e+00
8.9000000e+02 5.5742555e-03
8.9100000e+02 0.0000000e+00
8.9200000e+02 5.4104840e-03
8.9300000e+02 5.7986820e-03
8.9400000e+02 0.0000000e+00
8.9500000e+02 1.1034066e-02
8.9600000e+02 0.0000000e+00
8.9700000e+02 0.0000000e+00
8.9800000e+02 5.3638931e-03
8.9900000e+02 0.0000000e+00
9.0000000e+02 0.0000000e+00
9.0100000e+02 0.0000000e+00
9.0200000e+02 0.0000000e+00
9.0300000e+02 0.0000000e+00
9.0400000e+02 5.3629293e-03
9.0500000e+02 0.0000000e+00
9.0600000e+02 5.4031748e-03
9.0700000e+02 0.0000000e+00
9.0800000e+02 0.0000000e+00
9.0900000e+02 0.0000000e+00
9.1000000e+02 0.0000000e+00
9.1100000e+02 0.0000000e+00
9.1200000e+02 0.0000000e+00
9.1300000e+02 2.1935491e-04
9.1400000e+02 0.0000000e+00
9.1500000e+02 0.0000000e+00
9.1600000e+02 5.5929407e-03
9.1700000e+02 0.0000000e+00
9.1800000e+02 0.0000000e+00
9.1900000e+02 0.0000000e+00
9.2000000e+02 5.3611022e-03
9.2100000e+02 0.0000000e+00
9.2200000e+02 0.0000000e+00
9.2300000e+02 0.0000000e+00
9.2400000e+02 0.0000000e+00
9.2500000e+02 0.0000000e+00
9.2600000e+02 0.0000000e+00
9.2700000e+02 0.0000000e+00
9.2800000e+02 0.0000000e+00
9.2900000e+02 0.0000000e+00
9.3000000e+02 0.0000000e+00
9.3100000e+02 0.0000000e+00
9.3200000e+02 0.0000000e+00
9.3300000e+02 5.5946167e-03
9.3400000e+02 0.0000000e+00
9.3500000e+02 0.0000000e+00
9.3600000e+02 5.5381312e-03
9.3700000e+02 0.0000000e+00
9.3800000e+02 0.0000000e+00
9.3900000e+02 0.0000000e+00
9.4000000e+02 5.7986820e-03
9.4100000e+02 0.0000000e+00
9.4200000e+02 0.0000000e+00
9.4300000e+02 0.0000000e+00
9.4400000e+02 0.0000000e+00
9.4500000e+02 0.0000000e+00
9.4600000e+02 0.0000000e+00
9.4700000e+02 0.0000000e+00
9.4800000e+02 0.0000000e+00
9.4900000e+02 0.0000000e+00
9.5000000e+02 0.0000000e+00
9.5100000e+02 0.0000000e+00
9.5200000e+02 5.5980021e-03
9.5300000e+02 0.0000000e+00
9.5400000e+02 0.0000000e+00
9.5500000e+02 0.0000000e+00
9.5600000e+02 0.0000000e+00
9.5700000e+02 5.3734141e-03
9.5800000e+02 0.0000000e+00
9.5900000e+02 5.5558022e-03
9.6000000e+02 0.0000000e+00
9.6100000e+02 0.0000000e+00
9.6200000e+02 0.0000000e+00
9.6300000e+02 0.0000000e+00
9.6400000e+02 0.0000000e+00
9.6500000e+02 5.7986820e-03
9.6600000e+02 0.0000000e+00
9.6700000e+02 5.5324155e-03
9.6800000e+02 2.2425622e-04
9.6900000e+02 5.5453160e-03
9.7000000e+02 2.7430263e-04
9.7100000e+02 0.0000000e+00
9.7200000e+02 0.0000000e+00
9.7300000e+02 0.0000000e+00
9.7400000e+02 0.0000000e+00
9.7500000e+02 0.0000000e+00
9.7600000e+02 0.0000000e+00
9.7700000e+02 0.0000000e+00
9.7800000e+02 0.0000000e+00
9.7900000e+02 0.0000000e+00
9.8000000e+02 0.0000000e+00
9.8100000e+02 1.1050391e-02
9.8200000e+02 0.0000000e+00
9.8300000e+02 0.0000000e+00
9.8400000e+02 0.0000000e+00
9.8500000e+02 0.0000000e+00
9.8600000e+02 0.0000000e+00
9.8700000e+02 0.0000000e+00
9.8800000e+02 0.0000000e+00
9.8900000e+02 0.0000000e+00
9.9000000e+02 0.0000000e+00
9.9100000e+02 0.0000000e+00
9.9200000e+02 0.0000000e+00
9.9300000e+02 0.0000000e+00
9.9400000e+02 0.0000000e+00
9.9500000e+02 0.0000000e+00
9.9600000e+02 5.3415200e-03
9.9700000e+02 0.0000000e+00
9.9800000e+02 0.0000000e+00
9.9900000e+02 5.5645649e-03
1.0000000e+03 0.0000000e+00
1.0010000e+03 0.0000000e+00
1.0020000e+03 0.0000000e+00
1.0030000e+03 0.0000000e+00
1.0040000e+03 5.5364067e-03
1.0050000e+03 0.0000000e+00
1.0060000e+03 2.4088846e-04
1.0070000e+03 0.0000000e+00
1.0080000e+03 5.7986820e-03
1.0090000e+03 5.5176128e-03
1.0100000e+03 0.0000000e+00
1.0110000e+03 0.0000000e+00
1.0120000e+03 0.0000000e+00
1.0130000e+03 0.0000000e+00
1.0140000e+03 0.0000000e+00
1.0150000e+03 0.0000000e+00
1.0160000e+03 0.0000000e+00
1.0170000e+03 1.0897312e-02
1.0180000e+03 0.0000000e+00
1.0190000e+03 0.0000000e+00
1.0200000e+03 0.0000000e+00
1.0210000e+03 0.0000000e+00
1.0220000e+03 0.0000000e+00
1.0230000e+03 0.0000000e+00
1.0240000e+03 5.5617684e-03
1.0250000e+03 5.3774724e-03
1.0260000e+03 0.0000000e+00
1.0270000e+03 2.1355901e-04
1.0280000e+03 0.0000000e+00
1.0290000e+03 0.0000000e+00
1.0300000e+03 0.0000000e+00
1.0310000e+03 4.1245914e-04
1.0320000e+03 0.0000000e+00
1.0330000e+03 0.0000000e+00
1.0340000e+03 0.0000000e+00
1.0350000e+03 0.0000000e+00
1.0360000e+03 0.0000000e+00
1.0370000e+03 0.0000000e+00
1.0380000e+03 0.0000000e+00
1.0390000e+03 2.3789667e-04
1.0400000e+03 0.0000000e+00
1.0410000e+03 0.0000000e+00
1.0420000e+03 0.0000000e+00
1.0430000e+03 0.0000000e+00
1.0440000e+03 5.5413372e-03
1.0450000e+03 0.0000000e+00
1.0460000e+03 0.0000000e+00
1.0470000e+03 0.0000000e+00
1.0480000e+03 0.0000000e+00
1.0490000e+03 5.5514161e-03
1.0500000e+03 0.0000000e+00
1.0510000e+03 0.0000000e+00
1.0520000e+03 0.0000000e+00
1.0530000e+03 0.0000000e+00
1.0540000e+03 0.0000000e+00
1.0550000e+03 5.5343185e-03
1.0560000e+03 0.0000000e+00
1.0570000e+03 0.0000000e+00
1.0580000e+03 0.0000000e+00
1.0590000e+03 1.9698293e-04
1.0600000e+03 0.0000000e+00
1.0610000e+03 0.0000000e+00
1.0620000e+03 0.0000000e+00
1.0630000e+03 0.0000000e+00
1.0640000e+03 0.0000000e+00
1.0650000e+03 2.1362960e-04
1.0660000e+03 0.0000000e+00
1.0670000e+03 0.0000000e+00
1.0680000e+03 0.0000000e+00
1.0690000e+03 2.1369917e-04
1.0700000e+03 0.0000000e+00
1.0710000e+03 0.0000000e+00
1.0720000e+03 0.0000000e+00
1.0730000e+03 0.0000000e+00
1.0740000e+03 0.0000000e+00
1.0750000e+03 5.7986820e-03
1.0760000e+03 0.0000000e+00
1.0770000e+03 0.0000000e+00
1.0780000e+03 0.0000000e+00
1.0790000e+03 0.0000000e+00
1.0800000e+03 0.0000000e+00
1.0810000e+03 5.5820978e-03
1.0820000e+03 0.0000000e+00
1.0830000e+03 0.0000000e+00
1.0840000e+03 0.0000000e+00
1.0850000e+03 0.0000000e+00
1.0860000e+03 0.0000000e+00
1.0870000e+03 0.0000000e+00
1.0880000e+03 0.0000000e+00
1.0890000e+03 0.0000000e+00
1.0900000e+03 0.0000000e+00
1.0910000e+03 0.0000000e+00
1.0920000e+03 0.0000000e+00
1.0930000e+03 0.0000000e+00
1.0940000e+03 0.0000000e+00
1.0950000e+03 5.4210265e-03
1.0960000e+03 0.0000000e+00
1.0970000e+03 0.0000000e+00
1.0980000e+03 0.0000000e+00
1.0990000e+03 0.0000000e+00
1.1000000e+03 0.0000000e+00
