3.8000000e+02 0.0000000e+00
3.8100000e+02 0.0000000e+00
3.8200000e+02 0.0000000e+00
3.8300000e+02 4.3962584e-05
3.8400000e+02 1.0565848e-03
3.8500000e+02 0.0000000e+00
3.8600000e+02 0.0000000e+00
3.8700000e+02 0.0000000e+00
3.8800000e+02 0.0000000e+00
3.8900000e+02 1.0157597e-03
3.9000000e+02 1.0120601e-03
3.9100000e+02 3.0782096e-05
3.9200000e+02 0.0000000e+00
3.9300000e+02 0.0000000e+00
3.9400000e+02 4.3783969e-05
3.9500000e+02 1.0565848e-03
3.9600000e+02 0.0000000e+00
3.9700000e+02 4.2141409e-05
3.9800000e+02 0.0000000e+00
3.9900000e+02 0.0000000e+00
4.0000000e+02 0.0000000e+00
4.0100000e+02 3.2838540e-05
4.0200000e+02 1.0168799e-03
4.0300000e+02 0.0000000e+00
4.0400000e+02 0.0000000e+00
4.0500000e+02 1.0565848e-03
4.0600000e+02 0.0000000e+00
4.0700000e+02 1.0565848e-03
4.0800000e+02 1.0565848e-03
4.0900000e+02 0.0000000e+00
4.1000000e+02 0.0000000e+00
4.1100000e+02 0.0000000e+00
4.1200000e+02 0.0000000e+00
4.1300000e+02 0.0000000e+00
4.1400000e+02 0.0000000e+00
4.1500000e+02 3.8539669e-05
4.1600000e+02 3.2414724e-05
4.1700000e+02 2.7177079e-05
4.1800000e+02 0.0000000e+00
4.1900000e+02 3.4186663e-05
4.2000000e+02 2.9573714e-05
4.2100000e+02 1.0133889e-03
4.2200000e+02 0.0000000e+00
4.2300000e+02 0.0000000e+00
4.2400000e+02 3.1969609e-05
4.2500000e+02 1.0854065e-03
4.2600000e+02 0.0000000e+00
4.2700000e+02 0.0000000e+00
4.2800000e+02 4.0040176e-05
4.2900000e+02 3.8448815e-05
4.3000000e+02 0.0000000e+00
4.3100000e+02 1.0208335e-03
4.3200000e+02 7.1021832e-05
4.3300000e+02 0.0000000e+00
4.3400000e+02 0.0000000e+00
4.3500000e+02 1.0210193e-03
4.3600000e+02 0.0000000e+00
4.3700000e+02 0.0000000e+00
4.3800000e+02 0.0000000e+00
4.3900000e+02 1.0162420e-03
4.4000000e+02 1.0314851e-03
4.4100000e+02 0.0000000e+00
4.4200000e+02 3.0568464e-05
4.4300000e+02 0.0000000e+00
4.4400000e+02 1.0189640e-03
4.4500000e+02 1.0332346e-03
4.4600000e+02 0.0000000e+00
4.4700000e+02 0.0000000e+00
4.4800000e+02 0.0000000e+00
4.4900000e+02 1.0062752e-03
4.5000000e+02 0.0000000e+00
4.5100000e+02 3.6894182e-05
4.5200000e+02 0.0000000e+00
4.5300000e+02 3.3030501e-05
4.5400000e+02 1.0343479e-03
4.5500000e+02 0.0000000e+00
4.5600000e+02 1.0188211e-03
4.5700000e+02 1.0280478e-03
4.5800000e+02 3.7140031e-05
4.5900000e+02 1.0854227e-03
4.6000000e+02 3.7632817e-05
4.6100000e+02 0.0000000e+00
4.6200000e+02 0.0000000e+00
4.6300000e+02 0.0000000e+00
4.6400000e+02 0.0000000e+00
4.6500000e+02 3.7375224e-05
4.6600000e+02 3.1474978e-05
4.6700000e+02 2.6114263e-05
4.6800000e+02 1.0359656e-03
4.6900000e+02 0.0000000e+00
4.7000000e+02 0.0000000e+00
4.7100000e+02 0.0000000e+00
4.7200000e+02 2.1520560e-05
4.7300000e+02 0.0000000e+00
4.7400000e+02 1.0565848e-03
4.7500000e+02 0.0000000e+00
4.7600000e+02 0.0000000e+00
4.7700000e+02 0.0000000e+00
4.7800000e+02 0.0000000e+00
4.7900000e+02 2.4297438e-05
4.8000000e+02 0.0000000e+00
4.8100000e+02 0.0000000e+00
4.8200000e+02 0.0000000e+00
4.8300000e+02 0.0000000e+00
4.8400000e+02 1.0317236e-03
4.8500000e+02 0.0000000e+00
4.8600000e+02 0.0000000e+00
4.8700000e+02 0.0000000e+00
4.8800000e+02 6.6158158e-05
4.8900000e+02 0.0000000e+00
4.9000000e+02 2.2252988e-05
4.9100000e+02 2.5824447e-05
4.9200000e+02 0.0000000e+00
4.9300000e+02 0.0000000e+00
4.9400000e+02 2.2062406e-05
4.9500000e+02 1.0565848e-03
4.9600000e+02 1.0723433e-03
4.9700000e+02 2.1909056e-05
4.9800000e+02 2.8793351e-05
4.9900000e+02 1.0381045e-03
5.0000000e+02 2.5500063e-05
5.0100000e+02 1.0404989e-03
5.0200000e+02 2.0647365e-03
5.0300000e+02 1.0408460e-03
5.0400000e+02 1.0565848e-03
5.0500000e+02 0.0000000e+00
5.0600000e+02 0.0000000e+00
5.0700000e+02 1.0371246e-03
5.0800000e+02 1.0259956e-03
5.0900000e+02 2.3918672e-05
5.1000000e+02 1.0384895e-03
5.1100000e+02 0.0000000e+00
5.1200000e+02 0.0000000e+00
5.1300000e+02 2.0746092e-05
5.1400000e+02 1.0398955e-03
5.1500000e+02 0.0000000e+00
5.1600000e+02 1.0565848e-03
5.1700000e+02 1.0324306e-03
5.1800000e+02 0.0000000e+00
5.1900000e+02 0.0000000e+00
5.2000000e+02 1.0381210e-03
5.2100000e+02 0.0000000e+00
5.2200000e+02 0.0000000e+00
5.2300000e+02 1.6150515e-05
5.2400000e+02 0.0000000e+00
5.2500000e+02 1.6988237e-05
5.2600000e+02 1.0565848e-03
5.2700000e+02 0.0000000e+00
5.2800000e+02 1.0350066e-03
5.2900000e+02 1.0565848e-03
5.3000000e+02 0.0000000e+00
5.3100000e+02 0.0000000e+00
5.3200000e+02 1.6317783e-05
5.3300000e+02 1.0357910e-03
5.3400000e+02 1.0313851e-03
5.3500000e+02 1.0565848e-03
5.3600000e+02 0.0000000e+00
5.3700000e+02 1.0565848e-03
5.3800000e+02 1.0432830e-03
5.3900000e+02 2.0646935e-05
5.4000000e+02 1.0064091e-05
5.4100000e+02 1.0385923e-03
5.4200000e+02 1.0565848e-03
5.4300000e+02 1.7759967e-05
5.4400000e+02 0.0000000e+00
5.4500000e+02 1.0374038e-03
5.4600000e+02 1.0448790e-03
5.4700000e+02 0.0000000e+00
5.4800000e+02 1.0405831e-03
5.4900000e+02 9.8347019e-06
5.5000000e+02 0.0000000e+00
5.5100000e+02 0.0000000e+00
5.5200000e+02 1.2665061e-05
5.5300000e+02 1.0480426e-03
5.5400000e+02 2.2353419e-05
5.5500000e+02 1.9241735e-05
5.5600000e+02 0.0000000e+00
5.5700000e+02 1.0415227e-03
5.5800000e+02 0.0000000e+00
5.5900000e+02 1.0447520e-03
5.6000000e+02 0.0000000e+00
5.6100000e+02 0.0000000e+00
5.6200000e+02 0.0000000e+00
5.6300000e+02 1.2172623e-05
5.6400000e+02 0.0000000e+00
5.6500000e+02 0.0000000e+00
5.6600000e+02 1.7198254e-05
5.6700000e+02 1.0565848e-03
5.6800000e+02 0.0000000e+00
5.6900000e+02 1.0565848e-03
5.7000000e+02 2.0859926e-03
5.7100000e+02 1.0382716e-03
5.7200000e+02 1.0505981e-03
5.7300000e+02 1.0452828e-03
5.7400000e+02 1.0388780e-03
5.7500000e+02 0.0000000e+00
5.7600000e+02 0.0000000e+00
5.7700000e+02 1.0517430e-03
5.7800000e+02 0.0000000e+00
5.7900000e+02 0.0000000e+00
5.8000000e+02 0.0000000e+00
5.8100000e+02 0.0000000e+00
5.8200000e+02 1.5909120e-05
5.8300000e+02 8.9443294e-06
5.8400000e+02 1.0536965e-03
5.8500000e+02 0.0000000e+00
5.8600000e+02 0.0000000e+00
5.8700000e+02 0.0000000e+00
5.8800000e+02 0.0000000e+00
5.8900000e+02 1.4549127e-05
5.9000000e+02 1.0450304e-03
5.9100000e+02 8.7775735e-06
5.9200000e+02 1.0498519e-03
5.9300000e+02 0.0000000e+00
5.9400000e+02 2.1088341e-03
5.9500000e+02 0.0000000e+00
5.9600000e+02 0.0000000e+00
5.9700000e+02 0.0000000e+00
5.9800000e+02 2.1015962e-03
5.9900000e+02 1.0565848e-03
6.0000000e+02 1.0469453e-03
6.0100000e+02 1.2159249e-05
6.0200000e+02 2.0515378e-06
6.0300000e+02 1.0565848e-03
6.0400000e+02 1.1461488e-05
6.0500000e+02 1.0813330e-05
6.0600000e+02 1.0565848e-03
6.0700000e+02 0.0000000e+00
6.0800000e+02 0.0000000e+00
6.0900000e+02 0.0000000e+00
6.1000000e+02 0.0000000e+00
6.1100000e+02 1.0553007e-03
6.1200000e+02 2.3393315e-05
6.1300000e+02 4.2257895e-03
6.1400000e+02 4.1982732e-03
6.1500000e+02 4.2223758e-03
6.1600000e+02 6.3226290e-03
6.1700000e+02 6.3323955e-03
6.1800000e+02 8.4498866e-03
6.1900000e+02 8.4466878e-03
6.2000000e+02 9.4795820e-03
6.2100000e+02 9.5030516e-03
6.2200000e+02 1.1616584e-02
6.2300000e+02 9.5088428e-03
6.2400000e+02 1.0558889e-02
6.2500000e+02 1.0551720e-02
6.2600000e+02 1.1609049e-02
6.2700000e+02 1.1608824e-02
6.2800000e+02 1.2666621e-02
6.2900000e+02 1.1615145e-02
6.3000000e+02 1.2669850e-02
6.3100000e+02 1.2677624e-02
6.3200000e+02 1.2670628e-02
6.3300000e+02 1.2658471e-02
6.3400000e+02 1.2646201e-02
6.3500000e+02 1.3718730e-02
6.3600000e+02 1.0563553e-02
6.3700000e+02 9.4909812e-03
6.3800000e+02 8.4419641e-03
6.3900000e+02 8.4491173e-03
6.4000000e+02 6.3304463e-03
6.4100000e+02 5.2818789e-03
6.4200000e+02 4.2127238e-03
6.4300000e+02 3.1683782e-03
6.4400000e+02 4.2169955e-03
6.4500000e+02 5.2812284e-03
6.4600000e+02 4.2204282e-03
6.4700000e+02 5.2721777e-03
6.4800000e+02 6.3384741e-03
6.4900000e+02 6.3245441e-03
6.5000000e+02 7.3776988e-03
6.5100000e+02 7.3870326e-03
6.5200000e+02 7.3932821e-03
6.5300000e+02 6.3385267e-03
6.5400000e+02 5.2829239e-03
6.5500000e+02 4.2344698e-03
6.5600000e+02 6.3302459e-03
6.5700000e+02 6.3349190e-03
6.5800000e+02 3.1697544e-03
6.5900000e+02 4.2202019e-03
6.6000000e+02 6.3342004e-03
6.6100000e+02 4.2249246e-03
6.6200000e+02 8.3880332e-03
6.6300000e+02 6.3208861e-03
6.6400000e+02 6.3346381e-03
6.6500000e+02 6.3395087e-03
6.6600000e+02 5.2945497e-03
6.6700000e+02 4.2263391e-03
6.6800000e+02 3.1684237e-03
6.6900000e+02 4.2081582e-03
6.7000000e+02 1.0574269e-03
6.7100000e+02 1.0565848e-03
6.7200000e+02 1.0564476e-03
6.7300000e+02 2.1057487e-03
6.7400000e+02 2.1131696e-03
6.7500000e+02 3.1669073e-03
6.7600000e+02 5.2566337e-03
6.7700000e+02 4.1994248e-03
6.7800000e+02 4.2257908e-03
6.7900000e+02 5.2722938e-03
6.8000000e+02 4.2263391e-03
6.8100000e+02 2.1310809e-03
6.8200000e+02 2.0921486e-03
6.8300000e+02 1.0565848e-03
6.8400000e+02 0.0000000e+00
6.8500000e+02 1.0944919e-05
6.8600000e+02 0.0000000e+00
6.8700000e+02 0.0000000e+00
6.8800000e+02 6.4262121e-06
6.8900000e+02 0.0000000e+00
6.9000000e+02 0.0000000e+00
6.9100000e+02 0.0000000e+00
6.9200000e+02 7.5932588e-06
6.9300000e+02 0.0000000e+00
6.9400000e+02 0.0000000e+00
6.9500000e+02 0.0000000e+00
6.9600000e+02 0.0000000e+00
6.9700000e+02 0.0000000e+00
6.9800000e+02 1.0255382e-03
6.9900000e+02 0.0000000e+00
7.0000000e+02 0.0000000e+00
7.0100000e+02 0.0000000e+00
7.0200000e+02 1.0489625e-03
7.0300000e+02 1.2207742e-05
7.0400000e+02 0.0000000e+00
7.0500000e+02 0.0000000e+00
7.0600000e+02 5.4935689e-06
7.0700000e+02 0.0000000e+00
7.0800000e+02 1.0472603e-03
7.0900000e+02 2.1031654e-03
7.1000000e+02 1.0202084e-05
7.1100000e+02 0.0000000e+00
7.1200000e+02 1.0480767e-03
7.1300000e+02 1.0502283e-03
7.1400000e+02 1.0565848e-03
7.1500000e+02 1.7359151e-05
7.1600000e+02 0.0000000e+00
7.1700000e+02 1.0478129e-03
7.1800000e+02 4.0138412e-05
7.1900000e+02 1.0565848e-03
7.2000000e+02 1.0495647e-03
7.2100000e+02 1.0394385e-03
7.2200000e+02 8.5624481e-06
7.2300000e+02 0.0000000e+00
7.2400000e+02 1.0565848e-03
7.2500000e+02 1.0430713e-03
7.2600000e+02 0.0000000e+00
7.2700000e+02 1.0565848e-03
7.2800000e+02 0.0000000e+00
7.2900000e+02 0.0000000e+00
7.3000000e+02 1.8726374e-05
7.3100000e+02 0.0000000e+00
7.3200000e+02 1.0565848e-03
7.3300000e+02 0.0000000e+00
7.3400000e+02 0.0000000e+00
7.3500000e+02 1.0328841e-03
7.3600000e+02 0.0000000e+00
7.3700000e+02 1.0361333e-03
7.3800000e+02 0.0000000e+00
7.3900000e+02 1.4467960e-05
7.4000000e+02 1.0772350e-03
7.4100000e+02 2.2504857e-05
7.4200000e+02 0.0000000e+00
7.4300000e+02 1.0294075e-03
7.4400000e+02 0.0000000e+00
7.4500000e+02 0.0000000e+00
7.4600000e+02 0.0000000e+00
7.4700000e+02 0.0000000e+00
7.4800000e+02 0.0000000e+00
7.4900000e+02 0.0000000e+00
7.5000000e+02 0.0000000e+00
7.5100000e+02 0.0000000e+00
7.5200000e+02 2.1427556e-05
7.5300000e+02 0.0000000e+00
7.5400000e+02 0.0000000e+00
7.5500000e+02 2.8229956e-05
7.5600000e+02 0.0000000e+00
7.5700000e+02 2.9442980e-05
7.5800000e+02 1.0278294e-03
7.5900000e+02 1.0290146e-03
7.6000000e+02 2.5258982e-05
7.6100000e+02 2.0689947e-03
7.6200000e+02 1.0565848e-03
7.6300000e+02 1.0264077e-03
7.6400000e+02 0.0000000e+00
7.6500000e+02 0.0000000e+00
7.6600000e+02 2.9146466e-05
7.6700000e+02 1.0348930e-03
7.6800000e+02 0.0000000e+00
7.6900000e+02 2.1219909e-05
7.7000000e+02 1.0287640e-03
7.7100000e+02 1.7371309e-05
7.7200000e+02 0.0000000e+00
7.7300000e+02 2.0595459e-03
7.7400000e+02 1.0261317e-03
7.7500000e+02 1.7156012e-05
7.7600000e+02 0.0000000e+00
7.7700000e+02 2.0671402e-05
7.7800000e+02 0.0000000e+00
7.7900000e+02 2.0813415e-05
7.8000000e+02 0.0000000e+00
7.8100000e+02 1.0384945e-03
7.8200000e+02 0.0000000e+00
7.8300000e+02 1.0565848e-03
7.8400000e+02 2.4192495e-05
7.8500000e+02 1.0565848e-03
7.8600000e+02 0.0000000e+00
7.8700000e+02 1.0332780e-03
7.8800000e+02 3.3025174e-05
7.8900000e+02 2.4316746e-05
7.9000000e+02 0.0000000e+00
7.9100000e+02 0.0000000e+00
7.9200000e+02 0.0000000e+00
7.9300000e+02 0.0000000e+00
7.9400000e+02 0.0000000e+00
7.9500000e+02 1.0323544e-03
7.9600000e+02 2.6643330e-05
7.9700000e+02 2.8944961e-05
7.9800000e+02 0.0000000e+00
7.9900000e+02 0.0000000e+00
8.0000000e+02 1.0272030e-03
8.0100000e+02 1.0845237e-03
8.0200000e+02 1.0309488e-03
8.0300000e+02 1.0339994e-03
8.0400000e+02 6.8525359e-05
8.0500000e+02 1.0265797e-03
8.0600000e+02 0.0000000e+00
8.0700000e+02 3.4173689e-05
8.0800000e+02 1.0293081e-03
8.0900000e+02 0.0000000e+00
8.1000000e+02 2.0867147e-03
8.1100000e+02 1.0238632e-03
8.1200000e+02 2.2528975e-05
8.1300000e+02 0.0000000e+00
8.1400000e+02 1.0565848e-03
8.1500000e+02 3.4159005e-05
8.1600000e+02 3.6624994e-05
8.1700000e+02 0.0000000e+00
8.1800000e+02 3.8368415e-05
8.1900000e+02 7.6707072e-05
8.2000000e+02 0.0000000e+00
8.2100000e+02 0.0000000e+00
8.2200000e+02 0.0000000e+00
8.2300000e+02 1.0269057e-03
8.2400000e+02 1.0315518e-03
8.2500000e+02 1.0214964e-03
8.2600000e+02 0.0000000e+00
8.2700000e+02 1.0184652e-03
8.2800000e+02 3.0034009e-05
8.2900000e+02 0.0000000e+00
8.3000000e+02 2.7447165e-05
8.3100000e+02 2.1131696e-03
8.3200000e+02 1.0565848e-03
8.3300000e+02 2.1131696e-03
8.3400000e+02 2.0841142e-03
8.3500000e+02 2.0823501e-03
8.3600000e+02 5.1877313e-03
8.3700000e+02 4.1615834e-03
8.3800000e+02 6.2764512e-03
8.3900000e+02 9.3589783e-03
8.4000000e+02 1.3567822e-02
8.4100000e+02 1.8656172e-02
8.4200000e+02 2.6956232e-02
8.4300000e+02 3.9427520e-02
8.4400000e+02 5.7853778e-02
8.4500000e+02 8.6110418e-02
8.4600000e+02 1.2195468e-01
8.4700000e+02 1.6930074e-01
8.4800000e+02 2.3346875e-01
8.4900000e+02 3.0583341e-01
8.5000000e+02 3.8128197e-01
8.5100000e+02 4.7783724e-01
8.5200000e+02 5.5969786e-01
8.5300000e+02 6.6310480e-01
8.5400000e+02 7.3681183e-01
8.5500000e+02 8.3319521e-01
8.5600000e+02 8.7534765e-01
8.5700000e+02 9.2948404e-01
8.5800000e+02 9.5927006e-01
8.5900000e+02 9.8283655e-01
8.6000000e+02 9.8250121e-01
8.6100000e+02 9.9290297e-01
8.6200000e+02 9.9155093e-01
8.6300000e+02 1.0000000e+00
8.6400000e+02 9.8104249e-01
8.6500000e+02 9.7752565e-01
8.6600000e+02 9.8230177e-01
8.6700000e+02 9.5226066e-01
8.6800000e+02 9.2089569e-01
8.6900000e+02 8.9316815e-01
8.7000000e+02 8.4102797e-01
8.7100000e+02 7.5655620e-01
8.7200000e+02 6.8441809e-01
8.7300000e+02 5.9805625e-01
8.7400000e+02 5.1169705e-01
8.7500000e+02 4.1698693e-01
8.7600000e+02 3.2265497e-01
8.7700000e+02 2.4510533e-01
8.7800000e+02 1.7958016e-01
8.7900000e+02 1.2973653e-01
8.8000000e+02 8.8405739e-02
8.8100000e+02 6.3322794e-02
8.8200000e+02 4.7160400e-02
8.8300000e+02 3.3172566e-02
8.8400000e+02 2.3608810e-02
8.8500000e+02 1.9256716e-02
8.8600000e+02 1.3900194e-02
8.8700000e+02 9.6377068e-03
8.8800000e+02 8.5388307e-03
8.8900000e+02 7.3536161e-03
8.9000000e+02 5.3647100e-03
8.9100000e+02 5.3213455e-03
8.9200000e+02 3.2404884e-03
8.9300000e+02 1.2397123e-03
8.9400000e+02 4.2263391e-03
8.9500000e+02 2.0789565e-03
8.9600000e+02 1.0986207e-03
8.9700000e+02 6.7859600e-05
8.9800000e+02 3.9611702e-05
8.9900000e+02 2.0237851e-03
9.0000000e+02 1.0565848e-03
9.0100000e+02 1.0929708e-03
9.0200000e+02 1.0565848e-03
9.0300000e+02 0.0000000e+00
9.0400000e+02 0.0000000e+00
9.0500000e+02 0.0000000e+00
9.0600000e+02 0.0000000e+00
9.0700000e+02 1.0565848e-03
9.0800000e+02 4.4737929e-05
9.0900000e+02 1.0172261e-03
9.1000000e+02 1.0228490e-03
9.1100000e+02 4.1997834e-05
9.1200000e+02 3.4090868e-05
9.1300000e+02 1.0166159e-03
9.1400000e+02 0.0000000e+00
9.1500000e+02 1.0225769e-03
9.1600000e+02 0.0000000e+00
9.1700000e+02 1.0170212e-03
9.1800000e+02 1.0160706e-03
9.1900000e+02 1.0565848e-03
9.2000000e+02 2.0334376e-03
9.2100000e+02 3.7505714e-05
9.2200000e+02 0.0000000e+00
9.2300000e+02 0.0000000e+00
9.2400000e+02 3.9606562e-05
9.2500000e+02 2.1131696e-03
9.2600000e+02 4.1824036e-05
9.2700000e+02 2.1131696e-03
9.2800000e+02 7.7805456e-05
9.2900000e+02 1.0124844e-03
9.3000000e+02 1.0085548e-03
9.3100000e+02 1.0217088e-03
9.3200000e+02 2.0767662e-03
9.3300000e+02 1.0565848e-03
9.3400000e+02 1.0203921e-03
9.3500000e+02 1.0072104e-03
9.3600000e+02 4.7475282e-05
9.3700000e+02 0.0000000e+00
9.3800000e+02 3.8683507e-05
9.3900000e+02 3.0284906e-03
9.4000000e+02 1.0565848e-03
9.4100000e+02 0.0000000e+00
9.4200000e+02 1.0178756e-03
9.4300000e+02 0.0000000e+00
9.4400000e+02 0.0000000e+00
9.4500000e+02 0.0000000e+00
9.4600000e+02 0.0000000e+00
9.4700000e+02 1.0565848e-03
9.4800000e+02 5.0324072e-05
9.4900000e+02 1.0080541e-03
9.5000000e+02 0.0000000e+00
9.5100000e+02 0.0000000e+00
9.5200000e+02 0.0000000e+00
9.5300000e+02 1.0114290e-03
9.5400000e+02 0.0000000e+00
9.5500000e+02 0.0000000e+00
9.5600000e+02 4.9872695e-05
9.5700000e+02 2.0356810e-03
9.5800000e+02 4.1577350e-05
9.5900000e+02 1.0123294e-03
9.6000000e+02 1.0565848e-03
9.6100000e+02 0.0000000e+00
9.6200000e+02 2.0699446e-03
9.6300000e+02 4.0226020e-03
9.6400000e+02 4.0790260e-03
9.6500000e+02 3.1222974e-03
9.6600000e+02 4.2673522e-03
9.6700000e+02 4.2263391e-03
9.6800000e+02 4.2672011e-03
9.6900000e+02 5.3752562e-03
9.7000000e+02 4.2763202e-03
9.7100000e+02 4.3038587e-03
9.7200000e+02 6.2987807e-03
9.7300000e+02 4.2679148e-03
9.7400000e+02 4.1854667e-03
9.7500000e+02 2.1530898e-03
9.7600000e+02 1.1075077e-03
9.7700000e+02 1.1040540e-03
9.7800000e+02 0.0000000e+00
9.7900000e+02 1.0059011e-03
9.8000000e+02 0.0000000e+00
9.8100000e+02 0.0000000e+00
9.8200000e+02 1.0173054e-03
9.8300000e+02 0.0000000e+00
9.8400000e+02 0.0000000e+00
9.8500000e+02 2.0656539e-03
9.8600000e+02 4.7371719e-05
9.8700000e+02 0.0000000e+00
9.8800000e+02 0.0000000e+00
9.8900000e+02 0.0000000e+00
9.9000000e+02 1.0565848e-03
9.9100000e+02 1.0110600e-03
9.9200000e+02 3.7848098e-05
9.9300000e+02 0.0000000e+00
9.9400000e+02 4.9174128e-05
9.9500000e+02 3.8991140e-05
9.9600000e+02 0.0000000e+00
9.9700000e+02 0.0000000e+00
9.9800000e+02 0.0000000e+00
9.9900000e+02 0.0000000e+00
1.0000000e+03 1.0166370e-03
1.0010000e+03 0.0000000e+00
1.0020000e+03 1.0565848e-03
1.0030000e+03 9.7574680e-04
1.0040000e+03 0.0000000e+00
1.0050000e+03 7.8593748e-05
1.0060000e+03 4.3892575e-05
1.0070000e+03 0.0000000e+00
1.0080000e+03 4.9858339e-05
1.0090000e+03 0.0000000e+00
1.0100000e+03 0.0000000e+00
1.0110000e+03 1.0067584e-03
1.0120000e+03 1.0104907e-03
1.0130000e+03 1.0565848e-03
1.0140000e+03 5.1065367e-05
1.0150000e+03 1.0116018e-03
1.0160000e+03 0.0000000e+00
1.0170000e+03 0.0000000e+00
1.0180000e+03 0.0000000e+00
1.0190000e+03 0.0000000e+00
1.0200000e+03 5.0619612e-05
1.0210000e+03 0.0000000e+00
1.0220000e+03 9.8879619e-05
1.0230000e+03 4.7172813e-05
1.0240000e+03 4.3168304e-05
1.0250000e+03 3.8374556e-05
1.0260000e+03 0.0000000e+00
1.0270000e+03 1.0954976e-03
1.0280000e+03 0.0000000e+00
1.0290000e+03 0.0000000e+00
1.0300000e+03 1.0060529e-03
1.0310000e+03 3.7577337e-05
1.0320000e+03 3.7546039e-05
1.0330000e+03 1.0565848e-03
1.0340000e+03 4.8423516e-05
1.0350000e+03 0.0000000e+00
1.0360000e+03 1.0176490e-03
1.0370000e+03 4.6513024e-05
1.0380000e+03 0.0000000e+00
1.0390000e+03 1.0132373e-03
1.0400000e+03 0.0000000e+00
1.0410000e+03 1.0565848e-03
1.0420000e+03 0.0000000e+00
1.0430000e+03 9.8032781e-05
1.0440000e+03 2.0193874e-03
1.0450000e+03 1.0128024e-03
1.0460000e+03 0.0000000e+00
1.0470000e+03 0.0000000e+00
1.0480000e+03 0.0000000e+00
1.0490000e+03 4.5054607e-05
1.0500000e+03 0.0000000e+00
1.0510000e+03 1.0194086e-03
1.0520000e+03 0.0000000e+00
1.0530000e+03 3.8373283e-05
1.0540000e+03 1.0565848e-03
1.0550000e+03 0.0000000e+00
1.0560000e+03 4.3669641e-05
1.0570000e+03 1.0565848e-03
1.0580000e+03 1.0118020e-03
1.0590000e+03 1.0206923e-03
1.0600000e+03 4.0233887e-05
1.0610000e+03 0.0000000e+00
1.0620000e+03 0.0000000e+00
1.0630000e+03 4.2983885e-05
1.0640000e+03 1.0145473e-03
1.0650000e+03 1.0955105e-03
1.0660000e+03 0.0000000e+00
1.0670000e+03 0.0000000e+00
1.0680000e+03 0.0000000e+00
1.0690000e+03 1.0176464e-03
1.0700000e+03 4.1904402e-05
1.0710000e+03 4.4099889e-05
1.0720000e+03 0.0000000e+00
1.0730000e+03 0.0000000e+00
1.0740000e+03 0.0000000e+00
1.0750000e+03 1.0565848e-03
1.0760000e+03 4.6160897e-05
1.0770000e+03 1.1924280e-04
1.0780000e+03 0.0000000e+00
1.0790000e+03 0.0000000e+00
1.0800000e+03 0.0000000e+00
1.0810000e+03 1.0171207e-03
1.0820000e+03 3.9481250e-05
1.0830000e+03 0.0000000e+00
1.0840000e+03 0.0000000e+00
1.0850000e+03 4.3005036e-05
1.0860000e+03 1.0197078e-03
1.0870000e+03 1.0139217e-03
1.0880000e+03 0.0000000e+00
1.0890000e+03 0.0000000e+00
1.0900000e+03 0.0000000e+00
1.0910000e+03 0.0000000e+00
1.0920000e+03 3.5639117e-05
1.0930000e+03 1.0112504e-03
1.0940000e+03 0.0000000e+00
1.0950000e+03 0.0000000e+00
1.0960000e+03 0.0000000e+00
1.0970000e+03 1.0121658e-03
1.0980000e+03 3.3823622e-05
1.0990000e+03 0.0000000e+00
1.1000000e+03 0.0000000e+00
