3.7037037e+03 1.2812600e-01
3.7039780e+03 1.2776799e-01
3.7042523e+03 1.2900800e-01
3.7045271e+03 1.3232200e-01
3.7048015e+03 1.3594601e-01
3.7050760e+03 1.3625599e-01
3.7053505e+03 1.2950800e-01
3.7056250e+03 1.1348700e-01
3.7058999e+03 8.7952003e-02
3.7061746e+03 5.4931000e-02
3.7064492e+03 1.9264000e-02
3.7067239e+03 -1.1253000e-02
3.7069987e+03 -2.7918000e-02
3.7072738e+03 -2.4318000e-02
3.7075486e+03 -1.0960000e-03
3.7078235e+03 3.3544999e-02
3.7080984e+03 6.5444998e-02
3.7083734e+03 8.0298997e-02
3.7086487e+03 6.9117002e-02
3.7089237e+03 3.0970000e-02
3.7091988e+03 -2.6916999e-02
3.7094739e+03 -9.2290998e-02
3.7097491e+03 -1.4979801e-01
3.7100246e+03 -1.8589400e-01
3.7102999e+03 -1.9266599e-01
3.7105751e+03 -1.7066000e-01
3.7108505e+03 -1.3034301e-01
3.7111258e+03 -8.7784998e-02
3.7114016e+03 -5.8626998e-02
3.7116770e+03 -4.9566999e-02
3.7119525e+03 -5.6361999e-02
3.7122280e+03 -6.7543000e-02
3.7125036e+03 -7.3647000e-02
3.7127795e+03 -7.4314997e-02
3.7130552e+03 -8.0204003e-02
3.7133309e+03 -1.0418800e-01
3.7136066e+03 -1.5158600e-01
3.7138824e+03 -2.1212099e-01
3.7141585e+03 -2.6245099e-01
3.7144344e+03 -2.7670801e-01
3.7147103e+03 -2.4049200e-01
3.7149862e+03 -1.5945400e-01
3.7152622e+03 -5.5408001e-02
3.7155385e+03 4.3058001e-02
3.7158146e+03 1.1520300e-01
3.7160907e+03 1.5296900e-01
3.7163668e+03 1.6050300e-01
3.7166430e+03 1.4700800e-01
3.7169196e+03 1.2252300e-01
3.7171958e+03 9.5677003e-02
3.7174721e+03 7.4194998e-02
3.7177485e+03 6.5231003e-02
3.7180249e+03 7.2072998e-02
3.7183016e+03 9.1504999e-02
3.7185781e+03 1.1415400e-01
3.7188546e+03 1.2988999e-01
3.7191311e+03 1.3439600e-01
3.7194077e+03 1.3105799e-01
3.7196847e+03 1.2688600e-01
3.7199614e+03 1.2528799e-01
3.7202381e+03 1.2147400e-01
3.7205149e+03 1.0509400e-01
3.7207916e+03 6.8736002e-02
3.7210688e+03 1.4352000e-02
3.7213457e+03 -4.5680001e-02
3.7216226e+03 -9.5319003e-02
3.7218996e+03 -1.2419200e-01
3.7221766e+03 -1.3225000e-01
3.7224540e+03 -1.2688600e-01
3.7227311e+03 -1.1646700e-01
3.7230082e+03 -1.0404500e-01
3.7232854e+03 -8.7976001e-02
3.7235626e+03 -6.7042999e-02
3.7238402e+03 -4.4369001e-02
3.7241175e+03 -2.6631000e-02
3.7243948e+03 -1.9025000e-02
3.7246722e+03 -1.9955000e-02
3.7249496e+03 -2.1195000e-02
3.7252274e+03 -1.2350000e-02
3.7255049e+03 9.8700002e-03
3.7257824e+03 3.8933001e-02
3.7260600e+03 5.8841001e-02
3.7263376e+03 5.3644001e-02
3.7266156e+03 1.5044000e-02
3.7268933e+03 -5.0496999e-02
3.7271711e+03 -1.2423900e-01
3.7274489e+03 -1.8119800e-01
3.7277267e+03 -2.0081900e-01
3.7280049e+03 -1.7755000e-01
3.7282828e+03 -1.2354800e-01
3.7285608e+03 -6.4492002e-02
3.7288388e+03 -2.5010001e-02
3.7291168e+03 -1.7595001e-02
3.7293952e+03 -3.5165999e-02
3.7296733e+03 -5.7959002e-02
3.7299515e+03 -6.5444998e-02
3.7302297e+03 -4.9710002e-02
3.7305080e+03 -1.8954000e-02
3.7307866e+03 7.5340001e-03
3.7310649e+03 1.2016000e-02
3.7313433e+03 -1.1372000e-02
3.7316217e+03 -5.4597002e-02
3.7319001e+03 -1.0130400e-01
3.7321790e+03 -1.3532600e-01
3.7324575e+03 -1.4595900e-01
3.7327361e+03 -1.3175000e-01
3.7330147e+03 -9.7846001e-02
3.7332934e+03 -5.3309999e-02
3.7335724e+03 -8.6059999e-03
3.7338512e+03 2.5534000e-02
3.7341299e+03 3.9648999e-02
3.7344088e+03 2.9444000e-02
3.7346876e+03 -2.3600000e-03
3.7349669e+03 -4.3653999e-02
3.7352458e+03 -7.7581003e-02
3.7355248e+03 -8.9740001e-02
3.7358039e+03 -7.5864002e-02
3.7360830e+03 -4.4845998e-02
3.7363624e+03 -1.4066000e-02
3.7366416e+03 -4.7599999e-04
3.7369208e+03 -8.5589997e-03
3.7372000e+03 -2.9253000e-02
3.7374793e+03 -4.5012999e-02
3.7377590e+03 -4.2199999e-02
3.7380383e+03 -1.8429000e-02
3.7383178e+03 1.5735000e-02
3.7385972e+03 4.5584999e-02
3.7388767e+03 5.9962001e-02
3.7391566e+03 5.7457998e-02
3.7394362e+03 4.5155998e-02
3.7397158e+03 3.4403000e-02
3.7399954e+03 3.5595000e-02
3.7402751e+03 5.5170000e-02
3.7405552e+03 9.4627999e-02
3.7408350e+03 1.4791401e-01
3.7411149e+03 2.0089100e-01
3.7413947e+03 2.3343500e-01
3.7416746e+03 2.2709300e-01
3.7419549e+03 1.7461701e-01
3.7422349e+03 8.5949004e-02
3.7425150e+03 -1.3160000e-02
3.7427951e+03 -9.2505999e-02
3.7430752e+03 -1.2831600e-01
3.7433557e+03 -1.1463100e-01
3.7436359e+03 -6.2726997e-02
3.7439161e+03 4.5059999e-03
3.7441964e+03 6.5063998e-02
3.7444768e+03 1.0526100e-01
3.7447575e+03 1.2123500e-01
3.7450379e+03 1.1630000e-01
3.7453184e+03 9.6035004e-02
3.7455989e+03 6.6542000e-02
3.7458794e+03 3.4022000e-02
3.7461603e+03 5.2450001e-03
3.7464409e+03 -1.2660000e-02
3.7467216e+03 -1.6593000e-02
3.7470023e+03 -9.1789998e-03
3.7472831e+03 1.8110001e-03
3.7475642e+03 9.2019998e-03
3.7478451e+03 1.1324000e-02
3.7481259e+03 1.3637000e-02
3.7484069e+03 2.2673000e-02
3.7486878e+03 4.0984001e-02
3.7489692e+03 6.5636002e-02
3.7492502e+03 9.1242000e-02
3.7495313e+03 1.1360600e-01
3.7498124e+03 1.3146400e-01
3.7500936e+03 1.4345600e-01
3.7503752e+03 1.4572100e-01
3.7506564e+03 1.3272700e-01
3.7509377e+03 1.0254300e-01
3.7512191e+03 6.1177999e-02
3.7515005e+03 2.1957999e-02
3.7517822e+03 -2.4550001e-03
3.7520637e+03 -6.6990000e-03
3.7523452e+03 5.2689998e-03
3.7526268e+03 2.5844000e-02
3.7529084e+03 4.8303001e-02
3.7531903e+03 6.8568997e-02
3.7534720e+03 8.2944997e-02
3.7537538e+03 8.6926997e-02
3.7540355e+03 7.8201003e-02
3.7543173e+03 6.0676999e-02
3.7545995e+03 4.6466999e-02
3.7548814e+03 4.8255000e-02
3.7551633e+03 6.9236003e-02
3.7554453e+03 9.6583001e-02
3.7557273e+03 1.0712100e-01
3.7560098e+03 8.1944004e-02
3.7562919e+03 1.9835999e-02
3.7565740e+03 -6.0819998e-02
3.7568562e+03 -1.3284600e-01
3.7571384e+03 -1.7361601e-01
3.7574210e+03 -1.7631000e-01
3.7577034e+03 -1.4791401e-01
3.7579857e+03 -1.0254300e-01
3.7582681e+03 -5.3071000e-02
3.7585506e+03 -1.0013000e-02
3.7588334e+03 1.7452000e-02
3.7591159e+03 2.2554001e-02
3.7593985e+03 4.1000000e-03
3.7596811e+03 -2.8705001e-02
3.7599638e+03 -5.8293000e-02
3.7602468e+03 -6.5444998e-02
3.7605296e+03 -3.8337000e-02
3.7608123e+03 2.0861000e-02
3.7610952e+03 9.7680002e-02
3.7613780e+03 1.7063600e-01
3.7616613e+03 2.2015500e-01
3.7619442e+03 2.3360200e-01
3.7622272e+03 2.0973600e-01
3.7625103e+03 1.5854800e-01
3.7627934e+03 9.9849001e-02
3.7630768e+03 5.7911001e-02
3.7633600e+03 4.9518999e-02
3.7636432e+03 7.6817997e-02
3.7639265e+03 1.2497900e-01
3.7642098e+03 1.7144600e-01
3.7644934e+03 1.9650400e-01
3.7647768e+03 1.9447801e-01
3.7650602e+03 1.7309099e-01
3.7653437e+03 1.4722300e-01
3.7656272e+03 1.2691000e-01
3.7659111e+03 1.1160300e-01
3.7661947e+03 9.0336002e-02
3.7664783e+03 5.1093001e-02
3.7667620e+03 -1.0132000e-02
3.7670457e+03 -8.4495001e-02
3.7673299e+03 -1.5239701e-01
3.7676137e+03 -1.9152100e-01
3.7678975e+03 -1.8641900e-01
3.7681814e+03 -1.3668500e-01
3.7684653e+03 -5.5241000e-02
3.7687497e+03 3.5213999e-02
3.7690337e+03 1.1267600e-01
3.7693178e+03 1.6207600e-01
3.7696019e+03 1.7724000e-01
3.7698860e+03 1.6057400e-01
3.7701706e+03 1.2073500e-01
3.7704548e+03 7.0905000e-02
3.7707391e+03 2.5366999e-02
3.7710234e+03 -2.9559999e-03
3.7713078e+03 -6.2219999e-03
3.7715925e+03 1.5377000e-02
3.7718770e+03 5.3762998e-02
3.7721614e+03 9.5701002e-02
3.7724460e+03 1.2950800e-01
3.7727306e+03 1.5003601e-01
3.7730155e+03 1.6105101e-01
3.7733002e+03 1.7240000e-01
3.7735849e+03 1.9347601e-01
3.7738697e+03 2.2585300e-01
3.7741545e+03 2.6118699e-01
3.7744396e+03 2.8438500e-01
3.7747245e+03 2.8140500e-01
3.7750094e+03 2.4711999e-01
3.7752944e+03 1.8718199e-01
3.7755794e+03 1.1482200e-01
3.7758648e+03 4.2819001e-02
3.7761499e+03 -1.9955000e-02
3.7764350e+03 -6.9141001e-02
3.7767202e+03 -1.0116100e-01
3.7770055e+03 -1.1122200e-01
3.7772911e+03 -9.6344002e-02
3.7775764e+03 -5.9342001e-02
3.7778617e+03 -1.1515000e-02
3.7781471e+03 2.9730000e-02
3.7784326e+03 4.9734000e-02
3.7787184e+03 4.4155002e-02
3.7790039e+03 2.3150001e-02
3.7792895e+03 5.6980001e-03
3.7795751e+03 1.0538000e-02
3.7798608e+03 4.5180000e-02
3.7801468e+03 1.0321100e-01
3.7804326e+03 1.6708300e-01
3.7807183e+03 2.1855800e-01
3.7810042e+03 2.4657200e-01
3.7812900e+03 2.5112599e-01
3.7815763e+03 2.4127901e-01
3.7818623e+03 2.2816600e-01
3.7821483e+03 2.1958300e-01
3.7824343e+03 2.1700799e-01
3.7827204e+03 2.1770000e-01
3.7830069e+03 2.1755600e-01
3.7832930e+03 2.1345600e-01
3.7835793e+03 2.0375200e-01
3.7838655e+03 1.8782599e-01
3.7841518e+03 1.6546200e-01
3.7844385e+03 1.3687600e-01
3.7847249e+03 1.0395000e-01
3.7850114e+03 6.9952004e-02
3.7852978e+03 3.9315000e-02
3.7855844e+03 1.6236000e-02
3.7858713e+03 3.2660000e-03
3.7861579e+03 8.8200002e-04
3.7864445e+03 6.4369999e-03
3.7867312e+03 1.5568000e-02
3.7870180e+03 2.3150001e-02
3.7873051e+03 2.6106000e-02
3.7875919e+03 2.5129000e-02
3.7878788e+03 2.4223000e-02
3.7881657e+03 2.8562000e-02
3.7884527e+03 4.0173002e-02
3.7887400e+03 5.5599000e-02
3.7890270e+03 6.7185998e-02
3.7893141e+03 6.7019001e-02
3.7896013e+03 5.1116001e-02
3.7898884e+03 2.3436001e-02
3.7901760e+03 -6.5560001e-03
3.7904633e+03 -2.7108001e-02
3.7907506e+03 -3.0755000e-02
3.7910379e+03 -1.6546000e-02
3.7913253e+03 1.0752000e-02
3.7916131e+03 4.3010000e-02
3.7919006e+03 7.1953997e-02
3.7921881e+03 9.0503000e-02
3.7924757e+03 9.3292996e-02
3.7927633e+03 7.7055998e-02
3.7930513e+03 4.2319000e-02
3.7933390e+03 -4.0759998e-03
3.7936267e+03 -4.7826000e-02
3.7939145e+03 -7.0809998e-02
3.7942023e+03 -6.0986999e-02
3.7944905e+03 -1.8572001e-02
3.7947785e+03 4.1770000e-02
3.7950664e+03 1.0058800e-01
3.7953544e+03 1.4421900e-01
3.7956425e+03 1.7189901e-01
3.7959309e+03 1.9152100e-01
3.7962190e+03 2.1054700e-01
3.7965072e+03 2.2661600e-01
3.7967954e+03 2.2897699e-01
3.7970837e+03 2.0821001e-01
3.7973724e+03 1.6667800e-01
3.7976607e+03 1.1720600e-01
3.7979491e+03 7.4219003e-02
3.7982375e+03 4.2867001e-02
3.7985260e+03 1.7333001e-02
3.7988149e+03 -1.0514000e-02
3.7991035e+03 -3.8957000e-02
3.7993921e+03 -5.3739000e-02
3.7996808e+03 -3.5238001e-02
3.7999695e+03 2.6512001e-02
3.8002586e+03 1.2190300e-01
3.8005473e+03 2.2294500e-01
3.8008362e+03 2.9609200e-01
3.8011251e+03 3.1685799e-01
3.8014140e+03 2.7854401e-01
3.8017033e+03 1.9469200e-01
3.8019923e+03 9.3102001e-02
3.8022814e+03 9.6549997e-03
3.8025705e+03 -2.5868000e-02
3.8028596e+03 4.2900001e-04
3.8031491e+03 7.9727001e-02
3.8034384e+03 1.8229400e-01
3.8037277e+03 2.6996100e-01
3.8040170e+03 3.1051600e-01
3.8043063e+03 2.9342100e-01
3.8045961e+03 2.2990701e-01
3.8048855e+03 1.4579201e-01
3.8051750e+03 6.7257002e-02
3.8054646e+03 1.2922000e-02
3.8057542e+03 -9.2740003e-03
3.8060441e+03 -5.4799998e-04
3.8063338e+03 3.2496002e-02
3.8066235e+03 7.8391999e-02
3.8069133e+03 1.2590800e-01
3.8072031e+03 1.6584300e-01
3.8074933e+03 1.9271301e-01
3.8077832e+03 2.0496801e-01
3.8080731e+03 2.0327500e-01
3.8083631e+03 1.8835001e-01
3.8086531e+03 1.6245800e-01
3.8089435e+03 1.3339500e-01
3.8092337e+03 1.1560900e-01
3.8095238e+03 1.2311900e-01
3.8098140e+03 1.6124199e-01
3.8101043e+03 2.1779500e-01
3.8103949e+03 2.6886401e-01
3.8106852e+03 2.9010701e-01
3.8109756e+03 2.7050900e-01
3.8112660e+03 2.1684100e-01
3.8115565e+03 1.5039399e-01
3.8118474e+03 9.5128998e-02
3.8121379e+03 6.6494003e-02
3.8124285e+03 6.7353003e-02
3.8127192e+03 8.8596001e-02
3.8130098e+03 1.1601400e-01
3.8133009e+03 1.3630299e-01
3.8135917e+03 1.4264500e-01
3.8138825e+03 1.3625599e-01
3.8141734e+03 1.2524100e-01
3.8144643e+03 1.1804100e-01
3.8147556e+03 1.1839800e-01
3.8150466e+03 1.2333300e-01
3.8153377e+03 1.2857901e-01
3.8156287e+03 1.3382401e-01
3.8159199e+03 1.4438599e-01
3.8162114e+03 1.6567700e-01
3.8165026e+03 1.9667099e-01
3.8167939e+03 2.2587700e-01
3.8170852e+03 2.3682100e-01
3.8173766e+03 2.1708000e-01
3.8176683e+03 1.6868100e-01
3.8179598e+03 1.0907600e-01
3.8182512e+03 6.1726000e-02
3.8185428e+03 4.2939000e-02
3.8188343e+03 5.0663002e-02
3.8191263e+03 6.6375002e-02
3.8194180e+03 6.5826997e-02
3.8197097e+03 3.6286999e-02
3.8200015e+03 -1.6736001e-02
3.8202933e+03 -7.0834003e-02
3.8205855e+03 -1.0137500e-01
3.8208773e+03 -9.4485000e-02
3.8211693e+03 -5.5884998e-02
3.8214613e+03 -5.0300001e-03
3.8217533e+03 3.6334001e-02
3.8220457e+03 5.6171000e-02
3.8223378e+03 5.5955999e-02
3.8226300e+03 4.6229001e-02
3.8229222e+03 3.7788998e-02
3.8232144e+03 3.4545999e-02
3.8235071e+03 3.2972999e-02
3.8237994e+03 2.5056999e-02
3.8240918e+03 5.7450002e-03
3.8243842e+03 -2.3436001e-02
3.8246767e+03 -5.3309999e-02
3.8249695e+03 -7.1239002e-02
3.8252621e+03 -6.6280000e-02
3.8255547e+03 -3.6238998e-02
3.8258474e+03 1.1706000e-02
3.8261400e+03 6.2656000e-02
3.8264331e+03 1.0056400e-01
3.8267259e+03 1.1529900e-01
3.8270188e+03 1.0743100e-01
3.8273116e+03 8.8238001e-02
3.8276045e+03 7.3480003e-02
3.8278979e+03 7.5530998e-02
3.8281909e+03 9.6607000e-02
3.8284839e+03 1.3027100e-01
3.8287770e+03 1.6641600e-01
3.8290702e+03 1.9812500e-01
3.8293637e+03 2.2370800e-01
3.8296569e+03 2.4328201e-01
3.8299502e+03 2.5312901e-01
3.8302435e+03 2.4492700e-01
3.8305369e+03 2.1033201e-01
3.8308307e+03 1.5084700e-01
3.8311241e+03 8.1299998e-02
3.8314176e+03 2.6296999e-02
3.8317112e+03 6.3410001e-03
3.8320048e+03 2.9397000e-02
3.8322988e+03 8.6712003e-02
3.8325924e+03 1.5997800e-01
3.8328862e+03 2.2931001e-01
3.8331799e+03 2.7987900e-01
3.8334738e+03 3.0374500e-01
3.8337680e+03 2.9802299e-01
3.8340619e+03 2.6557401e-01
3.8343558e+03 2.1483800e-01
3.8346498e+03 1.5954900e-01
3.8349439e+03 1.1262800e-01
3.8352383e+03 7.9441004e-02
3.8355324e+03 5.6814998e-02
3.8358266e+03 3.9291002e-02
3.8361208e+03 2.6559001e-02
3.8364151e+03 2.6535001e-02
3.8367098e+03 4.9160998e-02
3.8370041e+03 9.6248999e-02
3.8372985e+03 1.5473300e-01
3.8375930e+03 2.0198800e-01
3.8378875e+03 2.1839100e-01
3.8381824e+03 1.9791099e-01
3.8384770e+03 1.5189600e-01
3.8387716e+03 1.0082700e-01
3.8390663e+03 6.4516000e-02
3.8393610e+03 5.5312999e-02
3.8396561e+03 7.7271000e-02
3.8399509e+03 1.2457300e-01
3.8402458e+03 1.8217500e-01
3.8405407e+03 2.2943000e-01
3.8408356e+03 2.4685800e-01
3.8411310e+03 2.2785600e-01
3.8414260e+03 1.8386801e-01
3.8417211e+03 1.4204900e-01
3.8420162e+03 1.2912700e-01
3.8423114e+03 1.5773700e-01
3.8426070e+03 2.1753301e-01
3.8429022e+03 2.8321701e-01
3.8431975e+03 3.2896900e-01
3.8434929e+03 3.4205899e-01
3.8437883e+03 3.2622799e-01
3.8440841e+03 2.9458901e-01
3.8443796e+03 2.6013801e-01
3.8446751e+03 2.3059800e-01
3.8449707e+03 2.0811500e-01
3.8452663e+03 1.9190300e-01
3.8455624e+03 1.8093500e-01
3.8458581e+03 1.7359200e-01
3.8461538e+03 1.6605800e-01
3.8464497e+03 1.5444700e-01
3.8467455e+03 1.3794801e-01
3.8470418e+03 1.2230800e-01
3.8473377e+03 1.1732500e-01
3.8476337e+03 1.3210700e-01
3.8479297e+03 1.6648699e-01
3.8482258e+03 2.1047500e-01
3.8485223e+03 2.5031501e-01
3.8488185e+03 2.7794799e-01
3.8491147e+03 2.9432699e-01
3.8494110e+03 3.0765501e-01
3.8497073e+03 3.2393900e-01
3.8500040e+03 3.4162900e-01
3.8503004e+03 3.5233399e-01
3.8505968e+03 3.4778100e-01
3.8508933e+03 3.2608500e-01
3.8511899e+03 2.9571000e-01
3.8514868e+03 2.7074799e-01
3.8517834e+03 2.6426300e-01
3.8520801e+03 2.8295499e-01
3.8523768e+03 3.2474899e-01
3.8526736e+03 3.8003901e-01
3.8529708e+03 4.3244299e-01
3.8532676e+03 4.6498701e-01
3.8535645e+03 4.6508300e-01
3.8538615e+03 4.3060699e-01
3.8541585e+03 3.7071699e-01
3.8544559e+03 3.0128899e-01
3.8547530e+03 2.3901400e-01
3.8550501e+03 1.9652800e-01
3.8553473e+03 1.8081599e-01
3.8556445e+03 1.9123501e-01
3.8559422e+03 2.2048900e-01
3.8562395e+03 2.5651401e-01
3.8565368e+03 2.8562501e-01
3.8568342e+03 2.9890499e-01
3.8571317e+03 2.9585299e-01
3.8574296e+03 2.8607801e-01
3.8577271e+03 2.8271601e-01
3.8580247e+03 2.9571000e-01
3.8583223e+03 3.2484499e-01
3.8586200e+03 3.6144200e-01
3.8589181e+03 3.9238900e-01
3.8592159e+03 4.0569299e-01
3.8595137e+03 3.9417699e-01
3.8598116e+03 3.5836601e-01
3.8601095e+03 3.0877501e-01
3.8604078e+03 2.6383299e-01
3.8607058e+03 2.4404500e-01
3.8610039e+03 2.6111600e-01
3.8613020e+03 3.1189901e-01
3.8616001e+03 3.7703499e-01
3.8618987e+03 4.3041700e-01
3.8621969e+03 4.5101601e-01
3.8624952e+03 4.3148899e-01
3.8627935e+03 3.8044399e-01
3.8630919e+03 3.1578499e-01
3.8633907e+03 2.5815901e-01
3.8636891e+03 2.2442301e-01
3.8639876e+03 2.2554301e-01
3.8642862e+03 2.6321399e-01
3.8645848e+03 3.2751501e-01
3.8648838e+03 3.9973199e-01
3.8651825e+03 4.5828801e-01
3.8654813e+03 4.9044999e-01
3.8657800e+03 4.9662501e-01
3.8660789e+03 4.9126101e-01
3.8663781e+03 4.9366900e-01
3.8666771e+03 5.1798803e-01
3.8669760e+03 5.6581402e-01
3.8672750e+03 6.2706399e-01
3.8675741e+03 6.8492800e-01
3.8678736e+03 7.2343302e-01
3.8681727e+03 7.3456699e-01
3.8684720e+03 7.1866500e-01
3.8687712e+03 6.8445200e-01
3.8690705e+03 6.4556497e-01
3.8693702e+03 6.1652601e-01
3.8696696e+03 6.0756201e-01
3.8699690e+03 6.2165201e-01
3.8702685e+03 6.5479201e-01
3.8705681e+03 6.9770801e-01
3.8708680e+03 7.4055099e-01
3.8711676e+03 7.7514601e-01
3.8714673e+03 7.9483902e-01
3.8717670e+03 7.9336101e-01
3.8720668e+03 7.6441699e-01
3.8723669e+03 7.0495600e-01
3.8726668e+03 6.2031698e-01
3.8729667e+03 5.2838302e-01
3.8732666e+03 4.5587999e-01
3.8735666e+03 4.2650601e-01
3.8738670e+03 4.4949001e-01
3.8741671e+03 5.1031101e-01
3.8744673e+03 5.7880801e-01
3.8747674e+03 6.2265301e-01
3.8750677e+03 6.2777901e-01
3.8753683e+03 6.0348499e-01
3.8756686e+03 5.7756901e-01
3.8759690e+03 5.7654297e-01
3.8762694e+03 6.1178201e-01
3.8765699e+03 6.7465299e-01
3.8768707e+03 7.4553400e-01
3.8771713e+03 8.0707002e-01
3.8774719e+03 8.5349000e-01
3.8777725e+03 8.8937199e-01
3.8780732e+03 9.2110598e-01
3.8783743e+03 9.4983500e-01
3.8786751e+03 9.7024399e-01
3.8789760e+03 9.7498798e-01
3.8792768e+03 9.6192300e-01
3.8795778e+03 9.3517298e-01
3.8798791e+03 9.0301001e-01
3.8801801e+03 8.7487602e-01
3.8804812e+03 8.5816300e-01
3.8807823e+03 8.5782999e-01
3.8810835e+03 8.7547302e-01
3.8813850e+03 9.0765899e-01
3.8816863e+03 9.4458997e-01
3.8819876e+03 9.7210401e-01
3.8822889e+03 9.7959000e-01
3.8825903e+03 9.6621501e-01
3.8828921e+03 9.4289702e-01
3.8831936e+03 9.2549300e-01
3.8834951e+03 9.2525399e-01
3.8837967e+03 9.4096601e-01
3.8840984e+03 9.6216202e-01
3.8844004e+03 9.7644299e-01
3.8847021e+03 9.7820699e-01
3.8850039e+03 9.7100699e-01
3.8853057e+03 9.6428299e-01
3.8856076e+03 9.6690601e-01
3.8859098e+03 9.8328501e-01
3.8862118e+03 1.0131350e+00
3.8865138e+03 1.0536430e+00
3.8868158e+03 1.0994670e+00
3.8871179e+03 1.1420240e+00
3.8874205e+03 1.1708490e+00
3.8877226e+03 1.1773820e+00
3.8880249e+03 1.1600010e+00
3.8883272e+03 1.1274090e+00
3.8886295e+03 1.0955330e+00
3.8889322e+03 1.0821580e+00
3.8892347e+03 1.0977740e+00
3.8895371e+03 1.1423340e+00
3.8898397e+03 1.2037270e+00
3.8901422e+03 1.2653110e+00
3.8904452e+03 1.3119450e+00
3.8907479e+03 1.3362401e+00
3.8910506e+03 1.3405080e+00
3.8913533e+03 1.3345470e+00
3.8916561e+03 1.3315910e+00
3.8919594e+03 1.3408890e+00
3.8922623e+03 1.3643500e+00
3.8925652e+03 1.3945100e+00
3.8928682e+03 1.4186140e+00
3.8931712e+03 1.4247890e+00
3.8934747e+03 1.4099350e+00
3.8937778e+03 1.3833990e+00
3.8940810e+03 1.3654470e+00
3.8943842e+03 1.3791560e+00
3.8946875e+03 1.4372110e+00
3.8949912e+03 1.5346050e+00
3.8952946e+03 1.6475430e+00
3.8955980e+03 1.7457720e+00
3.8959014e+03 1.8050190e+00
3.8962049e+03 1.8204920e+00
3.8965089e+03 1.8063780e+00
3.8968125e+03 1.7882340e+00
3.8971161e+03 1.7878530e+00
3.8974198e+03 1.8141030e+00
3.8977236e+03 1.8608570e+00
3.8980277e+03 1.9131180e+00
3.8983316e+03 1.9583941e+00
3.8986355e+03 1.9922010e+00
3.8989394e+03 2.0184269e+00
3.8992434e+03 2.0421741e+00
3.8995478e+03 2.0642509e+00
3.8998519e+03 2.0793910e+00
3.9001560e+03 2.0807741e+00
3.9004602e+03 2.0673511e+00
3.9007644e+03 2.0482299e+00
3.9010690e+03 2.0391221e+00
3.9013734e+03 2.0565500e+00
3.9016777e+03 2.1090031e+00
3.9019821e+03 2.1947620e+00
3.9022866e+03 2.3037190e+00
3.9025915e+03 2.4225950e+00
3.9028960e+03 2.5360100e+00
3.9032006e+03 2.6289699e+00
3.9035053e+03 2.6915550e+00
3.9038100e+03 2.7228351e+00
3.9041151e+03 2.7354710e+00
3.9044199e+03 2.7508731e+00
3.9047247e+03 2.7902839e+00
3.9050296e+03 2.8611889e+00
3.9053345e+03 2.9517651e+00
3.9056399e+03 3.0375710e+00
3.9059449e+03 3.0951970e+00
3.9062500e+03 3.1178229e+00
3.9065551e+03 3.1180379e+00
3.9068603e+03 3.1211610e+00
3.9071659e+03 3.1489129e+00
3.9074712e+03 3.2101631e+00
3.9077765e+03 3.2991400e+00
3.9080818e+03 3.4025660e+00
3.9083873e+03 3.5071840e+00
3.9086931e+03 3.6053650e+00
3.9089986e+03 3.6940329e+00
3.9093041e+03 3.7718289e+00
3.9096097e+03 3.8379900e+00
3.9099154e+03 3.8946149e+00
3.9102215e+03 3.9474959e+00
3.9105272e+03 4.0048361e+00
3.9108330e+03 4.0730472e+00
3.9111388e+03 4.1507950e+00
3.9114447e+03 4.2309990e+00
3.9117510e+03 4.3059578e+00
3.9120570e+03 4.3745990e+00
3.9123631e+03 4.4447889e+00
3.9126691e+03 4.5277352e+00
3.9129753e+03 4.6312089e+00
3.9132818e+03 4.7508230e+00
3.9135881e+03 4.8747301e+00
3.9138943e+03 4.9891472e+00
3.9142006e+03 5.0877090e+00
3.9145070e+03 5.1744461e+00
3.9148138e+03 5.2598710e+00
3.9151203e+03 5.3544278e+00
3.9154268e+03 5.4633608e+00
3.9157333e+03 5.5869098e+00
3.9160400e+03 5.7229280e+00
3.9163470e+03 5.8681722e+00
3.9166537e+03 6.0203071e+00
3.9169604e+03 6.1749692e+00
3.9172672e+03 6.3270798e+00
3.9175741e+03 6.4721818e+00
3.9178814e+03 6.6098452e+00
3.9181883e+03 6.7470779e+00
3.9184953e+03 6.8959231e+00
3.9188023e+03 7.0683708e+00
3.9191094e+03 7.2681899e+00
3.9194169e+03 7.4855561e+00
3.9197241e+03 7.7020402e+00
3.9200314e+03 7.8968759e+00
3.9203386e+03 8.0615282e+00
3.9206460e+03 8.2025051e+00
3.9209537e+03 8.3404541e+00
3.9212612e+03 8.4987164e+00
3.9215686e+03 8.6900940e+00
3.9218762e+03 8.9141359e+00
3.9221837e+03 9.1571560e+00
3.9224917e+03 9.4047775e+00
3.9227994e+03 9.6474400e+00
3.9231071e+03 9.8843575e+00
3.9234149e+03 1.0120487e+01
3.9237227e+03 1.0358977e+01
3.9240309e+03 1.0601520e+01
3.9243388e+03 1.0845351e+01
3.9246468e+03 1.1089420e+01
3.9249548e+03 1.1337661e+01
3.9252628e+03 1.1597132e+01
3.9255713e+03 1.1878395e+01
3.9258795e+03 1.2185120e+01
3.9261877e+03 1.2515139e+01
3.9264959e+03 1.2858080e+01
3.9268042e+03 1.3200902e+01
3.9271129e+03 1.3535451e+01
3.9274213e+03 1.3858938e+01
3.9277298e+03 1.4179587e+01
3.9280383e+03 1.4508056e+01
3.9283468e+03 1.4856195e+01
3.9286558e+03 1.5233302e+01
3.9289644e+03 1.5643239e+01
3.9292731e+03 1.6087412e+01
3.9295818e+03 1.6559315e+01
3.9298906e+03 1.7049789e+01
3.9301998e+03 1.7547989e+01
3.9305087e+03 1.8046141e+01
3.9308176e+03 1.8544579e+01
3.9311266e+03 1.9043970e+01
3.9314356e+03 1.9547342e+01
3.9317451e+03 2.0051622e+01
3.9320542e+03 2.0552111e+01
3.9323634e+03 2.1051502e+01
3.9326726e+03 2.1559738e+01
3.9329818e+03 2.2097826e+01
3.9332915e+03 2.2677444e+01
3.9336009e+03 2.3296093e+01
3.9339103e+03 2.3933434e+01
3.9342198e+03 2.4563503e+01
3.9345293e+03 2.5174475e+01
3.9348392e+03 2.5771212e+01
3.9351488e+03 2.6376747e+01
3.9354585e+03 2.7017353e+01
3.9357682e+03 2.7709627e+01
3.9360779e+03 2.8458166e+01
3.9363881e+03 2.9251884e+01
3.9366980e+03 3.0077505e+01
3.9370079e+03 3.0916929e+01
3.9373178e+03 3.1753492e+01
3.9376278e+03 3.2575680e+01
3.9379382e+03 3.3377693e+01
3.9382483e+03 3.4169125e+01
3.9385585e+03 3.4964035e+01
3.9388687e+03 3.5782074e+01
3.9391789e+03 3.6637974e+01
3.9394896e+03 3.7535404e+01
3.9397999e+03 3.8471603e+01
3.9401103e+03 3.9432095e+01
3.9404208e+03 4.0404034e+01
3.9407312e+03 4.1376377e+01
3.9410422e+03 4.2346786e+01
3.9413527e+03 4.3321705e+01
3.9416634e+03 4.4308327e+01
3.9419741e+03 4.5315266e+01
3.9422848e+03 4.6342205e+01
3.9425960e+03 4.7384762e+01
3.9429068e+03 4.8437809e+01
3.9432177e+03 4.9500679e+01
3.9435286e+03 5.0580669e+01
3.9438396e+03 5.1686619e+01
3.9441510e+03 5.2824188e+01
3.9444621e+03 5.3989361e+01
3.9447732e+03 5.5168484e+01
3.9450843e+03 5.6345032e+01
3.9453956e+03 5.7503532e+01
3.9457072e+03 5.8636711e+01
3.9460185e+03 5.9745430e+01
3.9463299e+03 6.0836197e+01
3.9466413e+03 6.1918449e+01
3.9469528e+03 6.3001442e+01
3.9472647e+03 6.4092232e+01
3.9475763e+03 6.5196083e+01
3.9478879e+03 6.6312836e+01
3.9481995e+03 6.7437218e+01
3.9485113e+03 6.8558098e+01
3.9488234e+03 6.9661499e+01
3.9491352e+03 7.0739555e+01
3.9494471e+03 7.1787735e+01
3.9497590e+03 7.2810768e+01
3.9500709e+03 7.3814178e+01
3.9503833e+03 7.4801537e+01
3.9506954e+03 7.5776741e+01
3.9510075e+03 7.6736000e+01
3.9513197e+03 7.7679153e+01
3.9516319e+03 7.8600861e+01
3.9519445e+03 7.9498032e+01
3.9522568e+03 8.0371330e+01
3.9525692e+03 8.1220413e+01
3.9528816e+03 8.2053139e+01
3.9531940e+03 8.2868431e+01
3.9535069e+03 8.3663269e+01
3.9538195e+03 8.4423729e+01
3.9541321e+03 8.5129860e+01
3.9544447e+03 8.5770035e+01
3.9547574e+03 8.6336540e+01
3.9550706e+03 8.6841606e+01
3.9553834e+03 8.7301399e+01
3.9556962e+03 8.7734245e+01
3.9560091e+03 8.8154884e+01
3.9563221e+03 8.8564995e+01
3.9566354e+03 8.8966560e+01
3.9569485e+03 8.9351822e+01
3.9572616e+03 8.9715431e+01
3.9575747e+03 9.0050552e+01
3.9578879e+03 9.0346840e+01
3.9582015e+03 9.0600945e+01
3.9585148e+03 9.0806412e+01
3.9588282e+03 9.0967751e+01
3.9591416e+03 9.1092010e+01
3.9594550e+03 9.1188835e+01
3.9597689e+03 9.1270256e+01
3.9600824e+03 9.1340805e+01
3.9603960e+03 9.1407394e+01
3.9607097e+03 9.1470169e+01
3.9610234e+03 9.1529442e+01
3.9613375e+03 9.1584442e+01
3.9616513e+03 9.1629433e+01
3.9619651e+03 9.1659882e+01
3.9622790e+03 9.1666153e+01
3.9625930e+03 9.1641594e+01
3.9629073e+03 9.1581177e+01
3.9632214e+03 9.1486740e+01
3.9635355e+03 9.1370796e+01
3.9638496e+03 9.1250488e+01
3.9641638e+03 9.1145157e+01
3.9644784e+03 9.1065529e+01
3.9647927e+03 9.1011024e+01
3.9651071e+03 9.0971085e+01
3.9654214e+03 9.0929482e+01
3.9657359e+03 9.0873337e+01
3.9660508e+03 9.0795990e+01
3.9663653e+03 9.0699409e+01
3.9666799e+03 9.0591240e+01
3.9669945e+03 9.0479851e+01
3.9673092e+03 9.0372993e+01
3.9676243e+03 9.0274521e+01
3.9679391e+03 9.0184044e+01
3.9682540e+03 9.0098213e+01
3.9685689e+03 9.0012550e+01
3.9688838e+03 8.9924980e+01
3.9691992e+03 8.9836929e+01
3.9695142e+03 8.9751793e+01
3.9698293e+03 8.9673164e+01
3.9701444e+03 8.9602448e+01
3.9704596e+03 8.9537788e+01
3.9707752e+03 8.9475014e+01
3.9710905e+03 8.9408302e+01
3.9714059e+03 8.9332367e+01
3.9717213e+03 8.9244202e+01
3.9720367e+03 8.9144966e+01
3.9723526e+03 8.9041901e+01
3.9726681e+03 8.8947678e+01
3.9729837e+03 8.8877800e+01
3.9732994e+03 8.8845230e+01
3.9736150e+03 8.8854530e+01
3.9739312e+03 8.8898804e+01
3.9742470e+03 8.8960052e+01
3.9745628e+03 8.9014862e+01
3.9748787e+03 8.9040657e+01
3.9751946e+03 8.9023277e+01
3.9755110e+03 8.8959625e+01
3.9758270e+03 8.8858200e+01
3.9761431e+03 8.8737175e+01
3.9764593e+03 8.8618729e+01
3.9767755e+03 8.8521698e+01
3.9770921e+03 8.8454147e+01
3.9774084e+03 8.8408539e+01
3.9777247e+03 8.8365509e+01
3.9780411e+03 8.8304832e+01
3.9783576e+03 8.8212845e+01
3.9786745e+03 8.8092377e+01
3.9789910e+03 8.7955070e+01
3.9793076e+03 8.7816788e+01
3.9796242e+03 8.7686752e+01
3.9799409e+03 8.7565254e+01
3.9802581e+03 8.7450745e+01
3.9805749e+03 8.7337326e+01
3.9808917e+03 8.7222626e+01
3.9812086e+03 8.7098694e+01
3.9815256e+03 8.6953308e+01
3.9818430e+03 8.6774063e+01
3.9821600e+03 8.6548019e+01
3.9824771e+03 8.6273315e+01
3.9827943e+03 8.5952019e+01
3.9831115e+03 8.5594681e+01
3.9834291e+03 8.5214661e+01
3.9837464e+03 8.4822487e+01
3.9840637e+03 8.4430023e+01
3.9843811e+03 8.4037994e+01
3.9846986e+03 8.3644577e+01
3.9850165e+03 8.3238243e+01
3.9853340e+03 8.2804390e+01
3.9856517e+03 8.2335022e+01
3.9859693e+03 8.1824944e+01
3.9862870e+03 8.1283783e+01
3.9866052e+03 8.0720039e+01
3.9869230e+03 8.0143234e+01
3.9872408e+03 7.9555870e+01
3.9875587e+03 7.8948975e+01
3.9878767e+03 7.8314087e+01
3.9881951e+03 7.7638054e+01
3.9885132e+03 7.6919365e+01
3.9888313e+03 7.6164391e+01
3.9891494e+03 7.5383881e+01
3.9894676e+03 7.4590752e+01
3.9897863e+03 7.3786423e+01
3.9901046e+03 7.2969627e+01
3.9904230e+03 7.2132133e+01
3.9907414e+03 7.1269371e+01
3.9910599e+03 7.0384880e+01
3.9913788e+03 6.9483902e+01
3.9916973e+03 6.8577072e+01
3.9920160e+03 6.7665527e+01
3.9923346e+03 6.6744514e+01
3.9926534e+03 6.5801476e+01
3.9929725e+03 6.4822342e+01
3.9932913e+03 6.3801834e+01
3.9936102e+03 6.2743042e+01
3.9939291e+03 6.1661766e+01
3.9942481e+03 6.0577583e+01
3.9945675e+03 5.9506989e+01
3.9948866e+03 5.8456707e+01
3.9952058e+03 5.7419918e+01
3.9955249e+03 5.6382320e+01
3.9958442e+03 5.5329464e+01
3.9961638e+03 5.4255844e+01
3.9964832e+03 5.3169918e+01
3.9968026e+03 5.2088238e+01
3.9971220e+03 5.1027607e+01
3.9974415e+03 4.9994732e+01
3.9977614e+03 4.8981499e+01
3.9980810e+03 4.7970367e+01
3.9984006e+03 4.6946407e+01
3.9987203e+03 4.5907616e+01
3.9990401e+03 4.4867085e+01
3.9993603e+03 4.3841599e+01
3.9996801e+03 4.2843365e+01
4.0000000e+03 4.1872097e+01
4.0003199e+03 4.0918732e+01
4.0006399e+03 3.9974571e+01
4.0009604e+03 3.9032482e+01
4.0012805e+03 3.8095783e+01
4.0016006e+03 3.7171268e+01
4.0019208e+03 3.6270237e+01
4.0022411e+03 3.5402248e+01
4.0025618e+03 3.4568047e+01
4.0028822e+03 3.3760429e+01
4.0032026e+03 3.2958149e+01
4.0035230e+03 3.2140110e+01
4.0038435e+03 3.1295465e+01
4.0041645e+03 3.0434536e+01
4.0044851e+03 2.9587696e+01
4.0048058e+03 2.8786158e+01
4.0051265e+03 2.8048515e+01
4.0054473e+03 2.7368425e+01
4.0057685e+03 2.6723074e+01
4.0060893e+03 2.6090216e+01
4.0064103e+03 2.5453901e+01
4.0067312e+03 2.4815344e+01
4.0070523e+03 2.4178839e+01
4.0073737e+03 2.3550200e+01
4.0076949e+03 2.2929859e+01
4.0080160e+03 2.2314310e+01
4.0083373e+03 2.1705412e+01
4.0086585e+03 2.1103405e+01
4.0089803e+03 2.0512413e+01
4.0093017e+03 1.9933008e+01
4.0096231e+03 1.9365477e+01
4.0099446e+03 1.8815922e+01
4.0102661e+03 1.8294214e+01
4.0105881e+03 1.7817307e+01
4.0109098e+03 1.7394613e+01
4.0112314e+03 1.7024158e+01
4.0115532e+03 1.6685390e+01
4.0118750e+03 1.6345572e+01
4.0121972e+03 1.5976285e+01
4.0125191e+03 1.5565133e+01
4.0128411e+03 1.5124988e+01
4.0131631e+03 1.4684629e+01
4.0134852e+03 1.4273643e+01
4.0138077e+03 1.3910865e+01
4.0141298e+03 1.3595581e+01
4.0144520e+03 1.3316035e+01
4.0147743e+03 1.3051438e+01
4.0150966e+03 1.2779903e+01
4.0154194e+03 1.2484407e+01
4.0157418e+03 1.2154006e+01
4.0160643e+03 1.1792778e+01
4.0163868e+03 1.1417484e+01
4.0167094e+03 1.1056613e+01
4.0170324e+03 1.0738658e+01
4.0173551e+03 1.0476255e+01
4.0176778e+03 1.0263609e+01
4.0180006e+03 1.0075545e+01
4.0183234e+03 9.8851442e+00
4.0186467e+03 9.6721411e+00
4.0189696e+03 9.4325056e+00
4.0192926e+03 9.1778269e+00
4.0196156e+03 8.9260569e+00
4.0199387e+03 8.6958876e+00
4.0202623e+03 8.4931612e+00
4.0205855e+03 8.3123684e+00
4.0209087e+03 8.1387281e+00
4.0212320e+03 7.9573150e+00
4.0215554e+03 7.7615728e+00
4.0218792e+03 7.5542440e+00
4.0222026e+03 7.3461771e+00
4.0225261e+03 7.1476221e+00
4.0228497e+03 6.9635859e+00
4.0231733e+03 6.7946911e+00
4.0234974e+03 6.6392660e+00
4.0238211e+03 6.4998622e+00
4.0241449e+03 6.3792701e+00
4.0244687e+03 6.2776079e+00
4.0247926e+03 6.1882248e+00
4.0251169e+03 6.0990572e+00
4.0254409e+03 5.9987302e+00
4.0257649e+03 5.8817139e+00
4.0260890e+03 5.7523718e+00
4.0264131e+03 5.6215520e+00
4.0267377e+03 5.4999819e+00
4.0270619e+03 5.3931231e+00
4.0273862e+03 5.2970400e+00
4.0277106e+03 5.2025552e+00
4.0280350e+03 5.0999641e+00
4.0283598e+03 4.9846878e+00
4.0286843e+03 4.8604722e+00
4.0290089e+03 4.7363749e+00
4.0293335e+03 4.6252251e+00
4.0296581e+03 4.5351262e+00
4.0299832e+03 4.4682260e+00
4.0303080e+03 4.4185400e+00
4.0306328e+03 4.3740029e+00
4.0309577e+03 4.3212409e+00
4.0312826e+03 4.2492619e+00
4.0316080e+03 4.1541572e+00
4.0319330e+03 4.0397401e+00
4.0322581e+03 3.9167881e+00
4.0325832e+03 3.7971251e+00
4.0329084e+03 3.6884060e+00
4.0332340e+03 3.5920141e+00
4.0335593e+03 3.5033219e+00
4.0338846e+03 3.4179440e+00
4.0342100e+03 3.3372400e+00
4.0345355e+03 3.2688611e+00
4.0348614e+03 3.2231801e+00
4.0351869e+03 3.2048221e+00
4.0355125e+03 3.2073970e+00
4.0358382e+03 3.2129760e+00
4.0361639e+03 3.1988850e+00
4.0364900e+03 3.1493659e+00
4.0368158e+03 3.0611751e+00
4.0371417e+03 2.9464481e+00
4.0374676e+03 2.8238530e+00
4.0377936e+03 2.7117720e+00
4.0381200e+03 2.6210539e+00
4.0384461e+03 2.5539150e+00
4.0387722e+03 2.5074000e+00
4.0390984e+03 2.4759760e+00
4.0394246e+03 2.4546859e+00
4.0397513e+03 2.4392600e+00
4.0400776e+03 2.4260039e+00
4.0404040e+03 2.4113891e+00
4.0407305e+03 2.3919580e+00
4.0410570e+03 2.3659220e+00
4.0413839e+03 2.3331640e+00
4.0417105e+03 2.2967570e+00
4.0420372e+03 2.2621629e+00
4.0423639e+03 2.2348640e+00
4.0426907e+03 2.2177689e+00
4.0430179e+03 2.2069690e+00
4.0433447e+03 2.1934271e+00
4.0436717e+03 2.1670811e+00
4.0439986e+03 2.1235700e+00
4.0443257e+03 2.0663259e+00
4.0446531e+03 2.0028820e+00
4.0449803e+03 1.9395820e+00
4.0453074e+03 1.8792150e+00
4.0456347e+03 1.8221370e+00
4.0459620e+03 1.7703770e+00
4.0462897e+03 1.7298460e+00
4.0466171e+03 1.7080300e+00
4.0469446e+03 1.7080780e+00
4.0472721e+03 1.7259830e+00
4.0475996e+03 1.7507310e+00
4.0479276e+03 1.7704960e+00
4.0482553e+03 1.7769570e+00
4.0485830e+03 1.7670860e+00
4.0489108e+03 1.7413850e+00
4.0492386e+03 1.7021170e+00
4.0495669e+03 1.6527890e+00
4.0498948e+03 1.5974040e+00
4.0502228e+03 1.5393490e+00
4.0505508e+03 1.4810560e+00
4.0508789e+03 1.4231200e+00
4.0512074e+03 1.3663530e+00
4.0515356e+03 1.3142101e+00
4.0518639e+03 1.2732019e+00
4.0521922e+03 1.2524360e+00
4.0525205e+03 1.2589450e+00
4.0528493e+03 1.2929200e+00
4.0531778e+03 1.3437980e+00
4.0535063e+03 1.3916960e+00
4.0538348e+03 1.4145130e+00
4.0541635e+03 1.3954870e+00
4.0544925e+03 1.3331890e+00
4.0548213e+03 1.2425420e+00
4.0551500e+03 1.1516330e+00
4.0554789e+03 1.0880470e+00
4.0558078e+03 1.0679719e+00
4.0561371e+03 1.0896680e+00
4.0564661e+03 1.1358730e+00
4.0567951e+03 1.1834620e+00
4.0571242e+03 1.2117140e+00
4.0574534e+03 1.2092590e+00
4.0577830e+03 1.1741390e+00
4.0581122e+03 1.1132710e+00
4.0584416e+03 1.0390040e+00
4.0587709e+03 9.6650100e-01
4.0591003e+03 9.1135502e-01
4.0594302e+03 8.8496202e-01
4.0597597e+03 8.9159000e-01
4.0600893e+03 9.2649400e-01
4.0604190e+03 9.7916102e-01
4.0607486e+03 1.0368580e+00
4.0610788e+03 1.0883560e+00
4.0614086e+03 1.1268370e+00
4.0617384e+03 1.1487960e+00
4.0620683e+03 1.1529680e+00
4.0623983e+03 1.1387820e+00
4.0627287e+03 1.1048790e+00
4.0630588e+03 1.0498040e+00
4.0633889e+03 9.7491699e-01
4.0637190e+03 8.8787001e-01
4.0640493e+03 8.0473399e-01
4.0643799e+03 7.4746603e-01
4.0647103e+03 7.3733300e-01
4.0650407e+03 7.8289503e-01
4.0653711e+03 8.7375599e-01
4.0657016e+03 9.8032898e-01
4.0660325e+03 1.0649680e+00
4.0663631e+03 1.0983700e+00
4.0666938e+03 1.0705470e+00
4.0670245e+03 9.9506301e-01
4.0673552e+03 8.9845598e-01
4.0676865e+03 8.0916798e-01
4.0680173e+03 7.4453300e-01
4.0683483e+03 7.0845997e-01
4.0686792e+03 6.9477499e-01
4.0690103e+03 6.9339198e-01
4.0693417e+03 6.9520402e-01
4.0696729e+03 6.9334501e-01
4.0700041e+03 6.8418902e-01
4.0703353e+03 6.6735703e-01
4.0706666e+03 6.4604199e-01
4.0709984e+03 6.2560999e-01
4.0713298e+03 6.1130500e-01
4.0716612e+03 6.0598803e-01
4.0719928e+03 6.0803801e-01
4.0723243e+03 6.1414200e-01
4.0726563e+03 6.2158102e-01
4.0729880e+03 6.2990099e-01
4.0733198e+03 6.3996297e-01
4.0736515e+03 6.5121597e-01
4.0739834e+03 6.5956098e-01
4.0743157e+03 6.5898800e-01
4.0746476e+03 6.4511198e-01
4.0749796e+03 6.1862397e-01
4.0753117e+03 5.8579397e-01
4.0756438e+03 5.5498999e-01
4.0759764e+03 5.3133899e-01
4.0763086e+03 5.1350498e-01
4.0766408e+03 4.9438399e-01
4.0769732e+03 4.6715701e-01
4.0773056e+03 4.3041700e-01
4.0776384e+03 3.9119700e-01
4.0779709e+03 3.6094099e-01
4.0783034e+03 3.4971201e-01
4.0786360e+03 3.5960600e-01
4.0789687e+03 3.8399601e-01
4.0793018e+03 4.1003200e-01
4.0796345e+03 4.2605400e-01
4.0799674e+03 4.2638701e-01
4.0803002e+03 4.1344100e-01
4.0806332e+03 3.9570299e-01
4.0809665e+03 3.8352001e-01
4.0812996e+03 3.8530800e-01
4.0816327e+03 4.0383300e-01
4.0819658e+03 4.3551901e-01
4.0822990e+03 4.7199699e-01
4.0826326e+03 5.0468397e-01
4.0829659e+03 5.2828699e-01
4.0832993e+03 5.4268801e-01
4.0836327e+03 5.5022198e-01
4.0839662e+03 5.5201000e-01
4.0843001e+03 5.4543000e-01
4.0846337e+03 5.2587903e-01
4.0849673e+03 4.9169001e-01
4.0853010e+03 4.4815499e-01
4.0856347e+03 4.0636000e-01
4.0859689e+03 3.7739199e-01
4.0863028e+03 3.6580500e-01
4.0866367e+03 3.6735499e-01
4.0869707e+03 3.7345800e-01
4.0873047e+03 3.7696299e-01
4.0876391e+03 3.7674901e-01
4.0879733e+03 3.7612900e-01
4.0883074e+03 3.7908500e-01
4.0886417e+03 3.8676199e-01
4.0889760e+03 3.9682299e-01
4.0893107e+03 4.0573999e-01
4.0896451e+03 4.1115201e-01
4.0899796e+03 4.1160500e-01
4.0903141e+03 4.0559700e-01
4.0906486e+03 3.9091101e-01
4.0909836e+03 3.6561400e-01
4.0913183e+03 3.3121100e-01
4.0916530e+03 2.9249099e-01
4.0919878e+03 2.5601301e-01
4.0923226e+03 2.2697400e-01
4.0926579e+03 2.0658900e-01
4.0929929e+03 1.9345200e-01
4.0933279e+03 1.8587101e-01
4.0936629e+03 1.8401100e-01
4.0939980e+03 1.8973300e-01
4.0943336e+03 2.0360900e-01
4.0946688e+03 2.2282600e-01
4.0950041e+03 2.4082600e-01
4.0953394e+03 2.5136399e-01
4.0956748e+03 2.5279501e-01
4.0960106e+03 2.4998100e-01
4.0963461e+03 2.5084001e-01
4.0966817e+03 2.6113901e-01
4.0970173e+03 2.8069001e-01
4.0973529e+03 3.0348301e-01
4.0976891e+03 3.2210299e-01
4.0980248e+03 3.3075801e-01
4.0983607e+03 3.2801601e-01
4.0986965e+03 3.1614301e-01
4.0990325e+03 2.9990599e-01
4.0993689e+03 2.8505301e-01
4.0997049e+03 2.7725601e-01
4.1000410e+03 2.7992699e-01
4.1003772e+03 2.9134700e-01
4.1007134e+03 3.0493701e-01
4.1010500e+03 3.1147000e-01
4.1013864e+03 3.0651000e-01
4.1017227e+03 2.9339701e-01
4.1020592e+03 2.8219199e-01
4.1023956e+03 2.8169101e-01
4.1027326e+03 2.9382700e-01
4.1030692e+03 3.1256601e-01
4.1034058e+03 3.2982799e-01
4.1037425e+03 3.4077099e-01
4.1040793e+03 3.4687501e-01
4.1044165e+03 3.5195300e-01
4.1047534e+03 3.5681701e-01
4.1050903e+03 3.5545799e-01
4.1054273e+03 3.3848199e-01
4.1057643e+03 2.9978701e-01
4.1061018e+03 2.4318600e-01
4.1064390e+03 1.8174601e-01
4.1067762e+03 1.3365699e-01
4.1071134e+03 1.1334400e-01
4.1074508e+03 1.2512200e-01
4.1077885e+03 1.6147999e-01
4.1081260e+03 2.0630300e-01
4.1084634e+03 2.4273300e-01
4.1088010e+03 2.6051900e-01
4.1091386e+03 2.6004300e-01
4.1094766e+03 2.4919499e-01
4.1098143e+03 2.3801300e-01
4.1101521e+03 2.3162299e-01
4.1104899e+03 2.2900100e-01
4.1108278e+03 2.2583000e-01
4.1111661e+03 2.2034600e-01
4.1115041e+03 2.1595900e-01
4.1118421e+03 2.2051300e-01
4.1121802e+03 2.3958600e-01
4.1125183e+03 2.7167699e-01
4.1128570e+03 3.0498499e-01
4.1131952e+03 3.2365301e-01
4.1135335e+03 3.1406799e-01
4.1138719e+03 2.7241701e-01
4.1142103e+03 2.0780499e-01
4.1145492e+03 1.3830601e-01
4.1148877e+03 8.4829003e-02
4.1152263e+03 6.2394001e-02
4.1155650e+03 7.5459003e-02
4.1159037e+03 1.1556100e-01
4.1162429e+03 1.6555700e-01
4.1165817e+03 2.0563599e-01
4.1169205e+03 2.2139500e-01
4.1172595e+03 2.0968901e-01
4.1175985e+03 1.7995800e-01
4.1179379e+03 1.4994100e-01
4.1182770e+03 1.3556400e-01
4.1186161e+03 1.4438599e-01
4.1189554e+03 1.7154200e-01
4.1192946e+03 2.0549200e-01
4.1196343e+03 2.3391201e-01
4.1199737e+03 2.4976701e-01
4.1203131e+03 2.5136399e-01
4.1206526e+03 2.4056400e-01
4.1209922e+03 2.2034600e-01
4.1213322e+03 1.9588400e-01
4.1216718e+03 1.7485601e-01
4.1220115e+03 1.6598700e-01
4.1223513e+03 1.7447400e-01
4.1226911e+03 1.9648001e-01
4.1230314e+03 2.1862900e-01
4.1233714e+03 2.2513799e-01
4.1237113e+03 2.0573100e-01
4.1240514e+03 1.6241001e-01
4.1243915e+03 1.0769300e-01
4.1247321e+03 5.9080001e-02
4.1250723e+03 3.1661000e-02
4.1254125e+03 3.3902999e-02
4.1257529e+03 6.6280000e-02
4.1260932e+03 1.2204600e-01
4.1264341e+03 1.8887500e-01
4.1267746e+03 2.5222301e-01
4.1271151e+03 3.0085999e-01
4.1274558e+03 3.3059099e-01
4.1277964e+03 3.4665999e-01
4.1281376e+03 3.5886699e-01
4.1284783e+03 3.7386400e-01
4.1288192e+03 3.8976601e-01
4.1291600e+03 3.9703801e-01
4.1295010e+03 3.8506901e-01
4.1298424e+03 3.4933001e-01
4.1301835e+03 2.9382700e-01
4.1305246e+03 2.2842801e-01
4.1308657e+03 1.6262500e-01
4.1312070e+03 1.0199500e-01
4.1315487e+03 4.8684999e-02
4.1318900e+03 5.1250001e-03
4.1322314e+03 -2.3078000e-02
4.1325729e+03 -2.8300000e-02
4.1329144e+03 -6.3180001e-03
4.1332563e+03 3.9648999e-02
4.1335980e+03 9.7369999e-02
4.1339396e+03 1.4965500e-01
4.1342814e+03 1.8289000e-01
4.1346232e+03 1.9223601e-01
4.1349654e+03 1.8455900e-01
4.1353073e+03 1.7349701e-01
4.1356493e+03 1.7263800e-01
4.1359913e+03 1.8682399e-01
4.1363334e+03 2.1090500e-01
4.1366759e+03 2.3248100e-01
4.1370181e+03 2.4032500e-01
4.1373604e+03 2.2973999e-01
4.1377027e+03 2.0530200e-01
4.1380450e+03 1.7750201e-01
4.1383879e+03 1.5635400e-01
4.1387303e+03 1.4688900e-01
4.1390728e+03 1.4719900e-01
4.1394154e+03 1.5196800e-01
4.1397581e+03 1.5709400e-01
4.1401012e+03 1.6326900e-01
4.1404439e+03 1.7340100e-01
4.1407867e+03 1.8928000e-01
4.1411296e+03 2.0751899e-01
4.1414725e+03 2.2127600e-01
4.1418159e+03 2.2461399e-01
4.1421590e+03 2.1758001e-01
4.1425021e+03 2.0644601e-01
4.1428452e+03 2.0027100e-01
4.1431884e+03 2.0465800e-01
4.1435321e+03 2.1843900e-01
4.1438754e+03 2.3446000e-01
4.1442188e+03 2.4523699e-01
4.1445623e+03 2.4685800e-01
4.1449057e+03 2.4018200e-01
4.1452497e+03 2.2888100e-01
4.1455933e+03 2.1710300e-01
4.1459370e+03 2.0773400e-01
4.1462807e+03 2.0189200e-01
4.1466245e+03 1.9958000e-01
4.1469687e+03 2.0024700e-01
4.1473126e+03 2.0296501e-01
4.1476566e+03 2.0592199e-01
4.1480006e+03 2.0594500e-01
4.1483446e+03 1.9872101e-01
4.1486892e+03 1.7979100e-01
4.1490334e+03 1.4815301e-01
4.1493776e+03 1.0821800e-01
4.1497219e+03 7.0690997e-02
4.1500662e+03 4.8517998e-02
4.1504111e+03 5.0282001e-02
4.1507555e+03 7.5530998e-02
4.1511000e+03 1.1336800e-01
4.1514446e+03 1.4891601e-01
4.1517893e+03 1.7087400e-01
4.1521344e+03 1.7795500e-01
4.1524791e+03 1.7650101e-01
4.1528239e+03 1.7516600e-01
4.1531688e+03 1.7626201e-01
4.1535137e+03 1.7490301e-01
4.1538591e+03 1.6317300e-01
4.1542041e+03 1.3801999e-01
4.1545492e+03 1.0442700e-01
4.1548944e+03 7.4100003e-02
4.1552396e+03 5.6981999e-02
4.1555853e+03 5.6147002e-02
4.1559306e+03 6.6375002e-02
4.1562760e+03 7.9940997e-02
4.1566214e+03 9.1790996e-02
4.1569669e+03 1.0199500e-01
4.1573129e+03 1.1327200e-01
4.1576585e+03 1.2755300e-01
4.1580042e+03 1.4522000e-01
4.1583499e+03 1.6713101e-01
4.1586957e+03 1.9497800e-01
4.1590419e+03 2.2840400e-01
4.1593878e+03 2.6149699e-01
4.1597338e+03 2.8204900e-01
4.1600798e+03 2.7828199e-01
4.1604259e+03 2.4833600e-01
4.1607724e+03 2.0456301e-01
4.1611186e+03 1.6972999e-01
4.1614648e+03 1.6136099e-01
4.1618111e+03 1.8098301e-01
4.1621575e+03 2.1073800e-01
4.1625043e+03 2.2621100e-01
4.1628508e+03 2.1135800e-01
4.1631973e+03 1.7080300e-01
4.1635439e+03 1.2471600e-01
4.1638906e+03 9.7870000e-02
4.1642377e+03 1.0311600e-01
4.1645845e+03 1.3587400e-01
4.1649313e+03 1.7762101e-01
4.1652782e+03 2.0833001e-01
4.1656251e+03 2.1708000e-01
4.1659725e+03 2.0592199e-01
4.1663196e+03 1.8637100e-01
4.1666667e+03 1.7197099e-01
