1.4285714e+04 2.1219000e-02
1.4289797e+04 7.6079004e-02
1.4293883e+04 2.0236900e-01
1.4297969e+04 3.8294700e-01
1.4302059e+04 4.9088001e-01
1.4306152e+04 4.1930601e-01
1.4310246e+04 1.8599001e-01
1.4314343e+04 -3.4593999e-02
1.4318442e+04 -6.4085998e-02
1.4322543e+04 7.1309999e-02
1.4326648e+04 1.9335701e-01
1.4330754e+04 1.9142599e-01
1.4334863e+04 9.0193003e-02
1.4338973e+04 -5.3691000e-02
1.4343086e+04 -1.9612300e-01
1.4347202e+04 -2.3801300e-01
1.4351321e+04 -1.1856500e-01
1.4355441e+04 6.2560998e-02
1.4359563e+04 2.0668501e-01
1.4363688e+04 2.9549500e-01
1.4367816e+04 3.1561801e-01
1.4371946e+04 3.1018201e-01
1.4376079e+04 3.1056401e-01
1.4380212e+04 2.2611600e-01
1.4384350e+04 8.3374001e-02
1.4388489e+04 6.5540999e-02
1.4392631e+04 1.5759400e-01
1.4396776e+04 1.6343500e-01
1.4400921e+04 6.0008999e-02
1.4405070e+04 -1.3446000e-02
1.4409222e+04 3.1518001e-02
1.4413376e+04 1.9812500e-01
1.4417532e+04 4.1985500e-01
1.4421690e+04 5.4583502e-01
1.4425851e+04 4.5146900e-01
1.4430014e+04 2.0124900e-01
1.4434180e+04 -1.1348000e-02
1.4438349e+04 -1.0225700e-01
1.4442518e+04 -1.0445100e-01
1.4446691e+04 -3.1280000e-02
1.4450867e+04 6.0153000e-02
1.4455045e+04 6.7566998e-02
1.4459225e+04 4.3320000e-02
1.4463407e+04 1.1537000e-01
1.4467592e+04 2.5317600e-01
1.4471780e+04 3.0856100e-01
1.4475970e+04 2.2685499e-01
1.4480163e+04 1.3074800e-01
1.4484356e+04 1.4705600e-01
1.4488554e+04 2.3672500e-01
1.4492754e+04 2.8586301e-01
1.4496956e+04 2.2859500e-01
1.4501161e+04 8.7237000e-02
1.4505366e+04 1.3852000e-02
1.4509576e+04 9.1576003e-02
1.4513788e+04 1.7032599e-01
1.4518003e+04 1.4472000e-01
1.4522220e+04 1.2943700e-01
1.4526438e+04 1.8057799e-01
1.4530659e+04 1.9972301e-01
1.4534884e+04 1.7588100e-01
1.4539110e+04 2.3348300e-01
1.4543340e+04 3.7884700e-01
1.4547570e+04 4.4221801e-01
1.4551804e+04 3.5691199e-01
1.4556041e+04 2.3572400e-01
1.4560280e+04 1.0182800e-01
1.4564521e+04 -8.1681997e-02
1.4568764e+04 -1.9927000e-01
1.4573011e+04 -1.1425000e-01
1.4577259e+04 1.2104500e-01
1.4581511e+04 3.1132600e-01
1.4585765e+04 3.4487200e-01
1.4590020e+04 3.4704199e-01
1.4594279e+04 4.5695299e-01
1.4598540e+04 5.6180900e-01
1.4602804e+04 4.9779400e-01
1.4607070e+04 3.0543801e-01
1.4611338e+04 1.7893299e-01
1.4615609e+04 2.5763500e-01
1.4619883e+04 4.1270199e-01
1.4624159e+04 3.9064801e-01
1.4628438e+04 2.2485200e-01
1.4632718e+04 1.0952900e-01
1.4637002e+04 9.6940003e-02
1.4641288e+04 1.8837400e-01
1.4645577e+04 3.9582199e-01
1.4649869e+04 6.0856301e-01
1.4654161e+04 6.7565399e-01
1.4658458e+04 6.0622603e-01
1.4662757e+04 5.0730699e-01
1.4667058e+04 4.6691799e-01
1.4671362e+04 4.9340701e-01
1.4675667e+04 4.7943500e-01
1.4679976e+04 3.4255901e-01
1.4684288e+04 1.4982200e-01
1.4688602e+04 7.1597002e-02
1.4692919e+04 2.0246500e-01
1.4697236e+04 4.2359799e-01
1.4701558e+04 5.5303502e-01
1.4705882e+04 5.9149200e-01
1.4710209e+04 6.3114101e-01
1.4714538e+04 6.7329401e-01
1.4718869e+04 6.4792597e-01
1.4723204e+04 5.3601199e-01
1.4727541e+04 4.4608101e-01
1.4731880e+04 4.9862799e-01
1.4736222e+04 6.6404301e-01
1.4740566e+04 8.5399097e-01
1.4744913e+04 1.0189290e+00
1.4749263e+04 1.0818950e+00
1.4753615e+04 1.0520210e+00
1.4757970e+04 1.1202090e+00
1.4762326e+04 1.3527390e+00
1.4766686e+04 1.5480990e+00
1.4771049e+04 1.5451900e+00
1.4775414e+04 1.4348260e+00
1.4779782e+04 1.4246939e+00
1.4784151e+04 1.5651700e+00
1.4788524e+04 1.6653060e+00
1.4792899e+04 1.5662190e+00
1.4797278e+04 1.4002560e+00
1.4801658e+04 1.4128920e+00
1.4806040e+04 1.6248220e+00
1.4810426e+04 1.8589970e+00
1.4814815e+04 2.0332570e+00
1.4819206e+04 2.2321930e+00
1.4823600e+04 2.4666541e+00
1.4827995e+04 2.6157141e+00
1.4832394e+04 2.6985641e+00
1.4836795e+04 2.8868909e+00
1.4841199e+04 3.2368650e+00
1.4845606e+04 3.6527150e+00
1.4850014e+04 4.0988202e+00
1.4854426e+04 4.6351428e+00
1.4858841e+04 5.2445879e+00
1.4863258e+04 5.8380361e+00
1.4867678e+04 6.4503660e+00
1.4872099e+04 7.1911812e+00
1.4876525e+04 8.0774536e+00
1.4880952e+04 9.1128340e+00
1.4885383e+04 1.0360312e+01
1.4889816e+04 1.1893391e+01
1.4894250e+04 1.3768720e+01
1.4898689e+04 1.5992116e+01
1.4903130e+04 1.8560623e+01
1.4907573e+04 2.1583605e+01
1.4912020e+04 2.5086235e+01
1.4916467e+04 2.8815435e+01
1.4920919e+04 3.2650421e+01
1.4925373e+04 3.6792065e+01
1.4929830e+04 4.1162182e+01
1.4934290e+04 4.5347713e+01
1.4938751e+04 4.9177597e+01
1.4943216e+04 5.2900219e+01
1.4947683e+04 5.6295536e+01
1.4952153e+04 5.9379601e+01
1.4956626e+04 6.2038494e+01
1.4961101e+04 6.3785053e+01
1.4965579e+04 6.4999626e+01
1.4970060e+04 6.0802341e+01
1.4974544e+04 4.7481514e+01
1.4979030e+04 3.4130287e+01
1.4983518e+04 2.8670788e+01
1.4988009e+04 2.6207899e+01
1.4992504e+04 2.3014616e+01
1.4997001e+04 1.9890808e+01
1.5001501e+04 1.6759586e+01
1.5006002e+04 1.4197707e+01
1.5010507e+04 1.2125444e+01
1.5015015e+04 1.0461831e+01
1.5019526e+04 9.1868868e+00
1.5024039e+04 8.1089973e+00
1.5028554e+04 7.1812620e+00
1.5033072e+04 6.3254108e+00
1.5037594e+04 5.4592371e+00
1.5042118e+04 4.7264571e+00
1.5046645e+04 4.2752261e+00
1.5051173e+04 3.9614911e+00
1.5055706e+04 3.6145921e+00
1.5060241e+04 3.2872670e+00
1.5064779e+04 3.0418630e+00
1.5069319e+04 2.8497930e+00
1.5073861e+04 2.7385230e+00
1.5078407e+04 2.6732681e+00
1.5082956e+04 2.5112860e+00
1.5087508e+04 2.2923939e+00
1.5092062e+04 2.1574969e+00
1.5096618e+04 2.0206211e+00
1.5101178e+04 1.8005840e+00
1.5105740e+04 1.6346210e+00
1.5110306e+04 1.6049139e+00
1.5114874e+04 1.6270870e+00
1.5119443e+04 1.5891550e+00
1.5124017e+04 1.4088150e+00
1.5128593e+04 1.1493920e+00
1.5133172e+04 1.0240790e+00
1.5137754e+04 1.0744330e+00
1.5142337e+04 1.0755770e+00
1.5146925e+04 9.1035300e-01
1.5151515e+04 7.5545299e-01
1.5156108e+04 7.9107201e-01
1.5160704e+04 9.0317702e-01
1.5165301e+04 8.2297301e-01
1.5169903e+04 4.9428901e-01
1.5174507e+04 1.4042801e-01
1.5179114e+04 1.2254000e-02
1.5183724e+04 1.5516201e-01
1.5188335e+04 4.4183701e-01
1.5192950e+04 7.2164500e-01
1.5197568e+04 8.6214501e-01
1.5202189e+04 7.7950901e-01
1.5206813e+04 5.1405400e-01
1.5211438e+04 2.0883000e-01
1.5216068e+04 -3.7430001e-03
1.5220700e+04 -2.8442999e-02
1.5225335e+04 1.4667501e-01
1.5229973e+04 3.4196299e-01
1.5234612e+04 3.4568301e-01
1.5239256e+04 2.2981100e-01
1.5243902e+04 2.2137100e-01
1.5248552e+04 3.3230701e-01
1.5253204e+04 4.2512399e-01
1.5257857e+04 4.4712999e-01
1.5262515e+04 3.9739600e-01
1.5267176e+04 3.0925199e-01
1.5271839e+04 2.7086699e-01
1.5276505e+04 2.5532201e-01
1.5281173e+04 1.3697100e-01
1.5285845e+04 -5.4501999e-02
1.5290520e+04 -1.8758699e-01
1.5295198e+04 -2.1178700e-01
1.5299878e+04 -7.8105003e-02
1.5304560e+04 2.0697100e-01
1.5309246e+04 4.3334901e-01
1.5313936e+04 4.5926499e-01
1.5318628e+04 4.1167700e-01
1.5323323e+04 3.9143500e-01
1.5328019e+04 3.2439199e-01
1.5332720e+04 2.0167799e-01
1.5337423e+04 9.7369999e-02
1.5342130e+04 -1.5449000e-02
1.5346839e+04 -1.2109200e-01
1.5351550e+04 -1.1391600e-01
1.5356265e+04 -3.6596999e-02
1.5360983e+04 1.5970001e-03
1.5365704e+04 6.1631002e-02
1.5370428e+04 2.1462400e-01
1.5375153e+04 3.4573001e-01
1.5379883e+04 3.7450701e-01
1.5384615e+04 4.0245000e-01
1.5389351e+04 4.8694599e-01
1.5394089e+04 5.4788500e-01
1.5398829e+04 5.5663502e-01
1.5403573e+04 5.6860399e-01
1.5408320e+04 5.1052499e-01
1.5413071e+04 3.2286599e-01
1.5417824e+04 2.0658900e-01
1.5422578e+04 2.6068601e-01
1.5427337e+04 2.8522000e-01
1.5432099e+04 1.8389200e-01
1.5436864e+04 7.5029999e-02
1.5441631e+04 -4.9109999e-03
1.5446400e+04 -8.9359000e-02
1.5451174e+04 -1.2855500e-01
1.5455951e+04 -8.3875000e-02
1.5460730e+04 -9.0589998e-03
1.5465512e+04 2.7650001e-03
1.5470296e+04 -7.5006001e-02
1.5475085e+04 -1.1982900e-01
1.5479876e+04 -2.3244999e-02
1.5484670e+04 1.0247200e-01
1.5489468e+04 9.9992000e-02
1.5494267e+04 5.7689999e-03
1.5499070e+04 -6.3823998e-02
1.5503876e+04 -5.8936998e-02
1.5508685e+04 2.1648001e-02
1.5513497e+04 1.2750600e-01
1.5518311e+04 1.5084700e-01
1.5523129e+04 6.2775001e-02
1.5527950e+04 -1.9359000e-02
1.5532774e+04 1.7189000e-02
1.5537602e+04 1.6784599e-01
1.5542430e+04 3.2119700e-01
1.5547263e+04 3.1292400e-01
1.5552100e+04 7.1286999e-02
1.5556939e+04 -2.4690600e-01
1.5561781e+04 -4.1332200e-01
1.5566625e+04 -3.8352001e-01
1.5571473e+04 -2.2830901e-01
1.5576324e+04 -1.0061000e-02
1.5581178e+04 1.6264901e-01
1.5586036e+04 1.8627600e-01
1.5590894e+04 9.6082002e-02
1.5595758e+04 4.2429999e-03
1.5600624e+04 -4.2366002e-02
1.5605493e+04 -5.7815999e-02
1.5610366e+04 -2.6940000e-03
1.5615240e+04 1.6314900e-01
1.5620118e+04 3.1356800e-01
1.5625000e+04 3.2296100e-01
