1.2500000e+04 8.6808003e-02
1.2503126e+04 6.1917000e-02
1.2506254e+04 4.0077999e-02
1.2509382e+04 2.4746999e-02
1.2512512e+04 1.5234000e-02
1.2515645e+04 9.1549996e-03
1.2518778e+04 4.6730000e-03
1.2521914e+04 1.7400000e-03
1.2525050e+04 1.3820000e-03
1.2528188e+04 3.7670000e-03
1.2531328e+04 7.1760002e-03
1.2534470e+04 8.5829999e-03
1.2537613e+04 5.2919998e-03
1.2540757e+04 -3.5760000e-03
1.2543903e+04 -1.5807001e-02
1.2547051e+04 -2.7488999e-02
1.2550201e+04 -3.5213999e-02
1.2553352e+04 -3.7670001e-02
1.2556504e+04 -3.5976999e-02
1.2559658e+04 -3.2687001e-02
1.2562814e+04 -3.0088000e-02
1.2565972e+04 -2.9897001e-02
1.2569131e+04 -3.3378001e-02
1.2572290e+04 -4.1483998e-02
1.2575453e+04 -5.4526001e-02
1.2578616e+04 -7.0928998e-02
1.2581782e+04 -8.6425997e-02
1.2584949e+04 -9.5438004e-02
1.2588116e+04 -9.2863999e-02
1.2591287e+04 -7.6627001e-02
1.2594458e+04 -4.8397999e-02
1.2597632e+04 -1.1324000e-02
1.2600807e+04 3.1828001e-02
1.2603982e+04 7.9893999e-02
1.2607161e+04 1.3189299e-01
1.2610340e+04 1.8384400e-01
1.2613522e+04 2.2695000e-01
1.2616705e+04 2.5079200e-01
1.2619889e+04 2.4883699e-01
1.2623075e+04 2.2339800e-01
1.2626263e+04 1.8629999e-01
1.2629452e+04 1.5199099e-01
1.2632643e+04 1.3089100e-01
1.2635835e+04 1.2261800e-01
1.2639029e+04 1.1882700e-01
1.2642225e+04 1.0867100e-01
1.2645423e+04 8.6879000e-02
1.2648622e+04 5.5741999e-02
1.2651821e+04 2.3007000e-02
1.2655024e+04 -4.3150000e-03
1.2658228e+04 -2.2101000e-02
1.2661433e+04 -2.9230000e-02
1.2664641e+04 -2.5343001e-02
1.2667849e+04 -9.5360000e-03
1.2671059e+04 1.7619001e-02
1.2674271e+04 5.2547000e-02
1.2677485e+04 8.8381000e-02
1.2680700e+04 1.1758800e-01
1.2683916e+04 1.3680400e-01
1.2687135e+04 1.4853400e-01
1.2690355e+04 1.5892901e-01
1.2693577e+04 1.7335400e-01
1.2696801e+04 1.9140200e-01
1.2700025e+04 2.0666100e-01
1.2703252e+04 2.1147700e-01
1.2706480e+04 2.0153500e-01
1.2709710e+04 1.7912300e-01
1.2712942e+04 1.5082300e-01
1.2716175e+04 1.2385800e-01
1.2719410e+04 1.0361600e-01
1.2722646e+04 9.3411997e-02
1.2725885e+04 9.5367000e-02
1.2729125e+04 1.1181800e-01
1.2732365e+04 1.4297900e-01
1.2735609e+04 1.8582299e-01
1.2738854e+04 2.3384000e-01
1.2742100e+04 2.8049901e-01
1.2745348e+04 3.2277101e-01
1.2748597e+04 3.6225301e-01
1.2751849e+04 4.0192601e-01
1.2755102e+04 4.4186100e-01
1.2758357e+04 4.7707501e-01
1.2761613e+04 5.0046402e-01
1.2764871e+04 5.0582802e-01
1.2768131e+04 4.9088001e-01
1.2771392e+04 4.5714301e-01
1.2774655e+04 4.0843400e-01
1.2777920e+04 3.5049900e-01
1.2781186e+04 2.9139501e-01
1.2784454e+04 2.4137400e-01
1.2787724e+04 2.1121500e-01
1.2790995e+04 2.0856801e-01
1.2794269e+04 2.3434100e-01
1.2797542e+04 2.8176299e-01
1.2800819e+04 3.3922100e-01
1.2804097e+04 3.9236501e-01
1.2807377e+04 4.2848501e-01
1.2810659e+04 4.3771201e-01
1.2813941e+04 4.1627800e-01
1.2817226e+04 3.6993000e-01
1.2820513e+04 3.1304300e-01
1.2823801e+04 2.6619399e-01
1.2827091e+04 2.4735899e-01
1.2830382e+04 2.6607499e-01
1.2833675e+04 3.1933701e-01
1.2836970e+04 3.9358100e-01
1.2840267e+04 4.6939799e-01
1.2843566e+04 5.2914602e-01
1.2846865e+04 5.6183302e-01
1.2850167e+04 5.6469399e-01
1.2853470e+04 5.4318899e-01
1.2856776e+04 5.0725901e-01
1.2860083e+04 4.6944600e-01
1.2863390e+04 4.4093099e-01
1.2866701e+04 4.2810401e-01
1.2870013e+04 4.3201399e-01
1.2873327e+04 4.4858399e-01
1.2876642e+04 4.7166300e-01
1.2879958e+04 4.9626800e-01
1.2883277e+04 5.2208900e-01
1.2886598e+04 5.5258203e-01
1.2889920e+04 5.9301800e-01
1.2893244e+04 6.4551800e-01
1.2896569e+04 7.0598102e-01
1.2899897e+04 7.6549000e-01
1.2903226e+04 8.1570101e-01
1.2906557e+04 8.5337102e-01
1.2909889e+04 8.8133800e-01
1.2913223e+04 9.0532303e-01
1.2916559e+04 9.2909300e-01
1.2919897e+04 9.5157599e-01
1.2923236e+04 9.6955198e-01
1.2926577e+04 9.8140198e-01
1.2929919e+04 9.9127197e-01
1.2933264e+04 1.0086530e+00
1.2936611e+04 1.0433910e+00
1.2939959e+04 1.1007299e+00
1.2943309e+04 1.1767620e+00
1.2946659e+04 1.2602320e+00
1.2950013e+04 1.3360500e+00
1.2953368e+04 1.3923399e+00
1.2956725e+04 1.4241930e+00
1.2960083e+04 1.4353271e+00
1.2963443e+04 1.4367340e+00
1.2966805e+04 1.4417880e+00
1.2970169e+04 1.4617680e+00
1.2973534e+04 1.5017740e+00
1.2976902e+04 1.5594720e+00
1.2980270e+04 1.6273969e+00
1.2983640e+04 1.6966810e+00
1.2987013e+04 1.7611260e+00
1.2990387e+04 1.8193960e+00
1.2993763e+04 1.8737791e+00
1.2997140e+04 1.9281861e+00
1.3000520e+04 1.9835939e+00
1.3003901e+04 2.0393369e+00
1.3007284e+04 2.0944350e+00
1.3010669e+04 2.1508930e+00
1.3014055e+04 2.2147889e+00
1.3017443e+04 2.2938249e+00
1.3020833e+04 2.3942471e+00
1.3024225e+04 2.5159590e+00
1.3027619e+04 2.6530020e+00
1.3031013e+04 2.7938600e+00
1.3034411e+04 2.9239409e+00
1.3037810e+04 3.0318489e+00
1.3041210e+04 3.1112900e+00
1.3044613e+04 3.1670799e+00
1.3048016e+04 3.2145259e+00
1.3051422e+04 3.2751560e+00
1.3054830e+04 3.3689260e+00
1.3058240e+04 3.5036559e+00
1.3061651e+04 3.6740060e+00
1.3065064e+04 3.8625000e+00
1.3068479e+04 4.0507550e+00
1.3071895e+04 4.2300701e+00
1.3075314e+04 4.4010630e+00
1.3078734e+04 4.5762529e+00
1.3082156e+04 4.7656770e+00
1.3085579e+04 4.9767971e+00
1.3089005e+04 5.2096362e+00
1.3092433e+04 5.4595232e+00
1.3095862e+04 5.7238340e+00
1.3099292e+04 5.9967041e+00
1.3102725e+04 6.2770839e+00
1.3106160e+04 6.5615649e+00
1.3109596e+04 6.8501711e+00
1.3113035e+04 7.1482410e+00
1.3116474e+04 7.4612851e+00
1.3119916e+04 7.8035350e+00
1.3123360e+04 8.1812143e+00
1.3126805e+04 8.6001873e+00
1.3130253e+04 9.0595236e+00
1.3133701e+04 9.5512390e+00
1.3137152e+04 1.0070633e+01
1.3140604e+04 1.0604619e+01
1.3144059e+04 1.1149501e+01
1.3147516e+04 1.1701226e+01
1.3150973e+04 1.2263107e+01
1.3154433e+04 1.2847948e+01
1.3157895e+04 1.3463616e+01
1.3161358e+04 1.4125084e+01
1.3164824e+04 1.4833736e+01
1.3168290e+04 1.5591454e+01
1.3171760e+04 1.6400122e+01
1.3175231e+04 1.7259430e+01
1.3178703e+04 1.8181395e+01
1.3182178e+04 1.9166206e+01
1.3185654e+04 2.0217442e+01
1.3189132e+04 2.1329664e+01
1.3192612e+04 2.2495031e+01
1.3196094e+04 2.3713755e+01
1.3199578e+04 2.4979471e+01
1.3203063e+04 2.6294947e+01
1.3206550e+04 2.7653122e+01
1.3210040e+04 2.9045677e+01
1.3213531e+04 3.0467415e+01
1.3217024e+04 3.1913519e+01
1.3220518e+04 3.3394287e+01
1.3224015e+04 3.4918427e+01
1.3227513e+04 3.6496567e+01
1.3231014e+04 3.8132786e+01
1.3234516e+04 3.9821911e+01
1.3238019e+04 4.1555859e+01
1.3241525e+04 4.3321751e+01
1.3245033e+04 4.5107365e+01
1.3248543e+04 4.6901512e+01
1.3252054e+04 4.8693703e+01
1.3255567e+04 5.0476719e+01
1.3259082e+04 5.2247738e+01
1.3262599e+04 5.4002380e+01
1.3266119e+04 5.5738926e+01
1.3269639e+04 5.7448174e+01
1.3273161e+04 5.9117340e+01
1.3276686e+04 6.0735130e+01
1.3280212e+04 6.2286640e+01
1.3283741e+04 6.3768600e+01
1.3287271e+04 6.5172890e+01
1.3290802e+04 6.6496323e+01
1.3294336e+04 6.7735931e+01
1.3297872e+04 6.8887611e+01
1.3301410e+04 6.9960808e+01
1.3304950e+04 7.0959114e+01
1.3308490e+04 7.1895935e+01
1.3312034e+04 7.2774574e+01
1.3315579e+04 7.3590210e+01
1.3319126e+04 7.4340416e+01
1.3322676e+04 7.5014450e+01
1.3326226e+04 7.5622513e+01
1.3329779e+04 7.6171234e+01
1.3333333e+04 7.6671432e+01
1.3336890e+04 7.7126625e+01
1.3340449e+04 7.7525612e+01
1.3344008e+04 7.7868820e+01
1.3347571e+04 7.8156158e+01
1.3351135e+04 7.8408173e+01
1.3354701e+04 7.8647537e+01
1.3358269e+04 7.8885910e+01
1.3361838e+04 7.9127266e+01
1.3365410e+04 7.9353210e+01
1.3368984e+04 7.9556679e+01
1.3372560e+04 7.9733727e+01
1.3376137e+04 7.9893944e+01
1.3379716e+04 8.0049728e+01
1.3383297e+04 8.0195763e+01
1.3386881e+04 8.0322716e+01
1.3390466e+04 8.0407120e+01
1.3394053e+04 8.0440643e+01
1.3397642e+04 8.0431602e+01
1.3401233e+04 8.0399109e+01
1.3404826e+04 8.0372688e+01
1.3408421e+04 8.0357910e+01
1.3412018e+04 8.0353310e+01
1.3415615e+04 8.0335258e+01
1.3419216e+04 8.0275467e+01
1.3422819e+04 8.0155777e+01
1.3426423e+04 7.9955696e+01
1.3430030e+04 7.9679199e+01
1.3433637e+04 7.9324081e+01
1.3437248e+04 7.8897568e+01
1.3440860e+04 7.8404427e+01
1.3444475e+04 7.7839592e+01
1.3448091e+04 7.7209373e+01
1.3451708e+04 7.6506927e+01
1.3455328e+04 7.5739098e+01
1.3458950e+04 7.4904533e+01
1.3462574e+04 7.3993515e+01
1.3466200e+04 7.2994659e+01
1.3469827e+04 7.1878029e+01
1.3473457e+04 7.0633171e+01
1.3477089e+04 6.9254753e+01
1.3480723e+04 6.7759773e+01
1.3484359e+04 6.6177155e+01
1.3487995e+04 6.4527084e+01
1.3491635e+04 6.2831352e+01
1.3495277e+04 6.1091328e+01
1.3498920e+04 5.9312080e+01
1.3502566e+04 5.7500862e+01
1.3506212e+04 5.5667828e+01
1.3509862e+04 5.3828381e+01
1.3513514e+04 5.1986240e+01
1.3517167e+04 5.0140881e+01
1.3520823e+04 4.8285770e+01
1.3524479e+04 4.6416950e+01
1.3528138e+04 4.4539974e+01
1.3531800e+04 4.2667698e+01
1.3535463e+04 4.0818642e+01
1.3539129e+04 3.9010666e+01
1.3542795e+04 3.7253593e+01
1.3546464e+04 3.5550499e+01
1.3550136e+04 3.3899830e+01
1.3553809e+04 3.2295586e+01
1.3557484e+04 3.0740879e+01
1.3561160e+04 2.9236221e+01
1.3564840e+04 2.7789759e+01
1.3568521e+04 2.6409197e+01
1.3572204e+04 2.5096798e+01
1.3575890e+04 2.3858332e+01
1.3579576e+04 2.2684120e+01
1.3583265e+04 2.1569681e+01
1.3586957e+04 2.0502996e+01
1.3590650e+04 1.9474554e+01
1.3594345e+04 1.8484879e+01
1.3598041e+04 1.7530893e+01
1.3601741e+04 1.6624664e+01
1.3605442e+04 1.5768337e+01
1.3609146e+04 1.4965176e+01
1.3612851e+04 1.4213323e+01
1.3616557e+04 1.3501620e+01
1.3620267e+04 1.2828183e+01
1.3623978e+04 1.2184357e+01
1.3627692e+04 1.1573886e+01
1.3631407e+04 1.1000776e+01
1.3635124e+04 1.0467433e+01
1.3638843e+04 9.9780083e+00
1.3642565e+04 9.5229139e+00
1.3646288e+04 9.0972176e+00
1.3650014e+04 8.6901665e+00
1.3653741e+04 8.2969904e+00
1.3657470e+04 7.9199791e+00
1.3661202e+04 7.5592752e+00
1.3664936e+04 7.2204580e+00
1.3668672e+04 6.8984981e+00
1.3672409e+04 6.5896511e+00
1.3676149e+04 6.2901020e+00
1.3679891e+04 5.9991121e+00
1.3683635e+04 5.7243338e+00
1.3687381e+04 5.4680581e+00
1.3691128e+04 5.2305932e+00
1.3694878e+04 5.0034761e+00
1.3698630e+04 4.7769299e+00
1.3702384e+04 4.5485492e+00
1.3706141e+04 4.3226709e+00
1.3709898e+04 4.1136022e+00
1.3713659e+04 3.9303770e+00
1.3717421e+04 3.7748089e+00
1.3721186e+04 3.6381481e+00
1.3724952e+04 3.5084240e+00
1.3728720e+04 3.3802500e+00
1.3732491e+04 3.2564869e+00
1.3736264e+04 3.1474111e+00
1.3740039e+04 3.0604830e+00
1.3743816e+04 2.9934399e+00
1.3747594e+04 2.9352181e+00
1.3751375e+04 2.8676980e+00
1.3755158e+04 2.7784340e+00
1.3758944e+04 2.6626339e+00
1.3762731e+04 2.5258300e+00
1.3766519e+04 2.3797269e+00
1.3770311e+04 2.2359841e+00
1.3774105e+04 2.1058080e+00
1.3777900e+04 1.9942760e+00
1.3781698e+04 1.9018880e+00
1.3785497e+04 1.8223521e+00
1.3789299e+04 1.7442220e+00
1.3793103e+04 1.6566030e+00
1.3796910e+04 1.5540360e+00
1.3800718e+04 1.4424800e+00
1.3804527e+04 1.3355490e+00
1.3808340e+04 1.2489080e+00
1.3812155e+04 1.1890410e+00
1.3815971e+04 1.1497490e+00
1.3819790e+04 1.1170141e+00
1.3823610e+04 1.0806080e+00
1.3827433e+04 1.0418410e+00
1.3831259e+04 1.0131350e+00
1.3835086e+04 1.0066270e+00
1.3838915e+04 1.0239360e+00
1.3842746e+04 1.0496370e+00
1.3846580e+04 1.0606281e+00
1.3850416e+04 1.0360470e+00
1.3854253e+04 9.6905202e-01
1.3858094e+04 8.7091899e-01
1.3861935e+04 7.6470298e-01
1.3865779e+04 6.7682201e-01
1.3869626e+04 6.2575299e-01
1.3873474e+04 6.1881500e-01
1.3877325e+04 6.4997602e-01
1.3881177e+04 7.0374000e-01
1.3885032e+04 7.6107901e-01
1.3888889e+04 8.0580699e-01
1.3892748e+04 8.2991099e-01
1.3896610e+04 8.3286703e-01
1.3900472e+04 8.1944400e-01
1.3904338e+04 7.9665101e-01
1.3908206e+04 7.7235597e-01
1.3912076e+04 7.5356901e-01
1.3915948e+04 7.4236298e-01
1.3919821e+04 7.3413801e-01
1.3923698e+04 7.1959400e-01
1.3927577e+04 6.9048399e-01
1.3931457e+04 6.4487398e-01
1.3935340e+04 5.8994198e-01
1.3939225e+04 5.3830099e-01
1.3943112e+04 5.0089300e-01
1.3947001e+04 4.7988799e-01
1.3950893e+04 4.7013700e-01
1.3954787e+04 4.6329400e-01
1.3958682e+04 4.5442501e-01
1.3962580e+04 4.4405401e-01
1.3966480e+04 4.3592399e-01
1.3970383e+04 4.3323001e-01
1.3974288e+04 4.3733099e-01
1.3978194e+04 4.4722500e-01
1.3982103e+04 4.6019500e-01
1.3986014e+04 4.7202101e-01
1.3989927e+04 4.7821900e-01
1.3993843e+04 4.7662199e-01
1.3997760e+04 4.6892101e-01
1.4001680e+04 4.6236500e-01
1.4005602e+04 4.6620300e-01
1.4009527e+04 4.8572999e-01
1.4013453e+04 5.1736802e-01
1.4017381e+04 5.5000699e-01
1.4021312e+04 5.7106000e-01
1.4025245e+04 5.7425398e-01
1.4029181e+04 5.6223798e-01
1.4033119e+04 5.4330802e-01
1.4037057e+04 5.2480602e-01
1.4040999e+04 5.0809300e-01
1.4044944e+04 4.8861501e-01
1.4048890e+04 4.5928901e-01
1.4052839e+04 4.1654101e-01
1.4056789e+04 3.6306301e-01
1.4060742e+04 3.0751199e-01
1.4064698e+04 2.6008999e-01
1.4068655e+04 2.2926299e-01
1.4072615e+04 2.1755600e-01
1.4076576e+04 2.2139500e-01
1.4080540e+04 2.3217200e-01
1.4084507e+04 2.3987199e-01
1.4088476e+04 2.3734500e-01
1.4092447e+04 2.2268200e-01
1.4096419e+04 2.0046200e-01
1.4100395e+04 1.7879000e-01
1.4104372e+04 1.6770300e-01
1.4108352e+04 1.7502300e-01
1.4112335e+04 2.0358500e-01
1.4116318e+04 2.4948099e-01
1.4120305e+04 3.0322000e-01
1.4124294e+04 3.5326400e-01
1.4128285e+04 3.8990900e-01
1.4132279e+04 4.0848199e-01
1.4136273e+04 4.0986499e-01
1.4140271e+04 3.9966100e-01
1.4144272e+04 3.8528401e-01
1.4148274e+04 3.7391099e-01
1.4152279e+04 3.7026399e-01
1.4156285e+04 3.7438801e-01
1.4160294e+04 3.8118300e-01
1.4164306e+04 3.8096899e-01
1.4168320e+04 3.6401701e-01
1.4172336e+04 3.2470199e-01
1.4176353e+04 2.6593199e-01
1.4180374e+04 1.9862600e-01
1.4184397e+04 1.3735200e-01
1.4188422e+04 9.4031997e-02
1.4192450e+04 7.3455997e-02
1.4196479e+04 7.2025999e-02
1.4200511e+04 8.0132000e-02
1.4204545e+04 8.7451003e-02
1.4208582e+04 8.5449003e-02
1.4212621e+04 7.0427999e-02
1.4216661e+04 4.4465002e-02
1.4220705e+04 1.4185000e-02
1.4224751e+04 -1.0728000e-02
1.4228799e+04 -2.0837000e-02
1.4232850e+04 -9.7989999e-03
1.4236902e+04 2.2530001e-02
1.4240957e+04 7.0547998e-02
1.4245014e+04 1.2428700e-01
1.4249074e+04 1.7316300e-01
1.4253136e+04 2.0868701e-01
1.4257199e+04 2.2461399e-01
1.4261266e+04 2.1569701e-01
1.4265335e+04 1.7969599e-01
1.4269407e+04 1.2121200e-01
1.4273480e+04 5.5193000e-02
1.4277555e+04 3.4090001e-03
1.4281634e+04 -1.3899000e-02
1.4285714e+04 8.8930000e-03
