     400       0
     401       0
     402       0
     403       0
     404       0
     405       0
     406       0
     407       0
     408       0
     409       0
     410       0
     411       0
     412       0
     413       0
     414       0
     415       0
     416       0
     417       0
     418       0
     419       0
     420       0
     421       0
     422       0
     423       0
     424       0
     425       0
     426       0
     427       0
     428       0
     429       0
     430       0
     431       0
     432       0
     433       0
     434       0
     435       0
     436       0
     437       0
     438       0
     439       0
     440       0
     441       0
     442       0
     443       0
     444       0
     445       0
     446       0
     447       0
     448       0
     449       0
     450       0
     451       0
     452       0
     453       0
     454       0
     455       0
     456       0
     457       0
     458       0
     459       0
     460       0
     461       0
     462       0
     463       0
     464       0
     465       0
     466       0
     467       0
     468       0
     469       0
     470       0
     471       0
     472       0
     473       0
     474       0
     475       0
     476       0
     477       0
     478       0
     479       0
     480       0
     481       0
     482       0
     483       0
     484       0
     485       0
     486       0
     487       0
     488       0
     489       0
     490       0
     491       0
     492       0
     493       0
     494       0
     495       0
     496       0
     497       0
     498       0
     499       0
     500       0
     501       0
     502       0
     503       0
     504       0
     505       0
     506       0
     507       0
     508       0
     509       0
     510       0
     511       0
     512       0
     513       0
     514       0
     515       0
     516       0
     517       0
     518       0
     519       0
     520       0
     521       0
     522       0
     523       0
     524       0
     525       0
     526       0
     527       0
     528       0
     529       0
     530       0
     531       0
     532       0
     533       0
     534       0
     535       0
     536       0
     537       0
     538       0
     539       0
     540       0
     541       0
     542       0
     543       0
     544       0
     545       0
     546       0
     547       0
     548       0
     549       0
     550       0
     551       0
     552       0
     553       0
     554       0
     555       0
     556       0
     557       0
     558       0
     559       0
     560       0
     561       0
     562       0
     563       0
     564       0
     565       0
     566       0
     567       0
     568       0
     569       0
     570       0
     571       0
     572       0
     573       0
     574       0
     575       0
     576       0
     577       0
     578       0
     579       0
     580       0
     581       0
     582       0
     583       0
     584       0
     585       0
     586       0
     587       0
     588       0
     589       0
     590       0
     591       0
     592       0
     593       0
     594       0
     595       0
     596       0
     597       0
     598       0
     599       0
     600       0
     601       0
     602       0
     603       0
     604       0
     605       0
     606       0
     607       0
     608       0
     609       0
     610       0
     611       0
     612       0
     613       0
     614       0
     615       0
     616       0
     617       0
     618       0
     619       0
     620       0
     621       0
     622       0
     623       0
     624       0
     625       0
     626       0
     627       0
     628       0
     629       0
     630       0
     631       0
     632       0
     633       0
     634       0
     635       0
     636       0
     637       0
     638       0
     639       0
     640       0
     641       0
     642       0
     643       0
     644       0
     645       0
     646       0
     647       0
     648       0
     649       0
     650       0
     651       0
     652       0
     653       0
     654       0
     655       0
     656       0
     657       0
     658       0
     659       0
     660       0
     661       0
     662       0
     663       0
     664       0
     665       0
     666       0
     667       0
     668       0
     669       0
     670       0
     671       0
     672       0
     673       0
     674       0
     675       0
     676       0
     677       0
     678       0
     679       0
     680       0
     681       0
     682       0
     683       0
     684       0
     685       0
     686       0
     687       0
     688       0
     689       0
     690       0
     691       0
     692       0
     693       0
     694       0
     695       0
     696       0
     697       0
     698       0
     699       0
     700       0
     701       0
     702       0
     703       0
     704       0
     705       0
     706       0
     707       0
     708       0
     709       0
     710       0
     711       0
     712       0
     713       0
     714       0
     715       0
     716       0
     717       0
     718       0
     719       0
     720       0
     721       0
     722       0
     723       0
     724       0
     725       0
     726       0
     727       0
     728       0
     729       0
     730       0
     731       0
     732       0
     733       0
     734       0
     735       0
     736       0
     737       0
     738       0
     739       0
     740       0
     741       0
     742       0
     743       0
     744       0
     745       0
     746       0
     747       0
     748       0
     749       0
     750       0
     751       0
     752       0
     753       0
     754       0
     755       0
     756       0
     757       0
     758       0
     759       0
     760       0
     761       0
     762       0
     763       0
     764       0
     765       0
     766       0
     767       0
     768       0
     769       0
     770       0
     771       0
     772       0
     773       0
     774       0
     775       0
     776       0
     777       0
     778       0
     779 0.0004752
     780 0.0005431
     781 0.0005782
     782 0.0006136
     783 0.000616
     784 0.0006177
     785 0.0007535
     786 0.0008914
     787 0.0009304
     788 0.0009688
     789 0.001213
     790 0.001461
     791 0.001744
     792 0.002031
     793 0.002319
     794 0.002617
     795 0.002842
     796 0.003067
     797 0.003364
     798 0.003666
     799 0.004263
     800 0.004867
     801 0.00562
     802 0.006371
     803 0.007431
     804 0.008491
     805 0.009725
     806 0.01095
     807 0.01223
     808 0.01352
     809 0.01504
     810 0.01655
     811  0.0191
     812  0.0217
     813  0.0258
     814 0.02997
     815 0.03488
     816 0.03984
     817 0.04659
     818 0.05348
     819 0.06261
     820 0.07185
     821 0.08547
     822 0.09914
     823  0.1178
     824  0.1364
     825  0.1357
     826  0.1345
     827  0.1946
     828  0.2554
     829  0.2752
     830  0.2948
     831  0.3762
     832  0.4591
     833  0.5152
     834  0.5723
     835  0.6199
     836  0.6672
     837  0.6818
     838  0.6966
     839   0.745
     840  0.7954
     841  0.8109
     842  0.8254
     843  0.8323
     844  0.8414
     845  0.8467
     846   0.851
     847   0.859
     848   0.869
     849  0.8791
     850  0.8886
     851  0.8716
     852  0.8534
     853  0.8915
     854  0.9313
     855  0.9372
     856  0.9408
     857  0.9576
     858  0.9709
     859  0.9795
     860  0.9884
     861  0.9944
     862       1
     863  0.9977
     864  0.9962
     865  0.9718
     866   0.948
     867  0.9606
     868  0.9757
     869  0.8515
     870  0.7235
     871  0.8031
     872  0.8862
     873  0.8489
     874  0.8105
     875    0.75
     876  0.6895
     877  0.6426
     878  0.5937
     879  0.5629
     880  0.5338
     881  0.4237
     882  0.3122
     883  0.3339
     884   0.358
     885  0.2985
     886  0.2383
     887  0.2329
     888  0.2288
     889  0.2049
     890  0.1802
     891  0.1625
     892  0.1453
     893  0.1278
     894  0.1102
     895  0.1014
     896 0.09294
     897 0.08435
     898 0.07576
     899 0.06879
     900 0.06199
     901  0.0483
     902  0.0343
     903 0.03679
     904 0.03972
     905 0.03809
     906 0.03634
     907 0.03143
     908 0.02644
     909  0.0267
     910 0.02703
     911 0.02574
     912 0.02449
     913 0.02247
     914 0.02053
     915 0.01977
     916  0.0191
     917  0.0174
     918  0.0157
     919 0.01538
     920  0.0151
     921 0.01422
     922 0.01333
     923 0.01284
     924  0.0123
     925 0.01122
     926 0.01014
     927 0.01006
     928 0.009978
     929 0.009332
     930 0.008684
     931 0.008617
     932 0.00855
     933 0.008289
     934 0.007967
     935 0.007569
     936 0.007193
     937 0.00692
     938 0.006632
     939 0.006555
     940 0.006487
     941 0.005779
     942 0.005057
     943 0.005601
     944 0.006119
     945 0.005616
     946 0.005065
     947 0.005072
     948 0.005075
     949 0.00467
     950 0.004233
     951 0.00442
     952 0.004621
     953 0.004294
     954 0.003944
     955 0.003361
     956 0.002768
     957 0.002374
     958 0.001983
     959 0.002208
     960 0.002457
     961 0.002074
     962 0.001673
     963 0.001393
     964 0.00111
     965 0.0007084
     966 0.000302
     967 0.0003338
     968 0.0003749
     969 0.0004563
     970 0.0005404
     971 0.0005844
     972 0.0006273
     973 0.0006296
     974 0.0006304
     975 0.0006317
     976 0.0006342
     977 0.0005941
     978 0.0005534
     979 0.0005118
     980 0.0004699
     981 0.0005129
     982 0.0005584
     983 0.0005183
     984 0.0004754
     985 0.0005186
     986 0.0005647
     987 0.0005684
     988 0.0005702
     989 0.0005283
     990 0.0004854
     991 0.0004858
     992 0.0004872
     993 0.000489
     994 0.0004919
     995 0.0005858
     996 0.0006829
     997 0.0006424
     998 0.0005971
     999 0.0006002
    1000 0.0006038
    1001 0.0006059
    1002 0.0006091
    1003 0.0006134
    1004 0.000617
    1005 0.0005718
    1006 0.0005222
    1007 0.0006257
    1008 0.0007378
    1009 0.0006931
    1010 0.0006441
    1011 0.0006482
    1012 0.0006531
    1013 0.0006583
    1014 0.0006633
    1015 0.0006123
    1016 0.0005589
    1017 0.0005637
    1018 0.0005677
    1019 0.0006306
    1020 0.0006982
    1021 0.000707
    1022 0.000714
    1023 0.0006592
    1024 0.0006007
    1025 0.0006057
    1026 0.0006118
    1027 0.0006851
    1028 0.0007617
    1029 0.0008414
    1030 0.000924
    1031 0.0008659
    1032 0.0008045
    1033 0.0008136
    1034 0.0008256
    1035 0.0008375
    1036 0.0008497
    1037 0.000942
    1038 0.00104
    1039 0.001058
    1040 0.001077
    1041 0.0009209
    1042 0.0007557
    1043 0.0008539
    1044 0.0009629
    1045 0.0008895
    1046 0.0008052
    1047 0.0007182
    1048 0.0006273
    1049 0.0003241
    1050       0
    1051       0
    1052       0
    1053       0
    1054       0
    1055       0
    1056       0
    1057       0
    1058       0
    1059       0
    1060       0
    1061       0
    1062       0
    1063       0
    1064       0
    1065       0
    1066       0
    1067       0
    1068       0
    1069       0
    1070       0
    1071       0
    1072       0
    1073       0
    1074       0
    1075       0
    1076       0
    1077       0
    1078       0
    1079       0
    1080       0
    1081       0
    1082       0
    1083       0
    1084       0
    1085       0
    1086       0
    1087       0
    1088       0
    1089       0
    1090       0
    1091       0
    1092       0
    1093       0
    1094       0
    1095       0
    1096       0
    1097       0
    1098       0
    1099       0
    1100       0
    1101       0
    1102       0
    1103       0
    1104       0
    1105       0
    1106       0
    1107       0
    1108       0
    1109       0
    1110       0
    1111       0
    1112       0
    1113       0
    1114       0
    1115       0
    1116       0
    1117       0
    1118       0
    1119       0
    1120       0
    1121       0
    1122       0
    1123       0
    1124       0
    1125       0
    1126       0
    1127       0
    1128       0
    1129       0
    1130       0
    1131       0
    1132       0
    1133       0
    1134       0
    1135       0
    1136       0
    1137       0
    1138       0
    1139       0
    1140       0
    1141       0
    1142       0
    1143       0
    1144       0
    1145       0
    1146       0
    1147       0
    1148       0
    1149       0
    1150       0
    1151       0
    1152       0
    1153       0
    1154       0
    1155       0
    1156       0
    1157       0
    1158       0
    1159       0
    1160       0
    1161       0
    1162       0
    1163       0
    1164       0
    1165       0
    1166       0
    1167       0
    1168       0
    1169       0
    1170       0
    1171       0
    1172       0
    1173       0
    1174       0
    1175       0
    1176       0
    1177       0
    1178       0
    1179       0
    1180       0
    1181       0
    1182       0
    1183       0
    1184       0
    1185       0
    1186       0
    1187       0
    1188       0
    1189       0
    1190       0
    1191       0
    1192       0
    1193       0
    1194       0
    1195       0
    1196       0
    1197       0
    1198       0
    1199       0
    1200       0
