1.2500000e+04 9.7537003e-02
1.2503126e+04 9.6153997e-02
1.2506254e+04 8.4638000e-02
1.2509382e+04 7.4290998e-02
1.2512512e+04 7.6793998e-02
1.2515645e+04 9.6630998e-02
1.2518778e+04 1.2888899e-01
1.2521914e+04 1.6112299e-01
1.2525050e+04 1.8086401e-01
1.2528188e+04 1.8124500e-01
1.2531328e+04 1.6384099e-01
1.2534470e+04 1.3632700e-01
1.2537613e+04 1.0683500e-01
1.2540757e+04 8.0513000e-02
1.2543903e+04 5.7530001e-02
1.2547051e+04 3.5500001e-02
1.2550201e+04 1.2636000e-02
1.2553352e+04 -1.0275000e-02
1.2556504e+04 -3.0446000e-02
1.2559658e+04 -4.4775002e-02
1.2562814e+04 -5.2570999e-02
1.2565972e+04 -5.5170000e-02
1.2569131e+04 -5.5335999e-02
1.2572290e+04 -5.4931000e-02
1.2575453e+04 -5.3977001e-02
1.2578616e+04 -5.0663002e-02
1.2581782e+04 -4.1221999e-02
1.2584949e+04 -2.2363000e-02
1.2588116e+04 5.6019998e-03
1.2591287e+04 3.7765000e-02
1.2594458e+04 6.6088997e-02
1.2597632e+04 8.3278999e-02
1.2600807e+04 8.7475002e-02
1.2603982e+04 8.2062997e-02
1.2607161e+04 7.3242001e-02
1.2610340e+04 6.5587997e-02
1.2613522e+04 5.9889998e-02
1.2616705e+04 5.4407001e-02
1.2619889e+04 4.6443000e-02
1.2623075e+04 3.4928001e-02
1.2626263e+04 2.0241000e-02
1.2629452e+04 2.9559999e-03
1.2632643e+04 -1.6689001e-02
1.2635835e+04 -3.6548998e-02
1.2639029e+04 -5.1784001e-02
1.2642225e+04 -5.5599000e-02
1.2645423e+04 -4.3320000e-02
1.2648622e+04 -1.5425000e-02
1.2651821e+04 2.1408999e-02
1.2655024e+04 5.6313999e-02
1.2658228e+04 7.8606002e-02
1.2661433e+04 8.2158998e-02
1.2664641e+04 6.9761001e-02
1.2667849e+04 5.2404001e-02
1.2671059e+04 4.5394000e-02
1.2674271e+04 5.8150001e-02
1.2677485e+04 8.8762999e-02
1.2680700e+04 1.2242700e-01
1.2683916e+04 1.4076200e-01
1.2687135e+04 1.3206001e-01
1.2690355e+04 1.0015900e-01
1.2693577e+04 6.2488999e-02
1.2696801e+04 3.9076000e-02
1.2700025e+04 4.0006001e-02
1.2703252e+04 5.9675999e-02
1.2706480e+04 8.2969002e-02
1.2709710e+04 9.5771998e-02
1.2712942e+04 9.4079003e-02
1.2716175e+04 8.3851002e-02
1.2719410e+04 7.5149000e-02
1.2722646e+04 7.3312998e-02
1.2725885e+04 7.5434998e-02
1.2729125e+04 7.1906999e-02
1.2732365e+04 5.4120999e-02
1.2735609e+04 2.0623000e-02
1.2738854e+04 -2.0074001e-02
1.2742100e+04 -5.5170000e-02
1.2745348e+04 -7.3647000e-02
1.2748597e+04 -7.2979003e-02
1.2751849e+04 -5.8889002e-02
1.2755102e+04 -4.1675001e-02
1.2758357e+04 -2.9873000e-02
1.2761613e+04 -2.5796000e-02
1.2764871e+04 -2.5510000e-02
1.2768131e+04 -2.2411000e-02
1.2771392e+04 -1.1587000e-02
1.2774655e+04 7.3670000e-03
1.2777920e+04 2.9468000e-02
1.2781186e+04 4.6277002e-02
1.2784454e+04 4.8397999e-02
1.2787724e+04 3.0611999e-02
1.2790995e+04 -4.6730000e-03
1.2794269e+04 -4.5657001e-02
1.2797542e+04 -7.6389000e-02
1.2800819e+04 -8.4829003e-02
1.2804097e+04 -6.9141001e-02
1.2807377e+04 -3.9863002e-02
1.2810659e+04 -1.3089000e-02
1.2813941e+04 -1.5020000e-03
1.2817226e+04 -6.7230002e-03
1.2820513e+04 -2.0408001e-02
1.2823801e+04 -2.9087000e-02
1.2827091e+04 -2.4436999e-02
1.2830382e+04 -6.5319999e-03
1.2833675e+04 1.6473999e-02
1.2836970e+04 3.4999002e-02
1.2840267e+04 4.2962998e-02
1.2843566e+04 4.0720999e-02
1.2846865e+04 3.3569001e-02
1.2850167e+04 2.8967001e-02
1.2853470e+04 3.3592999e-02
1.2856776e+04 5.0448999e-02
1.2860083e+04 7.8653999e-02
1.2863390e+04 1.1167500e-01
1.2866701e+04 1.4007001e-01
1.2870013e+04 1.5356500e-01
1.2873327e+04 1.4555401e-01
1.2876642e+04 1.1651500e-01
1.2879958e+04 7.3957004e-02
1.2883277e+04 2.8562000e-02
1.2886598e+04 -1.1205000e-02
1.2889920e+04 -4.1889999e-02
1.2893244e+04 -6.3800000e-02
1.2896569e+04 -7.7175997e-02
1.2899897e+04 -7.9846002e-02
1.2903226e+04 -6.7924999e-02
1.2906557e+04 -4.0507000e-02
1.2909889e+04 -2.0020001e-03
1.2913223e+04 3.8527999e-02
1.2916559e+04 7.1263000e-02
1.2919897e+04 9.0193003e-02
1.2923236e+04 9.6297003e-02
1.2926577e+04 9.5294997e-02
1.2929919e+04 9.4795004e-02
1.2933264e+04 9.9945001e-02
1.2936611e+04 1.1198500e-01
1.2939959e+04 1.2757701e-01
1.2943309e+04 1.4038000e-01
1.2946659e+04 1.4328900e-01
1.2950013e+04 1.3208300e-01
1.2953368e+04 1.0776500e-01
1.2956725e+04 7.5960003e-02
1.2960083e+04 4.3368001e-02
1.2963443e+04 1.3732000e-02
1.2966805e+04 -1.1873000e-02
1.2970169e+04 -3.2830000e-02
1.2973534e+04 -4.5990001e-02
1.2976902e+04 -4.5132000e-02
1.2980270e+04 -2.5700999e-02
1.2983640e+04 1.0061000e-02
1.2987013e+04 5.0639998e-02
1.2990387e+04 7.9250000e-02
1.2993763e+04 8.3708003e-02
1.2997140e+04 6.2394001e-02
1.3000520e+04 2.6272999e-02
1.3003901e+04 -8.7970002e-03
1.3007284e+04 -2.9062999e-02
1.3010669e+04 -2.9563000e-02
1.3014055e+04 -1.4090000e-02
1.3017443e+04 8.3200000e-03
1.3020833e+04 2.8586000e-02
1.3024225e+04 4.0149000e-02
1.3027619e+04 3.9958000e-02
1.3031013e+04 2.8300000e-02
1.3034411e+04 8.0819996e-03
1.3037810e+04 -1.5020000e-02
1.3041210e+04 -3.4189001e-02
1.3044613e+04 -4.3772999e-02
1.3048016e+04 -4.1579999e-02
1.3051422e+04 -3.0493001e-02
1.3054830e+04 -1.6856000e-02
1.3058240e+04 -7.6529998e-03
1.3061651e+04 -7.3429998e-03
1.3065064e+04 -1.5497000e-02
1.3068479e+04 -2.6655000e-02
1.3071895e+04 -3.2782000e-02
1.3075314e+04 -2.6606999e-02
1.3078734e+04 -4.1959998e-03
1.3082156e+04 3.2304998e-02
1.3085579e+04 7.4790999e-02
1.3089005e+04 1.1200900e-01
1.3092433e+04 1.3511100e-01
1.3095862e+04 1.4104800e-01
1.3099292e+04 1.3537399e-01
1.3102725e+04 1.2855500e-01
1.3106160e+04 1.2927000e-01
1.3109596e+04 1.3902099e-01
1.3113035e+04 1.5146700e-01
1.3116474e+04 1.5678400e-01
1.3119916e+04 1.4994100e-01
1.3123360e+04 1.3546900e-01
1.3126805e+04 1.2555100e-01
1.3130253e+04 1.3291800e-01
1.3133701e+04 1.6159999e-01
1.3137152e+04 2.0337100e-01
1.3140604e+04 2.3992001e-01
1.3144059e+04 2.5260401e-01
1.3147516e+04 2.3012100e-01
1.3150973e+04 1.7459300e-01
1.3154433e+04 9.9395998e-02
1.3157895e+04 2.5725000e-02
1.3161358e+04 -2.5439000e-02
1.3164824e+04 -4.0459000e-02
1.3168290e+04 -1.6140001e-02
1.3171760e+04 3.8027000e-02
1.3175231e+04 1.0392600e-01
1.3178703e+04 1.5997800e-01
1.3182178e+04 1.8994799e-01
1.3185654e+04 1.8851700e-01
1.3189132e+04 1.6224299e-01
1.3192612e+04 1.2516899e-01
1.3196094e+04 9.0288997e-02
1.3199578e+04 6.2941998e-02
1.3203063e+04 3.9172001e-02
1.3206550e+04 1.1801000e-02
1.3210040e+04 -2.2314999e-02
1.3213531e+04 -5.6242000e-02
1.3217024e+04 -7.4910998e-02
1.3220518e+04 -6.3109003e-02
1.3224015e+04 -1.6832000e-02
1.3227513e+04 5.3954002e-02
1.3231014e+04 1.2795900e-01
1.3234516e+04 1.8484500e-01
1.3238019e+04 2.1409900e-01
1.3241525e+04 2.1889199e-01
1.3245033e+04 2.1097600e-01
1.3248543e+04 2.0222600e-01
1.3252054e+04 1.9779199e-01
1.3255567e+04 1.9390500e-01
1.3259082e+04 1.8186501e-01
1.3262599e+04 1.5487599e-01
1.3266119e+04 1.1253300e-01
1.3269639e+04 6.1820999e-02
1.3273161e+04 1.4638000e-02
1.3276686e+04 -1.7976001e-02
1.3280212e+04 -2.9062999e-02
1.3283741e+04 -1.8167000e-02
1.3287271e+04 9.7030001e-03
1.3290802e+04 4.7134999e-02
1.3294336e+04 8.7141000e-02
1.3297872e+04 1.2462100e-01
1.3301410e+04 1.5561500e-01
1.3304950e+04 1.7669199e-01
1.3308490e+04 1.8570399e-01
1.3312034e+04 1.8262801e-01
1.3315579e+04 1.6939600e-01
1.3319126e+04 1.4891601e-01
1.3322676e+04 1.2423900e-01
1.3326226e+04 9.8036997e-02
1.3329779e+04 7.3361002e-02
1.3333333e+04 5.4025002e-02
1.3336890e+04 4.3582000e-02
1.3340449e+04 4.3963999e-02
1.3344008e+04 5.4931000e-02
1.3347571e+04 7.4695997e-02
1.3351135e+04 1.0287700e-01
1.3354701e+04 1.4142901e-01
1.3358269e+04 1.9135401e-01
1.3361838e+04 2.4890800e-01
1.3365410e+04 3.0336300e-01
1.3368984e+04 3.4110501e-01
1.3372560e+04 3.5252500e-01
1.3376137e+04 3.3814901e-01
1.3379716e+04 3.0839401e-01
1.3383297e+04 2.7792400e-01
1.3386881e+04 2.5780201e-01
1.3390466e+04 2.4976701e-01
1.3394053e+04 2.4721600e-01
1.3397642e+04 2.3992001e-01
1.3401233e+04 2.2184800e-01
1.3404826e+04 1.9373800e-01
1.3408421e+04 1.6391200e-01
1.3412018e+04 1.4467201e-01
1.3415615e+04 1.4796200e-01
1.3419216e+04 1.8062501e-01
1.3422819e+04 2.4096900e-01
1.3426423e+04 3.1840801e-01
1.3430030e+04 3.9646599e-01
1.3433637e+04 4.5855001e-01
1.3437248e+04 4.9264401e-01
1.3440860e+04 4.9555299e-01
1.3444475e+04 4.7314101e-01
1.3448091e+04 4.3816501e-01
1.3451708e+04 4.0655100e-01
1.3455328e+04 3.9033800e-01
1.3458950e+04 3.9544100e-01
1.3462574e+04 4.1971201e-01
1.3466200e+04 4.5509300e-01
1.3469827e+04 4.9145201e-01
1.3473457e+04 5.2056301e-01
1.3477089e+04 5.3875399e-01
1.3480723e+04 5.4664600e-01
1.3484359e+04 5.4731297e-01
1.3487995e+04 5.4421401e-01
1.3491635e+04 5.4018402e-01
1.3495277e+04 5.3703701e-01
1.3498920e+04 5.3594100e-01
1.3502566e+04 5.3763300e-01
1.3506212e+04 5.4266399e-01
1.3509862e+04 5.5191499e-01
1.3513514e+04 5.6645799e-01
1.3517167e+04 5.8767700e-01
1.3520823e+04 6.1738402e-01
1.3524479e+04 6.5770102e-01
1.3528138e+04 7.1086800e-01
1.3531800e+04 7.7719599e-01
1.3535463e+04 8.5246497e-01
1.3539129e+04 9.2766201e-01
1.3542795e+04 9.9005598e-01
1.3546464e+04 1.0279410e+00
1.3550136e+04 1.0374060e+00
1.3553809e+04 1.0238880e+00
1.3557484e+04 1.0029790e+00
1.3561160e+04 9.9191600e-01
1.3564840e+04 1.0035270e+00
1.3568521e+04 1.0394570e+00
1.3572204e+04 1.0906210e+00
1.3575890e+04 1.1424299e+00
1.3579576e+04 1.1811970e+00
1.3583265e+04 1.2015810e+00
1.3586957e+04 1.2079231e+00
1.3590650e+04 1.2127160e+00
1.3594345e+04 1.2297390e+00
1.3598041e+04 1.2676710e+00
1.3601741e+04 1.3276570e+00
1.3605442e+04 1.4032120e+00
1.3609146e+04 1.4849180e+00
1.3612851e+04 1.5647640e+00
1.3616557e+04 1.6377439e+00
1.3620267e+04 1.7028800e+00
1.3623978e+04 1.7607210e+00
1.3627692e+04 1.8140550e+00
1.3631407e+04 1.8656250e+00
1.3635124e+04 1.9182920e+00
1.3638843e+04 1.9763230e+00
1.3642565e+04 2.0433180e+00
1.3646288e+04 2.1244040e+00
1.3650014e+04 2.2235630e+00
1.3653741e+04 2.3447270e+00
1.3657470e+04 2.4897330e+00
1.3661202e+04 2.6559110e+00
1.3664936e+04 2.8387780e+00
1.3668672e+04 3.0280590e+00
1.3672409e+04 3.2145970e+00
1.3676149e+04 3.3895960e+00
1.3679891e+04 3.5475249e+00
1.3683635e+04 3.6902421e+00
1.3687381e+04 3.8232801e+00
1.3691128e+04 3.9598701e+00
1.3694878e+04 4.1111941e+00
1.3698630e+04 4.2855258e+00
1.3702384e+04 4.4853439e+00
1.3706141e+04 4.7041411e+00
1.3709898e+04 4.9379821e+00
1.3713659e+04 5.1813598e+00
1.3717421e+04 5.4376841e+00
1.3721186e+04 5.7166810e+00
1.3724952e+04 6.0291290e+00
1.3728720e+04 6.3882108e+00
1.3732491e+04 6.7919960e+00
1.3736264e+04 7.2341442e+00
1.3740039e+04 7.6963902e+00
1.3743816e+04 8.1600180e+00
1.3747594e+04 8.6172342e+00
1.3751375e+04 9.0654612e+00
1.3755158e+04 9.5241776e+00
1.3758944e+04 1.0009860e+01
1.3762731e+04 1.0542964e+01
1.3766519e+04 1.1136436e+01
1.3770311e+04 1.1788415e+01
1.3774105e+04 1.2500429e+01
1.3777900e+04 1.3257694e+01
1.3781698e+04 1.4055824e+01
1.3785497e+04 1.4890027e+01
1.3789299e+04 1.5761590e+01
1.3793103e+04 1.6683817e+01
1.3796910e+04 1.7658304e+01
1.3800718e+04 1.8696499e+01
1.3804527e+04 1.9794344e+01
1.3808340e+04 2.0950842e+01
1.3812155e+04 2.2172070e+01
1.3815971e+04 2.3460484e+01
1.3819790e+04 2.4833130e+01
1.3823610e+04 2.6289152e+01
1.3827433e+04 2.7827715e+01
1.3831259e+04 2.9440355e+01
1.3835086e+04 3.1118917e+01
1.3838915e+04 3.2869267e+01
1.3842746e+04 3.4690857e+01
1.3846580e+04 3.6585617e+01
1.3850416e+04 3.8541817e+01
1.3854253e+04 4.0543484e+01
1.3858094e+04 4.2587399e+01
1.3861935e+04 4.4684505e+01
1.3865779e+04 4.6862362e+01
1.3869626e+04 4.9135445e+01
1.3873474e+04 5.1489639e+01
1.3877325e+04 5.3876781e+01
1.3881177e+04 5.6235695e+01
1.3885032e+04 5.8514736e+01
1.3888889e+04 6.0695648e+01
1.3892748e+04 6.2785053e+01
1.3896610e+04 6.4808228e+01
1.3900472e+04 6.6786934e+01
1.3904338e+04 6.8727303e+01
1.3908206e+04 7.0628929e+01
1.3912076e+04 7.2472122e+01
1.3915948e+04 7.4240898e+01
1.3919821e+04 7.5911118e+01
1.3923698e+04 7.7467224e+01
1.3927577e+04 7.8916000e+01
1.3931457e+04 8.0267738e+01
1.3935340e+04 8.1552193e+01
1.3939225e+04 8.2774712e+01
1.3943112e+04 8.3929726e+01
1.3947001e+04 8.5000755e+01
1.3950893e+04 8.5961029e+01
1.3954787e+04 8.6811325e+01
1.3958682e+04 8.7546158e+01
1.3962580e+04 8.8185356e+01
1.3966480e+04 8.8746475e+01
1.3970383e+04 8.9238739e+01
1.3974288e+04 8.9678169e+01
1.3978194e+04 9.0053513e+01
1.3982103e+04 9.0370750e+01
1.3986014e+04 9.0619728e+01
1.3989927e+04 9.0796684e+01
1.3993843e+04 9.0906075e+01
1.3997760e+04 9.0938545e+01
1.4001680e+04 9.0909981e+01
1.4005602e+04 9.0816116e+01
1.4009527e+04 9.0665504e+01
1.4013453e+04 9.0459297e+01
1.4017381e+04 9.0186951e+01
1.4021312e+04 8.9852074e+01
1.4025245e+04 8.9433861e+01
1.4029181e+04 8.8930702e+01
1.4033119e+04 8.8327789e+01
1.4037057e+04 8.7615082e+01
1.4040999e+04 8.6798119e+01
1.4044944e+04 8.5871124e+01
1.4048890e+04 8.4850975e+01
1.4052839e+04 8.3733032e+01
1.4056789e+04 8.2516289e+01
1.4060742e+04 8.1197693e+01
1.4064698e+04 7.9768227e+01
1.4068655e+04 7.8240204e+01
1.4072615e+04 7.6615692e+01
1.4076576e+04 7.4910736e+01
1.4080540e+04 7.3133324e+01
1.4084507e+04 7.1285034e+01
1.4088476e+04 6.9371201e+01
1.4092447e+04 6.7385033e+01
1.4096419e+04 6.5329262e+01
1.4100395e+04 6.3199638e+01
1.4104372e+04 6.0995770e+01
1.4108352e+04 5.8724857e+01
1.4112335e+04 5.6399178e+01
1.4116318e+04 5.4047775e+01
1.4120305e+04 5.1704548e+01
1.4124294e+04 4.9403214e+01
1.4128285e+04 4.7168850e+01
1.4132279e+04 4.5008755e+01
1.4136273e+04 4.2914772e+01
1.4140271e+04 4.0871693e+01
1.4144272e+04 3.8862705e+01
1.4148274e+04 3.6884499e+01
1.4152279e+04 3.4945152e+01
1.4156285e+04 3.3061050e+01
1.4160294e+04 3.1255077e+01
1.4164306e+04 2.9534267e+01
1.4168320e+04 2.7903389e+01
1.4172336e+04 2.6351690e+01
1.4176353e+04 2.4869513e+01
1.4180374e+04 2.3458885e+01
1.4184397e+04 2.2122597e+01
1.4188422e+04 2.0881437e+01
1.4192450e+04 1.9736122e+01
1.4196479e+04 1.8680500e+01
1.4200511e+04 1.7692089e+01
1.4204545e+04 1.6740751e+01
1.4208582e+04 1.5817141e+01
1.4212621e+04 1.4915633e+01
1.4216661e+04 1.4056062e+01
1.4220705e+04 1.3256525e+01
1.4224751e+04 1.2527966e+01
1.4228799e+04 1.1874699e+01
1.4232850e+04 1.1277770e+01
1.4236902e+04 1.0724234e+01
1.4240957e+04 1.0192275e+01
1.4245014e+04 9.6706858e+00
1.4249074e+04 9.1592073e+00
1.4253136e+04 8.6597681e+00
1.4257199e+04 8.1871033e+00
1.4261266e+04 7.7438111e+00
1.4265335e+04 7.3320379e+00
1.4269407e+04 6.9451799e+00
1.4273480e+04 6.5749640e+00
1.4277555e+04 6.2225099e+00
1.4281634e+04 5.8894868e+00
1.4285714e+04 5.5864091e+00
1.4289797e+04 5.3164949e+00
1.4293883e+04 5.0784578e+00
1.4297969e+04 4.8670530e+00
1.4302059e+04 4.6735039e+00
1.4306152e+04 4.4974322e+00
1.4310246e+04 4.3369050e+00
1.4314343e+04 4.1909690e+00
1.4318442e+04 4.0526619e+00
1.4322543e+04 3.9096589e+00
1.4326648e+04 3.7513011e+00
1.4330754e+04 3.5677431e+00
1.4334863e+04 3.3610580e+00
1.4338973e+04 3.1420460e+00
1.4343086e+04 2.9303069e+00
1.4347202e+04 2.7467480e+00
1.4351321e+04 2.6042931e+00
1.4355441e+04 2.5063510e+00
1.4359563e+04 2.4459360e+00
1.4363688e+04 2.4122469e+00
1.4367816e+04 2.3929591e+00
1.4371946e+04 2.3746960e+00
1.4376079e+04 2.3448701e+00
1.4380212e+04 2.2912259e+00
1.4384350e+04 2.2091379e+00
1.4388489e+04 2.1027319e+00
1.4392631e+04 1.9854780e+00
1.4396776e+04 1.8745660e+00
1.4400921e+04 1.7830130e+00
1.4405070e+04 1.7147300e+00
1.4409222e+04 1.6621350e+00
1.4413376e+04 1.6118040e+00
1.4417532e+04 1.5522240e+00
1.4421690e+04 1.4789810e+00
1.4425851e+04 1.3956300e+00
1.4430014e+04 1.3072960e+00
1.4434180e+04 1.2184850e+00
1.4438349e+04 1.1339660e+00
1.4442518e+04 1.0612479e+00
1.4446691e+04 1.0100840e+00
1.4450867e+04 9.8686200e-01
1.4455045e+04 9.8872101e-01
1.4459225e+04 1.0048620e+00
1.4463407e+04 1.0212650e+00
1.4467592e+04 1.0291570e+00
1.4471780e+04 1.0267490e+00
1.4475970e+04 1.0170450e+00
1.4480163e+04 1.0012140e+00
1.4484356e+04 9.7672898e-01
1.4488554e+04 9.3903500e-01
1.4492754e+04 8.8634402e-01
1.4496956e+04 8.2314003e-01
1.4501161e+04 7.5807500e-01
1.4505366e+04 6.9940001e-01
1.4509576e+04 6.5262300e-01
1.4513788e+04 6.2115097e-01
1.4518003e+04 6.0732299e-01
1.4522220e+04 6.1159098e-01
1.4526438e+04 6.3073599e-01
1.4530659e+04 6.5510201e-01
1.4534884e+04 6.6993201e-01
1.4539110e+04 6.6206402e-01
1.4543340e+04 6.2811297e-01
1.4547570e+04 5.7718700e-01
1.4551804e+04 5.2831101e-01
1.4556041e+04 5.0034499e-01
1.4560280e+04 5.0284803e-01
1.4564521e+04 5.2990901e-01
1.4568764e+04 5.6464601e-01
1.4573011e+04 5.8619899e-01
1.4577259e+04 5.8155000e-01
1.4581511e+04 5.5315399e-01
1.4585765e+04 5.1853597e-01
1.4590020e+04 4.9955800e-01
1.4594279e+04 5.0890398e-01
1.4598540e+04 5.4140002e-01
1.4602804e+04 5.7310998e-01
1.4607070e+04 5.7606602e-01
1.4611338e+04 5.3548801e-01
1.4615609e+04 4.6391401e-01
1.4619883e+04 3.9381900e-01
1.4624159e+04 3.6246699e-01
1.4628438e+04 3.8714400e-01
1.4632718e+04 4.5909801e-01
1.4637002e+04 5.4678899e-01
1.4641288e+04 6.1163902e-01
1.4645577e+04 6.2186700e-01
1.4649869e+04 5.6359702e-01
1.4654161e+04 4.4746301e-01
1.4658458e+04 3.0343500e-01
1.4662757e+04 1.7127900e-01
1.4667058e+04 8.1849001e-02
1.4671362e+04 4.9876999e-02
1.4675667e+04 7.1548998e-02
1.4679976e+04 1.3043800e-01
1.4684288e+04 2.0198800e-01
1.4688602e+04 2.5863600e-01
1.4692919e+04 2.8071401e-01
1.4697236e+04 2.6297501e-01
1.4701558e+04 2.1705601e-01
1.4705882e+04 1.6202900e-01
1.4710209e+04 1.1527500e-01
1.4714538e+04 8.8191003e-02
1.4718869e+04 8.6401999e-02
1.4723204e+04 1.1093600e-01
1.4727541e+04 1.5542500e-01
1.4731880e+04 2.0546900e-01
1.4736222e+04 2.4325800e-01
1.4740566e+04 2.5854099e-01
1.4744913e+04 2.5386801e-01
1.4749263e+04 2.4139801e-01
1.4753615e+04 2.3474599e-01
1.4757970e+04 2.3748800e-01
1.4762326e+04 2.4065900e-01
1.4766686e+04 2.2849999e-01
1.4771049e+04 1.8849300e-01
1.4775414e+04 1.1861300e-01
1.4779782e+04 2.8538000e-02
1.4784151e+04 -6.6542000e-02
1.4788524e+04 -1.5034600e-01
1.4792899e+04 -2.0954600e-01
1.4797278e+04 -2.3522300e-01
1.4801658e+04 -2.2482800e-01
1.4806040e+04 -1.8424900e-01
1.4810426e+04 -1.2583700e-01
1.4814815e+04 -6.5206997e-02
1.4819206e+04 -1.2969000e-02
1.4823600e+04 2.9206000e-02
1.4827995e+04 6.8163000e-02
1.4832394e+04 1.1241400e-01
1.4836795e+04 1.6503300e-01
1.4841199e+04 2.1920200e-01
1.4845606e+04 2.6218799e-01
1.4850014e+04 2.8302601e-01
1.4854426e+04 2.7794799e-01
1.4858841e+04 2.5257999e-01
1.4863258e+04 2.1820000e-01
1.4867678e+04 1.8668100e-01
1.4872099e+04 1.6665401e-01
1.4876525e+04 1.6362600e-01
1.4880952e+04 1.7695400e-01
1.4885383e+04 2.0255999e-01
1.4889816e+04 2.3257700e-01
1.4894250e+04 2.5558400e-01
1.4898689e+04 2.6264101e-01
1.4903130e+04 2.5358200e-01
1.4907573e+04 2.3591501e-01
1.4912020e+04 2.1588799e-01
1.4916467e+04 1.9962700e-01
1.4920919e+04 1.9593200e-01
1.4925373e+04 2.0947400e-01
1.4929830e+04 2.2692600e-01
1.4934290e+04 2.1615000e-01
1.4938751e+04 1.5981100e-01
1.4943216e+04 6.5898001e-02
1.4947683e+04 -7.1358003e-02
1.4952153e+04 -2.9802299e-01
1.4956626e+04 -6.5834498e-01
1.4961101e+04 -1.0659690e+00
1.4965579e+04 -1.3027660e+00
1.4970060e+04 -1.1795280e+00
1.4974544e+04 -7.4663103e-01
1.4979030e+04 -2.6364300e-01
1.4983518e+04 8.8930000e-03
1.4988009e+04 4.3605998e-02
1.4992504e+04 -2.6178000e-02
1.4997001e+04 -7.3623002e-02
1.5001501e+04 -9.3411997e-02
1.5006002e+04 -1.3332300e-01
1.5010507e+04 -1.8775401e-01
1.5015015e+04 -2.0678000e-01
1.5019526e+04 -1.6443700e-01
1.5024039e+04 -8.3660997e-02
1.5028554e+04 -1.2150001e-03
1.5033072e+04 6.8593003e-02
1.5037594e+04 1.2722000e-01
1.5042118e+04 1.6820399e-01
1.5046645e+04 1.7683500e-01
1.5051173e+04 1.4529200e-01
1.5055706e+04 8.2897998e-02
1.5060241e+04 8.9400001e-03
1.5064779e+04 -5.3787000e-02
1.5069319e+04 -8.6282998e-02
1.5073861e+04 -8.2181998e-02
1.5078407e+04 -5.1498000e-02
1.5082956e+04 -1.2445000e-02
1.5087508e+04 1.6546000e-02
1.5092062e+04 2.5224000e-02
1.5096618e+04 1.3017000e-02
1.5101178e+04 -1.4495000e-02
1.5105740e+04 -5.0997000e-02
1.5110306e+04 -9.2005000e-02
1.5114874e+04 -1.3272700e-01
1.5119443e+04 -1.6703600e-01
1.5124017e+04 -1.8703900e-01
1.5128593e+04 -1.8537000e-01
1.5133172e+04 -1.6028801e-01
1.5137754e+04 -1.1718200e-01
1.5142337e+04 -6.7114003e-02
1.5146925e+04 -2.2149000e-02
1.5151515e+04 1.0395000e-02
1.5156108e+04 3.0803001e-02
1.5160704e+04 4.5465998e-02
1.5165301e+04 6.0867999e-02
1.5169903e+04 7.6531999e-02
1.5174507e+04 8.3517998e-02
1.5179114e+04 6.8235002e-02
1.5183724e+04 2.0241000e-02
1.5188335e+04 -5.7721000e-02
1.5192950e+04 -1.4738999e-01
1.5197568e+04 -2.1941601e-01
1.5202189e+04 -2.4690600e-01
1.5206813e+04 -2.1550600e-01
1.5211438e+04 -1.3105799e-01
1.5216068e+04 -1.6856000e-02
1.5220700e+04 9.4913997e-02
1.5225335e+04 1.7256700e-01
1.5229973e+04 1.9783901e-01
1.5234612e+04 1.7182800e-01
1.5239256e+04 1.1754000e-01
1.5243902e+04 6.6827998e-02
1.5248552e+04 4.6156999e-02
1.5253204e+04 6.1964002e-02
1.5257857e+04 9.8061003e-02
1.5262515e+04 1.2514500e-01
1.5267176e+04 1.1842200e-01
1.5271839e+04 7.2931997e-02
1.5276505e+04 5.4830001e-03
1.5281173e+04 -5.2499000e-02
1.5285845e+04 -7.3862001e-02
1.5290520e+04 -4.9137998e-02
1.5295198e+04 7.8670001e-03
1.5299878e+04 7.1525000e-02
1.5304560e+04 1.1723000e-01
1.5309246e+04 1.3506401e-01
1.5313936e+04 1.3303700e-01
1.5318628e+04 1.2969901e-01
1.5323323e+04 1.3957000e-01
1.5328019e+04 1.6417500e-01
1.5332720e+04 1.9161700e-01
1.5337423e+04 2.0484900e-01
1.5342130e+04 1.9264200e-01
1.5346839e+04 1.5327901e-01
1.5351550e+04 9.4103001e-02
1.5356265e+04 2.8418999e-02
1.5360983e+04 -2.5415000e-02
1.5365704e+04 -4.9114000e-02
1.5370428e+04 -3.1757001e-02
1.5375153e+04 2.2244001e-02
1.5379883e+04 9.2124000e-02
1.5384615e+04 1.4974999e-01
