3.8000000e+02 0.0000000e+00
3.8100000e+02 0.0000000e+00
3.8200000e+02 0.0000000e+00
3.8300000e+02 2.5399181e-03
3.8400000e+02 0.0000000e+00
3.8500000e+02 0.0000000e+00
3.8600000e+02 8.1488742e-05
3.8700000e+02 0.0000000e+00
3.8800000e+02 2.6501876e-03
3.8900000e+02 0.0000000e+00
3.9000000e+02 0.0000000e+00
3.9100000e+02 7.7209451e-05
3.9200000e+02 8.8219995e-05
3.9300000e+02 0.0000000e+00
3.9400000e+02 0.0000000e+00
3.9500000e+02 0.0000000e+00
3.9600000e+02 5.1179948e-03
3.9700000e+02 1.0570154e-04
3.9800000e+02 2.5734549e-03
3.9900000e+02 2.5585682e-03
4.0000000e+02 0.0000000e+00
4.0100000e+02 0.0000000e+00
4.0200000e+02 7.6517927e-03
4.0300000e+02 0.0000000e+00
4.0400000e+02 0.0000000e+00
4.0500000e+02 0.0000000e+00
4.0600000e+02 1.8244011e-04
4.0700000e+02 0.0000000e+00
4.0800000e+02 0.0000000e+00
4.0900000e+02 2.5080594e-03
4.1000000e+02 2.6501876e-03
4.1100000e+02 0.0000000e+00
4.1200000e+02 2.5476411e-03
4.1300000e+02 5.1304864e-03
4.1400000e+02 0.0000000e+00
4.1500000e+02 2.5535202e-03
4.1600000e+02 0.0000000e+00
4.1700000e+02 0.0000000e+00
4.1800000e+02 0.0000000e+00
4.1900000e+02 0.0000000e+00
4.2000000e+02 0.0000000e+00
4.2100000e+02 2.6501876e-03
4.2200000e+02 2.6501876e-03
4.2300000e+02 0.0000000e+00
4.2400000e+02 5.0598112e-03
4.2500000e+02 2.5778954e-03
4.2600000e+02 0.0000000e+00
4.2700000e+02 2.6501876e-03
4.2800000e+02 0.0000000e+00
4.2900000e+02 0.0000000e+00
4.3000000e+02 9.2394491e-05
4.3100000e+02 0.0000000e+00
4.3200000e+02 2.6501876e-03
4.3300000e+02 5.1238633e-03
4.3400000e+02 2.5615879e-03
4.3500000e+02 0.0000000e+00
4.3600000e+02 0.0000000e+00
4.3700000e+02 0.0000000e+00
4.3800000e+02 9.7906032e-05
4.3900000e+02 0.0000000e+00
4.4000000e+02 0.0000000e+00
4.4100000e+02 2.6501876e-03
4.4200000e+02 0.0000000e+00
4.4300000e+02 0.0000000e+00
4.4400000e+02 0.0000000e+00
4.4500000e+02 0.0000000e+00
4.4600000e+02 0.0000000e+00
4.4700000e+02 0.0000000e+00
4.4800000e+02 0.0000000e+00
4.4900000e+02 2.5870929e-03
4.5000000e+02 0.0000000e+00
4.5100000e+02 9.2540141e-05
4.5200000e+02 0.0000000e+00
4.5300000e+02 0.0000000e+00
4.5400000e+02 0.0000000e+00
4.5500000e+02 2.4990711e-03
4.5600000e+02 2.4607454e-03
4.5700000e+02 0.0000000e+00
4.5800000e+02 9.3156794e-05
4.5900000e+02 0.0000000e+00
4.6000000e+02 9.4392830e-05
4.6100000e+02 0.0000000e+00
4.6200000e+02 2.5932089e-03
4.6300000e+02 0.0000000e+00
4.6400000e+02 0.0000000e+00
4.6500000e+02 0.0000000e+00
4.6600000e+02 0.0000000e+00
4.6700000e+02 2.5846863e-03
4.6800000e+02 0.0000000e+00
4.6900000e+02 0.0000000e+00
4.7000000e+02 0.0000000e+00
4.7100000e+02 2.7758610e-03
4.7200000e+02 5.4083335e-03
4.7300000e+02 1.6080397e-02
4.7400000e+02 3.4534332e-02
4.7500000e+02 6.0954316e-02
4.7600000e+02 1.0614850e-01
4.7700000e+02 1.8061241e-01
4.7800000e+02 2.7871762e-01
4.7900000e+02 3.9043080e-01
4.8000000e+02 5.1533155e-01
4.8100000e+02 6.2368524e-01
4.8200000e+02 6.8227864e-01
4.8300000e+02 7.3256302e-01
4.8400000e+02 7.8501677e-01
4.8500000e+02 8.2434059e-01
4.8600000e+02 8.3845001e-01
4.8700000e+02 8.4708763e-01
4.8800000e+02 8.9385997e-01
4.8900000e+02 8.8889968e-01
4.9000000e+02 9.4926952e-01
4.9100000e+02 9.4728293e-01
4.9200000e+02 9.8162738e-01
4.9300000e+02 9.7616986e-01
4.9400000e+02 9.8178687e-01
4.9500000e+02 9.8821777e-01
4.9600000e+02 9.8689749e-01
4.9700000e+02 1.0000000e+00
4.9800000e+02 9.8331383e-01
4.9900000e+02 9.5025048e-01
5.0000000e+02 9.4675660e-01
5.0100000e+02 8.3047707e-01
5.0200000e+02 7.6133275e-01
5.0300000e+02 5.9130766e-01
5.0400000e+02 4.5349353e-01
5.0500000e+02 3.2563338e-01
5.0600000e+02 2.1936857e-01
5.0700000e+02 1.4276845e-01
5.0800000e+02 8.2002366e-02
5.0900000e+02 5.2943759e-02
5.1000000e+02 3.4407052e-02
5.1100000e+02 2.3698538e-02
5.1200000e+02 1.0600751e-02
5.1300000e+02 1.0548714e-02
5.1400000e+02 2.6501876e-03
5.1500000e+02 5.3003753e-03
5.1600000e+02 2.5820543e-03
5.1700000e+02 6.0584954e-05
5.1800000e+02 0.0000000e+00
5.1900000e+02 5.2010460e-03
5.2000000e+02 0.0000000e+00
5.2100000e+02 0.0000000e+00
5.2200000e+02 0.0000000e+00
5.2300000e+02 4.0509664e-05
5.2400000e+02 2.6092198e-03
5.2500000e+02 0.0000000e+00
5.2600000e+02 0.0000000e+00
5.2700000e+02 0.0000000e+00
5.2800000e+02 0.0000000e+00
5.2900000e+02 0.0000000e+00
5.3000000e+02 0.0000000e+00
5.3100000e+02 5.2366436e-03
5.3200000e+02 0.0000000e+00
5.3300000e+02 0.0000000e+00
5.3400000e+02 0.0000000e+00
5.3500000e+02 0.0000000e+00
5.3600000e+02 0.0000000e+00
5.3700000e+02 0.0000000e+00
5.3800000e+02 0.0000000e+00
5.3900000e+02 0.0000000e+00
5.4000000e+02 0.0000000e+00
5.4100000e+02 0.0000000e+00
5.4200000e+02 0.0000000e+00
5.4300000e+02 4.4546587e-05
5.4400000e+02 2.6274365e-03
5.4500000e+02 2.5058552e-03
5.4600000e+02 0.0000000e+00
5.4700000e+02 5.5224462e-05
5.4800000e+02 2.6100512e-03
5.4900000e+02 2.4667973e-05
5.5000000e+02 0.0000000e+00
5.5100000e+02 2.6072076e-03
5.5200000e+02 0.0000000e+00
5.5300000e+02 0.0000000e+00
5.5400000e+02 2.5941195e-03
5.5500000e+02 0.0000000e+00
5.5600000e+02 0.0000000e+00
5.5700000e+02 0.0000000e+00
5.5800000e+02 2.6173892e-03
5.5900000e+02 5.2410161e-03
5.6000000e+02 0.0000000e+00
5.6100000e+02 0.0000000e+00
5.6200000e+02 0.0000000e+00
5.6300000e+02 0.0000000e+00
5.6400000e+02 0.0000000e+00
5.6500000e+02 0.0000000e+00
5.6600000e+02 2.6501876e-03
5.6700000e+02 5.0514448e-05
5.6800000e+02 2.6356250e-03
5.6900000e+02 2.3840369e-05
5.7000000e+02 2.6161043e-03
5.7100000e+02 0.0000000e+00
5.7200000e+02 0.0000000e+00
5.7300000e+02 2.6218394e-03
5.7400000e+02 2.6057744e-03
5.7500000e+02 0.0000000e+00
5.7600000e+02 0.0000000e+00
5.7700000e+02 2.6380431e-03
5.7800000e+02 3.2461060e-05
5.7900000e+02 0.0000000e+00
5.8000000e+02 0.0000000e+00
5.8100000e+02 0.0000000e+00
5.8200000e+02 2.6102835e-03
5.8300000e+02 0.0000000e+00
5.8400000e+02 0.0000000e+00
5.8500000e+02 3.7019272e-05
5.8600000e+02 0.0000000e+00
5.8700000e+02 0.0000000e+00
5.8800000e+02 0.0000000e+00
5.8900000e+02 0.0000000e+00
5.9000000e+02 2.6501876e-03
5.9100000e+02 0.0000000e+00
5.9200000e+02 0.0000000e+00
5.9300000e+02 0.0000000e+00
5.9400000e+02 1.0874500e-05
5.9500000e+02 0.0000000e+00
5.9600000e+02 0.0000000e+00
5.9700000e+02 0.0000000e+00
5.9800000e+02 0.0000000e+00
5.9900000e+02 2.6317672e-03
6.0000000e+02 2.4178307e-05
6.0100000e+02 2.5891906e-03
6.0200000e+02 0.0000000e+00
6.0300000e+02 0.0000000e+00
6.0400000e+02 2.6358135e-03
6.0500000e+02 0.0000000e+00
6.0600000e+02 2.8094355e-06
6.0700000e+02 0.0000000e+00
6.0800000e+02 2.6232499e-03
6.0900000e+02 2.2807084e-06
6.1000000e+02 2.6291253e-03
6.1100000e+02 0.0000000e+00
6.1200000e+02 3.9117653e-05
6.1300000e+02 2.7573104e-06
6.1400000e+02 2.6267221e-03
6.1500000e+02 5.2954048e-03
6.1600000e+02 2.6501876e-03
6.1700000e+02 5.2825335e-03
6.1800000e+02 2.6536887e-03
6.1900000e+02 2.6577005e-03
6.2000000e+02 2.4815939e-05
6.2100000e+02 2.6346077e-03
6.2200000e+02 7.3344561e-06
6.2300000e+02 2.6498363e-03
6.2400000e+02 0.0000000e+00
6.2500000e+02 0.0000000e+00
6.2600000e+02 0.0000000e+00
6.2700000e+02 0.0000000e+00
6.2800000e+02 1.0364482e-05
6.2900000e+02 0.0000000e+00
6.3000000e+02 0.0000000e+00
6.3100000e+02 0.0000000e+00
6.3200000e+02 0.0000000e+00
6.3300000e+02 0.0000000e+00
6.3400000e+02 0.0000000e+00
6.3500000e+02 1.0580254e-05
6.3600000e+02 0.0000000e+00
6.3700000e+02 1.5285216e-05
6.3800000e+02 1.3437010e-05
6.3900000e+02 0.0000000e+00
6.4000000e+02 2.6274568e-03
6.4100000e+02 0.0000000e+00
6.4200000e+02 0.0000000e+00
6.4300000e+02 0.0000000e+00
6.4400000e+02 0.0000000e+00
6.4500000e+02 0.0000000e+00
6.4600000e+02 0.0000000e+00
6.4700000e+02 2.6501876e-03
6.4800000e+02 0.0000000e+00
6.4900000e+02 0.0000000e+00
6.5000000e+02 0.0000000e+00
6.5100000e+02 0.0000000e+00
6.5200000e+02 2.6466618e-03
6.5300000e+02 0.0000000e+00
6.5400000e+02 0.0000000e+00
6.5500000e+02 1.0196895e-05
6.5600000e+02 0.0000000e+00
6.5700000e+02 1.1512236e-05
6.5800000e+02 0.0000000e+00
6.5900000e+02 7.6968758e-06
6.6000000e+02 0.0000000e+00
6.6100000e+02 0.0000000e+00
6.6200000e+02 0.0000000e+00
6.6300000e+02 2.3355219e-05
6.6400000e+02 2.6501876e-03
6.6500000e+02 4.6802475e-07
6.6600000e+02 2.9160454e-05
6.6700000e+02 0.0000000e+00
6.6800000e+02 2.6501876e-03
6.6900000e+02 2.2801266e-05
6.7000000e+02 0.0000000e+00
6.7100000e+02 0.0000000e+00
6.7200000e+02 2.6501876e-03
6.7300000e+02 1.8613572e-05
6.7400000e+02 3.4331782e-05
6.7500000e+02 0.0000000e+00
6.7600000e+02 0.0000000e+00
6.7700000e+02 0.0000000e+00
6.7800000e+02 0.0000000e+00
6.7900000e+02 0.0000000e+00
6.8000000e+02 2.6342323e-03
6.8100000e+02 2.6277245e-03
6.8200000e+02 0.0000000e+00
6.8300000e+02 2.6217353e-03
6.8400000e+02 2.6501876e-03
6.8500000e+02 0.0000000e+00
6.8600000e+02 0.0000000e+00
6.8700000e+02 0.0000000e+00
6.8800000e+02 0.0000000e+00
6.8900000e+02 0.0000000e+00
6.9000000e+02 0.0000000e+00
6.9100000e+02 0.0000000e+00
6.9200000e+02 0.0000000e+00
6.9300000e+02 2.6018586e-03
6.9400000e+02 2.6181082e-03
6.9500000e+02 0.0000000e+00
6.9600000e+02 2.6114622e-03
6.9700000e+02 0.0000000e+00
6.9800000e+02 2.5723147e-03
6.9900000e+02 1.5288178e-05
7.0000000e+02 0.0000000e+00
7.0100000e+02 0.0000000e+00
7.0200000e+02 2.6310690e-03
7.0300000e+02 0.0000000e+00
7.0400000e+02 0.0000000e+00
7.0500000e+02 2.5494508e-03
7.0600000e+02 0.0000000e+00
7.0700000e+02 0.0000000e+00
7.0800000e+02 2.6267995e-03
7.0900000e+02 0.0000000e+00
7.1000000e+02 0.0000000e+00
7.1100000e+02 0.0000000e+00
7.1200000e+02 2.6288471e-03
7.1300000e+02 0.0000000e+00
7.1400000e+02 5.2318886e-05
7.1500000e+02 5.1697516e-03
7.1600000e+02 0.0000000e+00
7.1700000e+02 0.0000000e+00
7.1800000e+02 2.5998489e-03
7.1900000e+02 2.5800181e-03
7.2000000e+02 1.7608162e-05
7.2100000e+02 0.0000000e+00
7.2200000e+02 0.0000000e+00
7.2300000e+02 4.1535255e-05
7.2400000e+02 0.0000000e+00
7.2500000e+02 0.0000000e+00
7.2600000e+02 0.0000000e+00
7.2700000e+02 2.6501876e-03
7.2800000e+02 2.5885202e-03
7.2900000e+02 0.0000000e+00
7.3000000e+02 0.0000000e+00
7.3100000e+02 2.6501876e-03
7.3200000e+02 0.0000000e+00
7.3300000e+02 0.0000000e+00
7.3400000e+02 5.1788355e-03
7.3500000e+02 2.5312926e-03
7.3600000e+02 5.6274881e-05
7.3700000e+02 0.0000000e+00
7.3800000e+02 2.6501876e-03
7.3900000e+02 0.0000000e+00
7.4000000e+02 5.2744772e-03
7.4100000e+02 2.6501876e-03
7.4200000e+02 0.0000000e+00
7.4300000e+02 2.5820199e-03
7.4400000e+02 0.0000000e+00
7.4500000e+02 2.6176618e-03
7.4600000e+02 0.0000000e+00
7.4700000e+02 0.0000000e+00
7.4800000e+02 2.6031833e-03
7.4900000e+02 0.0000000e+00
7.5000000e+02 2.6178280e-03
7.5100000e+02 0.0000000e+00
7.5200000e+02 0.0000000e+00
7.5300000e+02 6.1306772e-05
7.5400000e+02 2.5825500e-03
7.5500000e+02 5.1587592e-03
7.5600000e+02 2.5039915e-03
7.5700000e+02 2.5024864e-03
7.5800000e+02 2.7223135e-03
7.5900000e+02 0.0000000e+00
7.6000000e+02 0.0000000e+00
7.6100000e+02 0.0000000e+00
7.6200000e+02 4.6519259e-05
7.6300000e+02 0.0000000e+00
7.6400000e+02 0.0000000e+00
7.6500000e+02 2.6010371e-03
7.6600000e+02 0.0000000e+00
7.6700000e+02 0.0000000e+00
7.6800000e+02 0.0000000e+00
7.6900000e+02 5.1939253e-03
7.7000000e+02 0.0000000e+00
7.7100000e+02 0.0000000e+00
7.7200000e+02 0.0000000e+00
7.7300000e+02 2.7174387e-03
7.7400000e+02 0.0000000e+00
7.7500000e+02 0.0000000e+00
7.7600000e+02 2.6016446e-03
7.7700000e+02 0.0000000e+00
7.7800000e+02 0.0000000e+00
7.7900000e+02 0.0000000e+00
7.8000000e+02 2.5999562e-03
7.8100000e+02 0.0000000e+00
7.8200000e+02 2.6501876e-03
7.8300000e+02 0.0000000e+00
7.8400000e+02 0.0000000e+00
7.8500000e+02 4.9268415e-05
7.8600000e+02 2.6501876e-03
7.8700000e+02 5.8459391e-05
7.8800000e+02 0.0000000e+00
7.8900000e+02 6.0992681e-05
7.9000000e+02 2.5694752e-03
7.9100000e+02 5.1349522e-03
7.9200000e+02 2.5796583e-03
7.9300000e+02 0.0000000e+00
7.9400000e+02 5.3039177e-05
7.9500000e+02 0.0000000e+00
7.9600000e+02 6.6828356e-05
7.9700000e+02 2.5775862e-03
7.9800000e+02 7.4607285e-05
7.9900000e+02 0.0000000e+00
8.0000000e+02 0.0000000e+00
8.0100000e+02 7.0078024e-05
8.0200000e+02 0.0000000e+00
8.0300000e+02 0.0000000e+00
8.0400000e+02 0.0000000e+00
8.0500000e+02 7.5260631e-05
8.0600000e+02 0.0000000e+00
8.0700000e+02 0.0000000e+00
8.0800000e+02 0.0000000e+00
8.0900000e+02 0.0000000e+00
8.1000000e+02 6.6355555e-05
8.1100000e+02 0.0000000e+00
8.1200000e+02 1.1301698e-04
8.1300000e+02 2.6501876e-03
8.1400000e+02 0.0000000e+00
8.1500000e+02 8.5679610e-05
8.1600000e+02 0.0000000e+00
8.1700000e+02 2.4608657e-03
8.1800000e+02 2.6501876e-03
8.1900000e+02 0.0000000e+00
8.2000000e+02 0.0000000e+00
8.2100000e+02 2.6501876e-03
8.2200000e+02 0.0000000e+00
8.2300000e+02 0.0000000e+00
8.2400000e+02 0.0000000e+00
8.2500000e+02 2.5621770e-03
8.2600000e+02 0.0000000e+00
8.2700000e+02 0.0000000e+00
8.2800000e+02 7.5333055e-05
8.2900000e+02 2.5557389e-03
8.3000000e+02 0.0000000e+00
8.3100000e+02 2.5668649e-03
8.3200000e+02 9.5911614e-05
8.3300000e+02 0.0000000e+00
8.3400000e+02 2.5044309e-03
8.3500000e+02 0.0000000e+00
8.3600000e+02 0.0000000e+00
8.3700000e+02 0.0000000e+00
8.3800000e+02 0.0000000e+00
8.3900000e+02 0.0000000e+00
8.4000000e+02 0.0000000e+00
8.4100000e+02 0.0000000e+00
8.4200000e+02 2.4656613e-03
8.4300000e+02 0.0000000e+00
8.4400000e+02 0.0000000e+00
8.4500000e+02 0.0000000e+00
8.4600000e+02 0.0000000e+00
8.4700000e+02 0.0000000e+00
8.4800000e+02 2.6501876e-03
8.4900000e+02 0.0000000e+00
8.5000000e+02 0.0000000e+00
8.5100000e+02 2.4578750e-03
8.5200000e+02 2.5462120e-03
8.5300000e+02 0.0000000e+00
8.5400000e+02 0.0000000e+00
8.5500000e+02 7.1308746e-05
8.5600000e+02 1.0826782e-04
8.5700000e+02 0.0000000e+00
8.5800000e+02 0.0000000e+00
8.5900000e+02 0.0000000e+00
8.6000000e+02 0.0000000e+00
8.6100000e+02 1.0411792e-04
8.6200000e+02 0.0000000e+00
8.6300000e+02 1.0945878e-04
8.6400000e+02 0.0000000e+00
8.6500000e+02 2.4405985e-03
8.6600000e+02 8.1682072e-05
8.6700000e+02 0.0000000e+00
8.6800000e+02 4.9945216e-03
8.6900000e+02 2.6501876e-03
8.7000000e+02 0.0000000e+00
8.7100000e+02 2.5734346e-03
8.7200000e+02 2.5741228e-03
8.7300000e+02 0.0000000e+00
8.7400000e+02 0.0000000e+00
8.7500000e+02 0.0000000e+00
8.7600000e+02 1.8854571e-04
8.7700000e+02 5.0536711e-03
8.7800000e+02 0.0000000e+00
8.7900000e+02 9.1154438e-05
8.8000000e+02 0.0000000e+00
8.8100000e+02 9.1439217e-05
8.8200000e+02 2.5450493e-03
8.8300000e+02 2.5694531e-03
8.8400000e+02 0.0000000e+00
8.8500000e+02 0.0000000e+00
8.8600000e+02 0.0000000e+00
8.8700000e+02 0.0000000e+00
8.8800000e+02 0.0000000e+00
8.8900000e+02 2.5436435e-03
8.9000000e+02 0.0000000e+00
8.9100000e+02 0.0000000e+00
8.9200000e+02 0.0000000e+00
8.9300000e+02 0.0000000e+00
8.9400000e+02 0.0000000e+00
8.9500000e+02 0.0000000e+00
8.9600000e+02 0.0000000e+00
8.9700000e+02 0.0000000e+00
8.9800000e+02 2.6501876e-03
8.9900000e+02 2.5380879e-03
9.0000000e+02 2.4792336e-03
9.0100000e+02 0.0000000e+00
9.0200000e+02 2.6501876e-03
9.0300000e+02 9.8770325e-05
9.0400000e+02 0.0000000e+00
9.0500000e+02 0.0000000e+00
9.0600000e+02 2.4694279e-03
9.0700000e+02 2.5666216e-03
9.0800000e+02 0.0000000e+00
9.0900000e+02 0.0000000e+00
9.1000000e+02 0.0000000e+00
9.1100000e+02 0.0000000e+00
9.1200000e+02 0.0000000e+00
9.1300000e+02 0.0000000e+00
9.1400000e+02 2.4260116e-03
9.1500000e+02 1.7060122e-04
9.1600000e+02 9.4030538e-05
9.1700000e+02 0.0000000e+00
9.1800000e+02 2.6501876e-03
9.1900000e+02 1.0173402e-04
9.2000000e+02 9.9994148e-05
9.2100000e+02 0.0000000e+00
9.2200000e+02 0.0000000e+00
9.2300000e+02 0.0000000e+00
9.2400000e+02 0.0000000e+00
9.2500000e+02 0.0000000e+00
9.2600000e+02 1.0490549e-04
9.2700000e+02 5.0581860e-03
9.2800000e+02 9.7578094e-05
9.2900000e+02 0.0000000e+00
9.3000000e+02 2.5297159e-03
9.3100000e+02 0.0000000e+00
9.3200000e+02 9.1309090e-05
9.3300000e+02 0.0000000e+00
9.3400000e+02 0.0000000e+00
9.3500000e+02 0.0000000e+00
9.3600000e+02 0.0000000e+00
9.3700000e+02 2.5402213e-03
9.3800000e+02 0.0000000e+00
9.3900000e+02 1.1810870e-04
9.4000000e+02 0.0000000e+00
9.4100000e+02 0.0000000e+00
9.4200000e+02 0.0000000e+00
9.4300000e+02 0.0000000e+00
9.4400000e+02 0.0000000e+00
9.4500000e+02 0.0000000e+00
9.4600000e+02 0.0000000e+00
9.4700000e+02 0.0000000e+00
9.4800000e+02 0.0000000e+00
9.4900000e+02 0.0000000e+00
9.5000000e+02 2.7646649e-03
9.5100000e+02 0.0000000e+00
9.5200000e+02 0.0000000e+00
9.5300000e+02 0.0000000e+00
9.5400000e+02 0.0000000e+00
9.5500000e+02 0.0000000e+00
9.5600000e+02 2.4000004e-03
9.5700000e+02 2.6501876e-03
9.5800000e+02 5.0918018e-03
9.5900000e+02 5.0783672e-03
9.6000000e+02 1.1335742e-04
9.6100000e+02 0.0000000e+00
9.6200000e+02 0.0000000e+00
9.6300000e+02 0.0000000e+00
9.6400000e+02 0.0000000e+00
9.6500000e+02 0.0000000e+00
9.6600000e+02 0.0000000e+00
9.6700000e+02 0.0000000e+00
9.6800000e+02 0.0000000e+00
9.6900000e+02 0.0000000e+00
9.7000000e+02 0.0000000e+00
9.7100000e+02 0.0000000e+00
9.7200000e+02 0.0000000e+00
9.7300000e+02 0.0000000e+00
9.7400000e+02 0.0000000e+00
9.7500000e+02 0.0000000e+00
9.7600000e+02 0.0000000e+00
9.7700000e+02 0.0000000e+00
9.7800000e+02 0.0000000e+00
9.7900000e+02 0.0000000e+00
9.8000000e+02 0.0000000e+00
9.8100000e+02 0.0000000e+00
9.8200000e+02 0.0000000e+00
9.8300000e+02 0.0000000e+00
9.8400000e+02 0.0000000e+00
9.8500000e+02 0.0000000e+00
9.8600000e+02 0.0000000e+00
9.8700000e+02 0.0000000e+00
9.8800000e+02 0.0000000e+00
9.8900000e+02 0.0000000e+00
9.9000000e+02 0.0000000e+00
9.9100000e+02 0.0000000e+00
9.9200000e+02 0.0000000e+00
9.9300000e+02 0.0000000e+00
9.9400000e+02 0.0000000e+00
9.9500000e+02 0.0000000e+00
9.9600000e+02 0.0000000e+00
9.9700000e+02 0.0000000e+00
9.9800000e+02 0.0000000e+00
9.9900000e+02 0.0000000e+00
1.0000000e+03 0.0000000e+00
1.0010000e+03 0.0000000e+00
1.0020000e+03 0.0000000e+00
1.0030000e+03 0.0000000e+00
1.0040000e+03 0.0000000e+00
1.0050000e+03 0.0000000e+00
1.0060000e+03 0.0000000e+00
1.0070000e+03 0.0000000e+00
1.0080000e+03 0.0000000e+00
1.0090000e+03 0.0000000e+00
1.0100000e+03 0.0000000e+00
1.0110000e+03 0.0000000e+00
1.0120000e+03 2.5345718e-03
1.0130000e+03 2.5440686e-03
1.0140000e+03 0.0000000e+00
1.0150000e+03 0.0000000e+00
1.0160000e+03 0.0000000e+00
1.0170000e+03 0.0000000e+00
1.0180000e+03 1.1599143e-04
1.0190000e+03 1.2302847e-04
1.0200000e+03 0.0000000e+00
1.0210000e+03 2.5225367e-03
1.0220000e+03 0.0000000e+00
1.0230000e+03 0.0000000e+00
1.0240000e+03 0.0000000e+00
1.0250000e+03 9.6253303e-05
1.0260000e+03 0.0000000e+00
1.0270000e+03 0.0000000e+00
1.0280000e+03 5.3003753e-03
1.0290000e+03 0.0000000e+00
1.0300000e+03 0.0000000e+00
1.0310000e+03 0.0000000e+00
1.0320000e+03 9.4175166e-05
1.0330000e+03 1.2549480e-04
1.0340000e+03 1.2145869e-04
1.0350000e+03 2.5384160e-03
1.0360000e+03 2.5525265e-03
1.0370000e+03 0.0000000e+00
1.0380000e+03 0.0000000e+00
1.0390000e+03 0.0000000e+00
1.0400000e+03 2.5342694e-03
1.0410000e+03 1.2271685e-04
1.0420000e+03 0.0000000e+00
1.0430000e+03 0.0000000e+00
1.0440000e+03 0.0000000e+00
1.0450000e+03 0.0000000e+00
1.0460000e+03 0.0000000e+00
1.0470000e+03 0.0000000e+00
1.0480000e+03 0.0000000e+00
1.0490000e+03 0.0000000e+00
1.0500000e+03 0.0000000e+00
1.0510000e+03 2.5569402e-03
1.0520000e+03 9.7272267e-05
1.0530000e+03 0.0000000e+00
1.0540000e+03 2.5575723e-03
1.0550000e+03 0.0000000e+00
1.0560000e+03 2.5406529e-03
1.0570000e+03 0.0000000e+00
1.0580000e+03 2.4255338e-03
1.0590000e+03 0.0000000e+00
1.0600000e+03 0.0000000e+00
1.0610000e+03 0.0000000e+00
1.0620000e+03 0.0000000e+00
1.0630000e+03 0.0000000e+00
1.0640000e+03 2.4393060e-03
1.0650000e+03 2.6501876e-03
1.0660000e+03 0.0000000e+00
1.0670000e+03 0.0000000e+00
1.0680000e+03 1.1947072e-04
1.0690000e+03 0.0000000e+00
1.0700000e+03 2.5450806e-03
1.0710000e+03 2.5395737e-03
1.0720000e+03 1.1290310e-04
1.0730000e+03 1.1007531e-04
1.0740000e+03 0.0000000e+00
1.0750000e+03 2.6501876e-03
1.0760000e+03 0.0000000e+00
1.0770000e+03 0.0000000e+00
1.0780000e+03 2.6501876e-03
1.0790000e+03 0.0000000e+00
1.0800000e+03 2.5519239e-03
1.0810000e+03 9.8986066e-05
1.0820000e+03 2.6501876e-03
1.0830000e+03 2.6501876e-03
1.0840000e+03 2.5309393e-03
1.0850000e+03 0.0000000e+00
1.0860000e+03 0.0000000e+00
1.0870000e+03 0.0000000e+00
1.0880000e+03 0.0000000e+00
1.0890000e+03 8.9531792e-05
1.0900000e+03 0.0000000e+00
1.0910000e+03 2.5566541e-03
1.0920000e+03 2.5607955e-03
1.0930000e+03 0.0000000e+00
1.0940000e+03 0.0000000e+00
1.0950000e+03 0.0000000e+00
1.0960000e+03 2.5483969e-03
1.0970000e+03 0.0000000e+00
1.0980000e+03 2.4805109e-03
1.0990000e+03 8.8083300e-05
1.1000000e+03 2.6501876e-03
