3.8000000e+02 8.8219263e-04
3.8100000e+02 3.2001887e-04
3.8200000e+02 9.6899375e-04
3.8300000e+02 0.0000000e+00
3.8400000e+02 0.0000000e+00
3.8500000e+02 0.0000000e+00
3.8600000e+02 0.0000000e+00
3.8700000e+02 0.0000000e+00
3.8800000e+02 0.0000000e+00
3.8900000e+02 8.9411248e-04
3.9000000e+02 0.0000000e+00
3.9100000e+02 0.0000000e+00
3.9200000e+02 9.3673769e-04
3.9300000e+02 0.0000000e+00
3.9400000e+02 0.0000000e+00
3.9500000e+02 0.0000000e+00
3.9600000e+02 0.0000000e+00
3.9700000e+02 0.0000000e+00
3.9800000e+02 9.4093778e-04
3.9900000e+02 0.0000000e+00
4.0000000e+02 3.9852395e-05
4.0100000e+02 6.0232440e-05
4.0200000e+02 0.0000000e+00
4.0300000e+02 0.0000000e+00
4.0400000e+02 0.0000000e+00
4.0500000e+02 9.6899375e-04
4.0600000e+02 0.0000000e+00
4.0700000e+02 0.0000000e+00
4.0800000e+02 0.0000000e+00
4.0900000e+02 0.0000000e+00
4.1000000e+02 0.0000000e+00
4.1100000e+02 0.0000000e+00
4.1200000e+02 0.0000000e+00
4.1300000e+02 3.1058424e-05
4.1400000e+02 0.0000000e+00
4.1500000e+02 0.0000000e+00
4.1600000e+02 5.9455078e-05
4.1700000e+02 9.1914557e-04
4.1800000e+02 0.0000000e+00
4.1900000e+02 0.0000000e+00
4.2000000e+02 0.0000000e+00
4.2100000e+02 0.0000000e+00
4.2200000e+02 0.0000000e+00
4.2300000e+02 6.4724128e-05
4.2400000e+02 0.0000000e+00
4.2500000e+02 0.0000000e+00
4.2600000e+02 2.4398997e-05
4.2700000e+02 0.0000000e+00
4.2800000e+02 0.0000000e+00
4.2900000e+02 0.0000000e+00
4.3000000e+02 0.0000000e+00
4.3100000e+02 0.0000000e+00
4.3200000e+02 9.6899375e-04
4.3300000e+02 9.3672452e-04
4.3400000e+02 0.0000000e+00
4.3500000e+02 0.0000000e+00
4.3600000e+02 0.0000000e+00
4.3700000e+02 0.0000000e+00
4.3800000e+02 3.5797591e-05
4.3900000e+02 9.6899375e-04
4.4000000e+02 0.0000000e+00
4.4100000e+02 0.0000000e+00
4.4200000e+02 0.0000000e+00
4.4300000e+02 0.0000000e+00
4.4400000e+02 9.3449176e-04
4.4500000e+02 0.0000000e+00
4.4600000e+02 0.0000000e+00
4.4700000e+02 0.0000000e+00
4.4800000e+02 9.3485150e-04
4.4900000e+02 0.0000000e+00
4.5000000e+02 9.4046978e-04
4.5100000e+02 0.0000000e+00
4.5200000e+02 0.0000000e+00
4.5300000e+02 9.3870149e-04
4.5400000e+02 9.2820691e-04
4.5500000e+02 0.0000000e+00
4.5600000e+02 0.0000000e+00
4.5700000e+02 0.0000000e+00
4.5800000e+02 0.0000000e+00
4.5900000e+02 0.0000000e+00
4.6000000e+02 8.9996765e-04
4.6100000e+02 2.7780257e-05
4.6200000e+02 9.6899375e-04
4.6300000e+02 1.8778784e-03
4.6400000e+02 0.0000000e+00
4.6500000e+02 9.0044013e-04
4.6600000e+02 0.0000000e+00
4.6700000e+02 0.0000000e+00
4.6800000e+02 0.0000000e+00
4.6900000e+02 0.0000000e+00
4.7000000e+02 0.0000000e+00
4.7100000e+02 0.0000000e+00
4.7200000e+02 0.0000000e+00
4.7300000e+02 0.0000000e+00
4.7400000e+02 0.0000000e+00
4.7500000e+02 0.0000000e+00
4.7600000e+02 2.5776764e-05
4.7700000e+02 0.0000000e+00
4.7800000e+02 0.0000000e+00
4.7900000e+02 1.9379875e-03
4.8000000e+02 0.0000000e+00
4.8100000e+02 0.0000000e+00
4.8200000e+02 0.0000000e+00
4.8300000e+02 0.0000000e+00
4.8400000e+02 0.0000000e+00
4.8500000e+02 2.4174331e-05
4.8600000e+02 0.0000000e+00
4.8700000e+02 0.0000000e+00
4.8800000e+02 0.0000000e+00
4.8900000e+02 0.0000000e+00
4.9000000e+02 0.0000000e+00
4.9100000e+02 0.0000000e+00
4.9200000e+02 2.7630015e-05
4.9300000e+02 0.0000000e+00
4.9400000e+02 0.0000000e+00
4.9500000e+02 0.0000000e+00
4.9600000e+02 0.0000000e+00
4.9700000e+02 6.0278376e-05
4.9800000e+02 0.0000000e+00
4.9900000e+02 0.0000000e+00
5.0000000e+02 0.0000000e+00
5.0100000e+02 0.0000000e+00
5.0200000e+02 0.0000000e+00
5.0300000e+02 0.0000000e+00
5.0400000e+02 0.0000000e+00
5.0500000e+02 0.0000000e+00
5.0600000e+02 0.0000000e+00
5.0700000e+02 0.0000000e+00
5.0800000e+02 0.0000000e+00
5.0900000e+02 0.0000000e+00
5.1000000e+02 9.5239853e-04
5.1100000e+02 0.0000000e+00
5.1200000e+02 9.2216449e-04
5.1300000e+02 0.0000000e+00
5.1400000e+02 1.5305750e-05
5.1500000e+02 0.0000000e+00
5.1600000e+02 0.0000000e+00
5.1700000e+02 2.2151806e-05
5.1800000e+02 0.0000000e+00
5.1900000e+02 9.3267579e-04
5.2000000e+02 0.0000000e+00
5.2100000e+02 1.5553315e-05
5.2200000e+02 9.5391491e-04
5.2300000e+02 0.0000000e+00
5.2400000e+02 0.0000000e+00
5.2500000e+02 0.0000000e+00
5.2600000e+02 0.0000000e+00
5.2700000e+02 0.0000000e+00
5.2800000e+02 0.0000000e+00
5.2900000e+02 9.4651118e-04
5.3000000e+02 9.2042824e-04
5.3100000e+02 0.0000000e+00
5.3200000e+02 0.0000000e+00
5.3300000e+02 0.0000000e+00
5.3400000e+02 9.4588313e-04
5.3500000e+02 1.1850013e-05
5.3600000e+02 0.0000000e+00
5.3700000e+02 0.0000000e+00
5.3800000e+02 0.0000000e+00
5.3900000e+02 0.0000000e+00
5.4000000e+02 0.0000000e+00
5.4100000e+02 0.0000000e+00
5.4200000e+02 0.0000000e+00
5.4300000e+02 0.0000000e+00
5.4400000e+02 8.3185567e-06
5.4500000e+02 0.0000000e+00
5.4600000e+02 9.5825843e-04
5.4700000e+02 0.0000000e+00
5.4800000e+02 0.0000000e+00
5.4900000e+02 9.0194037e-06
5.5000000e+02 0.0000000e+00
5.5100000e+02 0.0000000e+00
5.5200000e+02 0.0000000e+00
5.5300000e+02 9.6899375e-04
5.5400000e+02 9.6899375e-04
5.5500000e+02 0.0000000e+00
5.5600000e+02 0.0000000e+00
5.5700000e+02 0.0000000e+00
5.5800000e+02 0.0000000e+00
5.5900000e+02 0.0000000e+00
5.6000000e+02 0.0000000e+00
5.6100000e+02 0.0000000e+00
5.6200000e+02 0.0000000e+00
5.6300000e+02 0.0000000e+00
5.6400000e+02 1.1904557e-05
5.6500000e+02 9.4128568e-04
5.6600000e+02 0.0000000e+00
5.6700000e+02 0.0000000e+00
5.6800000e+02 0.0000000e+00
5.6900000e+02 0.0000000e+00
5.7000000e+02 0.0000000e+00
5.7100000e+02 0.0000000e+00
5.7200000e+02 0.0000000e+00
5.7300000e+02 0.0000000e+00
5.7400000e+02 9.3651591e-04
5.7500000e+02 0.0000000e+00
5.7600000e+02 9.5586772e-04
5.7700000e+02 0.0000000e+00
5.7800000e+02 0.0000000e+00
5.7900000e+02 0.0000000e+00
5.8000000e+02 0.0000000e+00
5.8100000e+02 0.0000000e+00
5.8200000e+02 0.0000000e+00
5.8300000e+02 0.0000000e+00
5.8400000e+02 2.6488368e-06
5.8500000e+02 9.5545832e-04
5.8600000e+02 0.0000000e+00
5.8700000e+02 0.0000000e+00
5.8800000e+02 6.6371827e-07
5.8900000e+02 0.0000000e+00
5.9000000e+02 0.0000000e+00
5.9100000e+02 0.0000000e+00
5.9200000e+02 6.1747526e-06
5.9300000e+02 0.0000000e+00
5.9400000e+02 0.0000000e+00
5.9500000e+02 9.6558037e-04
5.9600000e+02 0.0000000e+00
5.9700000e+02 0.0000000e+00
5.9800000e+02 0.0000000e+00
5.9900000e+02 0.0000000e+00
6.0000000e+02 0.0000000e+00
6.0100000e+02 0.0000000e+00
6.0200000e+02 0.0000000e+00
6.0300000e+02 0.0000000e+00
6.0400000e+02 0.0000000e+00
6.0500000e+02 9.4915995e-04
6.0600000e+02 0.0000000e+00
6.0700000e+02 0.0000000e+00
6.0800000e+02 0.0000000e+00
6.0900000e+02 9.6815985e-04
6.1000000e+02 0.0000000e+00
6.1100000e+02 2.3553336e-06
6.1200000e+02 0.0000000e+00
6.1300000e+02 5.0408064e-07
6.1400000e+02 0.0000000e+00
6.1500000e+02 0.0000000e+00
6.1600000e+02 0.0000000e+00
6.1700000e+02 0.0000000e+00
6.1800000e+02 9.6643353e-04
6.1900000e+02 0.0000000e+00
6.2000000e+02 9.5992025e-04
6.2100000e+02 0.0000000e+00
6.2200000e+02 0.0000000e+00
6.2300000e+02 0.0000000e+00
6.2400000e+02 0.0000000e+00
6.2500000e+02 3.8694968e-03
6.2600000e+02 5.8057799e-03
6.2700000e+02 9.6691368e-03
6.2800000e+02 1.1612767e-02
6.2900000e+02 1.8394172e-02
6.3000000e+02 2.9048793e-02
6.3100000e+02 4.2630186e-02
6.3200000e+02 6.5891575e-02
6.3300000e+02 9.8837363e-02
6.3400000e+02 1.4594938e-01
6.3500000e+02 2.1099306e-01
6.3600000e+02 2.8876856e-01
6.3700000e+02 3.9547240e-01
6.3800000e+02 5.2175212e-01
6.3900000e+02 6.7153553e-01
6.4000000e+02 7.8792980e-01
6.4100000e+02 8.6816186e-01
6.4200000e+02 9.2076258e-01
6.4300000e+02 9.7865214e-01
6.4400000e+02 9.8442053e-01
6.4500000e+02 1.0000000e+00
6.4600000e+02 9.8457355e-01
6.4700000e+02 9.6920072e-01
6.4800000e+02 9.6706241e-01
6.4900000e+02 9.4689904e-01
6.5000000e+02 9.4698525e-01
6.5100000e+02 9.2063963e-01
6.5200000e+02 9.1863960e-01
6.5300000e+02 9.2831043e-01
6.5400000e+02 9.3221546e-01
6.5500000e+02 9.2656682e-01
6.5600000e+02 8.9754306e-01
6.5700000e+02 8.3572721e-01
6.5800000e+02 7.2915683e-01
6.5900000e+02 5.8279864e-01
6.6000000e+02 4.3719144e-01
6.6100000e+02 3.1297979e-01
6.6200000e+02 2.2296672e-01
6.6300000e+02 1.4685604e-01
6.6400000e+02 1.0096296e-01
6.6500000e+02 7.2673847e-02
6.6600000e+02 5.0590253e-02
6.6700000e+02 3.4954502e-02
6.6800000e+02 2.6161611e-02
6.6900000e+02 2.0390553e-02
6.7000000e+02 1.4538768e-02
6.7100000e+02 9.7249500e-03
6.7200000e+02 8.7210067e-03
6.7300000e+02 5.8275740e-03
6.7400000e+02 3.9136334e-03
6.7500000e+02 2.9095923e-03
6.7600000e+02 3.8679381e-03
6.7700000e+02 1.9503291e-03
6.7800000e+02 2.9067298e-03
6.7900000e+02 1.9379875e-03
6.8000000e+02 9.7482755e-04
6.8100000e+02 1.6426499e-05
6.8200000e+02 0.0000000e+00
6.8300000e+02 0.0000000e+00
6.8400000e+02 2.0995190e-05
6.8500000e+02 9.6899375e-04
6.8600000e+02 0.0000000e+00
6.8700000e+02 0.0000000e+00
6.8800000e+02 1.9320940e-03
6.8900000e+02 9.6606888e-04
6.9000000e+02 0.0000000e+00
6.9100000e+02 0.0000000e+00
6.9200000e+02 0.0000000e+00
6.9300000e+02 0.0000000e+00
6.9400000e+02 0.0000000e+00
6.9500000e+02 9.5811556e-04
6.9600000e+02 1.4159276e-05
6.9700000e+02 9.6899375e-04
6.9800000e+02 0.0000000e+00
6.9900000e+02 5.5898492e-06
7.0000000e+02 9.5726466e-04
7.0100000e+02 9.5181967e-04
7.0200000e+02 9.7598416e-04
7.0300000e+02 9.5779804e-04
7.0400000e+02 2.9936049e-05
7.0500000e+02 9.5057743e-04
7.0600000e+02 1.9279112e-03
7.0700000e+02 2.8924790e-03
7.0800000e+02 2.9069813e-03
7.0900000e+02 3.8576254e-03
7.1000000e+02 3.8666187e-03
7.1100000e+02 4.8449688e-03
7.1200000e+02 3.8759750e-03
7.1300000e+02 3.8759750e-03
7.1400000e+02 3.8568456e-03
7.1500000e+02 1.9698277e-03
7.1600000e+02 3.6435800e-05
7.1700000e+02 1.9379875e-03
7.1800000e+02 1.9195820e-03
7.1900000e+02 2.5656253e-05
7.2000000e+02 6.4381100e-06
7.2100000e+02 4.7174613e-05
7.2200000e+02 0.0000000e+00
7.2300000e+02 0.0000000e+00
7.2400000e+02 9.6899375e-04
7.2500000e+02 1.2393221e-05
7.2600000e+02 9.5135614e-04
7.2700000e+02 0.0000000e+00
7.2800000e+02 1.1273804e-05
7.2900000e+02 1.4765078e-05
7.3000000e+02 0.0000000e+00
7.3100000e+02 0.0000000e+00
7.3200000e+02 0.0000000e+00
7.3300000e+02 0.0000000e+00
7.3400000e+02 0.0000000e+00
7.3500000e+02 0.0000000e+00
7.3600000e+02 0.0000000e+00
7.3700000e+02 0.0000000e+00
7.3800000e+02 0.0000000e+00
7.3900000e+02 0.0000000e+00
7.4000000e+02 9.4691744e-06
7.4100000e+02 0.0000000e+00
7.4200000e+02 0.0000000e+00
7.4300000e+02 2.4924308e-05
7.4400000e+02 0.0000000e+00
7.4500000e+02 1.1892493e-05
7.4600000e+02 9.6899375e-04
7.4700000e+02 0.0000000e+00
7.4800000e+02 1.7186286e-05
7.4900000e+02 0.0000000e+00
7.5000000e+02 0.0000000e+00
7.5100000e+02 0.0000000e+00
7.5200000e+02 9.6899375e-04
7.5300000e+02 9.2416230e-04
7.5400000e+02 0.0000000e+00
7.5500000e+02 0.0000000e+00
7.5600000e+02 0.0000000e+00
7.5700000e+02 0.0000000e+00
7.5800000e+02 0.0000000e+00
7.5900000e+02 0.0000000e+00
7.6000000e+02 0.0000000e+00
7.6100000e+02 2.0256396e-05
7.6200000e+02 0.0000000e+00
7.6300000e+02 0.0000000e+00
7.6400000e+02 4.7015735e-05
7.6500000e+02 9.3305172e-04
7.6600000e+02 0.0000000e+00
7.6700000e+02 1.9893569e-05
7.6800000e+02 0.0000000e+00
7.6900000e+02 0.0000000e+00
7.7000000e+02 9.4347928e-04
7.7100000e+02 0.0000000e+00
7.7200000e+02 0.0000000e+00
7.7300000e+02 0.0000000e+00
7.7400000e+02 0.0000000e+00
7.7500000e+02 0.0000000e+00
7.7600000e+02 9.5124484e-04
7.7700000e+02 0.0000000e+00
7.7800000e+02 9.4962972e-04
7.7900000e+02 0.0000000e+00
7.8000000e+02 0.0000000e+00
7.8100000e+02 0.0000000e+00
7.8200000e+02 0.0000000e+00
7.8300000e+02 0.0000000e+00
7.8400000e+02 0.0000000e+00
7.8500000e+02 9.3296552e-04
7.8600000e+02 0.0000000e+00
7.8700000e+02 0.0000000e+00
7.8800000e+02 0.0000000e+00
7.8900000e+02 0.0000000e+00
7.9000000e+02 0.0000000e+00
7.9100000e+02 0.0000000e+00
7.9200000e+02 1.8606242e-03
7.9300000e+02 0.0000000e+00
7.9400000e+02 9.4960093e-04
7.9500000e+02 9.4677208e-04
7.9600000e+02 0.0000000e+00
7.9700000e+02 0.0000000e+00
7.9800000e+02 0.0000000e+00
7.9900000e+02 9.4153861e-04
8.0000000e+02 0.0000000e+00
8.0100000e+02 0.0000000e+00
8.0200000e+02 0.0000000e+00
8.0300000e+02 0.0000000e+00
8.0400000e+02 0.0000000e+00
8.0500000e+02 2.7517705e-05
8.0600000e+02 0.0000000e+00
8.0700000e+02 9.3765307e-04
8.0800000e+02 1.8879565e-03
8.0900000e+02 0.0000000e+00
8.1000000e+02 0.0000000e+00
8.1100000e+02 0.0000000e+00
8.1200000e+02 0.0000000e+00
8.1300000e+02 0.0000000e+00
8.1400000e+02 0.0000000e+00
8.1500000e+02 0.0000000e+00
8.1600000e+02 0.0000000e+00
8.1700000e+02 0.0000000e+00
8.1800000e+02 8.9861842e-04
8.1900000e+02 3.5174022e-05
8.2000000e+02 0.0000000e+00
8.2100000e+02 0.0000000e+00
8.2200000e+02 0.0000000e+00
8.2300000e+02 1.8563316e-03
8.2400000e+02 9.2307831e-04
8.2500000e+02 0.0000000e+00
8.2600000e+02 0.0000000e+00
8.2700000e+02 0.0000000e+00
8.2800000e+02 0.0000000e+00
8.2900000e+02 0.0000000e+00
8.3000000e+02 0.0000000e+00
8.3100000e+02 0.0000000e+00
8.3200000e+02 0.0000000e+00
8.3300000e+02 0.0000000e+00
8.3400000e+02 0.0000000e+00
8.3500000e+02 2.8264554e-05
8.3600000e+02 0.0000000e+00
8.3700000e+02 0.0000000e+00
8.3800000e+02 0.0000000e+00
8.3900000e+02 0.0000000e+00
8.4000000e+02 0.0000000e+00
8.4100000e+02 0.0000000e+00
8.4200000e+02 0.0000000e+00
8.4300000e+02 9.4017681e-04
8.4400000e+02 0.0000000e+00
8.4500000e+02 0.0000000e+00
8.4600000e+02 0.0000000e+00
8.4700000e+02 0.0000000e+00
8.4800000e+02 0.0000000e+00
8.4900000e+02 0.0000000e+00
8.5000000e+02 0.0000000e+00
8.5100000e+02 0.0000000e+00
8.5200000e+02 3.8016847e-05
8.5300000e+02 0.0000000e+00
8.5400000e+02 0.0000000e+00
8.5500000e+02 0.0000000e+00
8.5600000e+02 0.0000000e+00
8.5700000e+02 0.0000000e+00
8.5800000e+02 0.0000000e+00
8.5900000e+02 0.0000000e+00
8.6000000e+02 9.4044314e-04
8.6100000e+02 9.3092490e-04
8.6200000e+02 0.0000000e+00
8.6300000e+02 4.0021648e-05
8.6400000e+02 3.2371442e-05
8.6500000e+02 0.0000000e+00
8.6600000e+02 0.0000000e+00
8.6700000e+02 0.0000000e+00
8.6800000e+02 0.0000000e+00
8.6900000e+02 0.0000000e+00
8.7000000e+02 9.4139677e-04
8.7100000e+02 0.0000000e+00
8.7200000e+02 0.0000000e+00
8.7300000e+02 0.0000000e+00
8.7400000e+02 0.0000000e+00
8.7500000e+02 0.0000000e+00
8.7600000e+02 0.0000000e+00
8.7700000e+02 0.0000000e+00
8.7800000e+02 0.0000000e+00
8.7900000e+02 9.0233577e-04
8.8000000e+02 0.0000000e+00
8.8100000e+02 0.0000000e+00
8.8200000e+02 0.0000000e+00
8.8300000e+02 2.9519150e-05
8.8400000e+02 0.0000000e+00
8.8500000e+02 0.0000000e+00
8.8600000e+02 0.0000000e+00
8.8700000e+02 9.2972852e-04
8.8800000e+02 0.0000000e+00
8.8900000e+02 0.0000000e+00
8.9000000e+02 0.0000000e+00
8.9100000e+02 0.0000000e+00
8.9200000e+02 0.0000000e+00
8.9300000e+02 0.0000000e+00
8.9400000e+02 0.0000000e+00
8.9500000e+02 0.0000000e+00
8.9600000e+02 0.0000000e+00
8.9700000e+02 0.0000000e+00
8.9800000e+02 0.0000000e+00
8.9900000e+02 0.0000000e+00
9.0000000e+02 0.0000000e+00
9.0100000e+02 0.0000000e+00
9.0200000e+02 0.0000000e+00
9.0300000e+02 0.0000000e+00
9.0400000e+02 0.0000000e+00
9.0500000e+02 0.0000000e+00
9.0600000e+02 0.0000000e+00
9.0700000e+02 0.0000000e+00
9.0800000e+02 0.0000000e+00
9.0900000e+02 0.0000000e+00
9.1000000e+02 0.0000000e+00
9.1100000e+02 0.0000000e+00
9.1200000e+02 0.0000000e+00
9.1300000e+02 8.9568277e-04
9.1400000e+02 0.0000000e+00
9.1500000e+02 0.0000000e+00
9.1600000e+02 0.0000000e+00
9.1700000e+02 8.9642615e-04
9.1800000e+02 0.0000000e+00
9.1900000e+02 0.0000000e+00
9.2000000e+02 0.0000000e+00
9.2100000e+02 0.0000000e+00
9.2200000e+02 4.5414691e-05
9.2300000e+02 0.0000000e+00
9.2400000e+02 9.3267058e-04
9.2500000e+02 0.0000000e+00
9.2600000e+02 0.0000000e+00
9.2700000e+02 0.0000000e+00
9.2800000e+02 0.0000000e+00
9.2900000e+02 0.0000000e+00
9.3000000e+02 0.0000000e+00
9.3100000e+02 0.0000000e+00
9.3200000e+02 0.0000000e+00
9.3300000e+02 0.0000000e+00
9.3400000e+02 0.0000000e+00
9.3500000e+02 8.7843135e-04
9.3600000e+02 0.0000000e+00
9.3700000e+02 0.0000000e+00
9.3800000e+02 3.5476639e-05
9.3900000e+02 0.0000000e+00
9.4000000e+02 8.9451054e-04
9.4100000e+02 0.0000000e+00
9.4200000e+02 3.5500202e-05
9.4300000e+02 8.8918108e-04
9.4400000e+02 0.0000000e+00
9.4500000e+02 0.0000000e+00
9.4600000e+02 0.0000000e+00
9.4700000e+02 0.0000000e+00
9.4800000e+02 4.6152199e-05
9.4900000e+02 0.0000000e+00
9.5000000e+02 0.0000000e+00
9.5100000e+02 3.7909075e-05
9.5200000e+02 9.3545896e-04
9.5300000e+02 0.0000000e+00
9.5400000e+02 0.0000000e+00
9.5500000e+02 0.0000000e+00
9.5600000e+02 0.0000000e+00
9.5700000e+02 0.0000000e+00
9.5800000e+02 0.0000000e+00
9.5900000e+02 0.0000000e+00
9.6000000e+02 0.0000000e+00
9.6100000e+02 0.0000000e+00
9.6200000e+02 0.0000000e+00
9.6300000e+02 9.3162430e-04
9.6400000e+02 9.3521855e-04
9.6500000e+02 0.0000000e+00
9.6600000e+02 8.9376753e-04
9.6700000e+02 0.0000000e+00
9.6800000e+02 3.7474529e-05
9.6900000e+02 0.0000000e+00
9.7000000e+02 0.0000000e+00
9.7100000e+02 0.0000000e+00
9.7200000e+02 0.0000000e+00
9.7300000e+02 9.6899375e-04
9.7400000e+02 1.9005034e-03
9.7500000e+02 9.6899375e-04
9.7600000e+02 0.0000000e+00
9.7700000e+02 0.0000000e+00
9.7800000e+02 0.0000000e+00
9.7900000e+02 0.0000000e+00
9.8000000e+02 0.0000000e+00
9.8100000e+02 4.5701186e-05
9.8200000e+02 0.0000000e+00
9.8300000e+02 0.0000000e+00
9.8400000e+02 0.0000000e+00
9.8500000e+02 0.0000000e+00
9.8600000e+02 0.0000000e+00
9.8700000e+02 0.0000000e+00
9.8800000e+02 0.0000000e+00
9.8900000e+02 0.0000000e+00
9.9000000e+02 0.0000000e+00
9.9100000e+02 0.0000000e+00
9.9200000e+02 0.0000000e+00
9.9300000e+02 0.0000000e+00
9.9400000e+02 8.7879858e-04
9.9500000e+02 0.0000000e+00
9.9600000e+02 0.0000000e+00
9.9700000e+02 0.0000000e+00
9.9800000e+02 0.0000000e+00
9.9900000e+02 0.0000000e+00
1.0000000e+03 0.0000000e+00
1.0010000e+03 0.0000000e+00
1.0020000e+03 0.0000000e+00
1.0030000e+03 0.0000000e+00
1.0040000e+03 0.0000000e+00
1.0050000e+03 0.0000000e+00
1.0060000e+03 9.2873988e-04
1.0070000e+03 8.8137271e-04
1.0080000e+03 0.0000000e+00
1.0090000e+03 9.2202544e-04
1.0100000e+03 0.0000000e+00
1.0110000e+03 0.0000000e+00
1.0120000e+03 0.0000000e+00
1.0130000e+03 0.0000000e+00
1.0140000e+03 0.0000000e+00
1.0150000e+03 0.0000000e+00
1.0160000e+03 3.4273958e-05
1.0170000e+03 0.0000000e+00
1.0180000e+03 0.0000000e+00
1.0190000e+03 0.0000000e+00
1.0200000e+03 0.0000000e+00
1.0210000e+03 9.2232045e-04
1.0220000e+03 0.0000000e+00
1.0230000e+03 0.0000000e+00
1.0240000e+03 9.6899375e-04
1.0250000e+03 0.0000000e+00
1.0260000e+03 0.0000000e+00
1.0270000e+03 0.0000000e+00
1.0280000e+03 4.0066537e-05
1.0290000e+03 0.0000000e+00
1.0300000e+03 0.0000000e+00
1.0310000e+03 0.0000000e+00
1.0320000e+03 0.0000000e+00
1.0330000e+03 0.0000000e+00
1.0340000e+03 0.0000000e+00
1.0350000e+03 0.0000000e+00
1.0360000e+03 0.0000000e+00
1.0370000e+03 0.0000000e+00
1.0380000e+03 9.3385403e-04
1.0390000e+03 0.0000000e+00
1.0400000e+03 9.6899375e-04
1.0410000e+03 0.0000000e+00
1.0420000e+03 0.0000000e+00
1.0430000e+03 0.0000000e+00
1.0440000e+03 0.0000000e+00
1.0450000e+03 9.2884098e-04
1.0460000e+03 0.0000000e+00
1.0470000e+03 0.0000000e+00
1.0480000e+03 8.9677533e-04
1.0490000e+03 0.0000000e+00
1.0500000e+03 9.6899375e-04
1.0510000e+03 0.0000000e+00
1.0520000e+03 0.0000000e+00
1.0530000e+03 0.0000000e+00
1.0540000e+03 0.0000000e+00
1.0550000e+03 4.4176690e-05
1.0560000e+03 0.0000000e+00
1.0570000e+03 0.0000000e+00
1.0580000e+03 0.0000000e+00
1.0590000e+03 0.0000000e+00
1.0600000e+03 0.0000000e+00
1.0610000e+03 0.0000000e+00
1.0620000e+03 0.0000000e+00
1.0630000e+03 0.0000000e+00
1.0640000e+03 0.0000000e+00
1.0650000e+03 0.0000000e+00
1.0660000e+03 0.0000000e+00
1.0670000e+03 0.0000000e+00
1.0680000e+03 0.0000000e+00
1.0690000e+03 0.0000000e+00
1.0700000e+03 0.0000000e+00
1.0710000e+03 0.0000000e+00
1.0720000e+03 0.0000000e+00
1.0730000e+03 0.0000000e+00
1.0740000e+03 3.8274026e-05
1.0750000e+03 0.0000000e+00
1.0760000e+03 9.2665960e-04
1.0770000e+03 0.0000000e+00
1.0780000e+03 0.0000000e+00
1.0790000e+03 0.0000000e+00
1.0800000e+03 0.0000000e+00
1.0810000e+03 0.0000000e+00
1.0820000e+03 0.0000000e+00
1.0830000e+03 0.0000000e+00
1.0840000e+03 9.2539274e-04
1.0850000e+03 3.9439912e-05
1.0860000e+03 3.3819865e-05
1.0870000e+03 0.0000000e+00
1.0880000e+03 0.0000000e+00
1.0890000e+03 0.0000000e+00
1.0900000e+03 0.0000000e+00
1.0910000e+03 0.0000000e+00
1.0920000e+03 0.0000000e+00
1.0930000e+03 4.1576124e-05
1.0940000e+03 0.0000000e+00
1.0950000e+03 9.3743953e-04
1.0960000e+03 0.0000000e+00
1.0970000e+03 0.0000000e+00
1.0980000e+03 0.0000000e+00
1.0990000e+03 0.0000000e+00
1.1000000e+03 0.0000000e+00
