3.8000000e+02 9.8786617e-05
3.8100000e+02 0.0000000e+00
3.8200000e+02 2.1169234e-03
3.8300000e+02 9.1770391e-05
3.8400000e+02 2.0149332e-03
3.8500000e+02 2.1428253e-03
3.8600000e+02 2.1377666e-03
3.8700000e+02 2.2055846e-03
3.8800000e+02 7.8225037e-05
3.8900000e+02 2.2055846e-03
3.9000000e+02 0.0000000e+00
3.9100000e+02 2.1413280e-03
3.9200000e+02 0.0000000e+00
3.9300000e+02 8.1335966e-05
3.9400000e+02 2.1141871e-03
3.9500000e+02 6.5837365e-05
3.9600000e+02 0.0000000e+00
3.9700000e+02 2.0296471e-03
3.9800000e+02 1.2771975e-04
3.9900000e+02 2.0530864e-03
4.0000000e+02 0.0000000e+00
4.0100000e+02 2.2055846e-03
4.0200000e+02 0.0000000e+00
4.0300000e+02 0.0000000e+00
4.0400000e+02 2.2055846e-03
4.0500000e+02 5.8288191e-05
4.0600000e+02 2.1296679e-03
4.0700000e+02 2.2055846e-03
4.0800000e+02 2.0537756e-03
4.0900000e+02 0.0000000e+00
4.1000000e+02 0.0000000e+00
4.1100000e+02 6.3884745e-05
4.1200000e+02 0.0000000e+00
4.1300000e+02 7.0693935e-05
4.1400000e+02 2.1486284e-03
4.1500000e+02 2.2055846e-03
4.1600000e+02 2.2055846e-03
4.1700000e+02 2.0921222e-03
4.1800000e+02 2.1238339e-03
4.1900000e+02 2.2055846e-03
4.2000000e+02 2.1438505e-03
4.2100000e+02 9.0169932e-05
4.2200000e+02 0.0000000e+00
4.2300000e+02 2.0582621e-03
4.2400000e+02 2.2055846e-03
4.2500000e+02 0.0000000e+00
4.2600000e+02 2.1500486e-03
4.2700000e+02 2.2055846e-03
4.2800000e+02 2.2055846e-03
4.2900000e+02 2.1253240e-03
4.3000000e+02 4.3342751e-03
4.3100000e+02 0.0000000e+00
4.3200000e+02 7.4127822e-05
4.3300000e+02 2.2055846e-03
4.3400000e+02 0.0000000e+00
4.3500000e+02 1.4848335e-04
4.3600000e+02 0.0000000e+00
4.3700000e+02 7.8547573e-05
4.3800000e+02 0.0000000e+00
4.3900000e+02 0.0000000e+00
4.4000000e+02 2.1531899e-03
4.4100000e+02 0.0000000e+00
4.4200000e+02 2.1417740e-03
4.4300000e+02 2.2055846e-03
4.4400000e+02 2.1270525e-03
4.4500000e+02 4.8742799e-05
4.4600000e+02 0.0000000e+00
4.4700000e+02 0.0000000e+00
4.4800000e+02 2.1278714e-03
4.4900000e+02 0.0000000e+00
4.5000000e+02 2.2055846e-03
4.5100000e+02 2.2055846e-03
4.5200000e+02 2.2055846e-03
4.5300000e+02 2.2055846e-03
4.5400000e+02 0.0000000e+00
4.5500000e+02 0.0000000e+00
4.5600000e+02 0.0000000e+00
4.5700000e+02 2.1460147e-03
4.5800000e+02 0.0000000e+00
4.5900000e+02 2.2055846e-03
4.6000000e+02 7.8557219e-05
4.6100000e+02 0.0000000e+00
4.6200000e+02 2.1581647e-03
4.6300000e+02 2.2055846e-03
4.6400000e+02 0.0000000e+00
4.6500000e+02 2.0495456e-03
4.6600000e+02 6.5702939e-05
4.6700000e+02 0.0000000e+00
4.6800000e+02 0.0000000e+00
4.6900000e+02 2.2055846e-03
4.7000000e+02 2.1441480e-03
4.7100000e+02 5.2295002e-05
4.7200000e+02 2.1606612e-03
4.7300000e+02 0.0000000e+00
4.7400000e+02 2.1374305e-03
4.7500000e+02 6.2785108e-05
4.7600000e+02 0.0000000e+00
4.7700000e+02 5.5433495e-05
4.7800000e+02 0.0000000e+00
4.7900000e+02 2.1548645e-03
4.8000000e+02 0.0000000e+00
4.8100000e+02 2.1066995e-03
4.8200000e+02 2.2055846e-03
4.8300000e+02 5.1378116e-05
4.8400000e+02 0.0000000e+00
4.8500000e+02 2.2606092e-03
4.8600000e+02 2.1466912e-03
4.8700000e+02 0.0000000e+00
4.8800000e+02 2.1365332e-03
4.8900000e+02 0.0000000e+00
4.9000000e+02 2.1591322e-03
4.9100000e+02 2.2055846e-03
4.9200000e+02 2.2055846e-03
4.9300000e+02 0.0000000e+00
4.9400000e+02 4.6054518e-05
4.9500000e+02 0.0000000e+00
4.9600000e+02 2.2055846e-03
4.9700000e+02 2.2055846e-03
4.9800000e+02 2.1454795e-03
4.9900000e+02 3.8576962e-05
5.0000000e+02 1.0646102e-04
5.0100000e+02 2.2727419e-03
5.0200000e+02 1.1027923e-02
5.0300000e+02 1.3364925e-02
5.0400000e+02 2.8879955e-02
5.0500000e+02 4.6635325e-02
5.0600000e+02 8.4474676e-02
5.0700000e+02 1.5067034e-01
5.0800000e+02 2.4465763e-01
5.0900000e+02 3.9384229e-01
5.1000000e+02 5.4157698e-01
5.1100000e+02 6.6623893e-01
5.1200000e+02 7.6882253e-01
5.1300000e+02 7.9742863e-01
5.1400000e+02 8.1087792e-01
5.1500000e+02 8.4147775e-01
5.1600000e+02 8.5927658e-01
5.1700000e+02 8.4911259e-01
5.1800000e+02 8.5602500e-01
5.1900000e+02 9.1393868e-01
5.2000000e+02 8.9039230e-01
5.2100000e+02 9.4039328e-01
5.2200000e+02 9.2758112e-01
5.2300000e+02 9.3882314e-01
5.2400000e+02 9.4979927e-01
5.2500000e+02 9.5860675e-01
5.2600000e+02 1.0000000e+00
5.2700000e+02 9.6354626e-01
5.2800000e+02 9.6937773e-01
5.2900000e+02 9.6727423e-01
5.3000000e+02 8.9447774e-01
5.3100000e+02 8.0068025e-01
5.3200000e+02 6.5536519e-01
5.3300000e+02 5.0922961e-01
5.3400000e+02 3.6355323e-01
5.3500000e+02 2.2717521e-01
5.3600000e+02 1.5419567e-01
5.3700000e+02 9.2584351e-02
5.3800000e+02 5.7345200e-02
5.3900000e+02 3.9657423e-02
5.4000000e+02 2.2055846e-02
5.4100000e+02 1.5288858e-02
5.4200000e+02 6.6532489e-03
5.4300000e+02 4.4111692e-03
5.4400000e+02 4.3922348e-03
5.4500000e+02 2.1655450e-03
5.4600000e+02 0.0000000e+00
5.4700000e+02 0.0000000e+00
5.4800000e+02 3.3403034e-05
5.4900000e+02 2.2261142e-03
5.5000000e+02 0.0000000e+00
5.5100000e+02 2.1698150e-03
5.5200000e+02 2.6437882e-05
5.5300000e+02 0.0000000e+00
5.5400000e+02 0.0000000e+00
5.5500000e+02 4.0166464e-05
5.5600000e+02 3.4648937e-05
5.5700000e+02 2.2055846e-03
5.5800000e+02 0.0000000e+00
5.5900000e+02 2.4700476e-05
5.6000000e+02 2.1819440e-03
5.6100000e+02 2.1825344e-03
5.6200000e+02 2.1821286e-03
5.6300000e+02 2.1801747e-03
5.6400000e+02 2.2055846e-03
5.6500000e+02 4.3796352e-03
5.6600000e+02 0.0000000e+00
5.6700000e+02 2.2055846e-03
5.6800000e+02 1.2119571e-05
5.6900000e+02 0.0000000e+00
5.7000000e+02 2.2055846e-03
5.7100000e+02 2.2055846e-03
5.7200000e+02 0.0000000e+00
5.7300000e+02 0.0000000e+00
5.7400000e+02 0.0000000e+00
5.7500000e+02 0.0000000e+00
5.7600000e+02 2.1757076e-03
5.7700000e+02 2.1954775e-03
5.7800000e+02 2.2055846e-03
5.7900000e+02 0.0000000e+00
5.8000000e+02 2.8124496e-05
5.8100000e+02 1.1606881e-05
5.8200000e+02 3.3209743e-05
5.8300000e+02 0.0000000e+00
5.8400000e+02 6.0291759e-06
5.8500000e+02 0.0000000e+00
5.8600000e+02 0.0000000e+00
5.8700000e+02 0.0000000e+00
5.8800000e+02 1.5107288e-06
5.8900000e+02 2.1752138e-03
5.9000000e+02 0.0000000e+00
5.9100000e+02 2.1872617e-03
5.9200000e+02 2.1915299e-03
5.9300000e+02 2.2055846e-03
5.9400000e+02 2.2055846e-03
5.9500000e+02 2.1978152e-03
5.9600000e+02 8.0270206e-06
5.9700000e+02 2.2055846e-03
5.9800000e+02 2.2055846e-03
5.9900000e+02 0.0000000e+00
6.0000000e+02 0.0000000e+00
6.0100000e+02 2.1802026e-03
6.0200000e+02 2.2013021e-03
6.0300000e+02 3.4355490e-06
6.0400000e+02 0.0000000e+00
6.0500000e+02 2.1830121e-03
6.0600000e+02 0.0000000e+00
6.0700000e+02 2.1958862e-03
6.0800000e+02 0.0000000e+00
6.0900000e+02 1.8980903e-06
6.1000000e+02 0.0000000e+00
6.1100000e+02 2.6805578e-06
6.1200000e+02 2.1893070e-03
6.1300000e+02 0.0000000e+00
6.1400000e+02 2.1665268e-03
6.1500000e+02 0.0000000e+00
6.1600000e+02 0.0000000e+00
6.1700000e+02 0.0000000e+00
6.1800000e+02 2.2026709e-03
6.1900000e+02 0.0000000e+00
6.2000000e+02 0.0000000e+00
6.2100000e+02 0.0000000e+00
6.2200000e+02 2.1994806e-03
6.2300000e+02 2.9243961e-07
6.2400000e+02 2.2055846e-03
6.2500000e+02 2.2055846e-03
6.2600000e+02 9.3125415e-06
6.2700000e+02 4.3922309e-03
6.2800000e+02 8.6257070e-06
6.2900000e+02 7.6064951e-06
6.3000000e+02 4.7843066e-06
6.3100000e+02 2.2046147e-03
6.3200000e+02 4.3779392e-06
6.3300000e+02 2.1948620e-03
6.3400000e+02 0.0000000e+00
6.3500000e+02 2.1967793e-03
6.3600000e+02 2.2055846e-03
6.3700000e+02 2.1928637e-03
6.3800000e+02 4.3888036e-03
6.3900000e+02 2.4777810e-06
6.4000000e+02 1.8917461e-05
6.4100000e+02 2.2055846e-03
6.4200000e+02 0.0000000e+00
6.4300000e+02 0.0000000e+00
6.4400000e+02 2.2055846e-03
6.4500000e+02 2.2055846e-03
6.4600000e+02 2.2055846e-03
6.4700000e+02 2.1943684e-03
6.4800000e+02 0.0000000e+00
6.4900000e+02 0.0000000e+00
6.5000000e+02 6.5783554e-03
6.5100000e+02 0.0000000e+00
6.5200000e+02 0.0000000e+00
6.5300000e+02 0.0000000e+00
6.5400000e+02 5.4970674e-06
6.5500000e+02 8.4862347e-06
6.5600000e+02 9.6678733e-06
6.5700000e+02 2.2055846e-03
6.5800000e+02 8.7627907e-06
6.5900000e+02 0.0000000e+00
6.6000000e+02 2.2055846e-03
6.6100000e+02 2.2026317e-03
6.6200000e+02 0.0000000e+00
6.6300000e+02 1.9437081e-05
6.6400000e+02 2.1852501e-03
6.6500000e+02 2.2051951e-03
6.6600000e+02 4.3626324e-03
6.6700000e+02 1.2383577e-05
6.6800000e+02 0.0000000e+00
6.6900000e+02 0.0000000e+00
6.7000000e+02 0.0000000e+00
6.7100000e+02 1.9923491e-05
6.7200000e+02 2.2055846e-03
6.7300000e+02 2.1900937e-03
6.7400000e+02 2.8572184e-05
6.7500000e+02 5.9430413e-06
6.7600000e+02 1.8293322e-05
6.7700000e+02 0.0000000e+00
6.7800000e+02 5.7230190e-07
6.7900000e+02 2.2055846e-03
6.8000000e+02 2.1923060e-03
6.8100000e+02 0.0000000e+00
6.8200000e+02 2.2275249e-03
6.8300000e+02 2.2055846e-03
6.8400000e+02 0.0000000e+00
6.8500000e+02 2.2847143e-05
6.8600000e+02 2.2055846e-03
6.8700000e+02 1.8063303e-05
6.8800000e+02 0.0000000e+00
6.8900000e+02 0.0000000e+00
6.9000000e+02 0.0000000e+00
6.9100000e+02 2.1798210e-03
6.9200000e+02 2.1738833e-03
6.9300000e+02 2.2055846e-03
6.9400000e+02 2.6697684e-05
6.9500000e+02 1.2380257e-05
6.9600000e+02 3.2228773e-05
6.9700000e+02 0.0000000e+00
6.9800000e+02 3.2404391e-05
6.9900000e+02 0.0000000e+00
7.0000000e+02 2.6697305e-05
7.0100000e+02 3.9090966e-05
7.0200000e+02 0.0000000e+00
7.0300000e+02 2.2055846e-03
7.0400000e+02 0.0000000e+00
7.0500000e+02 0.0000000e+00
7.0600000e+02 0.0000000e+00
7.0700000e+02 2.1890799e-03
7.0800000e+02 0.0000000e+00
7.0900000e+02 2.1847013e-03
7.1000000e+02 0.0000000e+00
7.1100000e+02 2.0438875e-05
7.1200000e+02 2.2055846e-03
7.1300000e+02 2.6537909e-05
7.1400000e+02 2.1620429e-03
7.1500000e+02 2.2055846e-03
7.1600000e+02 2.1779400e-03
7.1700000e+02 0.0000000e+00
7.1800000e+02 4.1893781e-05
7.1900000e+02 2.1763857e-03
7.2000000e+02 1.4654167e-05
7.2100000e+02 0.0000000e+00
7.2200000e+02 1.7873817e-05
7.2300000e+02 2.2055846e-03
7.2400000e+02 2.1569247e-03
7.2500000e+02 2.8208952e-05
7.2600000e+02 2.2055846e-03
7.2700000e+02 2.2055846e-03
7.2800000e+02 0.0000000e+00
7.2900000e+02 2.1383692e-03
7.3000000e+02 3.9090665e-05
7.3100000e+02 0.0000000e+00
7.3200000e+02 2.2055846e-03
7.3300000e+02 2.1058737e-03
7.3400000e+02 2.1550096e-03
7.3500000e+02 2.1561102e-03
7.3600000e+02 4.6834046e-05
7.3700000e+02 4.2691863e-05
7.3800000e+02 2.1686024e-03
7.3900000e+02 3.0201372e-05
7.4000000e+02 0.0000000e+00
7.4100000e+02 9.3956240e-05
7.4200000e+02 2.2055846e-03
7.4300000e+02 0.0000000e+00
7.4400000e+02 0.0000000e+00
7.4500000e+02 2.7069213e-05
7.4600000e+02 4.3407410e-05
7.4700000e+02 2.1813813e-03
7.4800000e+02 3.9118733e-05
7.4900000e+02 5.1010139e-05
7.5000000e+02 0.0000000e+00
7.5100000e+02 2.2055846e-03
7.5200000e+02 2.2055846e-03
7.5300000e+02 0.0000000e+00
7.5400000e+02 2.0930035e-03
7.5500000e+02 2.2055846e-03
7.5600000e+02 1.2166984e-04
7.5700000e+02 0.0000000e+00
7.5800000e+02 2.2055846e-03
7.5900000e+02 0.0000000e+00
7.6000000e+02 4.3057147e-03
7.6100000e+02 0.0000000e+00
7.6200000e+02 4.2950240e-03
7.6300000e+02 0.0000000e+00
7.6400000e+02 0.0000000e+00
7.6500000e+02 0.0000000e+00
7.6600000e+02 6.0842252e-05
7.6700000e+02 0.0000000e+00
7.6800000e+02 6.2674947e-05
7.6900000e+02 0.0000000e+00
7.7000000e+02 2.2055846e-03
7.7100000e+02 2.1693226e-03
7.7200000e+02 0.0000000e+00
7.7300000e+02 5.5968822e-05
7.7400000e+02 0.0000000e+00
7.7500000e+02 3.5812589e-05
7.7600000e+02 4.0399366e-05
7.7700000e+02 4.3150844e-05
7.7800000e+02 2.2055846e-03
7.7900000e+02 4.3447292e-05
7.8000000e+02 0.0000000e+00
7.8100000e+02 4.3734064e-03
7.8200000e+02 0.0000000e+00
7.8300000e+02 5.9335825e-05
7.8400000e+02 0.0000000e+00
7.8500000e+02 2.1645816e-03
7.8600000e+02 0.0000000e+00
7.8700000e+02 9.7304153e-05
7.8800000e+02 0.0000000e+00
7.8900000e+02 2.1040639e-03
7.9000000e+02 4.2768253e-03
7.9100000e+02 4.5890415e-05
7.9200000e+02 2.2055846e-03
7.9300000e+02 2.1361484e-03
7.9400000e+02 0.0000000e+00
7.9500000e+02 2.2561647e-03
7.9600000e+02 0.0000000e+00
7.9700000e+02 0.0000000e+00
7.9800000e+02 2.0814027e-03
7.9900000e+02 2.2055846e-03
8.0000000e+02 6.1333393e-05
8.0100000e+02 0.0000000e+00
8.0200000e+02 2.2055846e-03
8.0300000e+02 2.2055846e-03
8.0400000e+02 2.2055846e-03
8.0500000e+02 0.0000000e+00
8.0600000e+02 1.0367547e-04
8.0700000e+02 7.1336406e-05
8.0800000e+02 0.0000000e+00
8.0900000e+02 0.0000000e+00
8.1000000e+02 0.0000000e+00
8.1100000e+02 0.0000000e+00
8.1200000e+02 4.7028464e-05
8.1300000e+02 5.6940888e-05
8.1400000e+02 2.2055846e-03
8.1500000e+02 2.2055846e-03
8.1600000e+02 2.0526778e-03
8.1700000e+02 2.1268042e-03
8.1800000e+02 8.0092753e-05
8.1900000e+02 0.0000000e+00
8.2000000e+02 0.0000000e+00
8.2100000e+02 0.0000000e+00
8.2200000e+02 2.2055846e-03
8.2300000e+02 6.1953996e-05
8.2400000e+02 0.0000000e+00
8.2500000e+02 7.3245723e-05
8.2600000e+02 0.0000000e+00
8.2700000e+02 7.9573242e-05
8.2800000e+02 6.2694967e-05
8.2900000e+02 0.0000000e+00
8.3000000e+02 2.1482896e-03
8.3100000e+02 2.1362403e-03
8.3200000e+02 7.9821207e-05
8.3300000e+02 2.2055846e-03
8.3400000e+02 1.2130421e-04
8.3500000e+02 2.1412500e-03
8.3600000e+02 0.0000000e+00
8.3700000e+02 2.2055846e-03
8.3800000e+02 0.0000000e+00
8.3900000e+02 0.0000000e+00
8.4000000e+02 2.1472119e-03
8.4100000e+02 0.0000000e+00
8.4200000e+02 2.2055846e-03
8.4300000e+02 6.5591980e-05
8.4400000e+02 8.5779842e-05
8.4500000e+02 0.0000000e+00
8.4600000e+02 2.1495011e-03
8.4700000e+02 1.4525674e-04
8.4800000e+02 2.1208370e-03
8.4900000e+02 0.0000000e+00
8.5000000e+02 2.1319935e-03
8.5100000e+02 2.1255597e-03
8.5200000e+02 2.2055846e-03
8.5300000e+02 8.9182301e-05
8.5400000e+02 2.2055846e-03
8.5500000e+02 5.9345787e-05
8.5600000e+02 0.0000000e+00
8.5700000e+02 2.1190695e-03
8.5800000e+02 4.1638945e-03
8.5900000e+02 2.1319850e-03
8.6000000e+02 0.0000000e+00
8.6100000e+02 0.0000000e+00
8.6200000e+02 0.0000000e+00
8.6300000e+02 0.0000000e+00
8.6400000e+02 0.0000000e+00
8.6500000e+02 2.2055846e-03
8.6600000e+02 2.2055846e-03
8.6700000e+02 2.1288000e-03
8.6800000e+02 2.2904322e-03
8.6900000e+02 6.4346334e-03
8.7000000e+02 2.2055846e-03
8.7100000e+02 0.0000000e+00
8.7200000e+02 0.0000000e+00
8.7300000e+02 6.3005656e-05
8.7400000e+02 2.2985687e-03
8.7500000e+02 2.2055846e-03
8.7600000e+02 2.2055846e-03
8.7700000e+02 4.3427304e-03
8.7800000e+02 0.0000000e+00
8.7900000e+02 2.1297225e-03
8.8000000e+02 1.8430096e-04
8.8100000e+02 2.1294855e-03
8.8200000e+02 8.7500019e-05
8.8300000e+02 2.0712040e-03
8.8400000e+02 0.0000000e+00
8.8500000e+02 0.0000000e+00
8.8600000e+02 0.0000000e+00
8.8700000e+02 0.0000000e+00
8.8800000e+02 8.9920082e-05
8.8900000e+02 0.0000000e+00
8.9000000e+02 0.0000000e+00
8.9100000e+02 2.1253809e-03
8.9200000e+02 0.0000000e+00
8.9300000e+02 0.0000000e+00
8.9400000e+02 0.0000000e+00
8.9500000e+02 4.4111692e-03
8.9600000e+02 2.2933331e-03
8.9700000e+02 7.0827297e-05
8.9800000e+02 0.0000000e+00
8.9900000e+02 2.2055846e-03
9.0000000e+02 7.1137161e-05
9.0100000e+02 0.0000000e+00
9.0200000e+02 0.0000000e+00
9.0300000e+02 0.0000000e+00
9.0400000e+02 2.2055846e-03
9.0500000e+02 0.0000000e+00
9.0600000e+02 2.2055846e-03
9.0700000e+02 2.1360379e-03
9.0800000e+02 9.3388896e-05
9.0900000e+02 2.1234247e-03
9.1000000e+02 0.0000000e+00
9.1100000e+02 0.0000000e+00
9.1200000e+02 2.2055846e-03
9.1300000e+02 0.0000000e+00
9.1400000e+02 2.1123008e-03
9.1500000e+02 0.0000000e+00
9.1600000e+02 0.0000000e+00
9.1700000e+02 8.2587735e-05
9.1800000e+02 2.2055846e-03
9.1900000e+02 8.4666832e-05
9.2000000e+02 8.3218844e-05
9.2100000e+02 2.2055846e-03
9.2200000e+02 2.3089557e-03
9.2300000e+02 2.0174384e-03
9.2400000e+02 0.0000000e+00
9.2500000e+02 2.1039782e-03
9.2600000e+02 0.0000000e+00
9.2700000e+02 1.0077947e-04
9.2800000e+02 0.0000000e+00
9.2900000e+02 9.2058096e-05
9.3000000e+02 2.2055846e-03
9.3100000e+02 0.0000000e+00
9.3200000e+02 0.0000000e+00
9.3300000e+02 7.7618219e-05
9.3400000e+02 0.0000000e+00
9.3500000e+02 2.2055846e-03
9.3600000e+02 2.2055846e-03
9.3700000e+02 2.2055846e-03
9.3800000e+02 0.0000000e+00
9.3900000e+02 1.9658889e-04
9.4000000e+02 2.1208168e-03
9.4100000e+02 0.0000000e+00
9.4200000e+02 0.0000000e+00
9.4300000e+02 2.1147514e-03
9.4400000e+02 9.7055205e-05
9.4500000e+02 2.1033214e-03
9.4600000e+02 2.2055846e-03
9.4700000e+02 7.5901215e-05
9.4800000e+02 0.0000000e+00
9.4900000e+02 2.2055846e-03
9.5000000e+02 0.0000000e+00
9.5100000e+02 0.0000000e+00
9.5200000e+02 7.6330547e-05
9.5300000e+02 2.2055846e-03
9.5400000e+02 2.0470030e-03
9.5500000e+02 1.8489079e-04
9.5600000e+02 0.0000000e+00
9.5700000e+02 0.0000000e+00
9.5800000e+02 0.0000000e+00
9.5900000e+02 9.2381677e-05
9.6000000e+02 4.2224887e-03
9.6100000e+02 9.3349050e-05
9.6200000e+02 9.0230726e-05
9.6300000e+02 8.5058847e-05
9.6400000e+02 2.2055846e-03
9.6500000e+02 2.1065198e-03
9.6600000e+02 8.5613454e-05
9.6700000e+02 2.2055846e-03
9.6800000e+02 2.2055846e-03
9.6900000e+02 0.0000000e+00
9.7000000e+02 0.0000000e+00
9.7100000e+02 1.6181933e-04
9.7200000e+02 0.0000000e+00
9.7300000e+02 8.6787807e-05
9.7400000e+02 8.5319784e-05
9.7500000e+02 2.1222525e-03
9.7600000e+02 1.9929850e-03
9.7700000e+02 0.0000000e+00
9.7800000e+02 2.2055846e-03
9.7900000e+02 0.0000000e+00
9.8000000e+02 2.0238132e-03
9.8100000e+02 2.1015614e-03
9.8200000e+02 0.0000000e+00
9.8300000e+02 2.2055846e-03
9.8400000e+02 4.3145375e-03
9.8500000e+02 0.0000000e+00
9.8600000e+02 2.0078109e-03
9.8700000e+02 4.1188855e-03
9.8800000e+02 9.3148599e-05
9.8900000e+02 2.0348520e-03
9.9000000e+02 1.0530898e-04
9.9100000e+02 2.1105532e-03
9.9200000e+02 7.9006609e-05
9.9300000e+02 9.3018965e-05
9.9400000e+02 1.0264931e-04
9.9500000e+02 8.1392671e-05
9.9600000e+02 0.0000000e+00
9.9700000e+02 9.0830905e-05
9.9800000e+02 2.2055846e-03
9.9900000e+02 2.2055846e-03
1.0000000e+03 0.0000000e+00
1.0010000e+03 0.0000000e+00
1.0020000e+03 0.0000000e+00
1.0030000e+03 0.0000000e+00
1.0040000e+03 0.0000000e+00
1.0050000e+03 0.0000000e+00
1.0060000e+03 0.0000000e+00
1.0070000e+03 0.0000000e+00
1.0080000e+03 0.0000000e+00
1.0090000e+03 0.0000000e+00
1.0100000e+03 0.0000000e+00
1.0110000e+03 0.0000000e+00
1.0120000e+03 0.0000000e+00
1.0130000e+03 0.0000000e+00
1.0140000e+03 0.0000000e+00
1.0150000e+03 0.0000000e+00
1.0160000e+03 0.0000000e+00
1.0170000e+03 0.0000000e+00
1.0180000e+03 0.0000000e+00
1.0190000e+03 0.0000000e+00
1.0200000e+03 0.0000000e+00
1.0210000e+03 0.0000000e+00
1.0220000e+03 0.0000000e+00
1.0230000e+03 0.0000000e+00
1.0240000e+03 0.0000000e+00
1.0250000e+03 0.0000000e+00
1.0260000e+03 0.0000000e+00
1.0270000e+03 0.0000000e+00
1.0280000e+03 0.0000000e+00
1.0290000e+03 0.0000000e+00
1.0300000e+03 0.0000000e+00
1.0310000e+03 0.0000000e+00
1.0320000e+03 0.0000000e+00
1.0330000e+03 0.0000000e+00
1.0340000e+03 0.0000000e+00
1.0350000e+03 0.0000000e+00
1.0360000e+03 0.0000000e+00
1.0370000e+03 0.0000000e+00
1.0380000e+03 0.0000000e+00
1.0390000e+03 0.0000000e+00
1.0400000e+03 0.0000000e+00
1.0410000e+03 0.0000000e+00
1.0420000e+03 0.0000000e+00
1.0430000e+03 0.0000000e+00
1.0440000e+03 0.0000000e+00
1.0450000e+03 0.0000000e+00
1.0460000e+03 0.0000000e+00
1.0470000e+03 0.0000000e+00
1.0480000e+03 0.0000000e+00
1.0490000e+03 0.0000000e+00
1.0500000e+03 0.0000000e+00
1.0510000e+03 0.0000000e+00
1.0520000e+03 0.0000000e+00
1.0530000e+03 0.0000000e+00
1.0540000e+03 0.0000000e+00
1.0550000e+03 0.0000000e+00
1.0560000e+03 0.0000000e+00
1.0570000e+03 0.0000000e+00
1.0580000e+03 0.0000000e+00
1.0590000e+03 0.0000000e+00
1.0600000e+03 0.0000000e+00
1.0610000e+03 0.0000000e+00
1.0620000e+03 0.0000000e+00
1.0630000e+03 0.0000000e+00
1.0640000e+03 0.0000000e+00
1.0650000e+03 0.0000000e+00
1.0660000e+03 0.0000000e+00
1.0670000e+03 0.0000000e+00
1.0680000e+03 0.0000000e+00
1.0690000e+03 0.0000000e+00
1.0700000e+03 0.0000000e+00
1.0710000e+03 0.0000000e+00
1.0720000e+03 0.0000000e+00
1.0730000e+03 0.0000000e+00
1.0740000e+03 0.0000000e+00
1.0750000e+03 0.0000000e+00
1.0760000e+03 0.0000000e+00
1.0770000e+03 0.0000000e+00
1.0780000e+03 0.0000000e+00
1.0790000e+03 0.0000000e+00
1.0800000e+03 0.0000000e+00
1.0810000e+03 0.0000000e+00
1.0820000e+03 0.0000000e+00
1.0830000e+03 0.0000000e+00
1.0840000e+03 0.0000000e+00
1.0850000e+03 0.0000000e+00
1.0860000e+03 0.0000000e+00
1.0870000e+03 0.0000000e+00
1.0880000e+03 0.0000000e+00
1.0890000e+03 0.0000000e+00
1.0900000e+03 0.0000000e+00
1.0910000e+03 0.0000000e+00
1.0920000e+03 0.0000000e+00
1.0930000e+03 0.0000000e+00
1.0940000e+03 0.0000000e+00
1.0950000e+03 0.0000000e+00
1.0960000e+03 0.0000000e+00
1.0970000e+03 0.0000000e+00
1.0980000e+03 0.0000000e+00
1.0990000e+03 0.0000000e+00
1.1000000e+03 0.0000000e+00
