8.475e+003    0.002978
8.475e+003    0.002831
8.475e+003    0.003228
8.547e+003    0.002949
8.547e+003    0.00289
8.621e+003    0.002812
8.621e+003    0.002944
8.621e+003    0.002733
8.696e+003    0.002866
8.696e+003    0.002601
8.696e+003    0.00291
8.772e+003    0.002621
8.772e+003    0.002782
8.85e+003    0.002792
8.85e+003    0.002821
8.85e+003    0.002601
8.929e+003    0.002929
8.929e+003    0.002915
9.009e+003    0.00216
9.009e+003    0.00215
9.009e+003    0.002493
9.091e+003    0.002969
9.091e+003    0.002871
9.091e+003    0.002513
9.174e+003    0.002831
9.174e+003    0.002993
9.259e+003    0.00291
9.259e+003    0.003121
9.259e+003    0.003027
9.346e+003    0.00264
9.346e+003    0.002787
9.434e+003    0.00315
9.434e+003    0.003145
9.434e+003    0.002836
9.524e+003    0.003331
9.524e+003    0.003179
9.524e+003    0.003013
9.615e+003    0.003297
9.615e+003    0.003518
9.709e+003    0.003385
9.709e+003    0.003243
9.709e+003    0.003439
9.804e+003    0.004312
9.804e+003    0.004071
9.901e+003    0.005772
9.901e+003    0.004939
9.901e+003    0.004282
10.0e+003    0.005871
10.01e+003    0.006116
10.05e+003    0.007047
10.09e+003    0.008125
10.13e+003    0.009204
10.16e+003    0.01004
10.2e+003    0.01136
10.25e+003    0.01288
10.29e+003    0.0145
10.33e+003    0.01626
10.37e+003    0.01793
10.42e+003    0.01896
10.45e+003    0.01999
10.49e+003    0.02082
10.54e+003    0.02146
10.58e+003    0.02205
10.63e+003    0.02288
10.67e+003    0.02313
10.72e+003    0.02406
10.75e+003    0.02533
10.8e+003    0.02666
10.85e+003    0.02788
10.89e+003    0.03018
10.94e+003    0.03229
10.99e+003    0.03523
11.04e+003    0.03852
11.07e+003    0.04327
11.12e+003    0.04901
11.17e+003    0.05734
11.22e+003    0.06764
11.27e+003    0.08185
11.33e+003    0.09999
11.38e+003    0.1274
11.42e+003    0.1686
11.47e+003    0.2338
11.52e+003    0.3284
11.57e+003    0.451
11.63e+003    0.5931
11.68e+003    0.7353
11.74e+003    0.8578
11.78e+003    0.951
11.83e+003    1
11.89e+003    0.9804
11.95e+003    0.8971
12.0e+003    0.7941
12.06e+003    0.7159
12.12e+003    0.6967
12.17e+003    0.7063
12.22e+003    0.7451
12.29e+003    0.7696
12.35e+003    0.7108
12.41e+003    0.5833
12.47e+003    0.4451
12.53e+003    0.3431
12.58e+003    0.275
12.64e+003    0.223
12.71e+003    0.173
12.77e+003    0.1274
12.84e+003    0.0897
12.9e+003    0.06126
12.97e+003    0.04298
13.02e+003    0.03136
13.09e+003    0.0244
13.16e+003    0.01891
13.23e+003    0.01469
13.3e+003    0.01161
13.37e+003    0.01018
13.44e+003    0.008959
13.5e+003    0.00739
13.57e+003    0.005674
13.64e+003    0.004233
13.72e+003    0.00267
13.79e+003    0.002748
13.87e+003    0.002606
13.95e+003    0.002194
14.01e+003    0.002856
14.08e+003    0.002885
14.16e+003    0.001606
14.25e+003    0.001057
14.33e+003    0.0002974
14.41e+003    0
14.49e+003    0.0001087
14.56e+003    0.0005812
14.64e+003    0.0004979
14.73e+003    0.000195
14.81e+003    0.0002293