465  0.00
466  0.0026
467  0.0026
468  0.0013
469  0.0013
470  0.0013
471  0.0013
472  0.0026
473  0.0078
474  0.0104
475  0.0196
476  0.0339
477  0.0588
478  0.0967
479  0.1542
480  0.2379
481  0.3359
482  0.4522
483  0.5568
484  0.6366
485  0.6980
486  0.7529
487  0.7934
488  0.8549
489  0.8941
490  0.9581
491  0.9947
492  1     
493  0.9607
494  0.9098
495  0.8653
496  0.8026
497  0.7686
498  0.7058
499  0.6496
500  0.5960
501  0.5163
502  0.4169
503  0.3124
504  0.2156
505  0.1385
506  0.0875
507  0.0575
508  0.0366
509  0.0222
510  0.0130
511  0.0078
512  0.0052
513  0.0026
514  0.0013
515  0.0026
516  0.0013
517  0.0026
518  0.0026
519  0.0013
520  0.00
