5.8823529e+003    0.00E+00
5.8830451e+003    1.06E-01
5.8837373e+003    9.84E-02
5.8844298e+003    9.47E-02
5.8851224e+003    9.49E-02
5.8858152e+003    9.80E-02
5.8865081e+003    1.03E-01
5.8872012e+003    1.09E-01
5.8878945e+003    1.16E-01
5.8885879e+003    1.23E-01
5.8892815e+003    1.30E-01
5.8899753e+003    1.39E-01
5.8906692e+003    1.49E-01
5.8913633e+003    1.62E-01
5.8920575e+003    1.78E-01
5.8927519e+003    1.97E-01
5.8934465e+003    2.17E-01
5.8941412e+003    2.38E-01
5.8948361e+003    2.57E-01
5.8955312e+003    2.74E-01
5.8962264e+003    2.85E-01
5.8969218e+003    2.91E-01
5.8976174e+003    2.91E-01
5.8983131e+003    2.85E-01
5.899009e+003    2.75E-01
5.899705e+003    2.62E-01
5.9004012e+003    2.47E-01
5.9010976e+003    2.31E-01
5.9017941e+003    2.17E-01
5.9024909e+003    2.03E-01
5.9031877e+003    1.91E-01
5.9038848e+003    1.81E-01
5.904582e+003    1.71E-01
5.9052793e+003    1.64E-01
5.9059768e+003    1.58E-01
5.9066745e+003    1.53E-01
5.9073724e+003    1.51E-01
5.9080704e+003    1.49E-01
5.9087686e+003    1.49E-01
5.909467e+003    1.51E-01
5.9101655e+003    1.53E-01
5.9108642e+003    1.56E-01
5.911563e+003    1.60E-01
5.912262e+003    1.65E-01
5.9129612e+003    1.69E-01
5.9136606e+003    1.73E-01
5.9143601e+003    1.75E-01
5.9150597e+003    1.77E-01
5.9157596e+003    1.76E-01
5.9164596e+003    1.72E-01
5.9171598e+003    1.66E-01
5.9178601e+003    1.57E-01
5.9185606e+003    1.47E-01
5.9192613e+003    1.35E-01
5.9199621e+003    1.23E-01
5.9206631e+003    1.12E-01
5.9213643e+003    1.01E-01
5.9220656e+003    9.18E-02
5.9227671e+003    8.46E-02
5.9234688e+003    7.95E-02
5.9241706e+003    7.65E-02
5.9248726e+003    7.55E-02
5.9255748e+003    7.62E-02
5.9262771e+003    7.81E-02
5.9269796e+003    8.08E-02
5.9276823e+003    8.38E-02
5.9283851e+003    8.69E-02
5.9290881e+003    8.98E-02
5.9297913e+003    9.26E-02
5.9304946e+003    9.58E-02
5.9311981e+003    9.99E-02
5.9319018e+003    1.05E-01
5.9326056e+003    1.13E-01
5.9333096e+003    1.23E-01
5.9340138e+003    1.36E-01
5.9347181e+003    1.52E-01
5.9354226e+003    1.69E-01
5.9361273e+003    1.87E-01
5.9368321e+003    2.04E-01
5.9375371e+003    2.21E-01
5.9382423e+003    2.36E-01
5.9389476e+003    2.49E-01
5.9396531e+003    2.59E-01
5.9403588e+003    2.67E-01
5.9410646e+003    2.73E-01
5.9417706e+003    2.77E-01
5.9424768e+003    2.79E-01
5.9431832e+003    2.79E-01
5.9438897e+003    2.79E-01
5.9445964e+003    2.77E-01
5.9453032e+003    2.75E-01
5.9460102e+003    2.71E-01
5.9467174e+003    2.66E-01
5.9474248e+003    2.60E-01
5.9481323e+003    2.54E-01
5.94884e+003    2.46E-01
5.9495478e+003    2.39E-01
5.9502559e+003    2.31E-01
5.9509641e+003    2.24E-01
5.9516724e+003    2.18E-01
5.952381e+003    2.13E-01
5.9530897e+003    2.10E-01
5.9537985e+003    2.09E-01
5.9545076e+003    2.10E-01
5.9552168e+003    2.12E-01
5.9559261e+003    2.16E-01
5.9566357e+003    2.21E-01
5.9573454e+003    2.27E-01
5.9580553e+003    2.33E-01
5.9587653e+003    2.40E-01
5.9594756e+003    2.46E-01
5.960186e+003    2.51E-01
5.9608965e+003    2.55E-01
5.9616072e+003    2.57E-01
5.9623181e+003    2.57E-01
5.9630292e+003    2.55E-01
5.9637405e+003    2.49E-01
5.9644519e+003    2.41E-01
5.9651634e+003    2.30E-01
5.9658752e+003    2.18E-01
5.9665871e+003    2.06E-01
5.9672992e+003    1.96E-01
5.9680115e+003    1.87E-01
5.9687239e+003    1.82E-01
5.9694365e+003    1.81E-01
5.9701493e+003    1.83E-01
5.9708622e+003    1.88E-01
5.9715753e+003    1.96E-01
5.9722886e+003    2.04E-01
5.973002e+003    2.14E-01
5.9737157e+003    2.22E-01
5.9744294e+003    2.30E-01
5.9751434e+003    2.35E-01
5.9758575e+003    2.39E-01
5.9765718e+003    2.42E-01
5.9772863e+003    2.43E-01
5.978001e+003    2.45E-01
5.9787158e+003    2.47E-01
5.9794308e+003    2.51E-01
5.9801459e+003    2.56E-01
5.9808612e+003    2.64E-01
5.9815767e+003    2.72E-01
5.9822924e+003    2.81E-01
5.9830083e+003    2.91E-01
5.9837243e+003    2.99E-01
5.9844405e+003    3.05E-01
5.9851568e+003    3.09E-01
5.9858733e+003    3.11E-01
5.98659e+003    3.12E-01
5.9873069e+003    3.12E-01
5.988024e+003    3.11E-01
5.9887412e+003    3.12E-01
5.9894586e+003    3.14E-01
5.9901761e+003    3.18E-01
5.9908938e+003    3.23E-01
5.9916117e+003    3.29E-01
5.9923298e+003    3.35E-01
5.9930481e+003    3.41E-01
5.9937665e+003    3.46E-01
5.9944851e+003    3.49E-01
5.9952038e+003    3.51E-01
5.9959228e+003    3.51E-01
5.9966419e+003    3.50E-01
5.9973612e+003    3.49E-01
5.9980806e+003    3.47E-01
5.9988002e+003    3.47E-01
5.99952e+003    3.48E-01
6.00024e+003    3.50E-01
6.0009602e+003    3.54E-01
6.0016805e+003    3.59E-01
6.002401e+003    3.64E-01
6.0031216e+003    3.69E-01
6.0038425e+003    3.74E-01
6.0045635e+003    3.77E-01
6.0052847e+003    3.78E-01
6.006006e+003    3.77E-01
6.0067275e+003    3.74E-01
6.0074492e+003    3.69E-01
6.0081711e+003    3.61E-01
6.0088932e+003    3.52E-01
6.0096154e+003    3.43E-01
6.0103378e+003    3.35E-01
6.0110604e+003    3.28E-01
6.0117831e+003    3.23E-01
6.012506e+003    3.21E-01
6.0132291e+003    3.23E-01
6.0139524e+003    3.27E-01
6.0146758e+003    3.34E-01
6.0153994e+003    3.43E-01
6.0161232e+003    3.54E-01
6.0168472e+003    3.64E-01
6.0175713e+003    3.74E-01
6.0182956e+003    3.84E-01
6.0190201e+003    3.94E-01
6.0197448e+003    4.03E-01
6.0204696e+003    4.12E-01
6.0211946e+003    4.20E-01
6.0219198e+003    4.29E-01
6.0226451e+003    4.38E-01
6.0233707e+003    4.46E-01
6.0240964e+003    4.55E-01
6.0248223e+003    4.64E-01
6.0255483e+003    4.72E-01
6.0262746e+003    4.80E-01
6.027001e+003    4.88E-01
6.0277275e+003    4.94E-01
6.0284543e+003    4.99E-01
6.0291812e+003    5.02E-01
6.0299083e+003    5.03E-01
6.0306356e+003    5.02E-01
6.0313631e+003    5.00E-01
6.0320907e+003    4.97E-01
6.0328185e+003    4.93E-01
6.0335465e+003    4.89E-01
6.0342747e+003    4.86E-01
6.035003e+003    4.84E-01
6.0357315e+003    4.82E-01
6.0364602e+003    4.82E-01
6.0371891e+003    4.82E-01
6.0379181e+003    4.83E-01
6.0386473e+003    4.84E-01
6.0393767e+003    4.85E-01
6.0401063e+003    4.85E-01
6.0408361e+003    4.84E-01
6.041566e+003    4.80E-01
6.0422961e+003    4.72E-01
6.0430263e+003    4.60E-01
6.0437568e+003    4.44E-01
6.0444874e+003    4.25E-01
6.0452182e+003    4.06E-01
6.0459492e+003    3.89E-01
6.0466804e+003    3.76E-01
6.0474117e+003    3.71E-01
6.0481432e+003    3.74E-01
6.0488749e+003    3.85E-01
6.0496068e+003    4.02E-01
6.0503388e+003    4.22E-01
6.051071e+003    4.44E-01
6.0518034e+003    4.65E-01
6.052536e+003    4.83E-01
6.0532688e+003    4.99E-01
6.0540017e+003    5.12E-01
6.0547348e+003    5.23E-01
6.0554681e+003    5.34E-01
6.0562016e+003    5.45E-01
6.0569352e+003    5.56E-01
6.057669e+003    5.67E-01
6.058403e+003    5.78E-01
6.0591372e+003    5.88E-01
6.0598715e+003    5.96E-01
6.0606061e+003    6.04E-01
6.0613408e+003    6.11E-01
6.0620757e+003    6.17E-01
6.0628107e+003    6.23E-01
6.063546e+003    6.29E-01
6.0642814e+003    6.35E-01
6.065017e+003    6.40E-01
6.0657528e+003    6.45E-01
6.0664887e+003    6.50E-01
6.0672249e+003    6.55E-01
6.0679612e+003    6.59E-01
6.0686977e+003    6.63E-01
6.0694343e+003    6.66E-01
6.0701712e+003    6.69E-01
6.0709082e+003    6.71E-01
6.0716454e+003    6.72E-01
6.0723828e+003    6.72E-01
6.0731204e+003    6.71E-01
6.0738581e+003    6.69E-01
6.074596e+003    6.68E-01
6.0753341e+003    6.67E-01
6.0760724e+003    6.68E-01
6.0768109e+003    6.69E-01
6.0775495e+003    6.73E-01
6.0782884e+003    6.77E-01
6.0790274e+003    6.83E-01
6.0797665e+003    6.90E-01
6.0805059e+003    6.97E-01
6.0812454e+003    7.03E-01
6.0819852e+003    7.08E-01
6.0827251e+003    7.11E-01
6.0834651e+003    7.11E-01
6.0842054e+003    7.09E-01
6.0849458e+003    7.04E-01
6.0856865e+003    6.97E-01
6.0864273e+003    6.90E-01
6.0871682e+003    6.82E-01
6.0879094e+003    6.74E-01
6.0886508e+003    6.68E-01
6.0893923e+003    6.64E-01
6.090134e+003    6.63E-01
6.0908759e+003    6.66E-01
6.0916179e+003    6.70E-01
6.0923602e+003    6.78E-01
6.0931026e+003    6.88E-01
6.0938452e+003    6.99E-01
6.094588e+003    7.11E-01
6.095331e+003    7.23E-01
6.0960741e+003    7.36E-01
6.0968175e+003    7.48E-01
6.097561e+003    7.61E-01
6.0983047e+003    7.72E-01
6.0990485e+003    7.84E-01
6.0997926e+003    7.94E-01
6.1005368e+003    8.04E-01
6.1012813e+003    8.12E-01
6.1020259e+003    8.19E-01
6.1027707e+003    8.24E-01
6.1035156e+003    8.28E-01
6.1042608e+003    8.30E-01
6.1050061e+003    8.31E-01
6.1057516e+003    8.30E-01
6.1064973e+003    8.29E-01
6.1072432e+003    8.26E-01
6.1079892e+003    8.24E-01
6.1087355e+003    8.21E-01
6.1094819e+003    8.19E-01
6.1102285e+003    8.19E-01
6.1109753e+003    8.19E-01
6.1117223e+003    8.22E-01
6.1124694e+003    8.27E-01
6.1132168e+003    8.33E-01
6.1139643e+003    8.40E-01
6.114712e+003    8.49E-01
6.1154599e+003    8.57E-01
6.116208e+003    8.66E-01
6.1169562e+003    8.73E-01
6.1177046e+003    8.80E-01
6.1184533e+003    8.86E-01
6.1192021e+003    8.90E-01
6.119951e+003    8.93E-01
6.1207002e+003    8.96E-01
6.1214496e+003    8.97E-01
6.1221991e+003    8.97E-01
6.1229488e+003    8.97E-01
6.1236987e+003    8.97E-01
6.1244488e+003    8.96E-01
6.1251991e+003    8.96E-01
6.1259495e+003    8.96E-01
6.1267002e+003    8.97E-01
6.127451e+003    8.99E-01
6.128202e+003    9.01E-01
6.1289532e+003    9.05E-01
6.1297045e+003    9.09E-01
6.1304561e+003    9.14E-01
6.1312078e+003    9.19E-01
6.1319598e+003    9.25E-01
6.1327119e+003    9.30E-01
6.1334642e+003    9.34E-01
6.1342167e+003    9.38E-01
6.1349693e+003    9.42E-01
6.1357222e+003    9.46E-01
6.1364752e+003    9.51E-01
6.1372284e+003    9.57E-01
6.1379818e+003    9.64E-01
6.1387354e+003    9.74E-01
6.1394892e+003    9.87E-01
6.1402432e+003    1.00E+00
6.1409973e+003    1.02E+00
6.1417516e+003    1.04E+00
6.1425061e+003    1.06E+00
6.1432608e+003    1.08E+00
6.1440157e+003    1.09E+00
6.1447708e+003    1.10E+00
6.1455261e+003    1.11E+00
6.1462815e+003    1.11E+00
6.1470371e+003    1.11E+00
6.1477929e+003    1.11E+00
6.1485489e+003    1.11E+00
6.1493051e+003    1.10E+00
6.1500615e+003    1.10E+00
6.1508181e+003    1.10E+00
6.1515748e+003    1.10E+00
6.1523317e+003    1.11E+00
6.1530889e+003    1.12E+00
6.1538462e+003    1.13E+00
6.1546036e+003    1.14E+00
6.1553613e+003    1.16E+00
6.1561192e+003    1.17E+00
6.1568772e+003    1.19E+00
6.1576355e+003    1.21E+00
6.1583939e+003    1.23E+00
6.1591525e+003    1.25E+00
6.1599113e+003    1.27E+00
6.1606703e+003    1.28E+00
6.1614295e+003    1.30E+00
6.1621888e+003    1.31E+00
6.1629484e+003    1.32E+00
6.1637081e+003    1.33E+00
6.164468e+003    1.33E+00
6.1652281e+003    1.34E+00
6.1659884e+003    1.34E+00
6.1667489e+003    1.33E+00
6.1675096e+003    1.33E+00
6.1682704e+003    1.33E+00
6.1690315e+003    1.33E+00
6.1697927e+003    1.33E+00
6.1705541e+003    1.33E+00
6.1713157e+003    1.34E+00
6.1720775e+003    1.34E+00
6.1728395e+003    1.36E+00
6.1736017e+003    1.37E+00
6.174364e+003    1.38E+00
6.1751266e+003    1.40E+00
6.1758893e+003    1.42E+00
6.1766523e+003    1.44E+00
6.1774154e+003    1.45E+00
6.1781787e+003    1.47E+00
6.1789422e+003    1.49E+00
6.1797058e+003    1.51E+00
6.1804697e+003    1.53E+00
6.1812338e+003    1.55E+00
6.181998e+003    1.56E+00
6.1827625e+003    1.58E+00
6.1835271e+003    1.59E+00
6.1842919e+003    1.59E+00
6.1850569e+003    1.60E+00
6.1858221e+003    1.61E+00
6.1865875e+003    1.61E+00
6.1873531e+003    1.61E+00
6.1881188e+003    1.62E+00
6.1888848e+003    1.63E+00
6.1896509e+003    1.63E+00
6.1904172e+003    1.64E+00
6.1911838e+003    1.66E+00
6.1919505e+003    1.67E+00
6.1927174e+003    1.69E+00
6.1934845e+003    1.70E+00
6.1942517e+003    1.72E+00
6.1950192e+003    1.73E+00
6.1957869e+003    1.75E+00
6.1965547e+003    1.76E+00
6.1973228e+003    1.78E+00
6.198091e+003    1.79E+00
6.1988594e+003    1.81E+00
6.199628e+003    1.83E+00
6.2003968e+003    1.84E+00
6.2011658e+003    1.86E+00
6.201935e+003    1.88E+00
6.2027044e+003    1.90E+00
6.2034739e+003    1.91E+00
6.2042437e+003    1.93E+00
6.2050137e+003    1.95E+00
6.2057838e+003    1.96E+00
6.2065541e+003    1.98E+00
6.2073246e+003    1.99E+00
6.2080954e+003    2.00E+00
6.2088663e+003    2.02E+00
6.2096374e+003    2.03E+00
6.2104086e+003    2.05E+00
6.2111801e+003    2.07E+00
6.2119518e+003    2.09E+00
6.2127237e+003    2.11E+00
6.2134957e+003    2.14E+00
6.214268e+003    2.17E+00
6.2150404e+003    2.21E+00
6.215813e+003    2.24E+00
6.2165859e+003    2.28E+00
6.2173589e+003    2.31E+00
6.2181321e+003    2.34E+00
6.2189055e+003    2.37E+00
6.2196791e+003    2.40E+00
6.2204528e+003    2.43E+00
6.2212268e+003    2.45E+00
6.222001e+003    2.48E+00
6.2227754e+003    2.50E+00
6.2235499e+003    2.52E+00
6.2243247e+003    2.54E+00
6.2250996e+003    2.57E+00
6.2258747e+003    2.59E+00
6.2266501e+003    2.61E+00
6.2274256e+003    2.64E+00
6.2282013e+003    2.66E+00
6.2289772e+003    2.68E+00
6.2297533e+003    2.70E+00
6.2305296e+003    2.72E+00
6.2313061e+003    2.74E+00
6.2320828e+003    2.76E+00
6.2328596e+003    2.78E+00
6.2336367e+003    2.80E+00
6.234414e+003    2.82E+00
6.2351914e+003    2.84E+00
6.2359691e+003    2.86E+00
6.2367469e+003    2.89E+00
6.237525e+003    2.91E+00
6.2383032e+003    2.94E+00
6.2390816e+003    2.97E+00
6.2398602e+003    3.00E+00
6.240639e+003    3.03E+00
6.2414181e+003    3.06E+00
6.2421973e+003    3.10E+00
6.2429767e+003    3.13E+00
6.2437562e+003    3.17E+00
6.244536e+003    3.21E+00
6.245316e+003    3.25E+00
6.2460962e+003    3.29E+00
6.2468766e+003    3.33E+00
6.2476571e+003    3.37E+00
6.2484379e+003    3.40E+00
6.2492188e+003    3.44E+00
6.25e+003    3.48E+00
6.2507813e+003    3.51E+00
6.2515629e+003    3.55E+00
6.2523446e+003    3.58E+00
6.2531266e+003    3.61E+00
6.2539087e+003    3.65E+00
6.254691e+003    3.69E+00
6.2554735e+003    3.72E+00
6.2562563e+003    3.76E+00
6.2570392e+003    3.80E+00
6.2578223e+003    3.84E+00
6.2586056e+003    3.89E+00
6.2593891e+003    3.93E+00
6.2601728e+003    3.97E+00
6.2609567e+003    4.01E+00
6.2617408e+003    4.05E+00
6.2625251e+003    4.09E+00
6.2633095e+003    4.13E+00
6.2640942e+003    4.16E+00
6.2648791e+003    4.20E+00
6.2656642e+003    4.24E+00
6.2664494e+003    4.27E+00
6.2672349e+003    4.31E+00
6.2680206e+003    4.34E+00
6.2688064e+003    4.38E+00
6.2695925e+003    4.42E+00
6.2703787e+003    4.46E+00
6.2711652e+003    4.50E+00
6.2719518e+003    4.55E+00
6.2727387e+003    4.59E+00
6.2735257e+003    4.64E+00
6.274313e+003    4.68E+00
6.2751004e+003    4.73E+00
6.275888e+003    4.78E+00
6.2766759e+003    4.83E+00
6.2774639e+003    4.88E+00
6.2782521e+003    4.93E+00
6.2790406e+003    4.99E+00
6.2798292e+003    5.04E+00
6.280618e+003    5.10E+00
6.281407e+003    5.17E+00
6.2821963e+003    5.23E+00
6.2829857e+003    5.30E+00
6.2837753e+003    5.37E+00
6.2845651e+003    5.44E+00
6.2853551e+003    5.51E+00
6.2861453e+003    5.58E+00
6.2869357e+003    5.65E+00
6.2877264e+003    5.72E+00
6.2885172e+003    5.79E+00
6.2893082e+003    5.85E+00
6.2900994e+003    5.91E+00
6.2908908e+003    5.96E+00
6.2916824e+003    6.02E+00
6.2924742e+003    6.07E+00
6.2932662e+003    6.13E+00
6.2940584e+003    6.18E+00
6.2948508e+003    6.24E+00
6.2956434e+003    6.30E+00
6.2964362e+003    6.37E+00
6.2972292e+003    6.44E+00
6.2980224e+003    6.51E+00
6.2988158e+003    6.59E+00
6.2996094e+003    6.67E+00
6.3004032e+003    6.74E+00
6.3011972e+003    6.82E+00
6.3019914e+003    6.90E+00
6.3027858e+003    6.97E+00
6.3035804e+003    7.05E+00
6.3043752e+003    7.12E+00
6.3051702e+003    7.19E+00
6.3059654e+003    7.26E+00
6.3067608e+003    7.33E+00
6.3075565e+003    7.40E+00
6.3083523e+003    7.47E+00
6.3091483e+003    7.54E+00
6.3099445e+003    7.61E+00
6.3107409e+003    7.68E+00
6.3115375e+003    7.76E+00
6.3123343e+003    7.83E+00
6.3131313e+003    7.90E+00
6.3139285e+003    7.98E+00
6.3147259e+003    8.06E+00
6.3155236e+003    8.14E+00
6.3163214e+003    8.22E+00
6.3171194e+003    8.31E+00
6.3179176e+003    8.39E+00
6.318716e+003    8.48E+00
6.3195147e+003    8.58E+00
6.3203135e+003    8.67E+00
6.3211125e+003    8.77E+00
6.3219117e+003    8.87E+00
6.3227112e+003    8.97E+00
6.3235108e+003    9.07E+00
6.3243107e+003    9.18E+00
6.3251107e+003    9.28E+00
6.3259109e+003    9.38E+00
6.3267114e+003    9.49E+00
6.327512e+003    9.59E+00
6.3283129e+003    9.70E+00
6.3291139e+003    9.81E+00
6.3299152e+003    9.93E+00
6.3307166e+003    1.00E+01
6.3315183e+003    1.02E+01
6.3323202e+003    1.03E+01
6.3331222e+003    1.04E+01
6.3339245e+003    1.05E+01
6.334727e+003    1.07E+01
6.3355297e+003    1.08E+01
6.3363325e+003    1.09E+01
6.3371356e+003    1.10E+01
6.3379389e+003    1.12E+01
6.3387424e+003    1.13E+01
6.3395461e+003    1.14E+01
6.34035e+003    1.16E+01
6.3411541e+003    1.17E+01
6.3419584e+003    1.18E+01
6.3427629e+003    1.20E+01
6.3435676e+003    1.21E+01
6.3443725e+003    1.23E+01
6.3451777e+003    1.24E+01
6.345983e+003    1.25E+01
6.3467885e+003    1.27E+01
6.3475943e+003    1.28E+01
6.3484002e+003    1.29E+01
6.3492063e+003    1.30E+01
6.3500127e+003    1.32E+01
6.3508193e+003    1.33E+01
6.351626e+003    1.34E+01
6.352433e+003    1.36E+01
6.3532402e+003    1.37E+01
6.3540475e+003    1.39E+01
6.3548551e+003    1.40E+01
6.3556629e+003    1.42E+01
6.3564709e+003    1.43E+01
6.3572791e+003    1.45E+01
6.3580875e+003    1.47E+01
6.3588961e+003    1.48E+01
6.3597049e+003    1.50E+01
6.3605139e+003    1.52E+01
6.3613232e+003    1.53E+01
6.3621326e+003    1.55E+01
6.3629422e+003    1.57E+01
6.3637521e+003    1.58E+01
6.3645621e+003    1.60E+01
6.3653724e+003    1.62E+01
6.3661828e+003    1.64E+01
6.3669935e+003    1.66E+01
6.3678044e+003    1.68E+01
6.3686155e+003    1.70E+01
6.3694268e+003    1.73E+01
6.3702382e+003    1.75E+01
6.3710499e+003    1.77E+01
6.3718619e+003    1.80E+01
6.372674e+003    1.82E+01
6.3734863e+003    1.84E+01
6.3742988e+003    1.87E+01
6.3751116e+003    1.89E+01
6.3759245e+003    1.91E+01
6.3767377e+003    1.93E+01
6.377551e+003    1.95E+01
6.3783646e+003    1.97E+01
6.3791784e+003    1.99E+01
6.3799923e+003    2.01E+01
6.3808065e+003    2.04E+01
6.3816209e+003    2.06E+01
6.3824355e+003    2.08E+01
6.3832504e+003    2.11E+01
6.3840654e+003    2.13E+01
6.3848806e+003    2.16E+01
6.385696e+003    2.18E+01
6.3865117e+003    2.21E+01
6.3873275e+003    2.24E+01
6.3881436e+003    2.27E+01
6.3889599e+003    2.30E+01
6.3897764e+003    2.32E+01
6.390593e+003    2.35E+01
6.3914099e+003    2.38E+01
6.3922271e+003    2.41E+01
6.3930444e+003    2.44E+01
6.3938619e+003    2.47E+01
6.3946796e+003    2.51E+01
6.3954976e+003    2.54E+01
6.3963157e+003    2.57E+01
6.3971341e+003    2.60E+01
6.3979527e+003    2.63E+01
6.3987714e+003    2.66E+01
6.3995904e+003    2.69E+01
6.4004096e+003    2.72E+01
6.401229e+003    2.75E+01
6.4020487e+003    2.78E+01
6.4028685e+003    2.81E+01
6.4036885e+003    2.84E+01
6.4045088e+003    2.87E+01
6.4053292e+003    2.90E+01
6.4061499e+003    2.94E+01
6.4069708e+003    2.97E+01
6.4077919e+003    3.01E+01
6.4086132e+003    3.05E+01
6.4094347e+003    3.09E+01
6.4102564e+003    3.14E+01
6.4110783e+003    3.18E+01
6.4119005e+003    3.23E+01
6.4127228e+003    3.28E+01
6.4135454e+003    3.33E+01
6.4143682e+003    3.38E+01
6.4151912e+003    3.43E+01
6.4160144e+003    3.49E+01
6.4168378e+003    3.54E+01
6.4176614e+003    3.60E+01
6.4184852e+003    3.65E+01
6.4193093e+003    3.70E+01
6.4201335e+003    3.75E+01
6.420958e+003    3.80E+01
6.4217827e+003    3.84E+01
6.4226076e+003    3.89E+01
6.4234327e+003    3.93E+01
6.424258e+003    3.97E+01
6.4250835e+003    4.01E+01
6.4259093e+003    4.06E+01
6.4267352e+003    4.10E+01
6.4275614e+003    4.15E+01
6.4283878e+003    4.20E+01
6.4292144e+003    4.25E+01
6.4300412e+003    4.31E+01
6.4308682e+003    4.37E+01
6.4316954e+003    4.43E+01
6.4325228e+003    4.50E+01
6.4333505e+003    4.56E+01
6.4341784e+003    4.63E+01
6.4350064e+003    4.69E+01
6.4358347e+003    4.75E+01
6.4366632e+003    4.81E+01
6.437492e+003    4.86E+01
6.4383209e+003    4.92E+01
6.43915e+003    4.97E+01
6.4399794e+003    5.03E+01
6.440809e+003    5.09E+01
6.4416388e+003    5.14E+01
6.4424688e+003    5.20E+01
6.443299e+003    5.26E+01
6.4441294e+003    5.31E+01
6.44496e+003    5.37E+01
6.4457909e+003    5.43E+01
6.446622e+003    5.50E+01
6.4474533e+003    5.56E+01
6.4482848e+003    5.62E+01
6.4491165e+003    5.69E+01
6.4499484e+003    5.76E+01
6.4507805e+003    5.83E+01
6.4516129e+003    5.90E+01
6.4524455e+003    5.96E+01
6.4532783e+003    6.03E+01
6.4541113e+003    6.10E+01
6.4549445e+003    6.16E+01
6.4557779e+003    6.23E+01
6.4566116e+003    6.29E+01
6.4574454e+003    6.35E+01
6.4582795e+003    6.42E+01
6.4591138e+003    6.48E+01
6.4599483e+003    6.54E+01
6.460783e+003    6.60E+01
6.461618e+003    6.67E+01
6.4624531e+003    6.73E+01
6.4632885e+003    6.80E+01
6.4641241e+003    6.86E+01
6.4649599e+003    6.93E+01
6.4657959e+003    6.99E+01
6.4666322e+003    7.06E+01
6.4674686e+003    7.12E+01
6.4683053e+003    7.19E+01
6.4691422e+003    7.26E+01
6.4699793e+003    7.32E+01
6.4708166e+003    7.39E+01
6.4716542e+003    7.45E+01
6.4724919e+003    7.51E+01
6.4733299e+003    7.57E+01
6.4741681e+003    7.63E+01
6.4750065e+003    7.68E+01
6.4758451e+003    7.74E+01
6.4766839e+003    7.80E+01
6.477523e+003    7.85E+01
6.4783623e+003    7.91E+01
6.4792018e+003    7.97E+01
6.4800415e+003    8.02E+01
6.4808814e+003    8.08E+01
6.4817215e+003    8.13E+01
6.4825619e+003    8.19E+01
6.4834025e+003    8.24E+01
6.4842433e+003    8.29E+01
6.4850843e+003    8.34E+01
6.4859255e+003    8.39E+01
6.486767e+003    8.44E+01
6.4876087e+003    8.48E+01
6.4884506e+003    8.53E+01
6.4892927e+003    8.58E+01
6.490135e+003    8.62E+01
6.4909775e+003    8.67E+01
6.4918203e+003    8.71E+01
6.4926633e+003    8.75E+01
6.4935065e+003    8.79E+01
6.4943499e+003    8.82E+01
6.4951936e+003    8.84E+01
6.4960374e+003    8.86E+01
6.4968815e+003    8.88E+01
6.4977258e+003    8.90E+01
6.4985703e+003    8.92E+01
6.4994151e+003    8.94E+01
6.50026e+003    8.96E+01
6.5011052e+003    8.99E+01
6.5019506e+003    9.02E+01
6.5027962e+003    9.06E+01
6.503642e+003    9.09E+01
6.5044881e+003    9.12E+01
6.5053344e+003    9.16E+01
6.5061809e+003    9.19E+01
6.5070276e+003    9.22E+01
6.5078745e+003    9.25E+01
6.5087217e+003    9.28E+01
6.5095691e+003    9.31E+01
6.5104167e+003    9.34E+01
6.5112645e+003    9.36E+01
6.5121125e+003    9.39E+01
6.5129608e+003    9.42E+01
6.5138093e+003    9.44E+01
6.514658e+003    9.46E+01
6.5155069e+003    9.48E+01
6.5163561e+003    9.49E+01
6.5172054e+003    9.50E+01
6.518055e+003    9.51E+01
6.5189048e+003    9.51E+01
6.5197549e+003    9.51E+01
6.5206051e+003    9.51E+01
6.5214556e+003    9.50E+01
6.5223063e+003    9.50E+01
6.5231572e+003    9.50E+01
6.5240084e+003    9.51E+01
6.5248597e+003    9.51E+01
6.5257113e+003    9.52E+01
6.5265631e+003    9.53E+01
6.5274151e+003    9.54E+01
6.5282674e+003    9.55E+01
6.5291199e+003    9.55E+01
6.5299726e+003    9.56E+01
6.5308255e+003    9.57E+01
6.5316786e+003    9.58E+01
6.532532e+003    9.59E+01
6.5333856e+003    9.60E+01
6.5342394e+003    9.61E+01
6.5350935e+003    9.62E+01
6.5359477e+003    9.63E+01
6.5368022e+003    9.64E+01
6.5376569e+003    9.65E+01
6.5385118e+003    9.66E+01
6.539367e+003    9.67E+01
6.5402224e+003    9.68E+01
6.541078e+003    9.68E+01
6.5419338e+003    9.69E+01
6.5427898e+003    9.69E+01
6.5436461e+003    9.69E+01
6.5445026e+003    9.69E+01
6.5453593e+003    9.69E+01
6.5462163e+003    9.69E+01
6.5470735e+003    9.69E+01
6.5479309e+003    9.69E+01
6.5487885e+003    9.69E+01
6.5496463e+003    9.69E+01
6.5505044e+003    9.69E+01
6.5513627e+003    9.69E+01
6.5522212e+003    9.68E+01
6.5530799e+003    9.68E+01
6.5539389e+003    9.67E+01
6.5547981e+003    9.66E+01
6.5556575e+003    9.66E+01
6.5565172e+003    9.65E+01
6.557377e+003    9.65E+01
6.5582371e+003    9.65E+01
6.5590975e+003    9.65E+01
6.559958e+003    9.66E+01
6.5608188e+003    9.66E+01
6.5616798e+003    9.68E+01
6.562541e+003    9.69E+01
6.5634025e+003    9.70E+01
6.5642641e+003    9.71E+01
6.5651261e+003    9.72E+01
6.5659882e+003    9.73E+01
6.5668505e+003    9.73E+01
6.5677131e+003    9.73E+01
6.5685759e+003    9.73E+01
6.569439e+003    9.72E+01
6.5703022e+003    9.70E+01
6.5711657e+003    9.68E+01
6.5720294e+003    9.65E+01
6.5728934e+003    9.62E+01
6.5737576e+003    9.59E+01
6.574622e+003    9.55E+01
6.5754866e+003    9.52E+01
6.5763514e+003    9.49E+01
6.5772165e+003    9.47E+01
6.5780818e+003    9.45E+01
6.5789474e+003    9.44E+01
6.5798131e+003    9.44E+01
6.5806791e+003    9.44E+01
6.5815453e+003    9.44E+01
6.5824118e+003    9.45E+01
6.5832785e+003    9.45E+01
6.5841454e+003    9.46E+01
6.5850125e+003    9.46E+01
6.5858799e+003    9.46E+01
6.5867475e+003    9.45E+01
6.5876153e+003    9.43E+01
6.5884833e+003    9.41E+01
6.5893516e+003    9.37E+01
6.5902201e+003    9.33E+01
6.5910888e+003    9.29E+01
6.5919578e+003    9.24E+01
6.592827e+003    9.19E+01
6.5936964e+003    9.14E+01
6.5945661e+003    9.10E+01
6.595436e+003    9.06E+01
6.5963061e+003    9.02E+01
6.5971764e+003    8.98E+01
6.598047e+003    8.95E+01
6.5989178e+003    8.91E+01
6.5997888e+003    8.88E+01
6.6006601e+003    8.84E+01
6.6015316e+003    8.81E+01
6.6024033e+003    8.78E+01
6.6032752e+003    8.74E+01
6.6041474e+003    8.71E+01
6.6050198e+003    8.67E+01
6.6058925e+003    8.64E+01
6.6067653e+003    8.60E+01
6.6076384e+003    8.55E+01
6.6085118e+003    8.50E+01
6.6093853e+003    8.44E+01
6.6102591e+003    8.38E+01
6.6111331e+003    8.32E+01
6.6120074e+003    8.25E+01
6.6128819e+003    8.18E+01
6.6137566e+003    8.11E+01
6.6146316e+003    8.05E+01
6.6155067e+003    7.98E+01
6.6163822e+003    7.93E+01
6.6172578e+003    7.87E+01
6.6181337e+003    7.82E+01
6.6190098e+003    7.77E+01
6.6198861e+003    7.72E+01
6.6207627e+003    7.67E+01
6.6216395e+003    7.61E+01
6.6225166e+003    7.55E+01
6.6233938e+003    7.49E+01
6.6242713e+003    7.43E+01
6.6251491e+003    7.37E+01
6.626027e+003    7.31E+01
6.6269052e+003    7.25E+01
6.6277837e+003    7.19E+01
6.6286623e+003    7.13E+01
6.6295412e+003    7.06E+01
6.6304204e+003    7.00E+01
6.6312997e+003    6.92E+01
6.6321793e+003    6.84E+01
6.6330592e+003    6.75E+01
6.6339392e+003    6.64E+01
6.6348195e+003    6.53E+01
6.6357001e+003    6.40E+01
6.6365808e+003    6.27E+01
6.6374618e+003    6.14E+01
6.6383431e+003    6.01E+01
6.6392245e+003    5.89E+01
6.6401062e+003    5.77E+01
6.6409882e+003    5.67E+01
6.6418704e+003    5.58E+01
6.6427528e+003    5.51E+01
6.6436354e+003    5.44E+01
6.6445183e+003    5.38E+01
6.6454014e+003    5.33E+01
6.6462847e+003    5.28E+01
6.6471683e+003    5.23E+01
6.6480521e+003    5.18E+01
6.6489362e+003    5.13E+01
6.6498205e+003    5.07E+01
6.650705e+003    5.02E+01
6.6515897e+003    4.96E+01
6.6524747e+003    4.90E+01
6.6533599e+003    4.84E+01
6.6542454e+003    4.77E+01
6.6551311e+003    4.70E+01
6.656017e+003    4.63E+01
6.6569032e+003    4.56E+01
6.6577896e+003    4.49E+01
6.6586763e+003    4.42E+01
6.6595631e+003    4.36E+01
6.6604502e+003    4.29E+01
6.6613376e+003    4.23E+01
6.6622252e+003    4.17E+01
6.663113e+003    4.12E+01
6.6640011e+003    4.06E+01
6.6648894e+003    4.01E+01
6.6657779e+003    3.95E+01
6.6666667e+003    3.90E+01
6.6675557e+003    3.84E+01
6.6684449e+003    3.77E+01
6.6693344e+003    3.71E+01
6.6702241e+003    3.64E+01
6.6711141e+003    3.57E+01
6.6720043e+003    3.51E+01
6.6728947e+003    3.44E+01
6.6737854e+003    3.39E+01
6.6746763e+003    3.34E+01
6.6755674e+003    3.29E+01
6.6764588e+003    3.25E+01
6.6773504e+003    3.20E+01
6.6782423e+003    3.16E+01
6.6791344e+003    3.11E+01
6.6800267e+003    3.06E+01
6.6809193e+003    3.00E+01
6.6818121e+003    2.94E+01
6.6827052e+003    2.87E+01
6.6835984e+003    2.81E+01
6.684492e+003    2.75E+01
6.6853857e+003    2.69E+01
6.6862798e+003    2.64E+01
6.687174e+003    2.59E+01
6.6880685e+003    2.55E+01
6.6889632e+003    2.52E+01
6.6898582e+003    2.49E+01
6.6907534e+003    2.45E+01
6.6916488e+003    2.43E+01
6.6925445e+003    2.40E+01
6.6934404e+003    2.37E+01
6.6943366e+003    2.33E+01
6.695233e+003    2.30E+01
6.6961296e+003    2.27E+01
6.6970265e+003    2.24E+01
6.6979236e+003    2.21E+01
6.698821e+003    2.18E+01
6.6997186e+003    2.15E+01
6.7006165e+003    2.13E+01
6.7015145e+003    2.10E+01
6.7024129e+003    2.07E+01
6.7033114e+003    2.04E+01
6.7042102e+003    2.01E+01
6.7051093e+003    1.98E+01
6.7060086e+003    1.95E+01
6.7069081e+003    1.91E+01
6.7078079e+003    1.88E+01
6.7087079e+003    1.84E+01
6.7096082e+003    1.81E+01
6.7105087e+003    1.77E+01
6.7114094e+003    1.74E+01
6.7123104e+003    1.71E+01
6.7132116e+003    1.68E+01
6.7141131e+003    1.65E+01
6.7150148e+003    1.63E+01
6.7159167e+003    1.61E+01
6.7168189e+003    1.59E+01
6.7177213e+003    1.57E+01
6.718624e+003    1.55E+01
6.7195269e+003    1.52E+01
6.7204301e+003    1.50E+01
6.7213335e+003    1.48E+01
6.7222372e+003    1.46E+01
6.7231411e+003    1.44E+01
6.7240452e+003    1.41E+01
6.7249496e+003    1.39E+01
6.7258542e+003    1.37E+01
6.726759e+003    1.35E+01
6.7276642e+003    1.33E+01
6.7285695e+003    1.32E+01
6.7294751e+003    1.30E+01
6.7303809e+003    1.28E+01
6.731287e+003    1.27E+01
6.7321933e+003    1.25E+01
6.7330999e+003    1.24E+01
6.7340067e+003    1.22E+01
6.7349138e+003    1.21E+01
6.7358211e+003    1.19E+01
6.7367286e+003    1.18E+01
6.7376364e+003    1.16E+01
6.7385445e+003    1.15E+01
6.7394528e+003    1.13E+01
6.7403613e+003    1.12E+01
6.7412701e+003    1.10E+01
6.7421791e+003    1.09E+01
6.7430883e+003    1.08E+01
6.7439978e+003    1.06E+01
6.7449076e+003    1.05E+01
6.7458176e+003    1.04E+01
6.7467278e+003    1.03E+01
6.7476383e+003    1.01E+01
6.7485491e+003    9.98E+00
6.74946e+003    9.85E+00
6.7503713e+003    9.72E+00
6.7512827e+003    9.59E+00
6.7521945e+003    9.47E+00
6.7531064e+003    9.35E+00
6.7540186e+003    9.23E+00
6.7549311e+003    9.12E+00
6.7558438e+003    9.01E+00
6.7567568e+003    8.91E+00
6.75767e+003    8.80E+00
6.7585834e+003    8.70E+00
6.7594971e+003    8.60E+00
6.760411e+003    8.51E+00
6.7613252e+003    8.42E+00
6.7622397e+003    8.33E+00
6.7631543e+003    8.25E+00
6.7640693e+003    8.17E+00
6.7649844e+003    8.09E+00
6.7658999e+003    8.01E+00
6.7668155e+003    7.93E+00
6.7677315e+003    7.85E+00
6.7686476e+003    7.75E+00
6.769564e+003    7.65E+00
6.7704807e+003    7.54E+00
6.7713976e+003    7.42E+00
6.7723148e+003    7.30E+00
6.7732322e+003    7.18E+00
6.7741498e+003    7.07E+00
6.7750678e+003    6.97E+00
6.7759859e+003    6.88E+00
6.7769043e+003    6.80E+00
6.777823e+003    6.74E+00
6.7787419e+003    6.69E+00
6.779661e+003    6.64E+00
6.7805804e+003    6.60E+00
6.7815001e+003    6.56E+00
6.78242e+003    6.51E+00
6.7833401e+003    6.46E+00
6.7842605e+003    6.41E+00
6.7851812e+003    6.35E+00
6.7861021e+003    6.28E+00
6.7870232e+003    6.20E+00
6.7879446e+003    6.12E+00
6.7888663e+003    6.03E+00
6.7897882e+003    5.93E+00
6.7907103e+003    5.84E+00
6.7916327e+003    5.74E+00
6.7925554e+003    5.65E+00
6.7934783e+003    5.56E+00
6.7944014e+003    5.48E+00
6.7953248e+003    5.40E+00
6.7962485e+003    5.34E+00
6.7971724e+003    5.28E+00
6.7980965e+003    5.24E+00
6.7990209e+003    5.19E+00
6.7999456e+003    5.15E+00
6.8008705e+003    5.12E+00
6.8017957e+003    5.08E+00
6.8027211e+003    5.04E+00
6.8036468e+003    5.01E+00
6.8045727e+003    4.97E+00
6.8054988e+003    4.93E+00
6.8064253e+003    4.88E+00
6.8073519e+003    4.84E+00
6.8082789e+003    4.79E+00
6.809206e+003    4.75E+00
6.8101335e+003    4.70E+00
6.8110612e+003    4.66E+00
6.8119891e+003    4.62E+00
6.8129173e+003    4.57E+00
6.8138457e+003    4.53E+00
6.8147744e+003    4.49E+00
6.8157034e+003    4.45E+00
6.8166326e+003    4.41E+00
6.817562e+003    4.37E+00
6.8184917e+003    4.33E+00
6.8194217e+003    4.29E+00
6.8203519e+003    4.25E+00
6.8212824e+003    4.20E+00
6.8222131e+003    4.16E+00
6.8231441e+003    4.11E+00
6.8240753e+003    4.07E+00
6.8250068e+003    4.02E+00
6.8259386e+003    3.98E+00
6.8268706e+003    3.93E+00
6.8278028e+003    3.90E+00
6.8287353e+003    3.86E+00
6.8296681e+003    3.83E+00
6.8306011e+003    3.80E+00
6.8315344e+003    3.77E+00
6.8324679e+003    3.74E+00
6.8334017e+003    3.71E+00
6.8343357e+003    3.68E+00
6.83527e+003    3.65E+00
6.8362045e+003    3.62E+00
6.8371393e+003    3.60E+00
6.8380744e+003    3.57E+00
6.8390097e+003    3.54E+00
6.8399453e+003    3.52E+00
6.8408811e+003    3.49E+00
6.8418172e+003    3.47E+00
6.8427535e+003    3.45E+00
6.8436901e+003    3.43E+00
6.844627e+003    3.41E+00
6.8455641e+003    3.40E+00
6.8465014e+003    3.38E+00
6.8474391e+003    3.36E+00
6.8483769e+003    3.34E+00
6.8493151e+003    3.31E+00
6.8502535e+003    3.28E+00
6.8511921e+003    3.25E+00
6.852131e+003    3.22E+00
6.8530702e+003    3.18E+00
6.8540096e+003    3.14E+00
6.8549493e+003    3.11E+00
6.8558892e+003    3.07E+00
6.8568294e+003    3.04E+00
6.8577699e+003    3.00E+00
6.8587106e+003    2.96E+00
6.8596515e+003    2.92E+00
6.8605928e+003    2.87E+00
6.8615342e+003    2.82E+00
6.862476e+003    2.77E+00
6.863418e+003    2.72E+00
6.8643602e+003    2.67E+00
6.8653028e+003    2.63E+00
6.8662455e+003    2.59E+00
6.8671886e+003    2.56E+00
6.8681319e+003    2.53E+00
6.8690754e+003    2.51E+00
6.8700192e+003    2.50E+00
6.8709633e+003    2.49E+00
6.8719076e+003    2.48E+00
6.8728522e+003    2.48E+00
6.8737971e+003    2.48E+00
6.8747422e+003    2.48E+00
6.8756876e+003    2.48E+00
6.8766332e+003    2.48E+00
6.8775791e+003    2.48E+00
6.8785252e+003    2.48E+00
6.8794717e+003    2.47E+00
6.8804183e+003    2.47E+00
6.8813653e+003    2.46E+00
6.8823125e+003    2.45E+00
6.8832599e+003    2.44E+00
6.8842076e+003    2.42E+00
6.8851556e+003    2.40E+00
6.8861038e+003    2.38E+00
6.8870523e+003    2.36E+00
6.8880011e+003    2.34E+00
6.8889501e+003    2.31E+00
6.8898994e+003    2.29E+00
6.890849e+003    2.26E+00
6.8917988e+003    2.24E+00
6.8927488e+003    2.22E+00
6.8936992e+003    2.19E+00
6.8946498e+003    2.17E+00
6.8956006e+003    2.15E+00
6.8965517e+003    2.14E+00
6.8975031e+003    2.12E+00
6.8984547e+003    2.11E+00
6.8994067e+003    2.09E+00
6.9003588e+003    2.08E+00
6.9013112e+003    2.07E+00
6.9022639e+003    2.05E+00
6.9032169e+003    2.04E+00
6.9041701e+003    2.03E+00
6.9051236e+003    2.02E+00
6.9060773e+003    2.01E+00
6.9070314e+003    2.00E+00
6.9079856e+003    1.99E+00
6.9089402e+003    1.98E+00
6.909895e+003    1.98E+00
6.91085e+003    1.98E+00
6.9118054e+003    1.97E+00
6.912761e+003    1.97E+00
6.9137168e+003    1.96E+00
6.9146729e+003    1.96E+00
6.9156293e+003    1.95E+00
6.916586e+003    1.93E+00
6.9175429e+003    1.92E+00
6.9185001e+003    1.90E+00
6.9194575e+003    1.88E+00
6.9204152e+003    1.86E+00
6.9213732e+003    1.84E+00
6.9223314e+003    1.82E+00
6.9232899e+003    1.80E+00
6.9242487e+003    1.78E+00
6.9252078e+003    1.76E+00
6.9261671e+003    1.75E+00
6.9271266e+003    1.73E+00
6.9280865e+003    1.72E+00
6.9290466e+003    1.70E+00
6.9300069e+003    1.69E+00
6.9309676e+003    1.68E+00
6.9319285e+003    1.66E+00
6.9328896e+003    1.65E+00
6.9338511e+003    1.63E+00
6.9348128e+003    1.62E+00
6.9357747e+003    1.60E+00
6.936737e+003    1.58E+00
6.9376995e+003    1.57E+00
6.9386622e+003    1.55E+00
6.9396253e+003    1.54E+00
6.9405886e+003    1.53E+00
6.9415521e+003    1.52E+00
6.942516e+003    1.51E+00
6.9434801e+003    1.50E+00
6.9444444e+003    1.49E+00
6.9454091e+003    1.48E+00
6.946374e+003    1.48E+00
6.9473392e+003    1.47E+00
6.9483046e+003    1.46E+00
6.9492703e+003    1.45E+00
6.9502363e+003    1.45E+00
6.9512026e+003    1.44E+00
6.9521691e+003    1.44E+00
6.9531359e+003    1.43E+00
6.9541029e+003    1.42E+00
6.9550702e+003    1.41E+00
6.9560378e+003    1.41E+00
6.9570057e+003    1.39E+00
6.9579738e+003    1.38E+00
6.9589422e+003    1.37E+00
6.9599109e+003    1.36E+00
6.9608799e+003    1.34E+00
6.9618491e+003    1.33E+00
6.9628185e+003    1.32E+00
6.9637883e+003    1.31E+00
6.9647583e+003    1.31E+00
6.9657286e+003    1.30E+00
6.9666992e+003    1.29E+00
6.96767e+003    1.29E+00
6.9686411e+003    1.28E+00
6.9696125e+003    1.28E+00
6.9705841e+003    1.27E+00
6.9715561e+003    1.26E+00
6.9725282e+003    1.25E+00
6.9735007e+003    1.25E+00
6.9744734e+003    1.24E+00
6.9754464e+003    1.23E+00
6.9764197e+003    1.22E+00
6.9773932e+003    1.22E+00
6.9783671e+003    1.21E+00
6.9793412e+003    1.21E+00
6.9803155e+003    1.21E+00
6.9812901e+003    1.21E+00
6.982265e+003    1.21E+00
6.9832402e+003    1.21E+00
6.9842157e+003    1.20E+00
6.9851914e+003    1.20E+00
6.9861674e+003    1.20E+00
6.9871437e+003    1.19E+00
6.9881202e+003    1.18E+00
6.989097e+003    1.16E+00
6.9900741e+003    1.15E+00
6.9910515e+003    1.13E+00
6.9920291e+003    1.11E+00
6.993007e+003    1.08E+00
6.9939852e+003    1.06E+00
6.9949636e+003    1.04E+00
6.9959424e+003    1.03E+00
6.9969214e+003    1.01E+00
6.9979006e+003    9.99E-01
6.9988802e+003    9.88E-01
6.99986e+003    9.79E-01
7.0008401e+003    9.70E-01
7.0018205e+003    9.62E-01
7.0028011e+003    9.53E-01
7.003782e+003    9.44E-01
7.0047632e+003    9.35E-01
7.0057447e+003    9.25E-01
7.0067265e+003    9.15E-01
7.0077085e+003    9.07E-01
7.0086908e+003    8.99E-01
7.0096733e+003    8.94E-01
7.0106562e+003    8.92E-01
7.0116393e+003    8.92E-01
7.0126227e+003    8.94E-01
7.0136064e+003    8.99E-01
7.0145903e+003    9.05E-01
7.0155746e+003    9.12E-01
7.0165591e+003    9.19E-01
7.0175439e+003    9.26E-01
7.0185289e+003    9.31E-01
7.0195142e+003    9.34E-01
7.0204999e+003    9.35E-01
7.0214857e+003    9.34E-01
7.0224719e+003    9.31E-01
7.0234584e+003    9.26E-01
7.0244451e+003    9.20E-01
7.0254321e+003    9.13E-01
7.0264193e+003    9.05E-01
7.0274069e+003    8.97E-01
7.0283947e+003    8.90E-01
7.0293828e+003    8.84E-01
7.0303712e+003    8.78E-01
7.0313599e+003    8.73E-01
7.0323488e+003    8.69E-01
7.033338e+003    8.65E-01
7.0343275e+003    8.61E-01
7.0353173e+003    8.57E-01
7.0363073e+003    8.53E-01
7.0372977e+003    8.48E-01
7.0382883e+003    8.42E-01
7.0392792e+003    8.35E-01
7.0402703e+003    8.27E-01
7.0412618e+003    8.17E-01
7.0422535e+003    8.07E-01
7.0432455e+003    7.97E-01
7.0442378e+003    7.87E-01
7.0452304e+003    7.79E-01
7.0462232e+003    7.71E-01
7.0472163e+003    7.66E-01
7.0482098e+003    7.61E-01
7.0492034e+003    7.58E-01
7.0501974e+003    7.56E-01
7.0511917e+003    7.54E-01
7.0521862e+003    7.51E-01
7.053181e+003    7.47E-01
7.0541761e+003    7.42E-01
7.0551714e+003    7.35E-01
7.0561671e+003    7.28E-01
7.057163e+003    7.21E-01
7.0581592e+003    7.14E-01
7.0591557e+003    7.07E-01
7.0601525e+003    7.02E-01
7.0611496e+003    6.98E-01
7.0621469e+003    6.95E-01
7.0631445e+003    6.95E-01
7.0641424e+003    6.97E-01
7.0651406e+003    7.00E-01
7.0661391e+003    7.05E-01
7.0671378e+003    7.11E-01
7.0681368e+003    7.18E-01
7.0691362e+003    7.24E-01
7.0701357e+003    7.30E-01
7.0711356e+003    7.33E-01
7.0721358e+003    7.34E-01
7.0731362e+003    7.33E-01
7.074137e+003    7.29E-01
7.075138e+003    7.21E-01
7.0761393e+003    7.12E-01
7.0771408e+003    7.00E-01
7.0781427e+003    6.87E-01
7.0791448e+003    6.75E-01
7.0801473e+003    6.62E-01
7.08115e+003    6.51E-01
7.082153e+003    6.42E-01
7.0831563e+003    6.35E-01
7.0841598e+003    6.31E-01
7.0851637e+003    6.29E-01
7.0861678e+003    6.28E-01
7.0871722e+003    6.30E-01
7.0881769e+003    6.32E-01
7.0891819e+003    6.36E-01
7.0901872e+003    6.39E-01
7.0911927e+003    6.42E-01
7.0921986e+003    6.45E-01
7.0932047e+003    6.46E-01
7.0942111e+003    6.47E-01
7.0952178e+003    6.46E-01
7.0962248e+003    6.44E-01
7.0972321e+003    6.40E-01
7.0982396e+003    6.35E-01
7.0992475e+003    6.27E-01
7.1002556e+003    6.17E-01
7.101264e+003    6.06E-01
7.1022727e+003    5.93E-01
7.1032817e+003    5.79E-01
7.104291e+003    5.64E-01
7.1053006e+003    5.50E-01
7.1063104e+003    5.37E-01
7.1073205e+003    5.26E-01
7.108331e+003    5.16E-01
7.1093417e+003    5.10E-01
7.1103527e+003    5.07E-01
7.111364e+003    5.07E-01
7.1123755e+003    5.10E-01
7.1133874e+003    5.15E-01
7.1143995e+003    5.22E-01
7.115412e+003    5.31E-01
7.1164247e+003    5.39E-01
7.1174377e+003    5.48E-01
7.118451e+003    5.55E-01
7.1194646e+003    5.61E-01
7.1204785e+003    5.66E-01
7.1214927e+003    5.70E-01
7.1225071e+003    5.72E-01
7.1235219e+003    5.73E-01
7.1245369e+003    5.74E-01
7.1255522e+003    5.75E-01
7.1265678e+003    5.76E-01
7.1275837e+003    5.77E-01
7.1285999e+003    5.78E-01
7.1296164e+003    5.80E-01
7.1306332e+003    5.82E-01
7.1316503e+003    5.84E-01
7.1326676e+003    5.86E-01
7.1336853e+003    5.86E-01
7.1347032e+003    5.86E-01
7.1357214e+003    5.85E-01
7.1367399e+003    5.82E-01
7.1377587e+003    5.77E-01
7.1387778e+003    5.71E-01
7.1397972e+003    5.64E-01
7.1408169e+003    5.57E-01
7.1418369e+003    5.49E-01
7.1428571e+003    0.00E+00
