540  0.00
541  0.00352
542  0.00264
543  0.00264
544  0.00529
545  0.01058
546  0.01234
547  0.01763
548  0.03174
549  0.05379
550  0.09259
551  0.14726
552  0.22663
553  0.32363
554  0.44091
555  0.56437
556  0.69664
557  0.79629
558  0.86507
559  0.90564
560  0.93209
561  0.93915
562  0.96031
563  0.96913
564  0.97266
565  0.98853
566  1      
567  0.99559
568  0.97707
569  0.96913
570  0.94709
571  0.92504
572  0.86243
573  0.76984
574  0.65961
575  0.51851
576  0.36507
577  0.23104
578  0.14021
579  0.07936
580  0.04409
581  0.02910
582  0.01587
583  0.00970
584  0.00529
585  0.00352
586  0.00352
587  0.00352
588  0.00352
589  0.003
590  0.00
