400	0.0001242
401	0.0001106
402	2.38E-05
403	9.31E-05
404	0.000183
405	0.0001936
406	9.07E-05
407	0.0001189
408	6.42E-05
409	2.22E-05
410	1.80E-05
411	9.20E-05
412	0.0001005
413	0.0001022
414	0.0001761
415	0.0001177
416	0.0001073
417	0.0001069
418	0.0001525
419	0.0001406
420	0.000204
421	5.55E-05
422	0.0001678
423	0.0001827
424	4.21E-05
425	3.84E-05
426	4.05E-05
427	0.0001935
428	0.0001099
429	7.25E-05
430	0.0001907
431	0.000104
432	0.0001703
433	9.13E-05
434	8.50E-05
435	0.0001318
436	0.0001701
437	9.02E-05
438	0.0001039
439	0.0001141
440	7.13E-05
441	0.0001572
442	0.0002024
443	0.0001073
444	0.0001462
445	9.08E-05
446	0.0001356
447	2.24E-05
448	0.0001203
449	0.0001278
450	5.10E-05
451	0.0001368
452	6.05E-05
453	9.53E-05
454	0.0001756
455	7.71E-05
456	0.0001689
457	2.56E-05
458	0.0001669
459	0.000181
460	6.38E-05
461	3.09E-05
462	0.0001175
463	6.42E-05
464	1.62E-06
465	0.006595
466	0.01925
467	0.03079
468	0.05083
469	0.06838
470	0.08632
471	0.101
472	0.1234
473	0.151
474	0.1863
475	0.2357
476	0.3031
477	0.3735
478	0.4438
479	0.4989
480	0.544
481	0.5847
482	0.6096
483	0.6315
484	0.6696
485	0.702
486	0.7508
487	0.7779
488	0.8092
489	0.8173
490	0.8258
491	0.8203
492	0.8214
493	0.8138
494	0.826
495	0.8232
496	0.8383
497	0.8354
498	0.8392
499	0.8365
500	0.8468
501	0.8591
502	0.8716
503	0.8974
504	0.9271
505	0.9549
506	0.9823
507	1
508	0.9873
509	0.9691
510	0.9234
511	0.8812
512	0.828
513	0.7937
514	0.7508
515	0.7409
516	0.7153
517	0.7066
518	0.6849
519	0.6713
520	0.6591
521	0.6497
522	0.6365
523	0.623
524	0.5912
525	0.544
526	0.4926
527	0.4315
528	0.3641
529	0.2926
530	0.2335
531	0.1751
532	0.1338
533	0.09809
534	0.07551
535	0.05361
536	0.03825
537	0.02238
538	0.01691
539	0.006588
540	0.00224
541	0.002352
542	0.002308
543	0.0001221
544	0.0001334
545	3.97E-05
546	2.74E-05
547	0.0001448
548	0.0001734
549	6.30E-05
550	0.0001086
551	0.0001727
552	9.49E-05
553	0.0001778
554	0.000145
555	0.0001395
556	8.41E-05
557	0.0001637
558	2.43E-05
559	7.61E-05
560	0.0001232
561	3.45E-05
562	0.0001956
563	0.0001204
564	8.53E-05
565	7.90E-05
566	0.0001818
567	0.0001754
568	0.0001254
569	8.51E-05
570	0.0001587
571	0.0001268
572	0.0001747
573	0.0001322
574	4.72E-06
575	0.0001313
576	0.0001745
577	9.14E-05
578	2.42E-05
579	0.0001476
580	7.99E-05
581	0.0001103
582	6.13E-05
583	0.0001232
584	1.36E-05
585	0.0001809
586	0.0001105
587	0.0001118
588	0.0001637
589	0.00015
590	3.98E-05
591	0.0001584
592	0.0001381
593	4.13E-05
594	0.0001028
595	0.0001334
596	4.58E-05
597	0.0001042
598	0.0002092
599	5.74E-05
600	0.0001656
601	0.0001023
602	1.81E-05
603	0.0001101
604	0.0001269
605	0.0001029
606	9.10E-05
607	0.0001652
608	0.0001938
609	0.0001126
610	5.66E-05
611	0.0001014
612	0.000159
613	0.0001136
614	6.90E-05
615	0.0001143
616	3.88E-05
617	0.0001245
618	0.0001986
619	0.0001125
620	0.0001327
621	4.80E-05
622	0.0001411
623	6.88E-05
624	2.58E-05
625	0.0001154
626	0.0001605
627	0.0001341
628	0.0001877
629	0.0001318
630	2.61E-05
631	0.0001274
632	4.75E-05
633	8.11E-05
634	7.44E-05
635	6.14E-05
636	8.61E-05
637	0.0001683
638	0.0001143
639	0.0001407
640	0.0001604
641	0.0001245
642	0.0001719
643	0.0001117
644	0.0001558
645	6.87E-05
646	0.0001829
647	0.0001322
648	6.52E-05
649	0.0001754
650	0.0001412
651	5.78E-05
652	7.46E-06
653	0.0001159
654	0.0001901
655	2.09E-05
656	8.28E-05
657	0.0001947
658	0.0001077
659	0.0001664
660	5.92E-05
661	3.21E-05
662	8.89E-05
663	1.72E-05
664	5.16E-05
665	0.0001641
666	1.81E-05
667	0.0001055
668	9.92E-05
669	8.67E-05
670	0.0001848
671	6.06E-05
672	0.0001229
673	0.0001729
674	0.000123
675	3.18E-06
676	9.97E-05
677	0.000194
678	0.0001523
679	0.0001482
680	7.31E-05
681	4.95E-05
682	9.82E-05
683	0.0001881
684	6.17E-05
685	0.0001673
686	9.39E-05
687	0.0001115
688	0.0001544
689	0.0001271
690	0.0001159
691	0.0001989
692	0.000171
693	0.0001377
694	0.0001048
695	0.0002015
696	8.70E-05
697	0.0001108
698	0.0001362
699	2.52E-05
700	0.0001425
701	0.0002074
702	9.62E-05
703	3.02E-05
704	0.0001226
705	0.0001631
706	0.0001787
707	0.000114
708	0.0001549
709	2.05E-05
710	9.44E-05
711	8.84E-07
712	0.0001193
713	1.83E-05
714	0.0001112
715	0.0001081
716	0.0001061
717	1.58E-05
718	0.000129
719	3.57E-05
720	2.14E-05
721	9.86E-05
722	0.0001002
723	0.0001584
724	0.0001219
725	4.93E-05
726	5.79E-05
727	0.0001272
728	0.0001718
729	0.0001603
730	0.0001268
731	0.0002034
732	5.57E-05
733	2.10E-05
734	0.000148
735	9.16E-05
736	0.0001326
737	0.0001191
738	8.41E-05
739	0.0001236
740	0.000154
741	0.0001081
742	0.0001686
743	9.54E-05
744	6.77E-05
745	0.0001639
746	8.38E-05
747	4.87E-05
748	4.66E-05
749	0.0001117
750	3.82E-05
751	9.06E-05
752	0.0001799
753	0.0001046
754	2.10E-05
755	0.0001236
756	5.48E-05
757	0.0001545
758	7.29E-05
759	0.0001029
760	0.0001278
761	9.31E-05
762	7.25E-05
763	0.0001271
764	5.75E-06
765	0.0001115
766	5.85E-05
767	0.0001097
768	5.84E-05
769	5.09E-05
770	8.92E-05
771	6.80E-05
772	2.24E-05
773	6.67E-05
774	0.0001366
775	0.0001088
776	0.0001764
777	0.0001025
778	7.19E-05
779	0.0001217
780	3.73E-05
781	6.61E-05
782	2.91E-05
783	7.28E-05
784	3.87E-05
785	0.0002051
786	4.83E-05
787	8.24E-05
788	0.0001704
789	0.000145
790	8.68E-05
791	7.56E-05
792	0.0001481
793	0.0001262
794	9.68E-05
795	0.000101
796	8.39E-05
797	0.0001022
798	4.95E-05
799	6.45E-05
800	0
801	9.48E-05
802	0.0001617
803	7.28E-05
804	1.40E-05
805	0.0001044
806	9.69E-05
807	0.0001931
808	0.0001021
809	0.0001959
810	6.17E-05
811	6.07E-05
812	1.99E-05
813	0.0001032
814	0.0001494
815	0.0001319
816	0.0001737
817	0.0001228
818	0.0001567
819	0.000118
820	0.0001541
821	9.36E-05
822	0.0001703
823	7.62E-05
824	0.0001876
825	0.0001004
826	0.0001687
827	6.94E-05
828	3.67E-05
829	9.42E-05
830	0.0001236
831	1.95E-05
832	0.0001656
833	3.65E-05
834	0.0001879
835	6.40E-05
836	8.09E-05
837	9.53E-05
838	0.0001141
839	8.73E-05
840	0.0001852
841	0.000124
842	6.79E-05
843	0.0001422
844	0.0001082
845	0.0001911
846	0.0001224
847	0.0002014
848	8.15E-05
849	0.0002033
850	0.0001913
851	0.0001094
852	0.0001389
853	9.02E-05
854	0.0001186
855	8.22E-05
856	7.81E-05
857	4.20E-06
858	0.0001498
859	0.0001761
860	0.0001136
861	0.0001413
862	0.0001073
863	2.73E-05
864	6.33E-05
865	3.36E-05
866	0.0001499
867	1.89E-05
868	0.0001703
869	5.97E-05
870	5.44E-05
871	5.22E-05
872	0.0001811
873	0.0001244
874	0.0001455
875	0.0001573
876	0.0001504
877	6.24E-05
878	0.0001935
879	0.0001066
880	1.38E-05
881	0.0001239
882	0.0001212
883	9.99E-05
884	0.0001461
885	0.0001764
886	8.68E-05
887	3.30E-05
888	0.0001393
889	0.0001088
890	0.0001761
891	0.0001483
892	5.78E-05
893	0.0001855
894	6.02E-05
895	5.36E-05
896	0.0001882
897	3.01E-05
898	4.26E-05
899	0.0001924
900	6.62E-05
901	8.67E-05
902	0.000186
903	0.0001883
904	0.0001938
905	2.77E-05
906	2.45E-05
907	4.81E-05
908	6.12E-05
909	4.74E-05
910	0.0002072
911	3.80E-05
912	0.0001669
913	7.33E-05
914	0.0001401
915	1.73E-05
916	0.000166
917	0.000197
918	0.0001651
919	1.45E-05
920	3.13E-05
921	0.0001621
922	0.0001209
923	0.0001022
924	9.01E-05
925	0.0001496
926	0.0002012
927	4.06E-05
928	7.69E-05
929	4.03E-05
930	0.0001273
931	7.88E-05
932	7.68E-05
933	0.000154
934	0.0001429
935	1.34E-05
936	5.85E-05
937	0.0001229
938	0.000196
939	0.000176
940	0.0001156
941	0.0001214
942	0.0001466
943	8.21E-05
944	4.58E-05
945	6.27E-05
946	0.0001194
947	5.22E-05
948	0.0001091
949	0.0001306
950	0.0001486
951	9.22E-05
952	5.07E-05
953	0.0002002
954	8.67E-05
955	0.0001564
956	9.50E-05
957	0.0001568
958	0.0001571
959	0.0001415
960	5.81E-05
961	7.36E-05
962	5.39E-05
963	0.0001688
964	0.0001809
965	0.0001132
966	0.0001639
967	8.23E-05
968	0.0001111
969	0.0001842
970	0.0001068
971	0.0001841
972	0.0001779
973	0.0001517
974	7.41E-05
975	5.71E-05
976	0.0001093
977	0.0001441
978	3.07E-05
979	0.0001174
980	0.000134
981	9.85E-05
982	8.70E-05
983	0.0001232
984	4.57E-05
985	8.13E-05
986	9.21E-05
987	6.21E-05
988	6.35E-05
989	9.40E-05
990	0.0001874
991	3.52E-05
992	0.0001497
993	9.73E-05
994	0.0001615
995	0.0001488
996	6.73E-05
997	0.0001607
998	0.0001336
999	0.0001666
1000	0.0001824
1001	0.0001625
1002	0.000214
1003	0.000167
1004	0.0001076
1005	0.0001279
1006	9.54E-05
1007	2.00E-05
1008	1.82E-05
1009	5.14E-05
1010	5.30E-05
1011	4.77E-05
1012	0.000153
1013	0.0001148
1014	6.52E-06
1015	0.0001553
1016	7.19E-05
1017	0.0001217
1018	0.0001009
1019	0.0001335
1020	0.0001991
1021	0.0001436
1022	0.0001691
1023	0.0001684
1024	0.0001918
1025	9.59E-05
1026	7.93E-05
1027	8.63E-05
1028	6.52E-05
1029	6.83E-05
1030	9.85E-05
1031	0.0001664
1032	6.59E-05
1033	0.0001101
1034	9.55E-05
1035	4.55E-05
1036	2.20E-05
1037	7.66E-05
1038	0.0001426
1039	3.80E-05
1040	0.0001014
1041	0.0001355
1042	9.50E-05
1043	6.08E-05
1044	0.000155
1045	0.0001794
1046	0.0001493
1047	6.78E-05
1048	2.82E-05
1049	9.14E-05
1050	2.88E-05
1051	0.0001672
1052	0.0001987
1053	3.64E-05
1054	0.0001184
1055	5.06E-05
1056	0.0001233
1057	9.27E-05
1058	8.15E-05
1059	3.23E-05
1060	7.71E-05
1061	6.26E-05
1062	5.24E-05
1063	7.29E-05
1064	7.95E-05
1065	0.0001645
1066	3.94E-05
1067	9.96E-05
1068	5.56E-05
1069	0.0001347
1070	0.0001386
1071	0.0001448
1072	9.36E-05
1073	2.13E-05
1074	7.76E-05
1075	0.0001617
1076	0.0001595
1077	0.0001505
1078	0.000135
1079	0.0001725
1080	0.0001582
1081	0.0001649
1082	8.03E-05
1083	4.34E-05
1084	1.52E-05
1085	2.98E-05
1086	6.36E-05
1087	3.04E-05
1088	0.0001031
1089	2.36E-05
1090	0.0001674
1091	0.000115
1092	0.0001274
1093	2.63E-05
1094	5.18E-05
1095	0.0001324
1096	0.0001155
1097	0.0001074
1098	8.12E-05
1099	0.0001849
1100	8.59E-05
1101	0.0001467
1102	9.78E-05
1103	7.95E-05
1104	0.0001372
1105	0.0001072
1106	0.0001555
1107	0.0001025
1108	0.0001968
1109	0.0001603
1110	0.0001182
1111	8.71E-05
1112	9.91E-05
1113	0.0001448
1114	8.07E-05
1115	3.45E-06
1116	0.0001526
1117	6.24E-05
1118	0.0001386
1119	0.0001028
1120	3.08E-05
1121	7.93E-06
1122	0.000136
1123	2.39E-05
1124	0.0001276
1125	6.65E-05
1126	7.23E-05
1127	0.0001555
1128	6.18E-05
1129	0.0001382
1130	5.00E-05
1131	7.06E-05
1132	5.96E-05
1133	9.45E-05
1134	6.38E-05
1135	0.0001276
1136	4.44E-05
1137	0.0001895
1138	0.0001155
1139	0.0002036
1140	0.0001628
1141	0.0001473
1142	0.0001509
1143	0.0001589
1144	0.0001536
1145	0.0001568
1146	0.0001345
1147	9.81E-05
1148	0.0001773
1149	3.35E-05
1150	6.91E-05
1151	9.90E-06
1152	9.27E-05
1153	0.0001469
1154	0.0001622
1155	4.52E-05
1156	5.60E-05
1157	4.46E-05
1158	0.0001442
1159	8.43E-05
1160	0.0001956
1161	7.84E-05
1162	4.59E-05
1163	5.85E-05
1164	0.0001629
1165	5.11E-05
1166	6.54E-05
1167	0.0001616
1168	4.08E-05
1169	8.22E-05
1170	2.17E-05
1171	6.13E-05
1172	0.0001642
1173	5.71E-05
1174	0.0001261
1175	0.0001748
1176	0.0001776
1177	9.15E-05
1178	0.0001926
1179	0.0001053
1180	0.000206
1181	4.20E-05
1182	9.08E-05
1183	7.65E-05
1184	0.0002015
1185	2.75E-05
1186	0.0001816
1187	9.83E-05
1188	0.000146
1189	0.0001273
1190	9.10E-05
1191	0.0001131
1192	2.35E-06
1193	3.85E-05
1194	6.42E-06
1195	0.0001506
1196	0.0001258
1197	7.26E-05
1198	7.28E-05
1199	0.0001211
1200	0.0001529
