4.1666667e+003    0.00E+00
4.1670139e+003    -4.59E-02
4.1673612e+003    -1.27E-01
4.1677086e+003    -1.84E-01
4.168056e+003    -2.07E-01
4.1684035e+003    -1.93E-01
4.168751e+003    -1.51E-01
4.1690986e+003    -1.00E-01
4.1694463e+003    -6.65E-02
4.169794e+003    -6.64E-02
4.1701418e+003    -9.71E-02
4.1704896e+003    -1.38E-01
4.1708375e+003    -1.66E-01
4.1711855e+003    -1.66E-01
4.1715335e+003    -1.44E-01
4.1718815e+003    -1.12E-01
4.1722296e+003    -8.21E-02
4.1725778e+003    -6.33E-02
4.1729261e+003    -5.46E-02
4.1732744e+003    -4.60E-02
4.1736227e+003    -2.51E-02
4.1739711e+003    1.16E-02
4.1743196e+003    5.27E-02
4.1746681e+003    8.06E-02
4.1750167e+003    8.37E-02
4.1753653e+003    6.60E-02
4.175714e+003    3.67E-02
4.1760628e+003    -4.29E-04
4.1764116e+003    -4.87E-02
4.1767605e+003    -1.08E-01
4.1771094e+003    -1.65E-01
4.1774584e+003    -1.95E-01
4.1778075e+003    -1.78E-01
4.1781566e+003    -1.19E-01
4.1785058e+003    -5.65E-02
4.178855e+003    -3.37E-02
4.1792043e+003    -7.55E-02
4.1795536e+003    -1.65E-01
4.179903e+003    -2.59E-01
4.1802525e+003    -3.12E-01
4.180602e+003    -3.06E-01
4.1809516e+003    -2.49E-01
4.1813012e+003    -1.65E-01
4.1816509e+003    -7.98E-02
4.1820007e+003    -8.58E-03
4.1823505e+003    4.37E-02
4.1827004e+003    8.31E-02
4.1830503e+003    1.19E-01
4.1834003e+003    1.57E-01
4.1837503e+003    1.93E-01
4.1841004e+003    2.18E-01
4.1844506e+003    2.22E-01
4.1848008e+003    2.05E-01
4.1851511e+003    1.74E-01
4.1855014e+003    1.41E-01
4.1858518e+003    1.09E-01
4.1862023e+003    6.94E-02
4.1865528e+003    1.10E-02
4.1869034e+003    -6.46E-02
4.187254e+003    -1.40E-01
4.1876047e+003    -1.93E-01
4.1879554e+003    -2.15E-01
4.1883062e+003    -2.07E-01
4.1886571e+003    -1.79E-01
4.189008e+003    -1.39E-01
4.189359e+003    -9.52E-02
4.1897101e+003    -6.05E-02
4.1900612e+003    -5.00E-02
4.1904123e+003    -7.42E-02
4.1907636e+003    -1.29E-01
4.1911148e+003    -1.96E-01
4.1914662e+003    -2.50E-01
4.1918176e+003    -2.75E-01
4.192169e+003    -2.66E-01
4.1925205e+003    -2.26E-01
4.1928721e+003    -1.60E-01
4.1932238e+003    -6.98E-02
4.1935754e+003    2.73E-02
4.1939272e+003    9.73E-02
4.194279e+003    1.06E-01
4.1946309e+003    4.34E-02
4.1949828e+003    -6.24E-02
4.1953348e+003    -1.63E-01
4.1956868e+003    -2.13E-01
4.1960389e+003    -1.95E-01
4.1963911e+003    -1.18E-01
4.1967433e+003    -2.06E-02
4.1970956e+003    4.68E-02
4.197448e+003    4.84E-02
4.1978004e+003    -4.32E-03
4.1981528e+003    -5.72E-02
4.1985053e+003    -5.64E-02
4.1988579e+003    1.30E-02
4.1992105e+003    1.27E-01
4.1995632e+003    2.51E-01
4.199916e+003    3.66E-01
4.2002688e+003    4.54E-01
4.2006217e+003    4.79E-01
4.2009746e+003    3.94E-01
4.2013276e+003    1.84E-01
4.2016807e+003    -1.09E-01
4.2020338e+003    -3.81E-01
4.202387e+003    -5.35E-01
4.2027402e+003    -5.34E-01
4.2030935e+003    -4.32E-01
4.2034468e+003    -3.16E-01
4.2038002e+003    -2.36E-01
4.2041537e+003    -1.62E-01
4.2045072e+003    -3.05E-02
4.2048608e+003    1.87E-01
4.2052145e+003    4.45E-01
4.2055682e+003    6.55E-01
4.2059219e+003    7.51E-01
4.2062758e+003    7.09E-01
4.2066296e+003    5.48E-01
4.2069836e+003    3.13E-01
4.2073376e+003    6.45E-02
4.2076917e+003    -1.41E-01
4.2080458e+003    -2.73E-01
4.2084e+003    -3.28E-01
4.2087542e+003    -3.22E-01
4.2091085e+003    -2.71E-01
4.2094629e+003    -1.99E-01
4.2098173e+003    -1.48E-01
4.2101718e+003    -1.62E-01
4.2105263e+003    -2.33E-01
4.2108809e+003    -2.88E-01
4.2112356e+003    -2.29E-01
4.2115903e+003    -2.53E-02
4.2119451e+003    2.61E-01
4.2122999e+003    5.02E-01
4.2126548e+003    5.98E-01
4.2130098e+003    5.18E-01
4.2133648e+003    3.18E-01
4.2137199e+003    9.70E-02
4.214075e+003    -4.53E-02
4.2144302e+003    -4.87E-02
4.2147855e+003    8.78E-02
4.2151408e+003    3.12E-01
4.2154962e+003    5.33E-01
4.2158516e+003    6.57E-01
4.2162071e+003    6.25E-01
4.2165627e+003    4.47E-01
4.2169183e+003    1.94E-01
4.217274e+003    -5.21E-02
4.2176297e+003    -2.45E-01
4.2179855e+003    -3.76E-01
4.2183413e+003    -4.36E-01
4.2186973e+003    -3.78E-01
4.2190532e+003    -1.55E-01
4.2194093e+003    2.21E-01
4.2197654e+003    6.39E-01
4.2201215e+003    9.27E-01
4.2204778e+003    9.38E-01
4.220834e+003    6.48E-01
4.2211904e+003    1.72E-01
4.2215468e+003    -2.80E-01
4.2219032e+003    -5.25E-01
4.2222598e+003    -4.93E-01
4.2226163e+003    -2.57E-01
4.222973e+003    2.96E-02
4.2233297e+003    2.22E-01
4.2236864e+003    2.65E-01
4.2240433e+003    2.04E-01
4.2244001e+003    1.38E-01
4.2247571e+003    1.60E-01
4.2251141e+003    3.05E-01
4.2254711e+003    5.40E-01
4.2258283e+003    7.58E-01
4.2261854e+003    8.24E-01
4.2265427e+003    6.49E-01
4.2269e+003    2.74E-01
4.2272574e+003    -1.33E-01
4.2276148e+003    -3.83E-01
4.2279723e+003    -3.93E-01
4.2283298e+003    -2.37E-01
4.2286874e+003    -6.58E-02
4.2290451e+003    1.09E-02
4.2294028e+003    -1.65E-02
4.2297606e+003    -7.70E-02
4.2301184e+003    -7.20E-02
4.2304764e+003    5.16E-02
4.2308343e+003    2.69E-01
4.2311924e+003    4.83E-01
4.2315504e+003    5.85E-01
4.2319086e+003    5.17E-01
4.2322668e+003    3.15E-01
4.2326251e+003    8.39E-02
4.2329834e+003    -5.39E-02
4.2333418e+003    -5.00E-02
4.2337003e+003    1.73E-02
4.2340588e+003    -1.25E-02
4.2344173e+003    -2.27E-01
4.234776e+003    -5.38E-01
4.2351347e+003    -7.12E-01
4.2354934e+003    -5.85E-01
4.2358523e+003    -2.09E-01
4.2362111e+003    1.76E-01
4.2365701e+003    3.59E-01
4.2369291e+003    2.97E-01
4.2372881e+003    1.19E-01
4.2376473e+003    -2.39E-02
4.2380064e+003    -6.14E-02
4.2383657e+003    -2.72E-02
4.238725e+003    1.39E-02
4.2390844e+003    4.57E-02
4.2394438e+003    1.22E-01
4.2398033e+003    3.02E-01
4.2401628e+003    5.84E-01
4.2405224e+003    8.76E-01
4.2408821e+003    1.06E+00
4.2412418e+003    1.04E+00
4.2416016e+003    8.56E-01
4.2419615e+003    5.86E-01
4.2423214e+003    3.54E-01
4.2426814e+003    2.51E-01
4.2430414e+003    2.93E-01
4.2434015e+003    4.21E-01
4.2437617e+003    5.24E-01
4.2441219e+003    5.00E-01
4.2444822e+003    3.02E-01
4.2448425e+003    -9.61E-03
4.2452029e+003    -2.93E-01
4.2455634e+003    -4.00E-01
4.2459239e+003    -2.99E-01
4.2462845e+003    -9.69E-02
4.2466452e+003    4.85E-02
4.2470059e+003    6.44E-02
4.2473666e+003    -2.55E-03
4.2477275e+003    -5.56E-02
4.2480884e+003    -5.90E-02
4.2484493e+003    -5.30E-02
4.2488103e+003    -9.83E-02
4.2491714e+003    -2.03E-01
4.2495326e+003    -3.15E-01
4.2498938e+003    -3.70E-01
4.250255e+003    -3.70E-01
4.2506163e+003    -3.78E-01
4.2509777e+003    -4.57E-01
4.2513392e+003    -5.81E-01
4.2517007e+003    -6.53E-01
4.2520623e+003    -6.00E-01
4.2524239e+003    -4.59E-01
4.2527856e+003    -3.45E-01
4.2531473e+003    -3.52E-01
4.2535091e+003    -4.74E-01
4.253871e+003    -6.18E-01
4.254233e+003    -6.81E-01
4.254595e+003    -6.23E-01
4.254957e+003    -4.79E-01
4.2553191e+003    -3.26E-01
4.2556813e+003    -2.30E-01
4.2560436e+003    -2.10E-01
4.2564059e+003    -2.35E-01
4.2567683e+003    -2.51E-01
4.2571307e+003    -2.06E-01
4.2574932e+003    -6.36E-02
4.2578557e+003    1.69E-01
4.2582184e+003    4.32E-01
4.258581e+003    6.27E-01
4.2589438e+003    6.81E-01
4.2593066e+003    5.93E-01
4.2596694e+003    4.38E-01
4.2600324e+003    3.07E-01
4.2603954e+003    2.55E-01
4.2607584e+003    2.75E-01
4.2611215e+003    3.15E-01
4.2614847e+003    3.24E-01
4.2618479e+003    2.80E-01
4.2622112e+003    1.88E-01
4.2625746e+003    5.22E-02
4.262938e+003    -1.30E-01
4.2633015e+003    -3.49E-01
4.263665e+003    -5.62E-01
4.2640287e+003    -7.07E-01
4.2643923e+003    -7.42E-01
4.2647561e+003    -6.72E-01
4.2651198e+003    -5.17E-01
4.2654837e+003    -2.86E-01
4.2658476e+003    2.02E-02
4.2662116e+003    3.75E-01
4.2665756e+003    7.09E-01
4.2669398e+003    9.28E-01
4.2673039e+003    9.69E-01
4.2676681e+003    8.10E-01
4.2680324e+003    4.89E-01
4.2683968e+003    1.11E-01
4.2687612e+003    -1.70E-01
4.2691257e+003    -2.09E-01
4.2694902e+003    1.52E-02
4.2698548e+003    3.75E-01
4.2702195e+003    6.42E-01
4.2705842e+003    6.39E-01
4.270949e+003    3.29E-01
4.2713139e+003    -1.75E-01
4.2716788e+003    -7.04E-01
4.2720437e+003    -1.13E+00
4.2724088e+003    -1.40E+00
4.2727739e+003    -1.52E+00
4.273139e+003    -1.49E+00
4.2735043e+003    -1.27E+00
4.2738696e+003    -8.85E-01
4.2742349e+003    -4.23E-01
4.2746003e+003    -3.85E-02
4.2749658e+003    1.80E-01
4.2753313e+003    2.47E-01
4.2756969e+003    2.23E-01
4.2760626e+003    1.38E-01
4.2764283e+003    -1.10E-02
4.2767941e+003    -2.11E-01
4.27716e+003    -4.08E-01
4.2775259e+003    -5.36E-01
4.2778919e+003    -5.79E-01
4.2782579e+003    -5.51E-01
4.278624e+003    -4.66E-01
4.2789902e+003    -3.31E-01
4.2793564e+003    -1.63E-01
4.2797227e+003    -9.32E-03
4.280089e+003    8.12E-02
4.2804554e+003    8.92E-02
4.2808219e+003    4.91E-02
4.2811885e+003    3.25E-02
4.2815551e+003    1.03E-01
4.2819217e+003    2.78E-01
4.2822885e+003    5.03E-01
4.2826552e+003    6.82E-01
4.2830221e+003    7.32E-01
4.283389e+003    6.26E-01
4.283756e+003    4.06E-01
4.284123e+003    1.62E-01
4.2844901e+003    -2.36E-03
4.2848573e+003    -1.11E-02
4.2852245e+003    1.33E-01
4.2855918e+003    3.37E-01
4.2859592e+003    4.71E-01
4.2863266e+003    4.61E-01
4.2866941e+003    3.38E-01
4.2870616e+003    1.77E-01
4.2874293e+003    1.90E-02
4.2877969e+003    -1.45E-01
4.2881647e+003    -3.25E-01
4.2885325e+003    -4.71E-01
4.2889003e+003    -5.19E-01
4.2892683e+003    -4.45E-01
4.2896362e+003    -2.96E-01
4.2900043e+003    -1.41E-01
4.2903724e+003    -2.21E-02
4.2907406e+003    5.45E-02
4.2911088e+003    9.90E-02
4.2914771e+003    1.24E-01
4.2918455e+003    1.38E-01
4.2922139e+003    1.39E-01
4.2925824e+003    1.08E-01
4.292951e+003    2.71E-02
4.2933196e+003    -8.46E-02
4.2936883e+003    -1.60E-01
4.294057e+003    -1.30E-01
4.2944258e+003    1.20E-02
4.2947947e+003    1.92E-01
4.2951636e+003    3.10E-01
4.2955326e+003    3.08E-01
4.2959017e+003    2.03E-01
4.2962708e+003    6.66E-02
4.29664e+003    -3.37E-02
4.2970093e+003    -6.75E-02
4.2973786e+003    -4.93E-02
4.297748e+003    -1.28E-02
4.2981174e+003    1.51E-02
4.2984869e+003    2.86E-02
4.2988565e+003    3.51E-02
4.2992261e+003    4.67E-02
4.2995958e+003    8.22E-02
4.2999656e+003    1.60E-01
4.3003354e+003    2.62E-01
4.3007053e+003    3.23E-01
4.3010753e+003    2.59E-01
4.3014453e+003    3.99E-02
4.3018154e+003    -2.64E-01
4.3021855e+003    -5.34E-01
4.3025557e+003    -6.78E-01
4.302926e+003    -6.80E-01
4.3032963e+003    -5.69E-01
4.3036667e+003    -3.81E-01
4.3040372e+003    -1.52E-01
4.3044077e+003    6.53E-02
4.3047783e+003    2.07E-01
4.305149e+003    2.30E-01
4.3055197e+003    1.44E-01
4.3058905e+003    1.32E-02
4.3062613e+003    -8.18E-02
4.3066322e+003    -8.30E-02
4.3070032e+003    9.99E-03
4.3073742e+003    1.47E-01
4.3077453e+003    2.55E-01
4.3081165e+003    2.87E-01
4.3084877e+003    2.41E-01
4.308859e+003    1.56E-01
4.3092304e+003    8.78E-02
4.3096018e+003    7.81E-02
4.3099733e+003    1.43E-01
4.3103448e+003    2.63E-01
4.3107164e+003    4.04E-01
4.3110881e+003    5.39E-01
4.3114599e+003    6.58E-01
4.3118317e+003    7.56E-01
4.3122035e+003    8.06E-01
4.3125755e+003    7.57E-01
4.3129475e+003    5.71E-01
4.3133195e+003    2.63E-01
4.3136917e+003    -8.39E-02
4.3140638e+003    -3.57E-01
4.3144361e+003    -4.68E-01
4.3148084e+003    -4.06E-01
4.3151808e+003    -2.28E-01
4.3155533e+003    -2.91E-02
4.3159258e+003    1.15E-01
4.3162983e+003    1.79E-01
4.316671e+003    2.02E-01
4.3170437e+003    2.43E-01
4.3174165e+003    3.33E-01
4.3177893e+003    4.40E-01
4.3181622e+003    5.08E-01
4.3185352e+003    4.97E-01
4.3189082e+003    4.20E-01
4.3192813e+003    3.17E-01
4.3196544e+003    2.20E-01
4.3200276e+003    1.35E-01
4.3204009e+003    6.31E-02
4.3207743e+003    1.98E-02
4.3211477e+003    3.85E-02
4.3215212e+003    1.37E-01
4.3218947e+003    2.90E-01
4.3222683e+003    4.26E-01
4.322642e+003    4.80E-01
4.3230157e+003    4.48E-01
4.3233895e+003    3.98E-01
4.3237634e+003    4.04E-01
4.3241373e+003    4.82E-01
4.3245113e+003    5.77E-01
4.3248854e+003    6.19E-01
4.3252595e+003    5.88E-01
4.3256337e+003    5.24E-01
4.326008e+003    4.86E-01
4.3263823e+003    5.13E-01
4.3267567e+003    5.90E-01
4.3271311e+003    6.68E-01
4.3275056e+003    6.84E-01
4.3278802e+003    5.98E-01
4.3282548e+003    4.22E-01
4.3286296e+003    2.19E-01
4.3290043e+003    6.76E-02
4.3293792e+003    2.72E-02
4.3297541e+003    1.02E-01
4.330129e+003    2.37E-01
4.3305041e+003    3.50E-01
4.3308792e+003    3.77E-01
4.3312543e+003    3.14E-01
4.3316296e+003    2.10E-01
4.3320049e+003    1.33E-01
4.3323802e+003    1.17E-01
4.3327556e+003    1.53E-01
4.3331311e+003    2.01E-01
4.3335067e+003    2.27E-01
4.3338823e+003    2.17E-01
4.334258e+003    1.77E-01
4.3346337e+003    1.22E-01
4.3350095e+003    6.23E-02
4.3353854e+003    2.50E-03
4.3357614e+003    -5.10E-02
4.3361374e+003    -8.20E-02
4.3365134e+003    -6.36E-02
4.3368896e+003    2.50E-02
4.3372658e+003    1.74E-01
4.3376421e+003    3.30E-01
4.3380184e+003    4.31E-01
4.3383948e+003    4.40E-01
4.3387713e+003    3.77E-01
4.3391478e+003    2.91E-01
4.3395244e+003    2.20E-01
4.3399011e+003    1.81E-01
4.3402778e+003    1.75E-01
4.3406546e+003    2.04E-01
4.3410314e+003    2.63E-01
4.3414084e+003    3.29E-01
4.3417853e+003    3.73E-01
4.3421624e+003    3.86E-01
4.3425395e+003    3.80E-01
4.3429167e+003    3.74E-01
4.343294e+003    3.68E-01
4.3436713e+003    3.53E-01
4.3440487e+003    3.27E-01
4.3444261e+003    3.00E-01
4.3448036e+003    2.81E-01
4.3451812e+003    2.66E-01
4.3455588e+003    2.37E-01
4.3459365e+003    1.82E-01
4.3463143e+003    1.11E-01
4.3466922e+003    5.46E-02
4.3470701e+003    4.68E-02
4.347448e+003    9.68E-02
4.3478261e+003    1.80E-01
4.3482042e+003    2.65E-01
4.3485824e+003    3.36E-01
4.3489606e+003    3.98E-01
4.3493389e+003    4.52E-01
4.3497173e+003    4.76E-01
4.3500957e+003    4.49E-01
4.3504742e+003    3.75E-01
4.3508528e+003    2.88E-01
4.3512314e+003    2.27E-01
4.3516101e+003    2.12E-01
4.3519889e+003    2.37E-01
4.3523677e+003    2.89E-01
4.3527466e+003    3.51E-01
4.3531255e+003    4.08E-01
4.3535046e+003    4.44E-01
4.3538837e+003    4.46E-01
4.3542628e+003    4.15E-01
4.354642e+003    3.64E-01
4.3550213e+003    3.19E-01
4.3554007e+003    3.07E-01
4.3557801e+003    3.48E-01
4.3561596e+003    4.43E-01
4.3565392e+003    5.72E-01
4.3569188e+003    7.02E-01
4.3572985e+003    7.97E-01
4.3576782e+003    8.32E-01
4.358058e+003    8.01E-01
4.3584379e+003    7.29E-01
4.3588179e+003    6.57E-01
4.3591979e+003    6.21E-01
4.359578e+003    6.37E-01
4.3599581e+003    6.87E-01
4.3603384e+003    7.42E-01
4.3607186e+003    7.78E-01
4.361099e+003    8.02E-01
4.3614794e+003    8.40E-01
4.3618599e+003    9.08E-01
4.3622404e+003    9.90E-01
4.3626211e+003    1.04E+00
4.3630017e+003    1.02E+00
4.3633825e+003    9.48E-01
4.3637633e+003    8.66E-01
4.3641442e+003    8.17E-01
4.3645251e+003    8.10E-01
4.3649062e+003    8.17E-01
4.3652872e+003    8.04E-01
4.3656684e+003    7.53E-01
4.3660496e+003    6.70E-01
4.3664309e+003    5.87E-01
4.3668122e+003    5.44E-01
4.3671936e+003    5.64E-01
4.3675751e+003    6.32E-01
4.3679567e+003    6.98E-01
4.3683383e+003    7.15E-01
4.36872e+003    6.71E-01
4.3691017e+003    5.95E-01
4.3694835e+003    5.36E-01
4.3698654e+003    5.26E-01
4.3702474e+003    5.57E-01
4.3706294e+003    5.95E-01
4.3710115e+003    6.01E-01
4.3713936e+003    5.67E-01
4.3717758e+003    5.15E-01
4.3721581e+003    4.78E-01
4.3725404e+003    4.80E-01
4.3729229e+003    5.33E-01
4.3733053e+003    6.42E-01
4.3736879e+003    8.00E-01
4.3740705e+003    9.70E-01
4.3744532e+003    1.10E+00
4.3748359e+003    1.14E+00
4.3752188e+003    1.12E+00
4.3756016e+003    1.08E+00
4.3759846e+003    1.06E+00
4.3763676e+003    1.06E+00
4.3767507e+003    1.03E+00
4.3771339e+003    9.56E-01
4.3775171e+003    8.42E-01
4.3779004e+003    7.37E-01
4.3782837e+003    6.86E-01
4.3786671e+003    7.12E-01
4.3790506e+003    8.10E-01
4.3794342e+003    9.43E-01
4.3798178e+003    1.07E+00
4.3802015e+003    1.14E+00
4.3805852e+003    1.17E+00
4.3809691e+003    1.17E+00
4.381353e+003    1.17E+00
4.3817369e+003    1.18E+00
4.3821209e+003    1.19E+00
4.382505e+003    1.18E+00
4.3828892e+003    1.14E+00
4.3832734e+003    1.10E+00
4.3836577e+003    1.07E+00
4.3840421e+003    1.09E+00
4.3844265e+003    1.15E+00
4.384811e+003    1.20E+00
4.3851956e+003    1.24E+00
4.3855802e+003    1.27E+00
4.3859649e+003    1.32E+00
4.3863497e+003    1.38E+00
4.3867345e+003    1.45E+00
4.3871194e+003    1.49E+00
4.3875044e+003    1.53E+00
4.3878894e+003    1.58E+00
4.3882745e+003    1.66E+00
4.3886597e+003    1.77E+00
4.3890449e+003    1.86E+00
4.3894303e+003    1.92E+00
4.3898156e+003    1.93E+00
4.3902011e+003    1.90E+00
4.3905866e+003    1.86E+00
4.3909722e+003    1.83E+00
4.3913578e+003    1.80E+00
4.3917435e+003    1.78E+00
4.3921293e+003    1.76E+00
4.3925152e+003    1.75E+00
4.3929011e+003    1.77E+00
4.3932871e+003    1.81E+00
4.3936731e+003    1.86E+00
4.3940592e+003    1.87E+00
4.3944454e+003    1.85E+00
4.3948317e+003    1.83E+00
4.395218e+003    1.84E+00
4.3956044e+003    1.92E+00
4.3959909e+003    2.08E+00
4.3963774e+003    2.27E+00
4.396764e+003    2.45E+00
4.3971506e+003    2.58E+00
4.3975374e+003    2.64E+00
4.3979242e+003    2.62E+00
4.398311e+003    2.57E+00
4.398698e+003    2.52E+00
4.399085e+003    2.53E+00
4.3994721e+003    2.60E+00
4.3998592e+003    2.73E+00
4.4002464e+003    2.88E+00
4.4006337e+003    3.01E+00
4.401021e+003    3.15E+00
4.4014085e+003    3.31E+00
4.4017959e+003    3.52E+00
4.4021835e+003    3.73E+00
4.4025711e+003    3.86E+00
4.4029588e+003    3.86E+00
4.4033465e+003    3.78E+00
4.4037344e+003    3.69E+00
4.4041223e+003    3.68E+00
4.4045102e+003    3.77E+00
4.4048982e+003    3.94E+00
4.4052863e+003    4.14E+00
4.4056745e+003    4.34E+00
4.4060627e+003    4.51E+00
4.406451e+003    4.67E+00
4.4068394e+003    4.79E+00
4.4072279e+003    4.89E+00
4.4076164e+003    4.96E+00
4.4080049e+003    5.01E+00
4.4083936e+003    5.06E+00
4.4087823e+003    5.10E+00
4.4091711e+003    5.13E+00
4.4095599e+003    5.19E+00
4.4099488e+003    5.29E+00
4.4103378e+003    5.44E+00
4.4107269e+003    5.60E+00
4.411116e+003    5.73E+00
4.4115052e+003    5.84E+00
4.4118945e+003    5.98E+00
4.4122838e+003    6.19E+00
4.4126732e+003    6.50E+00
4.4130627e+003    6.86E+00
4.4134522e+003    7.21E+00
4.4138418e+003    7.51E+00
4.4142315e+003    7.78E+00
4.4146212e+003    8.04E+00
4.415011e+003    8.33E+00
4.4154009e+003    8.63E+00
4.4157909e+003    8.90E+00
4.4161809e+003    9.12E+00
4.416571e+003    9.29E+00
4.4169611e+003    9.46E+00
4.4173514e+003    9.68E+00
4.4177417e+003    9.94E+00
4.418132e+003    1.02E+01
4.4185224e+003    1.06E+01
4.4189129e+003    1.09E+01
4.4193035e+003    1.12E+01
4.4196942e+003    1.16E+01
4.4200849e+003    1.20E+01
4.4204756e+003    1.24E+01
4.4208665e+003    1.27E+01
4.4212574e+003    1.31E+01
4.4216484e+003    1.35E+01
4.4220394e+003    1.39E+01
4.4224306e+003    1.45E+01
4.4228218e+003    1.50E+01
4.423213e+003    1.56E+01
4.4236044e+003    1.62E+01
4.4239958e+003    1.69E+01
4.4243872e+003    1.75E+01
4.4247788e+003    1.81E+01
4.4251704e+003    1.87E+01
4.425562e+003    1.92E+01
4.4259538e+003    1.97E+01
4.4263456e+003    2.02E+01
4.4267375e+003    2.07E+01
4.4271294e+003    2.13E+01
4.4275215e+003    2.20E+01
4.4279136e+003    2.28E+01
4.4283057e+003    2.37E+01
4.428698e+003    2.46E+01
4.4290903e+003    2.55E+01
4.4294826e+003    2.63E+01
4.4298751e+003    2.70E+01
4.4302676e+003    2.77E+01
4.4306602e+003    2.85E+01
4.4310528e+003    2.93E+01
4.4314455e+003    3.02E+01
4.4318383e+003    3.11E+01
4.4322312e+003    3.21E+01
4.4326241e+003    3.30E+01
4.4330171e+003    3.40E+01
4.4334102e+003    3.50E+01
4.4338033e+003    3.61E+01
4.4341965e+003    3.72E+01
4.4345898e+003    3.84E+01
4.4349831e+003    3.95E+01
4.4353766e+003    4.06E+01
4.43577e+003    4.16E+01
4.4361636e+003    4.27E+01
4.4365572e+003    4.38E+01
4.4369509e+003    4.49E+01
4.4373447e+003    4.61E+01
4.4377385e+003    4.72E+01
4.4381324e+003    4.83E+01
4.4385264e+003    4.94E+01
4.4389205e+003    5.05E+01
4.4393146e+003    5.16E+01
4.4397088e+003    5.28E+01
4.440103e+003    5.40E+01
4.4404973e+003    5.52E+01
4.4408917e+003    5.64E+01
4.4412862e+003    5.75E+01
4.4416807e+003    5.87E+01
4.4420753e+003    5.98E+01
4.44247e+003    6.09E+01
4.4428648e+003    6.20E+01
4.4432596e+003    6.29E+01
4.4436545e+003    6.39E+01
4.4440494e+003    6.47E+01
4.4444444e+003    6.56E+01
4.4448395e+003    6.64E+01
4.4452347e+003    6.72E+01
4.4456299e+003    6.79E+01
4.4460253e+003    6.87E+01
4.4464206e+003    6.95E+01
4.4468161e+003    7.02E+01
4.4472116e+003    7.09E+01
4.4476072e+003    7.16E+01
4.4480028e+003    7.23E+01
4.4483986e+003    7.29E+01
4.4487944e+003    7.35E+01
4.4491902e+003    7.41E+01
4.4495862e+003    7.45E+01
4.4499822e+003    7.49E+01
4.4503783e+003    7.53E+01
4.4507744e+003    7.57E+01
4.4511707e+003    7.63E+01
4.451567e+003    7.68E+01
4.4519633e+003    7.74E+01
4.4523598e+003    7.78E+01
4.4527563e+003    7.81E+01
4.4531528e+003    7.84E+01
4.4535495e+003    7.85E+01
4.4539462e+003    7.87E+01
4.454343e+003    7.88E+01
4.4547398e+003    7.89E+01
4.4551368e+003    7.90E+01
4.4555338e+003    7.92E+01
4.4559308e+003    7.94E+01
4.456328e+003    7.96E+01
4.4567252e+003    7.98E+01
4.4571225e+003    7.99E+01
4.4575198e+003    8.01E+01
4.4579173e+003    8.02E+01
4.4583148e+003    8.03E+01
4.4587123e+003    8.04E+01
4.45911e+003    8.05E+01
4.4595077e+003    8.05E+01
4.4599055e+003    8.04E+01
4.4603033e+003    8.04E+01
4.4607012e+003    8.04E+01
4.4610992e+003    8.05E+01
4.4614973e+003    8.06E+01
4.4618954e+003    8.08E+01
4.4622936e+003    8.08E+01
4.4626919e+003    8.09E+01
4.4630902e+003    8.08E+01
4.4634887e+003    8.07E+01
4.4638872e+003    8.05E+01
4.4642857e+003    8.04E+01
4.4646843e+003    8.02E+01
4.4650831e+003    8.01E+01
4.4654818e+003    8.00E+01
4.4658807e+003    7.99E+01
4.4662796e+003    7.97E+01
4.4666786e+003    7.95E+01
4.4670776e+003    7.93E+01
4.4674768e+003    7.90E+01
4.467876e+003    7.87E+01
4.4682752e+003    7.83E+01
4.4686746e+003    7.78E+01
4.469074e+003    7.73E+01
4.4694735e+003    7.68E+01
4.4698731e+003    7.64E+01
4.4702727e+003    7.60E+01
4.4706724e+003    7.56E+01
4.4710722e+003    7.51E+01
4.471472e+003    7.46E+01
4.4718719e+003    7.41E+01
4.4722719e+003    7.36E+01
4.472672e+003    7.30E+01
4.4730721e+003    7.23E+01
4.4734723e+003    7.15E+01
4.4738726e+003    7.07E+01
4.4742729e+003    6.98E+01
4.4746733e+003    6.89E+01
4.4750738e+003    6.80E+01
4.4754744e+003    6.72E+01
4.475875e+003    6.63E+01
4.4762757e+003    6.54E+01
4.4766765e+003    6.45E+01
4.4770774e+003    6.34E+01
4.4774783e+003    6.23E+01
4.4778793e+003    6.12E+01
4.4782803e+003    6.00E+01
4.4786815e+003    5.89E+01
4.4790827e+003    5.77E+01
4.479484e+003    5.65E+01
4.4798853e+003    5.53E+01
4.4802867e+003    5.41E+01
4.4806882e+003    5.29E+01
4.4810898e+003    5.18E+01
4.4814914e+003    5.06E+01
4.4818932e+003    4.95E+01
4.4822949e+003    4.82E+01
4.4826968e+003    4.70E+01
4.4830987e+003    4.57E+01
4.4835007e+003    4.45E+01
4.4839028e+003    4.34E+01
4.4843049e+003    4.22E+01
4.4847071e+003    4.11E+01
4.4851094e+003    4.00E+01
4.4855118e+003    3.88E+01
4.4859142e+003    3.76E+01
4.4863167e+003    3.65E+01
4.4867193e+003    3.53E+01
4.487122e+003    3.42E+01
4.4875247e+003    3.32E+01
4.4879275e+003    3.22E+01
4.4883303e+003    3.12E+01
4.4887333e+003    3.01E+01
4.4891363e+003    2.91E+01
4.4895394e+003    2.81E+01
4.4899425e+003    2.71E+01
4.4903458e+003    2.62E+01
4.4907491e+003    2.53E+01
4.4911524e+003    2.45E+01
4.4915559e+003    2.37E+01
4.4919594e+003    2.29E+01
4.492363e+003    2.21E+01
4.4927666e+003    2.13E+01
4.4931704e+003    2.05E+01
4.4935742e+003    1.98E+01
4.4939781e+003    1.92E+01
4.494382e+003    1.86E+01
4.494786e+003    1.79E+01
4.4951901e+003    1.73E+01
4.4955943e+003    1.67E+01
4.4959986e+003    1.61E+01
4.4964029e+003    1.56E+01
4.4968073e+003    1.51E+01
4.4972117e+003    1.46E+01
4.4976163e+003    1.41E+01
4.4980209e+003    1.36E+01
4.4984256e+003    1.32E+01
4.4988303e+003    1.29E+01
4.4992351e+003    1.26E+01
4.49964e+003    1.22E+01
4.500045e+003    1.18E+01
4.50045e+003    1.14E+01
4.5008552e+003    1.09E+01
4.5012604e+003    1.05E+01
4.5016656e+003    1.01E+01
4.502071e+003    9.77E+00
4.5024764e+003    9.42E+00
4.5028818e+003    9.08E+00
4.5032874e+003    8.76E+00
4.503693e+003    8.48E+00
4.5040987e+003    8.23E+00
4.5045045e+003    8.00E+00
4.5049104e+003    7.79E+00
4.5053163e+003    7.56E+00
4.5057223e+003    7.33E+00
4.5061283e+003    7.11E+00
4.5065345e+003    6.90E+00
4.5069407e+003    6.71E+00
4.507347e+003    6.54E+00
4.5077533e+003    6.37E+00
4.5081598e+003    6.20E+00
4.5085663e+003    6.02E+00
4.5089729e+003    5.85E+00
4.5093795e+003    5.69E+00
4.5097862e+003    5.55E+00
4.510193e+003    5.40E+00
4.5105999e+003    5.24E+00
4.5110069e+003    5.04E+00
4.5114139e+003    4.81E+00
4.511821e+003    4.57E+00
4.5122281e+003    4.34E+00
4.5126354e+003    4.14E+00
4.5130427e+003    3.98E+00
4.5134501e+003    3.85E+00
4.5138575e+003    3.74E+00
4.5142651e+003    3.65E+00
4.5146727e+003    3.58E+00
4.5150804e+003    3.53E+00
4.5154881e+003    3.51E+00
4.515896e+003    3.50E+00
4.5163039e+003    3.48E+00
4.5167118e+003    3.46E+00
4.5171199e+003    3.42E+00
4.517528e+003    3.36E+00
4.5179362e+003    3.28E+00
4.5183445e+003    3.22E+00
4.5187528e+003    3.16E+00
4.5191612e+003    3.10E+00
4.5195697e+003    3.01E+00
4.5199783e+003    2.89E+00
4.5203869e+003    2.74E+00
4.5207957e+003    2.60E+00
4.5212044e+003    2.48E+00
4.5216133e+003    2.40E+00
4.5220222e+003    2.35E+00
4.5224313e+003    2.32E+00
4.5228403e+003    2.30E+00
4.5232495e+003    2.28E+00
4.5236587e+003    2.26E+00
4.524068e+003    2.22E+00
4.5244774e+003    2.15E+00
4.5248869e+003    2.07E+00
4.5252964e+003    1.96E+00
4.525706e+003    1.87E+00
4.5261157e+003    1.80E+00
4.5265254e+003    1.77E+00
4.5269353e+003    1.75E+00
4.5273452e+003    1.73E+00
4.5277551e+003    1.68E+00
4.5281652e+003    1.62E+00
4.5285753e+003    1.56E+00
4.5289855e+003    1.51E+00
4.5293958e+003    1.49E+00
4.5298061e+003    1.49E+00
4.5302165e+003    1.48E+00
4.530627e+003    1.46E+00
4.5310376e+003    1.41E+00
4.5314483e+003    1.36E+00
4.531859e+003    1.31E+00
4.5322698e+003    1.30E+00
4.5326806e+003    1.30E+00
4.5330916e+003    1.27E+00
4.5335026e+003    1.19E+00
4.5339137e+003    1.08E+00
4.5343248e+003    9.87E-01
4.5347361e+003    9.75E-01
4.5351474e+003    1.05E+00
4.5355588e+003    1.17E+00
4.5359702e+003    1.25E+00
4.5363818e+003    1.28E+00
4.5367934e+003    1.25E+00
4.5372051e+003    1.19E+00
4.5376168e+003    1.14E+00
4.5380287e+003    1.11E+00
4.5384406e+003    1.07E+00
4.5388526e+003    1.02E+00
4.5392646e+003    9.66E-01
4.5396768e+003    9.17E-01
4.540089e+003    8.74E-01
4.5405013e+003    8.38E-01
4.5409136e+003    8.15E-01
4.5413261e+003    8.22E-01
4.5417386e+003    8.67E-01
4.5421512e+003    9.35E-01
4.5425638e+003    9.99E-01
4.5429766e+003    1.04E+00
4.5433894e+003    1.05E+00
4.5438023e+003    1.04E+00
4.5442152e+003    1.01E+00
4.5446282e+003    9.57E-01
4.5450414e+003    8.78E-01
4.5454545e+003    7.86E-01
4.5458678e+003    6.93E-01
4.5462811e+003    6.08E-01
4.5466946e+003    5.31E-01
4.547108e+003    4.61E-01
4.5475216e+003    4.00E-01
4.5479352e+003    3.57E-01
4.5483489e+003    3.41E-01
4.5487627e+003    3.64E-01
4.5491766e+003    4.28E-01
4.5495905e+003    5.18E-01
4.5500046e+003    6.02E-01
4.5504186e+003    6.54E-01
4.5508328e+003    6.62E-01
4.551247e+003    6.37E-01
4.5516614e+003    5.99E-01
4.5520757e+003    5.66E-01
4.5524902e+003    5.44E-01
4.5529048e+003    5.36E-01
4.5533194e+003    5.37E-01
4.5537341e+003    5.36E-01
4.5541488e+003    5.15E-01
4.5545637e+003    4.57E-01
4.5549786e+003    3.68E-01
4.5553936e+003    2.77E-01
4.5558087e+003    2.19E-01
4.5562238e+003    2.20E-01
4.556639e+003    2.77E-01
4.5570543e+003    3.64E-01
4.5574697e+003    4.42E-01
4.5578851e+003    4.87E-01
4.5583007e+003    4.97E-01
4.5587163e+003    4.90E-01
4.5591319e+003    4.88E-01
4.5595477e+003    5.08E-01
4.5599635e+003    5.54E-01
4.5603794e+003    6.10E-01
4.5607954e+003    6.49E-01
4.5612115e+003    6.44E-01
4.5616276e+003    5.98E-01
4.5620438e+003    5.52E-01
4.5624601e+003    5.47E-01
4.5628764e+003    5.82E-01
4.5632929e+003    6.12E-01
4.5637094e+003    5.93E-01
4.564126e+003    5.23E-01
4.5645426e+003    4.39E-01
4.5649594e+003    3.74E-01
4.5653762e+003    3.32E-01
4.5657931e+003    3.01E-01
4.56621e+003    2.83E-01
4.5666271e+003    2.90E-01
4.5670442e+003    3.34E-01
4.5674614e+003    3.98E-01
4.5678787e+003    4.48E-01
4.568296e+003    4.45E-01
4.5687135e+003    3.84E-01
4.569131e+003    2.97E-01
4.5695485e+003    2.36E-01
4.5699662e+003    2.30E-01
4.5703839e+003    2.69E-01
4.5708017e+003    3.17E-01
4.5712196e+003    3.45E-01
4.5716376e+003    3.38E-01
4.5720556e+003    2.95E-01
4.5724737e+003    2.31E-01
4.5728919e+003    1.78E-01
4.5733102e+003    1.74E-01
4.5737285e+003    2.30E-01
4.5741469e+003    3.17E-01
4.5745654e+003    3.87E-01
4.574984e+003    4.18E-01
4.5754026e+003    4.24E-01
4.5758214e+003    4.43E-01
4.5762402e+003    4.92E-01
4.576659e+003    5.54E-01
4.577078e+003    5.86E-01
4.577497e+003    5.57E-01
4.5779161e+003    4.64E-01
4.5783353e+003    3.41E-01
4.5787546e+003    2.30E-01
4.5791739e+003    1.60E-01
4.5795933e+003    1.34E-01
4.5800128e+003    1.37E-01
4.5804324e+003    1.49E-01
4.580852e+003    1.52E-01
4.5812718e+003    1.29E-01
4.5816916e+003    7.42E-02
4.5821114e+003    -1.17E-03
4.5825314e+003    -7.51E-02
4.5829514e+003    -1.23E-01
4.5833715e+003    -1.35E-01
4.5837917e+003    -1.20E-01
4.584212e+003    -9.78E-02
4.5846323e+003    -8.54E-02
4.5850527e+003    -8.47E-02
4.5854732e+003    -8.39E-02
4.5858938e+003    -6.70E-02
4.5863144e+003    -2.73E-02
4.5867352e+003    2.77E-02
4.587156e+003    8.19E-02
4.5875768e+003    1.21E-01
4.5879978e+003    1.42E-01
4.5884188e+003    1.46E-01
4.5888399e+003    1.41E-01
4.5892611e+003    1.33E-01
4.5896824e+003    1.38E-01
4.5901037e+003    1.76E-01
4.5905252e+003    2.69E-01
4.5909467e+003    4.16E-01
4.5913682e+003    5.80E-01
4.5917899e+003    6.97E-01
4.5922116e+003    7.10E-01
4.5926334e+003    6.03E-01
4.5930553e+003    4.16E-01
4.5934773e+003    2.17E-01
4.5938993e+003    6.59E-02
4.5943214e+003    -1.93E-02
4.5947436e+003    -5.89E-02
4.5951659e+003    -8.36E-02
4.5955882e+003    -1.04E-01
4.5960107e+003    -1.06E-01
4.5964332e+003    -6.72E-02
4.5968558e+003    1.31E-02
4.5972784e+003    1.10E-01
4.5977011e+003    1.91E-01
4.598124e+003    2.50E-01
4.5985469e+003    3.07E-01
4.5989698e+003    3.85E-01
4.5993929e+003    4.70E-01
4.599816e+003    5.20E-01
4.6002392e+003    4.93E-01
4.6006625e+003    3.93E-01
4.6010859e+003    2.67E-01
4.6015093e+003    1.77E-01
4.6019328e+003    1.55E-01
4.6023564e+003    1.90E-01
4.6027801e+003    2.42E-01
4.6032038e+003    2.81E-01
4.6036277e+003    3.01E-01
4.6040516e+003    3.10E-01
4.6044756e+003    3.02E-01
4.6048996e+003    2.59E-01
4.6053238e+003    1.67E-01
4.605748e+003    4.36E-02
4.6061723e+003    -6.85E-02
4.6065966e+003    -1.27E-01
4.6070211e+003    -1.21E-01
4.6074456e+003    -6.66E-02
4.6078702e+003    3.15E-03
4.6082949e+003    5.92E-02
4.6087197e+003    8.61E-02
4.6091445e+003    9.00E-02
4.6095695e+003    9.30E-02
4.6099945e+003    1.18E-01
4.6104195e+003    1.68E-01
4.6108447e+003    2.25E-01
4.6112699e+003    2.65E-01
4.6116953e+003    2.80E-01
4.6121207e+003    2.73E-01
4.6125461e+003    2.56E-01
4.6129717e+003    2.25E-01
4.6133973e+003    1.72E-01
4.613823e+003    9.46E-02
4.6142488e+003    1.10E-02
4.6146747e+003    -4.62E-02
4.6151006e+003    -4.61E-02
4.6155266e+003    1.49E-02
4.6159527e+003    1.08E-01
4.6163789e+003    1.92E-01
4.6168052e+003    2.36E-01
4.6172315e+003    2.38E-01
4.6176579e+003    2.15E-01
4.6180844e+003    1.80E-01
4.618511e+003    1.43E-01
4.6189376e+003    1.07E-01
4.6193644e+003    7.37E-02
4.6197912e+003    4.02E-02
4.6202181e+003    5.01E-03
4.620645e+003    -1.55E-02
4.6210721e+003    7.68E-03
4.6214992e+003    8.93E-02
4.6219264e+003    2.03E-01
4.6223537e+003    2.93E-01
4.6227811e+003    3.12E-01
4.6232085e+003    2.65E-01
4.623636e+003    1.93E-01
4.6240636e+003    1.48E-01
4.6244913e+003    1.47E-01
4.6249191e+003    1.73E-01
4.6253469e+003    1.96E-01
4.6257748e+003    2.09E-01
4.6262028e+003    2.30E-01
4.6266309e+003    2.77E-01
4.627059e+003    3.35E-01
4.6274873e+003    3.60E-01
4.6279156e+003    3.13E-01
4.628344e+003    1.95E-01
4.6287724e+003    4.51E-02
4.629201e+003    -9.24E-02
4.6296296e+003    -1.86E-01
4.6300583e+003    -2.14E-01
4.6304871e+003    -1.56E-01
4.630916e+003    -1.11E-02
4.6313449e+003    1.88E-01
4.631774e+003    3.80E-01
4.6322031e+003    5.11E-01
4.6326323e+003    5.54E-01
4.6330615e+003    5.24E-01
4.6334909e+003    4.57E-01
4.6339203e+003    3.79E-01
4.6343498e+003    3.00E-01
4.6347794e+003    2.18E-01
4.635209e+003    1.42E-01
4.6356388e+003    1.04E-01
4.6360686e+003    1.25E-01
4.6364985e+003    1.96E-01
4.6369285e+003    2.83E-01
4.6373586e+003    3.52E-01
4.6377887e+003    3.99E-01
4.6382189e+003    4.34E-01
4.6386492e+003    4.63E-01
4.6390796e+003    4.71E-01
4.6395101e+003    4.34E-01
4.6399406e+003    3.47E-01
4.6403712e+003    2.28E-01
4.6408019e+003    1.17E-01
4.6412327e+003    4.45E-02
4.6416636e+003    2.05E-02
4.6420945e+003    3.41E-02
4.6425255e+003    7.07E-02
4.6429566e+003    1.22E-01
4.6433878e+003    1.78E-01
4.6438191e+003    2.16E-01
4.6442504e+003    2.11E-01
4.6446818e+003    1.59E-01
4.6451133e+003    8.29E-02
4.6455449e+003    2.46E-02
4.6459766e+003    9.20E-03
4.6464083e+003    3.41E-02
4.6468401e+003    7.26E-02
4.6472721e+003    9.99E-02
4.647704e+003    1.11E-01
4.6481361e+003    1.24E-01
4.6485682e+003    1.63E-01
4.6490005e+003    2.35E-01
4.6494328e+003    3.19E-01
4.6498652e+003    3.81E-01
4.6502976e+003    3.91E-01
4.6507302e+003    3.42E-01
4.6511628e+003    2.49E-01
4.6515955e+003    1.48E-01
4.6520283e+003    7.60E-02
4.6524612e+003    5.98E-02
4.6528941e+003    1.02E-01
4.6533271e+003    1.81E-01
4.6537602e+003    2.75E-01
4.6541934e+003    3.72E-01
4.6546267e+003    4.68E-01
4.6550601e+003    5.49E-01
4.6554935e+003    5.88E-01
4.655927e+003    5.66E-01
4.6563606e+003    4.84E-01
4.6567943e+003    3.70E-01
4.657228e+003    2.61E-01
4.6576619e+003    1.87E-01
4.6580958e+003    1.57E-01
4.6585298e+003    1.71E-01
4.6589638e+003    2.28E-01
4.659398e+003    3.21E-01
4.6598322e+003    4.28E-01
4.6602666e+003    5.08E-01
4.660701e+003    5.16E-01
4.6611355e+003    4.40E-01
4.66157e+003    3.17E-01
4.6620047e+003    2.11E-01
4.6624394e+003    1.61E-01
4.6628742e+003    1.60E-01
4.6633091e+003    1.62E-01
4.6637441e+003    1.33E-01
4.6641791e+003    7.69E-02
4.6646142e+003    3.22E-02
4.6650494e+003    3.91E-02
4.6654847e+003    1.11E-01
4.6659201e+003    2.27E-01
4.6663556e+003    3.43E-01
4.6667911e+003    4.22E-01
4.6672267e+003    4.48E-01
4.6676624e+003    4.23E-01
4.6680982e+003    3.56E-01
4.6685341e+003    2.59E-01
4.66897e+003    1.46E-01
4.6694061e+003    4.27E-02
4.6698422e+003    -2.07E-02
4.6702783e+003    -2.25E-02
4.6707146e+003    3.41E-02
4.671151e+003    1.19E-01
4.6715874e+003    1.98E-01
4.6720239e+003    2.53E-01
4.6724605e+003    2.90E-01
4.6728972e+003    3.26E-01
4.673334e+003    3.67E-01
4.6737708e+003    4.07E-01
4.6742077e+003    4.30E-01
4.6746447e+003    4.26E-01
4.6750818e+003    3.99E-01
4.675519e+003    3.56E-01
4.6759562e+003    3.09E-01
4.6763936e+003    2.60E-01
4.676831e+003    2.12E-01
4.6772685e+003    1.76E-01
4.6777061e+003    1.55E-01
4.6781437e+003    1.46E-01
4.6785815e+003    1.30E-01
4.6790193e+003    1.07E-01
4.6794572e+003    9.42E-02
4.6798952e+003    1.08E-01
4.6803332e+003    1.34E-01
4.6807714e+003    1.32E-01
4.6812096e+003    6.52E-02
4.6816479e+003    -5.16E-02
4.6820863e+003    -1.61E-01
4.6825248e+003    -2.00E-01
4.6829634e+003    -1.44E-01
4.683402e+003    -1.97E-02
4.6838407e+003    1.16E-01
4.6842796e+003    2.23E-01
4.6847184e+003    2.94E-01
4.6851574e+003    3.45E-01
4.6855965e+003    3.85E-01
4.6860356e+003    4.04E-01
4.6864748e+003    3.92E-01
4.6869141e+003    3.55E-01
4.6873535e+003    3.17E-01
4.687793e+003    2.93E-01
4.6882325e+003    2.75E-01
4.6886722e+003    2.41E-01
4.6891119e+003    1.81E-01
4.6895517e+003    1.07E-01
4.6899916e+003    4.43E-02
4.6904315e+003    1.31E-02
4.6908716e+003    1.61E-02
4.6913117e+003    3.90E-02
4.6917519e+003    6.36E-02
4.6921922e+003    8.23E-02
4.6926326e+003    9.99E-02
4.693073e+003    1.23E-01
4.6935136e+003    1.49E-01
4.6939542e+003    1.71E-01
4.6943949e+003    1.79E-01
4.6948357e+003    1.70E-01
4.6952766e+003    1.45E-01
4.6957175e+003    1.06E-01
4.6961585e+003    5.03E-02
4.6965997e+003    -2.17E-02
4.6970409e+003    -1.06E-01
4.6974821e+003    -1.88E-01
4.6979235e+003    -2.48E-01
4.698365e+003    -2.64E-01
4.6988065e+003    -2.26E-01
4.6992481e+003    -1.41E-01
4.6996898e+003    -3.59E-02
4.7001316e+003    5.21E-02
4.7005735e+003    9.07E-02
4.7010154e+003    6.93E-02
4.7014575e+003    4.79E-03
4.7018996e+003    -6.42E-02
4.7023418e+003    -1.02E-01
4.702784e+003    -9.18E-02
4.7032264e+003    -3.88E-02
4.7036689e+003    4.22E-02
4.7041114e+003    1.40E-01
4.704554e+003    2.48E-01
4.7049967e+003    3.61E-01
4.7054395e+003    4.55E-01
4.7058824e+003    5.00E-01
4.7063253e+003    4.71E-01
4.7067683e+003    3.63E-01
4.7072114e+003    2.09E-01
4.7076546e+003    6.18E-02
4.7080979e+003    -2.27E-02
4.7085413e+003    -2.09E-02
4.7089847e+003    5.26E-02
4.7094283e+003    1.54E-01
4.7098719e+003    2.45E-01
4.7103156e+003    3.12E-01
4.7107594e+003    3.54E-01
4.7112032e+003    3.64E-01
4.7116472e+003    3.28E-01
4.7120912e+003    2.38E-01
4.7125353e+003    1.16E-01
4.7129795e+003    4.72E-03
4.7134238e+003    -5.24E-02
4.7138682e+003    -3.56E-02
4.7143127e+003    4.72E-02
4.7147572e+003    1.66E-01
4.7152018e+003    2.89E-01
4.7156465e+003    3.87E-01
4.7160913e+003    4.32E-01
4.7165362e+003    4.03E-01
4.7169811e+003    2.98E-01
4.7174262e+003    1.56E-01
4.7178713e+003    4.58E-02
4.7183165e+003    1.80E-02
4.7187618e+003    6.18E-02
4.7192072e+003    1.18E-01
4.7196526e+003    1.34E-01
4.7200982e+003    1.13E-01
4.7205438e+003    1.04E-01
4.7209895e+003    1.46E-01
4.7214353e+003    2.31E-01
4.7218812e+003    3.01E-01
4.7223272e+003    2.94E-01
4.7227732e+003    1.90E-01
4.7232193e+003    2.38E-02
4.7236656e+003    -1.36E-01
4.7241119e+003    -2.32E-01
4.7245583e+003    -2.46E-01
4.7250047e+003    -2.01E-01
4.7254513e+003    -1.38E-01
4.7258979e+003    -8.66E-02
4.7263446e+003    -5.67E-02
4.7267915e+003    -4.06E-02
4.7272383e+003    -2.27E-02
4.7276853e+003    1.38E-02
4.7281324e+003    7.81E-02
4.7285795e+003    1.67E-01
4.7290268e+003    2.63E-01
4.7294741e+003    3.38E-01
4.7299215e+003    3.65E-01
4.730369e+003    3.30E-01
4.7308165e+003    2.42E-01
4.7312642e+003    1.28E-01
4.7317119e+003    2.60E-02
4.7321598e+003    -3.92E-02
4.7326077e+003    -5.96E-02
4.7330557e+003    -4.20E-02
4.7335037e+003    3.12E-03
4.7339519e+003    6.95E-02
4.7344002e+003    1.53E-01
4.7348485e+003    2.46E-01
4.7352969e+003    3.27E-01
4.7357454e+003    3.78E-01
4.736194e+003    3.84E-01
4.7366427e+003    3.43E-01
4.7370914e+003    2.56E-01
4.7375403e+003    1.36E-01
4.7379892e+003    7.32E-03
4.7384382e+003    -9.73E-02
4.7388873e+003    -1.55E-01
4.7393365e+003    -1.68E-01
4.7397858e+003    -1.54E-01
4.7402351e+003    -1.37E-01
4.7406846e+003    -1.25E-01
4.7411341e+003    -1.18E-01
4.7415837e+003    -1.13E-01
4.7420334e+003    -1.10E-01
4.7424832e+003    -1.09E-01
4.742933e+003    -1.02E-01
4.743383e+003    -8.28E-02
4.743833e+003    -5.04E-02
4.7442831e+003    -7.13E-03
4.7447333e+003    4.17E-02
4.7451836e+003    8.75E-02
4.745634e+003    1.19E-01
4.7460845e+003    1.25E-01
4.746535e+003    1.03E-01
4.7469857e+003    6.25E-02
4.7474364e+003    2.26E-02
4.7478872e+003    1.43E-03
4.7483381e+003    1.08E-02
4.7487891e+003    5.12E-02
4.7492401e+003    1.13E-01
4.7496913e+003    1.80E-01
4.7501425e+003    2.31E-01
4.7505938e+003    2.46E-01
4.7510452e+003    2.13E-01
4.7514967e+003    1.36E-01
4.7519483e+003    4.95E-02
4.7524e+003    2.55E-03
4.7528517e+003    2.93E-02
4.7533035e+003    1.16E-01
4.7537555e+003    2.10E-01
4.7542075e+003    2.56E-01
4.7546596e+003    2.41E-01
4.7551117e+003    1.88E-01
4.755564e+003    1.35E-01
4.7560164e+003    1.06E-01
4.7564688e+003    1.05E-01
4.7569213e+003    1.30E-01
4.7573739e+003    1.79E-01
4.7578266e+003    2.44E-01
4.7582794e+003    3.04E-01
4.7587323e+003    3.30E-01
4.7591852e+003    2.99E-01
4.7596383e+003    2.12E-01
4.7600914e+003    9.98E-02
4.7605446e+003    9.54E-03
4.7609979e+003    -2.80E-02
4.7614513e+003    -1.20E-02
4.7619048e+003    0.00E+00
