490  0.00
491  0.002
492  0.00324
493  0.00432
494  0.00216
495  0.00216
496  0.00216
497  0.00216
498  0.00324
499  0.00216
500  0.00432
501  0.00755
502  0.01511
503  0.02591
504  0.04535
505  0.07883
506  0.12743
507  0.20194
508  0.29589
509  0.40712
510  0.51727
511  0.60799
512  0.68250
513  0.71274
514  0.71166
515  0.71490
516  0.71382
517  0.74406
518  0.77321
519  0.84989
520  0.91144
521  0.96760
522  0.99784
523  1      
524  0.96544
525  0.93412
526  0.85961
527  0.76133
528  0.65118
529  0.54643
530  0.42764
531  0.32829
532  0.24082
533  0.16198
534  0.10907
535  0.06911
536  0.04643
537  0.02699
538  0.01835
539  0.01079
540  0.00647
541  0.00432
542  0.00216
543  0.00216
544  0.00216
545  0.00216
546  0.00108
547  0.00324
548  0.00216
549  0.002
550  0.00
