605  0.000
606  0.000
607  0.000
608  0.0003
609  0.0003
610  0.0006
611  0.0027
612  0.0063
613  0.0142
614  0.0248
615  0.0432
616  0.0674
617  0.0986
618  0.1358
619  0.1773
620  0.2154
621  0.2651
622  0.3132
623  0.3662
624  0.4188
625  0.4760
626  0.5236
627  0.5547
628  0.6089
629  0.6994
630  0.7690
631  0.8174
632  0.8619
633  0.9013
634  0.9037
635  0.9149
636  0.8746
637  0.8380
638  0.8111
639  0.8059
640  0.7654
641  0.7336
642  0.6985
643  0.6652
644  0.6334
645  0.5977
646  0.5590
647  0.5575
648  0.5693
649  0.5759
650  0.5814
651  0.5935
652  0.6056
653  0.6310
654  0.6522
655  0.6489
656  0.6670
657  0.7248
658  0.7500
659  0.7766
660  0.8153
661  0.8619
662  0.9019
663  0.9440
664  0.9443
665  0.9340
666  0.9661
667  1     
668  0.9918
669  0.9815
670  0.9552
671  0.9098
672  0.8462
673  0.7663
674  0.6558
675  0.4984
676  0.4449
677  0.3568
678  0.2757
679  0.2130
680  0.1610
681  0.1195
682  0.0907
683  0.0687
684  0.0523
685  0.0408
686  0.0314
687  0.0245
688  0.0190
689  0.0157
690  0.0127
691  0.0099
692  0.0081
693  0.0069
694  0.0051
695  0.0042
696  0.0033
697  0.0024
698  0.0024
699  0.0018
700  0.000
