   5.2800000e+02   0.0000000e+00
   5.2850000e+02   0.0000000e+00
   5.2900000e+02   0.0000000e+00
   5.2950000e+02   9.9140780e-03
   5.3000000e+02   1.0575017e-02
   5.3050000e+02   1.1235955e-02
   5.3100000e+02   1.1896894e-02
   5.3150000e+02   1.3879709e-02
   5.3200000e+02   1.4540648e-02
   5.3250000e+02   1.7184402e-02
   5.3300000e+02   1.9828156e-02
   5.3350000e+02   2.1810972e-02
   5.3400000e+02   2.4454726e-02
   5.3450000e+02   2.7759418e-02
   5.3500000e+02   3.2385988e-02
   5.3550000e+02   3.7673496e-02
   5.3600000e+02   4.3621943e-02
   5.3650000e+02   5.0231328e-02
   5.3700000e+02   6.0145406e-02
   5.3750000e+02   6.9398546e-02
   5.3800000e+02   8.0634501e-02
   5.3850000e+02   9.3192333e-02
   5.3900000e+02   1.0442829e-01
   5.3950000e+02   1.2029081e-01
   5.4000000e+02   1.3681428e-01
   5.4050000e+02   1.5598149e-01
   5.4100000e+02   1.7514871e-01
   5.4150000e+02   1.9563781e-01
   5.4200000e+02   2.2207535e-01
   5.4250000e+02   2.4917383e-01
   5.4300000e+02   2.8222075e-01
   5.4350000e+02   3.2055519e-01
   5.4400000e+02   3.6615995e-01
   5.4450000e+02   4.2101785e-01
   5.4500000e+02   4.7521481e-01
   5.4550000e+02   5.4527429e-01
   5.4600000e+02   6.1599471e-01
   5.4650000e+02   6.8208857e-01
   5.4700000e+02   7.3892928e-01
   5.4750000e+02   7.9643093e-01
   5.4800000e+02   8.5525446e-01
   5.4850000e+02   8.9160608e-01
   5.4900000e+02   9.2597488e-01
   5.4950000e+02   9.5439524e-01
   5.5000000e+02   9.7554527e-01
   5.5050000e+02   9.9206874e-01
   5.5100000e+02   9.8876404e-01
   5.5150000e+02   1.0000000e+00
   5.5200000e+02   9.8479841e-01
   5.5250000e+02   9.8281560e-01
   5.5300000e+02   9.8149372e-01
   5.5350000e+02   9.6298744e-01
   5.5400000e+02   9.6034369e-01
   5.5450000e+02   9.6232650e-01
   5.5500000e+02   9.5439524e-01
   5.5550000e+02   9.5505618e-01
   5.5600000e+02   9.3919365e-01
   5.5650000e+02   9.3985459e-01
   5.5700000e+02   9.3853272e-01
   5.5750000e+02   9.2200925e-01
   5.5800000e+02   9.1738268e-01
   5.5850000e+02   9.1606081e-01
   5.5900000e+02   9.1606081e-01
   5.5950000e+02   9.1407799e-01
   5.6000000e+02   9.1077330e-01
   5.6050000e+02   9.0218110e-01
   5.6100000e+02   9.0746861e-01
   5.6150000e+02   9.1011236e-01
   5.6200000e+02   9.0152016e-01
   5.6250000e+02   8.9755453e-01
   5.6300000e+02   9.0416391e-01
   5.6350000e+02   9.0284204e-01
   5.6400000e+02   8.8433576e-01
   5.6450000e+02   8.7177792e-01
   5.6500000e+02   8.4930601e-01
   5.6550000e+02   8.1890284e-01
   5.6600000e+02   7.5941837e-01
   5.6650000e+02   7.0257766e-01
   5.6700000e+02   6.2723067e-01
   5.6750000e+02   5.5188367e-01
   5.6800000e+02   4.8116325e-01
   5.6850000e+02   3.9920687e-01
   5.6900000e+02   3.3046927e-01
   5.6950000e+02   2.6900198e-01
   5.7000000e+02   2.1480502e-01
   5.7050000e+02   1.7250496e-01
   5.7100000e+02   1.3945803e-01
   5.7150000e+02   1.1169861e-01
   5.7200000e+02   9.1870456e-02
   5.7250000e+02   7.6007931e-02
   5.7300000e+02   6.2128222e-02
   5.7350000e+02   5.2875083e-02
   5.7400000e+02   4.5604759e-02
   5.7450000e+02   3.9656312e-02
   5.7500000e+02   3.5029742e-02
   5.7550000e+02   3.1064111e-02
   5.7600000e+02   2.7098480e-02
   5.7650000e+02   2.3793787e-02
   5.7700000e+02   2.1810972e-02
   5.7750000e+02   2.0489095e-02
   5.7800000e+02   1.7184402e-02
   5.7850000e+02   1.6523463e-02
   5.7900000e+02   1.5201586e-02
   5.7950000e+02   1.3218771e-02
   5.8000000e+02   1.2557832e-02
   5.8050000e+02   1.2557832e-02
   5.8100000e+02   1.0575017e-02
   5.8150000e+02   9.9140780e-03
   5.8200000e+02   9.2531395e-03
   5.8250000e+02   0.0000000e+00
   5.8300000e+02   0.0000000e+00
