   5.1050000e+02   0.0000000e+00
   5.1100000e+02   0.0000000e+00
   5.1150000e+02   1.0493179e-02
   5.1200000e+02   9.4438615e-03
   5.1250000e+02   1.0493179e-02
   5.1300000e+02   1.3641133e-02
   5.1350000e+02   1.4690451e-02
   5.1400000e+02   1.5739769e-02
   5.1450000e+02   1.8887723e-02
   5.1500000e+02   1.8887723e-02
   5.1550000e+02   1.9937041e-02
   5.1600000e+02   2.2035677e-02
   5.1650000e+02   2.6232949e-02
   5.1700000e+02   2.9380902e-02
   5.1750000e+02   3.3578174e-02
   5.1800000e+02   3.6726128e-02
   5.1850000e+02   4.1972718e-02
   5.1900000e+02   4.7219307e-02
   5.1950000e+02   5.2465897e-02
   5.2000000e+02   5.8761805e-02
   5.2050000e+02   6.7156348e-02
   5.2100000e+02   7.5550892e-02
   5.2150000e+02   8.4994753e-02
   5.2200000e+02   9.2339979e-02
   5.2250000e+02   1.0703043e-01
   5.2300000e+02   1.1647429e-01
   5.2350000e+02   1.2591815e-01
   5.2400000e+02   1.4270724e-01
   5.2450000e+02   1.6054565e-01
   5.2500000e+02   1.7418678e-01
   5.2550000e+02   1.9727177e-01
   5.2600000e+02   2.1406086e-01
   5.2650000e+02   2.4029381e-01
   5.2700000e+02   2.7072403e-01
   5.2750000e+02   2.9171039e-01
   5.2800000e+02   3.2318993e-01
   5.2850000e+02   3.4417629e-01
   5.2900000e+02   3.9139559e-01
   5.2950000e+02   4.1028332e-01
   5.3000000e+02   4.3966422e-01
   5.3050000e+02   4.7114376e-01
   5.3100000e+02   5.0157398e-01
   5.3150000e+02   5.1836306e-01
   5.3200000e+02   5.5928646e-01
   5.3250000e+02   5.9076600e-01
   5.3300000e+02   6.0125918e-01
   5.3350000e+02   6.1070304e-01
   5.3400000e+02   6.4742917e-01
   5.3450000e+02   6.4952781e-01
   5.3500000e+02   6.6841553e-01
   5.3550000e+02   6.8625393e-01
   5.3600000e+02   6.9989507e-01
   5.3650000e+02   7.1458552e-01
   5.3700000e+02   7.2298006e-01
   5.3750000e+02   7.4921301e-01
   5.3800000e+02   7.6285414e-01
   5.3850000e+02   7.5341028e-01
   5.3900000e+02   7.6075551e-01
   5.3950000e+02   7.5236097e-01
   5.4000000e+02   7.4396642e-01
   5.4050000e+02   7.5131165e-01
   5.4100000e+02   7.3976915e-01
   5.4150000e+02   7.3662120e-01
   5.4200000e+02   7.3347324e-01
   5.4250000e+02   7.2298006e-01
   5.4300000e+02   7.1038825e-01
   5.4350000e+02   7.1353620e-01
   5.4400000e+02   7.0304302e-01
   5.4450000e+02   6.9674711e-01
   5.4500000e+02   6.9779643e-01
   5.4550000e+02   7.0619098e-01
   5.4600000e+02   7.0514166e-01
   5.4650000e+02   7.1563484e-01
   5.4700000e+02   7.1353620e-01
   5.4750000e+02   7.1773347e-01
   5.4800000e+02   7.2612802e-01
   5.4850000e+02   7.3137461e-01
   5.4900000e+02   7.3662120e-01
   5.4950000e+02   7.5655824e-01
   5.5000000e+02   7.7439664e-01
   5.5050000e+02   7.7964323e-01
   5.5100000e+02   8.0797482e-01
   5.5150000e+02   8.1427072e-01
   5.5200000e+02   8.2056663e-01
   5.5250000e+02   8.5939140e-01
   5.5300000e+02   8.6778594e-01
   5.5350000e+02   8.8457503e-01
   5.5400000e+02   8.8877230e-01
   5.5450000e+02   9.2130115e-01
   5.5500000e+02   9.3284365e-01
   5.5550000e+02   9.6327387e-01
   5.5600000e+02   9.6327387e-01
   5.5650000e+02   9.5173137e-01
   5.5700000e+02   9.6956978e-01
   5.5750000e+02   9.9055614e-01
   5.5800000e+02   9.9055614e-01
   5.5850000e+02   9.9055614e-01
   5.5900000e+02   9.8635887e-01
   5.5950000e+02   9.9160546e-01
   5.6000000e+02   1.0000000e+00
   5.6050000e+02   9.7796432e-01
   5.6100000e+02   9.8635887e-01
   5.6150000e+02   9.8426023e-01
   5.6200000e+02   9.8530955e-01
   5.6250000e+02   9.6956978e-01
   5.6300000e+02   9.7061910e-01
   5.6350000e+02   9.6956978e-01
   5.6400000e+02   9.5383001e-01
   5.6450000e+02   9.4123820e-01
   5.6500000e+02   9.6432319e-01
   5.6550000e+02   9.4648478e-01
   5.6600000e+02   9.2759706e-01
   5.6650000e+02   9.4648478e-01
   5.6700000e+02   9.4858342e-01
   5.6750000e+02   9.2444911e-01
   5.6800000e+02   9.3284365e-01
   5.6850000e+02   9.2549843e-01
   5.6900000e+02   9.2864638e-01
   5.6950000e+02   9.2654774e-01
   5.7000000e+02   9.3179433e-01
   5.7050000e+02   9.0556139e-01
   5.7100000e+02   9.0031480e-01
   5.7150000e+02   8.9296957e-01
   5.7200000e+02   8.6568730e-01
   5.7250000e+02   8.3525708e-01
   5.7300000e+02   8.3315845e-01
   5.7350000e+02   8.1427072e-01
   5.7400000e+02   7.4711438e-01
   5.7450000e+02   7.2927597e-01
   5.7500000e+02   6.7576076e-01
   5.7550000e+02   6.3693599e-01
   5.7600000e+02   6.0440714e-01
   5.7650000e+02   5.5613851e-01
   5.7700000e+02   5.0682057e-01
   5.7750000e+02   4.6484785e-01
   5.7800000e+02   4.1867786e-01
   5.7850000e+02   3.8405037e-01
   5.7900000e+02   3.3473242e-01
   5.7950000e+02   3.0010493e-01
   5.8000000e+02   2.6652676e-01
   5.8050000e+02   2.3714586e-01
   5.8100000e+02   2.1091291e-01
   5.8150000e+02   1.8887723e-01
   5.8200000e+02   1.6894019e-01
   5.8250000e+02   1.5005247e-01
   5.8300000e+02   1.2906611e-01
   5.8350000e+02   1.1752361e-01
   5.8400000e+02   1.0598111e-01
   5.8450000e+02   9.1290661e-02
   5.8500000e+02   8.8142707e-02
   5.8550000e+02   7.6600210e-02
   5.8600000e+02   6.8205666e-02
   5.8650000e+02   6.2959077e-02
   5.8700000e+02   5.6663169e-02
   5.8750000e+02   5.2465897e-02
   5.8800000e+02   4.5120672e-02
   5.8850000e+02   4.1972718e-02
   5.8900000e+02   3.8824764e-02
   5.8950000e+02   3.4627492e-02
   5.9000000e+02   3.3578174e-02
   5.9050000e+02   3.0430220e-02
   5.9100000e+02   2.6232949e-02
   5.9150000e+02   2.5183631e-02
   5.9200000e+02   2.2035677e-02
   5.9250000e+02   2.2035677e-02
   5.9300000e+02   1.7838405e-02
   5.9350000e+02   1.7838405e-02
   5.9400000e+02   1.4690451e-02
   5.9450000e+02   1.4690451e-02
   5.9500000e+02   1.3641133e-02
   5.9550000e+02   1.1542497e-02
   5.9600000e+02   1.0493179e-02
   5.9650000e+02   9.4438615e-03
   5.9700000e+02   1.0493179e-02
