   2.0710000e+03   0.0000000e+00
   2.0720000e+03   0.0000000e+00
   2.0730000e+03   0.0000000e+00
   2.0740000e+03   9.2503987e-03
   2.0750000e+03   1.1802233e-02
   2.0760000e+03   1.3716108e-02
   2.0770000e+03   1.4992026e-02
   2.0780000e+03   1.8500797e-02
   2.0790000e+03   2.2966507e-02
   2.0800000e+03   2.5199362e-02
   2.0810000e+03   3.0303030e-02
   2.0820000e+03   3.6044657e-02
   2.0830000e+03   6.4114833e-02
   2.0840000e+03   7.5598086e-02
   2.0850000e+03   8.7081340e-02
   2.0860000e+03   9.9521531e-02
   2.0870000e+03   1.1291866e-01
   2.0880000e+03   1.2982456e-01
   2.0890000e+03   1.4832536e-01
   2.0900000e+03   1.6969697e-01
   2.0910000e+03   1.9266348e-01
   2.0920000e+03   2.1913876e-01
   2.0930000e+03   2.4497608e-01
   2.0940000e+03   2.7240829e-01
   2.0950000e+03   3.0653907e-01
   2.0960000e+03   3.4066986e-01
   2.0970000e+03   3.7671451e-01
   2.0980000e+03   4.1084530e-01
   2.0990000e+03   4.5390750e-01
   2.1000000e+03   4.8803828e-01
   2.1010000e+03   5.3205742e-01
   2.1020000e+03   5.7416268e-01
   2.1030000e+03   6.0414673e-01
   2.1040000e+03   6.4976077e-01
   2.1050000e+03   6.9027113e-01
   2.1060000e+03   7.3556619e-01
   2.1070000e+03   7.6778309e-01
   2.1080000e+03   8.0318979e-01
   2.1090000e+03   8.2456140e-01
   2.1100000e+03   8.6379585e-01
   2.1110000e+03   9.0398724e-01
   2.1120000e+03   9.1738437e-01
   2.1130000e+03   9.4864434e-01
   2.1140000e+03   9.5821372e-01
   2.1150000e+03   9.8277512e-01
   2.1160000e+03   1.0000000e+00
   2.1170000e+03   9.3397129e-01
   2.1180000e+03   9.4545455e-01
   2.1190000e+03   9.6076555e-01
   2.1200000e+03   9.5821372e-01
   2.1210000e+03   9.5566188e-01
   2.1220000e+03   9.7799043e-01
   2.1230000e+03   9.6363636e-01
   2.1240000e+03   9.8341308e-01
   2.1250000e+03   9.6204147e-01
   2.1260000e+03   9.6618820e-01
   2.1270000e+03   9.5629984e-01
   2.1280000e+03   9.5789474e-01
   2.1290000e+03   9.5917065e-01
   2.1300000e+03   9.5693780e-01
   2.1310000e+03   9.4322169e-01
   2.1320000e+03   9.3301435e-01
   2.1330000e+03   9.5087719e-01
   2.1340000e+03   9.3652313e-01
   2.1350000e+03   9.2121212e-01
   2.1360000e+03   9.3492823e-01
   2.1370000e+03   9.0175439e-01
   2.1380000e+03   8.9441786e-01
   2.1390000e+03   8.8612440e-01
   2.1400000e+03   8.7017544e-01
   2.1410000e+03   8.4465710e-01
   2.1420000e+03   8.3285486e-01
   2.1430000e+03   8.0925040e-01
   2.1440000e+03   7.8532695e-01
   2.1450000e+03   7.4290271e-01
   2.1460000e+03   7.2216906e-01
   2.1470000e+03   6.7910686e-01
   2.1480000e+03   6.4784689e-01
   2.1490000e+03   6.1658692e-01
   2.1500000e+03   5.7192982e-01
   2.1510000e+03   5.2472089e-01
   2.1520000e+03   4.8293461e-01
   2.1530000e+03   4.3795853e-01
   2.1540000e+03   4.0829346e-01
   2.1550000e+03   3.5566188e-01
   2.1560000e+03   3.1929825e-01
   2.1570000e+03   2.7974482e-01
   2.1580000e+03   2.4178628e-01
   2.1590000e+03   2.1244019e-01
   2.1600000e+03   1.7926635e-01
   2.1610000e+03   1.5311005e-01
   2.1620000e+03   1.3173844e-01
   2.1630000e+03   1.1068581e-01
   2.1640000e+03   9.4098884e-02
   2.1650000e+03   7.7830941e-02
   2.1660000e+03   6.5709729e-02
   2.1670000e+03   5.6459330e-02
   2.1680000e+03   4.9122807e-02
   2.1690000e+03   4.0191388e-02
   2.1700000e+03   3.3173844e-02
   2.1710000e+03   2.7432217e-02
   2.1720000e+03   2.3604466e-02
   2.1730000e+03   1.9138756e-02
   2.1740000e+03   1.7224880e-02
   2.1750000e+03   1.2759171e-02
   2.1760000e+03   1.1483254e-02
   2.1770000e+03   1.0207337e-02
   2.1780000e+03   0.0000000e+00
   2.1790000e+03   0.0000000e+00
