   1.0065000e+03   0.0000000e+00
   1.0070000e+03   9.5658572e-03
   1.0075000e+03   1.1773363e-02
   1.0080000e+03   1.3245033e-02
   1.0085000e+03   1.5452539e-02
   1.0090000e+03   1.6924209e-02
   1.0095000e+03   1.9867550e-02
   1.0100000e+03   2.2810890e-02
   1.0105000e+03   2.6490066e-02
   1.0110000e+03   3.0169242e-02
   1.0115000e+03   3.6791759e-02
   1.0120000e+03   4.3414275e-02
   1.0125000e+03   5.0772627e-02
   1.0130000e+03   5.7395143e-02
   1.0135000e+03   6.7696836e-02
   1.0140000e+03   7.7998528e-02
   1.0145000e+03   9.3451067e-02
   1.0150000e+03   1.0816777e-01
   1.0155000e+03   1.2582781e-01
   1.0160000e+03   1.4348786e-01
   1.0165000e+03   1.6850625e-01
   1.0170000e+03   1.9278882e-01
   1.0175000e+03   2.2590140e-01
   1.0180000e+03   2.5827815e-01
   1.0185000e+03   3.0095659e-01
   1.0190000e+03   3.4363503e-01
   1.0195000e+03   3.9661516e-01
   1.0200000e+03   4.4885946e-01
   1.0205000e+03   5.0699043e-01
   1.0210000e+03   5.6438558e-01
   1.0215000e+03   6.2104489e-01
   1.0220000e+03   6.7770419e-01
   1.0225000e+03   7.3583517e-01
   1.0230000e+03   7.9323032e-01
   1.0235000e+03   8.3664459e-01
   1.0240000e+03   8.8005887e-01
   1.0245000e+03   9.1317145e-01
   1.0250000e+03   9.4628403e-01
   1.0255000e+03   9.6467991e-01
   1.0260000e+03   9.8307579e-01
   1.0265000e+03   9.9190581e-01
   1.0270000e+03   1.0000000e+00
   1.0275000e+03   9.9926416e-01
   1.0280000e+03   9.9779249e-01
   1.0285000e+03   9.8749080e-01
   1.0290000e+03   9.7645327e-01
   1.0295000e+03   9.6615158e-01
   1.0300000e+03   9.5584989e-01
   1.0305000e+03   9.4334069e-01
   1.0310000e+03   9.3083149e-01
   1.0315000e+03   9.1758646e-01
   1.0320000e+03   9.0434143e-01
   1.0325000e+03   8.9183223e-01
   1.0330000e+03   8.7858720e-01
   1.0335000e+03   8.5798381e-01
   1.0340000e+03   8.3738043e-01
   1.0345000e+03   8.1530537e-01
   1.0350000e+03   7.9323032e-01
   1.0355000e+03   7.6821192e-01
   1.0360000e+03   7.4245769e-01
   1.0365000e+03   7.1155261e-01
   1.0370000e+03   6.8064753e-01
   1.0375000e+03   6.4900662e-01
   1.0380000e+03   6.1662987e-01
   1.0385000e+03   5.7983812e-01
   1.0390000e+03   5.4231052e-01
   1.0395000e+03   5.0257542e-01
   1.0400000e+03   4.6284032e-01
   1.0405000e+03   4.2310522e-01
   1.0410000e+03   3.8263429e-01
   1.0415000e+03   3.4437086e-01
   1.0420000e+03   3.0610743e-01
   1.0425000e+03   2.7152318e-01
   1.0430000e+03   2.3693893e-01
   1.0435000e+03   2.0603385e-01
   1.0440000e+03   1.7512877e-01
   1.0445000e+03   1.5084621e-01
   1.0450000e+03   1.2656365e-01
   1.0455000e+03   1.0890361e-01
   1.0460000e+03   9.0507726e-02
   1.0465000e+03   7.6526858e-02
   1.0470000e+03   6.2545990e-02
   1.0475000e+03   5.3715968e-02
   1.0480000e+03   4.4885946e-02
   1.0485000e+03   3.8999264e-02
   1.0490000e+03   3.2376748e-02
   1.0495000e+03   2.7961737e-02
   1.0500000e+03   2.2810890e-02
   1.0505000e+03   1.9867550e-02
   1.0510000e+03   1.6924209e-02
   1.0515000e+03   1.4716703e-02
   1.0520000e+03   1.1773363e-02
   1.0525000e+03   1.0301692e-02
   1.0530000e+03   0.0000000e+00
