   8.2500000e+02   0.0000000e+00
   8.2550000e+02   0.0000000e+00
   8.2600000e+02   0.0000000e+00
   8.2650000e+02   0.0000000e+00
   8.2700000e+02   1.0610080e-02
   8.2750000e+02   1.2378426e-02
   8.2800000e+02   1.3262599e-02
   8.2850000e+02   1.6799293e-02
   8.2900000e+02   1.9451813e-02
   8.2950000e+02   2.2988506e-02
   8.3000000e+02   2.5641026e-02
   8.3050000e+02   3.1830239e-02
   8.3100000e+02   3.7135279e-02
   8.3150000e+02   4.3324492e-02
   8.3200000e+02   4.8629531e-02
   8.3250000e+02   5.7471264e-02
   8.3300000e+02   6.6312997e-02
   8.3350000e+02   7.6038904e-02
   8.3400000e+02   8.5764810e-02
   8.3450000e+02   9.9911583e-02
   8.3500000e+02   1.1317418e-01
   8.3550000e+02   1.2997347e-01
   8.3600000e+02   1.4677277e-01
   8.3650000e+02   1.6887710e-01
   8.3700000e+02   1.9009726e-01
   8.3750000e+02   2.1220159e-01
   8.3800000e+02   2.3430592e-01
   8.3850000e+02   2.6436782e-01
   8.3900000e+02   2.9354553e-01
   8.3950000e+02   3.2007073e-01
   8.4000000e+02   3.4659593e-01
   8.4050000e+02   3.7400531e-01
   8.4100000e+02   4.0053050e-01
   8.4150000e+02   4.2793988e-01
   8.4200000e+02   4.5534925e-01
   8.4250000e+02   4.7745358e-01
   8.4300000e+02   4.9867374e-01
   8.4350000e+02   5.2166225e-01
   8.4400000e+02   5.4376658e-01
   8.4450000e+02   5.6233422e-01
   8.4500000e+02   5.8001768e-01
   8.4550000e+02   5.9946950e-01
   8.4600000e+02   6.1892131e-01
   8.4650000e+02   6.3748895e-01
   8.4700000e+02   6.5517241e-01
   8.4750000e+02   6.6312997e-01
   8.4800000e+02   6.7108753e-01
   8.4850000e+02   6.7904509e-01
   8.4900000e+02   6.8611848e-01
   8.4950000e+02   7.0114943e-01
   8.5000000e+02   7.1618037e-01
   8.5050000e+02   7.2855880e-01
   8.5100000e+02   7.4005305e-01
   8.5150000e+02   7.4447392e-01
   8.5200000e+02   7.4801061e-01
   8.5250000e+02   7.5950486e-01
   8.5300000e+02   7.7099912e-01
   8.5350000e+02   7.7718833e-01
   8.5400000e+02   7.8337754e-01
   8.5450000e+02   8.0282935e-01
   8.5500000e+02   8.2228117e-01
   8.5550000e+02   8.3289125e-01
   8.5600000e+02   8.4261715e-01
   8.5650000e+02   8.5587975e-01
   8.5700000e+02   8.6914235e-01
   8.5750000e+02   8.7886826e-01
   8.5800000e+02   8.8770999e-01
   8.5850000e+02   8.9743590e-01
   8.5900000e+02   9.0627763e-01
   8.5950000e+02   9.0716180e-01
   8.6000000e+02   9.0716180e-01
   8.6050000e+02   9.1511936e-01
   8.6100000e+02   9.2307692e-01
   8.6150000e+02   9.3280283e-01
   8.6200000e+02   9.4164456e-01
   8.6250000e+02   9.5313882e-01
   8.6300000e+02   9.6463307e-01
   8.6350000e+02   9.7701149e-01
   8.6400000e+02   9.8938992e-01
   8.6450000e+02   9.8762157e-01
   8.6500000e+02   9.8496905e-01
   8.6550000e+02   9.7966401e-01
   8.6600000e+02   9.7347480e-01
   8.6650000e+02   9.8673740e-01
   8.6700000e+02   1.0000000e+00
   8.6750000e+02   9.9381079e-01
   8.6800000e+02   9.8673740e-01
   8.6850000e+02   9.7612732e-01
   8.6900000e+02   9.6463307e-01
   8.6950000e+02   9.6905393e-01
   8.7000000e+02   9.7347480e-01
   8.7050000e+02   9.7347480e-01
   8.7100000e+02   9.7347480e-01
   8.7150000e+02   9.6905393e-01
   8.7200000e+02   9.6374889e-01
   8.7250000e+02   9.6728559e-01
   8.7300000e+02   9.6993811e-01
   8.7350000e+02   9.6109637e-01
   8.7400000e+02   9.5137047e-01
   8.7450000e+02   9.4694960e-01
   8.7500000e+02   9.4164456e-01
   8.7550000e+02   9.3633952e-01
   8.7600000e+02   9.3103448e-01
   8.7650000e+02   9.2661362e-01
   8.7700000e+02   9.2130858e-01
   8.7750000e+02   9.1600354e-01
   8.7800000e+02   9.0981432e-01
   8.7850000e+02   9.0185676e-01
   8.7900000e+02   8.9389920e-01
   8.7950000e+02   8.8682582e-01
   8.8000000e+02   8.7886826e-01
   8.8050000e+02   8.7091070e-01
   8.8100000e+02   8.6206897e-01
   8.8150000e+02   8.6118479e-01
   8.8200000e+02   8.5941645e-01
   8.8250000e+02   8.5057471e-01
   8.8300000e+02   8.4173298e-01
   8.8350000e+02   8.3112290e-01
   8.8400000e+02   8.2051282e-01
   8.8450000e+02   8.0194518e-01
   8.8500000e+02   7.8337754e-01
   8.8550000e+02   7.6569408e-01
   8.8600000e+02   7.4712644e-01
   8.8650000e+02   7.3916888e-01
   8.8700000e+02   7.3032714e-01
   8.8750000e+02   7.1087533e-01
   8.8800000e+02   6.9142352e-01
   8.8850000e+02   6.7639257e-01
   8.8900000e+02   6.6136163e-01
   8.8950000e+02   6.4544651e-01
   8.9000000e+02   6.2953139e-01
   8.9050000e+02   6.0654288e-01
   8.9100000e+02   5.8267020e-01
   8.9150000e+02   5.6233422e-01
   8.9200000e+02   5.4199823e-01
   8.9250000e+02   5.1900973e-01
   8.9300000e+02   4.9602122e-01
   8.9350000e+02   4.7303271e-01
   8.9400000e+02   4.5004421e-01
   8.9450000e+02   4.2175066e-01
   8.9500000e+02   3.9257294e-01
   8.9550000e+02   3.6870027e-01
   8.9600000e+02   3.4482759e-01
   8.9650000e+02   3.2095491e-01
   8.9700000e+02   2.9708223e-01
   8.9750000e+02   2.7939876e-01
   8.9800000e+02   2.6171530e-01
   8.9850000e+02   2.4049514e-01
   8.9900000e+02   2.1927498e-01
   8.9950000e+02   2.0159151e-01
   9.0000000e+02   1.8302387e-01
   9.0050000e+02   1.6799293e-01
   9.0100000e+02   1.5296198e-01
   9.0150000e+02   1.3969938e-01
   9.0200000e+02   1.2643678e-01
   9.0250000e+02   1.1494253e-01
   9.0300000e+02   1.0344828e-01
   9.0350000e+02   9.4606543e-02
   9.0400000e+02   8.5764810e-02
   9.0450000e+02   7.8691424e-02
   9.0500000e+02   7.1618037e-02
   9.0550000e+02   6.5428824e-02
   9.0600000e+02   5.9239611e-02
   9.0650000e+02   5.5702918e-02
   9.0700000e+02   5.1282051e-02
   9.0750000e+02   4.5977011e-02
   9.0800000e+02   4.0671972e-02
   9.0850000e+02   3.8903625e-02
   9.0900000e+02   3.7135279e-02
   9.0950000e+02   3.4482759e-02
   9.1000000e+02   3.1830239e-02
   9.1050000e+02   2.9177719e-02
   9.1100000e+02   2.5641026e-02
   9.1150000e+02   2.4756852e-02
   9.1200000e+02   2.2988506e-02
   9.1250000e+02   2.2104332e-02
   9.1300000e+02   2.1220159e-02
   9.1350000e+02   1.9451813e-02
   9.1400000e+02   1.7683466e-02
   9.1450000e+02   1.7683466e-02
   9.1500000e+02   1.6799293e-02
   9.1550000e+02   1.5915119e-02
   9.1600000e+02   1.4146773e-02
   9.1650000e+02   1.4146773e-02
   9.1700000e+02   1.3262599e-02
   9.1750000e+02   1.2378426e-02
   9.1800000e+02   1.1494253e-02
   9.1850000e+02   1.1494253e-02
   9.1900000e+02   1.1494253e-02
   9.1950000e+02   1.0610080e-02
   9.2000000e+02   9.7259063e-03
   9.2050000e+02   9.7259063e-03
   9.2100000e+02   9.7259063e-03
   9.2150000e+02   9.7259063e-03
   9.2200000e+02   9.7259063e-03
