7.205   0.042451
7.210   0.039489
7.215   0.028232
7.220   0.017438
7.225   0.015298
7.230   0.019894
7.235   0.028083
7.240   0.029821
7.245   0.026055
7.250   0.030827
7.255   0.018957
7.260   0.023823
7.265   0.013476
7.270   0.016188
7.275   0.013977
7.280   0.017165
7.285   0.025501
7.290   0.018484
7.295   0.008649
7.300   0.023762
7.305   0.024149
7.310   0.030155
7.315   0.027610
7.320   0.027978
7.325   0.019475
7.330   0.015960
7.335   0.022704
7.340   0.017426
7.345   0.023599
7.350   0.015937
7.355   0.008422
7.360   0.019318
7.365   0.016283
7.370   0.039409
7.375   0.027993
7.380   0.025402
7.385   0.018906
7.390   0.015986
7.395   0.018620
7.400   0.009653
7.405   0.013697
7.410   0.021274
7.415   0.009901
7.420   0.009789
7.425   0.016334
7.430   0.009518
7.435   0.013120
7.440   0.010034
7.445   0.017190
7.450   0.014219
7.455   0.010682
7.460   0.005804
7.465   0.006135
7.470   0.007977
7.475   0.012248
7.480   0.014881
7.485   0.016195
7.490   0.016178
7.495   0.034427
7.500   0.027923
7.505   0.037437
7.510   0.030206
7.515   0.011464
7.520   0.010676
7.525   0.016873
7.530   0.019004
7.535   0.021600
7.540   0.014926
7.545   0.013478
7.550   0.016888
7.555   0.016867
7.560   0.006263
7.565   0.009669
7.570   0.020324
7.575   0.014631
7.580   0.008438
7.585   0.004753
7.590   0.013202
7.595   0.010672
7.600   0.016264
7.605   0.020262
7.610   0.021496
7.615   0.022990
7.620   0.013859
7.625   0.006768
7.630   0.022625
7.635   0.021244
7.640   0.013724
7.645   0.016993
7.650   0.011632
7.655   0.007230
7.660   0.021169
7.665   0.023350
7.670   0.024975
7.675   0.016466
7.680   0.010789
7.685   0.014836
7.690   0.011283
7.695   0.012348
7.700   0.011800
7.705   0.017799
7.710   0.023402
7.715   0.019051
7.720   0.019097
7.725   0.016930
7.730   0.015724
7.735   0.020588
7.740   0.014356
7.745   0.026448
7.750   0.023564
7.755   0.010852
7.760   0.023489
7.765   0.016048
7.770   0.028533
7.775   0.025119
7.780   0.025118
7.785   0.026053
7.790   0.030694
7.795   0.032208
7.800   0.030806
7.805   0.038518
7.810   0.039548
7.815   0.042770
7.820   0.048525
7.825   0.047752
7.830   0.039310
7.835   0.045054
7.840   0.048395
7.845   0.059171
7.850   0.053642
7.855   0.061237
7.860   0.056349
7.865   0.040784
7.870   0.041825
7.875   0.053395
7.880   0.065423
7.885   0.053511
7.890   0.070365
7.895   0.084011
7.900   0.087562
7.905   0.089322
7.910   0.096307
7.915   0.106047
7.920   0.104321
7.925   0.101625
7.930   0.100631
7.935   0.107475
7.940   0.111466
7.945   0.114916
7.950   0.124459
7.955   0.132158
7.960   0.147637
7.965   0.161058
7.970   0.150995
7.975   0.156575
7.980   0.165171
7.985   0.159594
7.990   0.164648
7.995   0.168923
8.000   0.172247
8.005   0.178529
8.010   0.184410
8.015   0.188061
8.020   0.203007
8.025   0.209105
8.030   0.198135
8.035   0.195179
8.040   0.208508
8.045   0.214748
8.050   0.226838
8.055   0.241250
8.060   0.244505
8.065   0.251269
8.070   0.266917
8.075   0.274786
8.080   0.280404
8.085   0.288678
8.090   0.302086
8.095   0.318358
8.100   0.335653
8.105   0.362122
8.110   0.376701
8.115   0.383680
8.120   0.397648
8.125   0.418588
8.130   0.424859
8.135   0.450024
8.140   0.473698
8.145   0.481283
8.150   0.509582
8.155   0.507114
8.160   0.512030
8.165   0.547231
8.170   0.542806
8.175   0.570088
8.180   0.609518
8.185   0.639607
8.190   0.654686
8.195   0.675936
8.200   0.681705
8.205   0.701021
8.210   0.714405
8.215   0.729583
8.220   0.743109
8.225   0.756600
8.230   0.774088
8.235   0.791056
8.240   0.799638
8.245   0.795309
8.250   0.789446
8.255   0.789289
8.260   0.806328
8.265   0.817493
8.270   0.843513
8.275   0.885381
8.280   0.885856
8.285   0.888462
8.290   0.901445
8.295   0.916303
8.300   0.904583
8.305   0.899565
8.310   0.918010
8.315   0.938112
8.320   0.919577
8.325   0.936435
8.330   0.953231
8.335   0.942758
8.340   0.945303
8.345   0.932438
8.350   0.949751
8.355   0.936391
8.360   0.954527
8.365   0.969600
8.370   0.964283
8.375   0.966539
8.380   0.966734
8.385   0.977031
8.390   0.961457
8.395   0.961523
8.400   0.969447
8.405   0.970478
8.410   0.983263
8.415   0.960320
8.420   0.951964
8.425   0.927542
8.430   0.926117
8.435   0.923916
8.440   0.938500
8.445   0.969486
8.450   0.973700
8.455   0.979717
8.460   0.980412
8.465   0.982547
8.470   0.982935
8.475   0.977771
8.480   0.972968
8.485   0.971314
8.490   0.971893
8.495   0.979666
8.500   0.967716
8.505   0.962406
8.510   0.937292
8.515   0.919723
8.520   0.932014
8.525   0.939842
8.530   0.960015
8.535   0.968908
8.540   0.992550
8.545   0.996723
8.550   0.993173
8.555   1.000000
8.560   0.981557
8.565   0.985160
8.570   0.979640
8.575   0.968577
8.580   0.957881
8.585   0.963636
8.590   0.962697
8.595   0.957299
8.600   0.954104
8.605   0.950909
8.610   0.958097
8.615   0.947267
8.620   0.943777
8.625   0.928679
8.630   0.942771
8.635   0.936391
8.640   0.931559
8.645   0.951982
8.650   0.920746
8.655   0.916647
8.660   0.921313
8.665   0.905970
8.670   0.910532
8.675   0.891665
8.680   0.893647
8.685   0.904299
8.690   0.889441
8.695   0.889364
8.700   0.874863
8.705   0.879149
8.710   0.881547
8.715   0.872672
8.720   0.870286
8.725   0.863347
8.730   0.866216
8.735   0.859659
8.740   0.855506
8.745   0.858088
8.750   0.858976
8.755   0.855663
8.760   0.847033
8.765   0.843936
8.770   0.824075
8.775   0.825819
8.780   0.829287
8.785   0.822708
8.790   0.803773
8.795   0.807480
8.800   0.767823
8.805   0.770671
8.810   0.760104
8.815   0.750226
8.820   0.761716
8.825   0.748777
8.830   0.736784
8.835   0.754024
8.840   0.745542
8.845   0.722485
8.850   0.695939
8.855   0.698261
8.860   0.692994
8.865   0.698942
8.870   0.666939
8.875   0.673327
8.880   0.653251
8.885   0.632584
8.890   0.648843
8.895   0.624295
8.900   0.609900
8.905   0.593868
8.910   0.584455
8.915   0.568200
8.920   0.543367
8.925   0.537211
8.930   0.508803
8.935   0.511572
8.940   0.507231
8.945   0.504970
8.950   0.489463
8.955   0.469077
8.960   0.446356
8.965   0.448331
8.970   0.435746
8.975   0.416892
8.980   0.413090
8.985   0.386578
8.990   0.386008
8.995   0.368237
9.000   0.364356
9.005   0.370143
9.010   0.340059
9.015   0.338284
9.020   0.328520
9.025   0.313897
9.030   0.305527
9.035   0.282416
9.040   0.283929
9.045   0.287915
9.050   0.279997
9.055   0.259603
9.060   0.259299
9.065   0.242181
9.070   0.246820
9.075   0.245074
9.080   0.242345
9.085   0.209610
9.090   0.216211
9.095   0.213418
9.100   0.205558
9.105   0.190719
9.110   0.166248
9.115   0.188742
9.120   0.162894
9.125   0.168048
9.130   0.150505
9.135   0.162212
9.140   0.156863
9.145   0.152772
9.150   0.149952
9.155   0.139620
9.160   0.138951
9.165   0.126832
9.170   0.135028
9.175   0.121788
9.180   0.115057
9.185   0.125723
9.190   0.121042
9.195   0.108501
9.200   0.113043
9.205   0.105024
9.210   0.101478
9.215   0.113383
9.220   0.086155
9.225   0.093984
9.230   0.093152
9.235   0.085761
9.240   0.071069
9.245   0.072939
9.250   0.077083
9.255   0.072875
9.260   0.077284
9.265   0.076677
9.270   0.077256
9.275   0.080275
9.280   0.058247
9.285   0.064567
9.290   0.068792
9.295   0.075895
9.300   0.071764
9.305   0.063209
9.310   0.065991
9.315   0.061577
9.320   0.050288
9.325   0.057328
9.330   0.054748
9.335   0.054050
9.340   0.057001
9.345   0.052304
9.350   0.046632
9.355   0.049922
9.360   0.050897
9.365   0.046468
9.370   0.053768
9.375   0.058338
9.380   0.048566
9.385   0.052555
9.390   0.051742
9.395   0.050294
9.400   0.056000
9.405   0.033327
9.410   0.042963
9.415   0.037462
9.420   0.043390
9.425   0.045103
9.430   0.045490
9.435   0.044006
9.440   0.035768
9.445   0.038159
9.450   0.035428
9.455   0.032021
9.460   0.038204
9.465   0.032076
9.470   0.035035
9.475   0.040418
9.480   0.034998
9.485   0.037497
9.490   0.030308
9.495   0.028128
9.500   0.031580
9.505   0.037630
9.510   0.021161
9.515   0.036849
9.520   0.033190
9.525   0.021624
9.530   0.027411
9.535   0.027995
9.540   0.033916
9.545   0.026102
9.550   0.032585
9.555   0.028482
9.560   0.025955
9.565   0.017494
9.570   0.029735
9.575   0.027077
9.580   0.025032
9.585   0.031326
9.590   0.024112
9.595   0.031820
9.600   0.031620
9.605   0.025124
9.610   0.030930
9.615   0.022686
9.620   0.025889
9.625   0.025340
9.630   0.027801
9.635   0.024014
9.640   0.027575
9.645   0.028052
9.650   0.024396
9.655   0.030095
9.660   0.036483
9.665   0.020380
9.670   0.026495
9.675   0.032543
9.680   0.030473
9.685   0.024487
9.690   0.024918
9.695   0.021143
9.700   0.028010
9.705   0.013964
9.710   0.016847
9.715   0.033818
9.720   0.015985
9.725   0.018206
9.730   0.024516
9.735   0.025779
9.740   0.032810
9.745   0.028562
9.750   0.026537
9.755   0.018647
9.760   0.023415
9.765   0.024693
9.770   0.028627
9.775   0.028286
9.780   0.024785
9.785   0.030936
9.790   0.029629
9.795   0.023212
9.800   0.020835
9.805   0.027454
9.810   0.018241
9.815   0.022787
9.820   0.025883
9.825   0.016384
9.830   0.032486
9.835   0.022193
9.840   0.024281
9.845   0.016147
9.850   0.019606
9.855   0.026821
9.860   0.021588
9.865   0.024523
9.870   0.019038
9.875   0.025046
9.880   0.030368
9.885   0.018585
9.890   0.016237
9.895   0.025446
9.900   0.020065
9.905   0.026477
9.910   0.029635
9.915   0.029296
9.920   0.023101
9.925   0.031996
9.930   0.024342
9.935   0.019336
9.940   0.029191
9.945   0.015950
9.950   0.025772
9.955   0.030292
9.960   0.021000
9.965   0.027926
9.970   0.021891
9.975   0.027178
9.980   0.020025
9.985   0.025300
9.990   0.023838
9.995   0.014674
10.000  0.030276