4   0.000797
4.005   0.000894649
4.01    0.000822
4.015   0.000616444
4.02    0.000581
4.025   0.000674126
4.03    0.000608
4.035   0.000536556
4.04    0.000477
4.045   0.000357073
4.05    0.000354
4.055   0.000343176
4.06    0.00038
4.065   0.000380153
4.07    0.000261
4.075   0.000270849
4.08    0.000347
4.085   0.000436661
4.09    0.00055
4.095   0.000634202
4.1 0.000677
4.105   0.000793838
4.11    0.000881
4.115   0.000788423
4.12    0.000724
4.125   0.000601191
4.13    0.000497
4.135   0.000597657
4.14    0.000839
4.145   0.000823984
4.15    0.000544
4.155   0.000353862
4.16    0.000419
4.165   0.000416919
4.17    0.000427
4.175   0.000749061
4.18    0.001003
4.185   0.000987936
4.19    0.000827
4.195   0.000665155
4.2 0.00043
4.205   0.0003285
4.21    0.000483
4.215   0.000799281
4.22    0.001039
4.225   0.00139544
4.23    0.001594
4.235   0.001039865
4.24    0.000904
4.245   0.000870153
4.25    0.001353
4.255   0.00130936
4.26    0.00093
4.265   0.000625856
4.27    0.000736
4.275   0.000733918
4.28    0.000539
4.285   0.000458764
4.29    0.001011
4.295   0.001527524
4.3 0.001671
4.305   0.001297305
4.31    0.000848
4.315   0.000567827
4.32    0.000614
4.325   0.000659874
4.33    0.000641
4.335   0.000655062
4.34    0.000655
4.345   0.000646289
4.35    0.000619
4.355   0.000544105
4.36    0.000534
4.365   0.000698386
4.37    0.000847
4.375   0.000876759
4.38    0.000794
4.385   0.000639839
4.39    0.000636
4.395   0.000693298
4.4 0.000643
4.405   0.000638014
4.41    0.000788
4.415   0.000953712
4.42    0.001055
4.425   0.00100651
4.43    0.000824
4.435   0.000796686
4.44    0.000878
4.445   0.000808005
4.45    0.000712
4.455   0.000580102
4.46    0.000483
4.465   0.000468457
4.47    0.000532
4.475   0.000619358
4.48    0.000598
4.485   0.000503742
4.49    0.000547
4.495   0.000733364
4.5 0.000835
4.505   0.000839863
4.51    0.000825
4.515   0.000811351
4.52    0.000697
4.525   0.000632958
4.53    0.000549
4.535   0.000455285
4.54    0.000571
4.545   0.00075217
4.55    0.000875
4.555   0.000870026
4.56    0.000742
4.565   0.000538934
4.57    0.000442
4.575   0.000494128
4.58    0.000532
4.585   0.000395351
4.59    0.000318
4.595   0.000465371
4.6 0.000564
4.605   0.000535775
4.61    0.000489
4.615   0.000499303
4.62    0.000553
4.625   0.000544892
4.63    0.000635
4.635   0.000724762
4.64    0.000754
4.645   0.000695932
4.65    0.000592
4.655   0.000528121
4.66    0.000565
4.665   0.000603379
4.67    0.000608
4.675   0.000663722
4.68    0.00076
4.685   0.00083679
4.69    0.000902
4.695   0.000957608
4.7 0.000963
4.705   0.000891341
4.71    0.00074
4.715   0.000610967
4.72    0.000567
4.725   0.000579915
4.73    0.000581
4.735   0.000569541
4.74    0.000579
4.745   0.000612167
4.75    0.000563
4.755   0.000419663
4.76    0.000401
4.765   0.000540618
4.77    0.000584
4.775   0.000544498
4.78    0.000522
4.785   0.000544055
4.79    0.000581
4.795   0.000568708
4.8 0.00047
4.805   0.000347891
4.81    0.000268
4.815   0.000352768
4.82    0.00054
4.825   0.000634658
4.83    0.000746
4.835   0.000884642
4.84    0.000881
4.845   0.000781344
4.85    0.000778
4.855   0.00077906
4.86    0.000624
4.865   0.00047868
4.87    0.000483
4.875   0.000456723
4.88    0.000436
4.885   0.000478172
4.89    0.000594
4.895   0.000652035
4.9 0.00073
4.905   0.000875092
4.91    0.000991
4.915   0.000930399
4.92    0.000827
4.925   0.000820172
4.93    0.00078
4.935   0.000648376
4.94    0.000673
4.945   0.000893524
4.95    0.000949
4.955   0.00078627
4.96    0.000764
4.965   0.000893709
4.97    0.00087
4.975   0.000748958
4.98    0.000808
4.985   0.000936185
4.99    0.000868
4.995   0.000779446
5   0.000942
5.005   0.001114515
5.01    0.000998
5.015   0.00085693
5.02    0.000964
5.025   0.001033429
5.03    0.000843
5.035   0.000782798
5.04    0.001105
5.045   0.001368405
5.05    0.001278
5.055   0.001190551
5.06    0.001328
5.065   0.001398327
5.07    0.001261
5.075   0.001226619
5.08    0.001428
5.085   0.001538489
5.09    0.001411
5.095   0.001337427
5.1 0.001442
5.105   0.00144944
5.11    0.001267
5.115   0.001241385
5.12    0.001501
5.125   0.001650489
5.13    0.001504
5.135   0.001449901
5.14    0.001692
5.145   0.00184146
5.15    0.001683
5.155   0.001642983
5.16    0.001999
5.165   0.002302033
5.17    0.002184
5.175   0.001981453
5.18    0.002048
5.185   0.002199305
5.19    0.002204
5.195   0.002277678
5.2 0.002686
5.205   0.003099285
5.21    0.003043
5.215   0.002802881
5.22    0.002985
5.225   0.003429223
5.23    0.003511
5.235   0.003288604
5.24    0.003388
5.245   0.003883481
5.25    0.004205
5.255   0.004125498
5.26    0.004023
5.265   0.004115022
5.27    0.004153
5.275   0.003990463
5.28    0.004058
5.285   0.004742221
5.29    0.005566
5.295   0.005871561
5.3 0.0058
5.305   0.005862507
5.31    0.006065
5.315   0.0060239
5.32    0.005807
5.325   0.006050878
5.33    0.006955
5.335   0.007782013
5.34    0.007977
5.345   0.007973032
5.35    0.008305
5.355   0.008752341
5.36    0.008849
5.365   0.008798578
5.37    0.009249
5.375   0.010261627
5.38    0.011167
5.385   0.011571066
5.39    0.011797
5.395   0.012143901
5.4 0.012347
5.405   0.012059824
5.41    0.01171
5.415   0.0121405
5.42    0.013408
5.425   0.01467661
5.43    0.015398
5.435   0.01578663
5.44    0.016104
5.445   0.016323128
5.45    0.016357
5.455   0.016603518
5.46    0.017784
5.465   0.019867275
5.47    0.02166
5.475   0.022281253
5.48    0.022315
5.485   0.022577265
5.49    0.022955
5.495   0.022844623
5.5 0.022387
5.505   0.022693404
5.51    0.024483
5.515   0.02701384
5.52    0.029306
5.525   0.031028889
5.53    0.032207
5.535   0.032795322
5.54    0.032644
5.545   0.031864072
5.55    0.031582
5.555   0.033052957
5.56    0.035983
5.565   0.039009912
5.57    0.0414
5.575   0.043663544
5.58    0.046273
5.585   0.048646909
5.59    0.049852
5.595   0.05026662
5.6 0.051729
5.605   0.055519013
5.61    0.060705
5.615   0.065939237
5.62    0.070802
5.625   0.075540765
5.63    0.080042
5.635   0.083313483
5.64    0.084488
5.645   0.084936873
5.65    0.087189
5.655   0.092460913
5.66    0.099636
5.665   0.107449138
5.67    0.115248
5.675   0.122633436
5.68    0.128902
5.685   0.132883609
5.69    0.133891
5.695   0.134446861
5.7 0.138283
5.705   0.147551538
5.71    0.162084
5.715   0.181088473
5.72    0.200947
5.725   0.216963307
5.73    0.226714
5.735   0.231418236
5.74    0.232905
5.745   0.235198582
5.75    0.24332
5.755   0.260291411
5.76    0.28521
5.765   0.316316221
5.77    0.347569
5.775   0.370348399
5.78    0.379739
5.785   0.381050614
5.79    0.381247
5.795   0.385022838
5.8 0.395083
5.805   0.414020618
5.81    0.444235
5.815   0.487929517
5.82    0.540184
5.825   0.585672273
5.83    0.610087
5.835   0.615431599
5.84    0.612198
5.845   0.609924153
5.85    0.615241
5.855   0.634071047
5.86    0.667254
5.865   0.710317248
5.87    0.75796
5.875   0.80105793
5.88    0.828954
5.885   0.835846798
5.89    0.827563
5.895   0.811642206
5.9 0.795882
5.905   0.788338301
5.91    0.795874
5.915   0.816986968
5.92    0.84661
5.925   0.878349066
5.93    0.902152
5.935   0.907610436
5.94    0.894102
5.945   0.873350105
5.95    0.857153
5.955   0.849850823
5.96    0.851309
5.965   0.860539284
5.97    0.87298
5.975   0.883059286
5.98    0.887052
5.985   0.88521781
5.99    0.878398
5.995   0.869252652
6   0.8625
6.005   0.8624613
6.01    0.867806
6.015   0.873680565
6.02    0.87604
6.025   0.875498057
6.03    0.874276
6.035   0.874407228
6.04    0.877357
6.045   0.884471369
6.05    0.89545
6.055   0.90709465
6.06    0.915944
6.065   0.919356007
6.07    0.915593
6.075   0.903242715
6.08    0.884684
6.085   0.865032082
6.09    0.849238
6.095   0.840452522
6.1 0.840957
6.105   0.851888568
6.11    0.868402
6.115   0.883694004
6.12    0.89236
6.125   0.893990713
6.13    0.889337
6.135   0.879595077
6.14    0.867149
6.145   0.854574279
6.15    0.844265
6.155   0.838249274
6.16    0.838481
6.165   0.844843178
6.17    0.853867
6.175   0.861799062
6.18    0.86562
6.185   0.863313191
6.19    0.853028
6.195   0.835932985
6.2 0.816743
6.205   0.800303366
6.21    0.789595
6.215   0.785618756
6.22    0.789193
6.225   0.799121677
6.23    0.812215
6.235   0.825228634
6.24    0.835638
6.245   0.841614739
6.25    0.841464
6.255   0.83586754
6.26    0.827818
6.265   0.820373272
6.27    0.81582
6.275   0.815655222
6.28    0.82127
6.285   0.831987479
6.29    0.844829
6.295   0.856720695
6.3 0.865389
6.305   0.869579779
6.31    0.868134
6.315   0.861696098
6.32    0.853581
6.325   0.847315048
6.33    0.845456
6.335   0.848794678
6.34    0.85793
6.345   0.872185692
6.35    0.887874
6.355   0.900871523
6.36    0.908176
6.365   0.910347721
6.37    0.90868
6.375   0.90447031
6.38    0.89907
6.385   0.893842667
6.39    0.890306
6.395   0.891064588
6.4 0.899193
6.405   0.917214369
6.41    0.940988
6.415   0.961987311
6.42    0.971881
6.425   0.969238261
6.43    0.959705
6.435   0.949223776
6.44    0.941555
6.445   0.936783134
6.45    0.934652
6.455   0.935225854
6.46    0.939529
6.465   0.948762225
6.47    0.963408
6.475   0.979985172
6.48    0.993607
6.485   0.999759762
6.49    0.998435
6.495   0.99262753
6.5 0.98536
6.505   0.97848359
6.51    0.972355
6.515   0.967230799
6.52    0.962964
6.525   0.958333876
6.53    0.951944
6.535   0.9427843
6.54    0.932201
6.545   0.922440082
6.55    0.915681
6.555   0.912904291
6.56    0.914066
6.565   0.919074314
6.57    0.925884
6.575   0.92859452
6.58    0.920858
6.585   0.897980806
6.59    0.863896
6.595   0.825328128
6.6 0.788875
6.605   0.758800618
6.61    0.7374
6.615   0.726894702
6.62    0.726988
6.625   0.731731174
6.63    0.734405
6.635   0.72914673
6.64    0.716114
6.645   0.69805392
6.65    0.677695
6.655   0.656764449
6.66    0.635737
6.665   0.615007378
6.67    0.595205
6.675   0.577886397
6.68    0.564849
6.685   0.557716454
6.69    0.555113
6.695   0.553095516
6.7 0.547645
6.705   0.535845573
6.71    0.518001
6.715   0.494996208
6.72    0.467824
6.725   0.438903844
6.73    0.411645
6.735   0.389478955
6.74    0.374624
6.745   0.366175149
6.75    0.362721
6.755   0.36280288
6.76    0.364342
6.765   0.364826795
6.77    0.36174
6.775   0.353322112
6.78    0.339976
6.785   0.322490926
6.79    0.301711
6.795   0.279444508
6.8 0.258298
6.805   0.240905939
6.81    0.229234
6.815   0.222676809
6.82    0.219985
6.825   0.219910785
6.83    0.221136
6.835   0.22225728
6.84    0.221866
6.845   0.218707686
6.85    0.21259
6.855   0.203764494
6.86    0.192484
6.865   0.17946009
6.87    0.166408
6.875   0.155175481
6.88    0.147522
6.885   0.143637711
6.89    0.142395
6.895   0.142628602
6.9 0.143219
6.905   0.143302247
6.91    0.142098
6.915   0.13882859
6.92    0.133272
6.925   0.126335706
6.93    0.119066
6.935   0.112483477
6.94    0.107055
6.945   0.102745877
6.95    0.099499
6.955   0.097251851
6.96    0.09589
6.965   0.095275438
6.97    0.095269
6.975   0.095623188
6.98    0.095743
6.985   0.094963265
6.99    0.092628
6.995   0.088627657
7   0.083722
7.005   0.078747809
7.01    0.074518
7.015   0.071329331
7.02    0.069026
7.025   0.067436691
7.03    0.066396
7.035   0.065803426
7.04    0.065594
7.045   0.065703294
7.05    0.066014
7.055   0.06616701
7.06    0.065721
7.065   0.06423952
7.07    0.061511
7.075   0.058024297
7.08    0.054402
7.085   0.051266493
7.09    0.04899
7.095   0.047428813
7.1 0.046377
7.105   0.045631636
7.11    0.045098
7.115   0.044848155
7.12    0.044968
7.125   0.04553334
7.13    0.046363
7.135   0.046975231
7.14    0.046874
7.145   0.045585999
7.15    0.043174
7.155   0.040205321
7.16    0.037271
7.165   0.034936297
7.17    0.033351
7.175   0.032324912
7.18    0.031657
7.185   0.031157832
7.19    0.030772
7.195   0.03055558
7.2 0.030562
7.205   0.030834779
7.21    0.031218
7.215   0.031415352
7.22    0.031124
7.225   0.030070235
7.23    0.028361
7.235   0.026398848
7.24    0.024592
7.245   0.023331609
7.25    0.022682
7.255   0.022434128
7.26    0.022374
7.265   0.022291808
7.27    0.022129
7.275   0.021971415
7.28    0.021915
7.285   0.022045379
7.29    0.022321
7.295   0.022536521
7.3 0.022478
7.305   0.021935436
7.31    0.020879
7.315   0.019562231
7.32    0.018263
7.325   0.017260205
7.33    0.016703
7.335   0.016451381
7.34    0.016326
7.345   0.016150019
7.35    0.015807
7.355   0.015400293
7.36    0.015077
7.365   0.014985621
7.37    0.01523
7.375   0.015658582
7.38    0.016029
7.385   0.016099575
7.39    0.015652
7.395   0.014769341
7.4 0.013716
7.405   0.012759243
7.41    0.012159
7.415   0.011970767
7.42    0.012021
7.425   0.012126107
7.43    0.012101
7.435   0.011860777
7.44    0.011528
7.445   0.011251394
7.45    0.011182
7.455   0.011416673
7.46    0.011816
7.465   0.012169078
7.47    0.012264
7.475   0.011910742
7.48    0.011168
7.485   0.010264233
7.49    0.009428
7.495   0.008886658
7.5 0.008721
7.505   0.008786794
7.51    0.008917
7.515   0.008945947
7.52    0.008759
7.525   0.008441821
7.53    0.008134
7.535   0.007973092
7.54    0.008087
7.545   0.008426026
7.55    0.008811
7.555   0.009061662
7.56    0.008998
7.565   0.008547475
7.57    0.007865
7.575   0.007131939
7.58    0.006528
7.585   0.006211176
7.59    0.006139
7.595   0.006186232
7.6 0.006226
7.605   0.006135652
7.61    0.005882
7.615   0.005573238
7.62    0.005326
7.625   0.005257332
7.63    0.00545
7.635   0.005807815
7.64    0.006169
7.645   0.006368931
7.65    0.00625
7.655   0.005786736
7.66    0.005135
7.665   0.004460661
7.67    0.003932
7.675   0.003684908
7.68    0.003664
7.685   0.003742535
7.69    0.003792
7.695   0.003687267
7.7 0.003388
7.705   0.003002341
7.71    0.002647
7.715   0.002442491
7.72    0.00249
7.725   0.002736186
7.73    0.003042
7.735   0.003266443
7.74    0.00327
7.745   0.002981096
7.75    0.002515
7.755   0.00201824
7.76    0.001639
7.765   0.001519983
7.77    0.001671
7.775   0.001967758
7.78    0.002278
7.785   0.002472797
7.79    0.002444
7.795   0.00224
7.8 0.00198
7.805   0.00177791
7.81    0.001752
7.815   0.001956877
7.82    0.002293
7.825   0.002630899
7.83    0.002845
7.835   0.00281006
7.84    0.002513
7.845   0.002080114
7.85    0.001646
7.855   0.001345065
7.86    0.001299
7.865   0.001475624
7.87    0.001746
7.875   0.00197828
7.88    0.002043
7.885   0.001839373
7.89    0.001442
7.895   0.00098032
7.9 0.000602
7.905   0.00047041
7.91    0.000524
7.915   0.000737671
7.92    0.001048
7.925   0.001277161
7.93    0.001297
7.935   0.001058571
7.94    0.000671
7.945   0.000316426
7.95    0.000102
7.955   6.47E-05
7.96    0.000161
7.965   0.000340155
7.97    0.000661
7.975   0.000880499
7.98    0.000884
7.985   0.000673484
7.99    0.000414
7.995   0.00014821
8   6.00E-06
8.005   4.48E-07
8.01    0.000152
8.015   0.000535539
8.02    0.00092
8.025   0.001193509
8.03    0.001252
8.035   0.001106485
8.04    0.000883
8.045   0.000707398
8.05    0.00059
8.055   0.00059716
8.06    0.000719
8.065   0.000894301
8.07    0.001059
8.075   0.001149319
8.08    0.001107
8.085   0.000941848
8.09    0.000713
8.095   0.000482784
8.1 0.000311
8.105   0.000255747
8.11    0.000311
8.115   0.000413978
8.12    0.00054
8.125   0.000672457
8.13    0.000656
8.135   0.000494037
8.14    0.000264
8.145   0.00011602
8.15    6.30E-05
8.155   5.20E-05
8.16    8.90E-05
8.165   0.000177357
8.17    0.000411
8.175   0.000588117
8.18    0.000634
8.185   0.000517498
8.19    0.000301
8.195   6.89E-05
8.2 0
8.205   -3.23E-09
8.21    0
8.215   0.000118192
8.22    0.000333
8.225   0.000615866
8.23    0.000774
8.235   0.000727754
8.24    0.000543
8.245   0.000330446
8.25    0.00012
8.255   2.06E-05
8.26    9.00E-06
8.265   5.86E-05
8.27    0.000205
8.275   0.000372083
8.28    0.000488
8.285   0.000507736
8.29    0.000387
8.295   0.000227324
8.3 0.000116
8.305   2.87E-05
8.31    1.30E-05
8.315   6.34E-05
8.32    0.000181
8.325   0.000420193
8.33    0.000696
8.335   0.00084377
8.34    0.000789
8.345   0.000556296
8.35    0.000246
8.355   2.32E-05
8.36    0
8.365   -7.50E-08
8.37    4.18E-18
8.375   9.87E-05
8.38    0.00041
8.385   0.000683287
8.39    0.000815
8.395   0.000735391
8.4 0.000493
8.405   0.000234609
8.41    0.000103
8.415   7.67E-06
8.42    0
8.425   4.58E-05
8.43    0.000265
8.435   0.000632114
8.44    0.000939
8.445   0.001091718
8.45    0.001027
8.455   0.000793076
8.46    0.000494
8.465   0.00031252
8.47    0.000253
8.475   0.000271271
8.48    0.000371
8.485   0.000516867
8.49    0.000669
8.495   0.000792247
8.5 0.000857
8.505   0.000786139
8.51    0.000651
8.515   0.000474092
8.52    0.000292
8.525   0.000180944
8.53    0.000114
8.535   8.70E-05
8.54    0.000143
8.545   0.000261718
8.55    0.000383
8.555   0.000434842
8.56    0.000405
8.565   0.000327573
8.57    0.00022
8.575   0.000142457
8.58    0.000103
8.585   8.93E-05
8.59    0.000112
8.595   0.000184667
8.6 0.000377
8.605   0.000576046
8.61    0.000727
8.615   0.000787344
8.62    0.000741
8.625   0.000623737
8.63    0.000474
8.635   0.000346813
8.64    0.000289
8.645   0.000282459
8.65    0.000328
8.655   0.000430533
8.66    0.000563
8.665   0.00066679
8.67    0.000704
8.675   0.000641656
8.68    0.000494
8.685   0.000299085
8.69    0.000152
8.695   7.45E-05
8.7 2.70E-05
8.705   1.20E-05
8.71    2.10E-05
8.715   4.45E-05
8.72    0.00015
8.725   0.000241891
8.73    0.000266
8.735   0.000198632
8.74    0.000113
8.745   6.81E-05
8.75    1.70E-05
8.755   3.46E-07
8.76    0
8.765   -4.72E-10
8.77    0
8.775   -3.91E-09
8.78    3.05E-19
8.785   4.08E-06
8.79    2.90E-05
8.795   3.78E-05
8.8 3.50E-05
8.805   2.56E-05
8.81    1.30E-05
8.815   4.39E-06
8.82    3.00E-06
8.825   1.22E-05
8.83    2.80E-05
8.835   4.64E-05
8.84    6.30E-05
8.845   7.32E-05
8.85    7.30E-05
8.855   6.05E-05
8.86    3.80E-05
8.865   8.76E-05
8.87    0.000156
8.875   0.000221129
8.88    0.000274
8.885   0.000311275
8.89    0.000337
8.895   0.000369183
8.9 0.000433
8.905   0.000500826
8.91    0.000578
8.915   0.000663245
8.92    0.000742
8.925   0.000801243
8.93    0.000823
8.935   0.000793296
8.94    0.000692
8.945   0.000514881
8.95    0.000341
8.955   0.000257514
8.96    0.000178
8.965   0.00011834
8.97    9.40E-05
8.975   0.000116673
8.98    0.000179
8.985   0.00026108
8.99    0.000341
8.995   0.000400427
9   0.000418