5.4 0.000326
5.405   0.000354793
5.41    0.000348
5.415   0.000285822
5.42    0.000193
5.425   0.000144645
5.43    0.000125
5.435   0.000140083
5.44    0.00016
5.445   0.000173103
5.45    0.000208
5.455   0.000247991
5.46    0.000244
5.465   0.000189832
5.47    0.000146
5.475   0.000173867
5.48    0.00022
5.485   0.000220793
5.49    0.000187
5.495   0.000169983
5.5 0.000175
5.505   0.0001598
5.51    0.000105
5.515   6.62E-05
5.52    7.90E-05
5.525   0.000151902
5.53    0.000157
5.535   7.59E-05
5.54    3.60E-05
5.545   4.86E-05
5.55    8.00E-05
5.555   8.79E-05
5.56    7.80E-05
5.565   8.80E-05
5.57    0.000147
5.575   0.000201912
5.58    0.000192
5.585   0.000144208
5.59    0.000112
5.595   0.000110407
5.6 0.000128
5.605   0.00015133
5.61    0.000184
5.615   0.000248788
5.62    0.000327
5.625   0.000367747
5.63    0.000354
5.635   0.000343058
5.64    0.000395
5.645   0.000482258
5.65    0.000533
5.655   0.000518364
5.66    0.00049
5.665   0.000499669
5.67    0.000549
5.675   0.000618782
5.68    0.000697
5.685   0.000781474
5.69    0.000871
5.695   0.000975979
5.7 0.00111
5.705   0.001266819
5.71    0.001414
5.715   0.001525455
5.72    0.001616
5.725   0.001719039
5.73    0.001841
5.735   0.001944287
5.74    0.001995
5.745   0.002019989
5.75    0.002069
5.755   0.002158023
5.76    0.002242
5.765   0.002270789
5.77    0.002259
5.775   0.002259466
5.78    0.0023
5.785   0.002338636
5.79    0.002324
5.795   0.002277002
5.8 0.00228
5.805   0.002391847
5.81    0.002564
5.815   0.002715539
5.82    0.002821
5.825   0.002925852
5.83    0.003077
5.835   0.003244074
5.84    0.003359
5.845   0.003387891
5.85    0.003393
5.855   0.003450274
5.86    0.003563
5.865   0.003656427
5.87    0.003669
5.875   0.003661736
5.88    0.003741
5.885   0.003947351
5.89    0.004159
5.895   0.004235596
5.9 0.00417
5.905   0.004085901
5.91    0.004092
5.915   0.004159184
5.92    0.004198
5.925   0.004162197
5.93    0.004117
5.935   0.004145777
5.94    0.004254
5.945   0.004346355
5.95    0.004335
5.955   0.004252803
5.96    0.004205
5.965   0.004265445
5.97    0.004354
5.975   0.004346
5.98    0.004186
5.985   0.003969747
5.99    0.003808
5.995   0.003733422
6   0.003687
6.005   0.003612356
6.01    0.003519
6.015   0.003459352
6.02    0.003471
6.025   0.003514103
6.03    0.003525
6.035   0.003468787
6.04    0.003402
6.045   0.003401127
6.05    0.003479
6.055   0.003545759
6.06    0.003503
6.065   0.00334484
6.07    0.003172
6.075   0.003081355
6.08    0.003069
6.085   0.003055178
6.09    0.002972
6.095   0.002852616
6.1 0.002777
6.105   0.002805618
6.11    0.002878
6.115   0.002897078
6.12    0.002799
6.125   0.002640615
6.13    0.002506
6.135   0.002440633
6.14    0.002394
6.145   0.002298211
6.15    0.002128
6.155   0.001944472
6.16    0.001815
6.165   0.001762236
6.17    0.001722
6.175   0.001628465
6.18    0.001467
6.185   0.001299325
6.19    0.00119
6.195   0.001149167
6.2 0.001123
6.205   0.001057042
6.21    0.000945
6.215   0.000839874
6.22    0.00079
6.225   0.000800136
6.23    0.000824
6.235   0.00081552
6.24    0.000778
6.245   0.000754763
6.25    0.000793
6.255   0.00088874
6.26    0.000996
6.265   0.001063977
6.27    0.001088
6.275   0.001107205
6.28    0.001161
6.285   0.001247311
6.29    0.001313
6.295   0.001307977
6.3 0.001229
6.305   0.001134075
6.31    0.001086
6.315   0.001107904
6.32    0.001157
6.325   0.001190703
6.33    0.001193
6.335   0.001202816
6.34    0.001266
6.345   0.001397157
6.35    0.001543
6.355   0.001641503
6.36    0.001655
6.365   0.001631572
6.37    0.001636
6.375   0.001713968
6.38    0.001821
6.385   0.001884738
6.39    0.001851
6.395   0.001778074
6.4 0.001777
6.405   0.001944162
6.41    0.002235
6.415   0.002508648
6.42    0.00263
6.425   0.002578745
6.43    0.002459
6.435   0.002377496
6.44    0.002381
6.445   0.002416623
6.45    0.002421
6.455   0.002367064
6.46    0.002341
6.465   0.002449724
6.47    0.002771
6.475   0.003222133
6.48    0.003667
6.485   0.003977249
6.49    0.004133
6.495   0.004190292
6.5 0.004205
6.505   0.004206333
6.51    0.004193
6.515   0.004160739
6.52    0.004123
6.525   0.004143016
6.53    0.004289
6.535   0.004614737
6.54    0.005077
6.545   0.005594013
6.55    0.006088
6.555   0.006527975
6.56    0.006923
6.565   0.007286187
6.57    0.007608
6.575   0.007843225
6.58    0.00794
6.585   0.007875364
6.59    0.007767
6.595   0.007781187
6.6 0.008077
6.605   0.008715562
6.61    0.009676
6.615   0.010933669
6.62    0.012382
6.625   0.013728964
6.63    0.014655
6.635   0.014898709
6.64    0.01458
6.645   0.013982906
6.65    0.013394
6.655   0.013119151
6.66    0.013489
6.665   0.014834873
6.67    0.017359
6.675   0.020745637
6.68    0.024546
6.685   0.02831732
6.69    0.031701
6.695   0.034417275
6.7 0.036187
6.705   0.036904951
6.71    0.036976
6.715   0.036895703
6.72    0.037165
6.725   0.038358642
6.73    0.041097
6.735   0.046005363
6.74    0.053294
6.745   0.062112897
6.75    0.071439
6.755   0.08027396
6.76    0.087918
6.765   0.093879764
6.77    0.097672
6.775   0.09927142
6.78    0.099978
6.785   0.101326701
6.79    0.104843
6.795   0.111860347
6.8 0.123558
6.805   0.141110489
6.81    0.164967
6.815   0.192785399
6.82    0.221525
6.825   0.248171465
6.83    0.270546
6.835   0.287486816
6.84    0.297892
6.845   0.301457816
6.85    0.303341
6.855   0.31097454
6.86    0.33178
6.865   0.369481816
6.87    0.41966
6.875   0.476809816
6.88    0.535448
6.885   0.590440817
6.89    0.636943
6.895   0.670114631
6.9 0.686314
6.905   0.688078822
6.91    0.680003
6.915   0.666681541
6.92    0.653291
6.925   0.646203643
6.93    0.651934
6.935   0.676652935
6.94    0.719743
6.945   0.774359966
6.95    0.83343
6.955   0.890067415
6.96    0.938678
6.965   0.974222799
6.97    0.991665
6.975   0.9888333
6.98    0.972594
6.985   0.95159327
6.99    0.934419
6.995   0.925863931
7   0.924659
7.005   0.928993102
7.01    0.937072
7.015   0.947407136
7.02    0.958786
7.025   0.970002502
7.03    0.979925
7.035   0.988055761
7.04    0.994225
7.045   0.998267962
7.05    1
7.055   0.999147227
7.06    0.995406
7.065   0.988475615
7.07    0.978305
7.075   0.965611674
7.08    0.951264
7.085   0.936130655
7.09    0.921366
7.095   0.908710095
7.1 0.899977
7.105   0.896956399
7.11    0.900163
7.115   0.90819643
7.12    0.919502
7.125   0.932522566
7.13    0.945638
7.135   0.957156887
7.14    0.965383
7.145   0.968675466
7.15    0.966547
7.155   0.95961349
7.16    0.94853
7.165   0.934030466
7.17    0.918119
7.175   0.903849471
7.18    0.894309
7.185   0.892399536
7.19    0.898365
7.195   0.910427075
7.2 0.926756
7.205   0.945494263
7.21    0.964363
7.215   0.980770611
7.22    0.992121
7.225   0.995965513
7.23    0.992073
7.235   0.981900954
7.24    0.966952
7.245   0.948702458
7.25    0.928217
7.255   0.906216735
7.26    0.883409
7.265   0.860462659
7.27    0.837137
7.275   0.812305802
7.28    0.784809
7.285   0.753514708
7.29    0.718193
7.295   0.679698255
7.3 0.638947
7.305   0.596852512
7.31    0.554065
7.315   0.51081966
7.32    0.467314
7.325   0.423749815
7.33    0.380601
7.335   0.338950749
7.34    0.299963
7.345   0.264804321
7.35    0.234282
7.355   0.208007548
7.36    0.185329
7.365   0.165593989
7.37    0.148197
7.375   0.132785541
7.38    0.119101
7.385   0.106883299
7.39    0.095884
7.395   0.085966109
7.4 0.077066
7.405   0.069118685
7.41    0.062062
7.415   0.055839306
7.42    0.050401
7.425   0.045700781
7.43    0.041689
7.435   0.038290937
7.44    0.035371
7.445   0.032787613
7.45    0.030398
7.455   0.028087179
7.46    0.025861
7.465   0.023758582
7.47    0.021823
7.475   0.020092677
7.48    0.018558
7.485   0.017184191
7.49    0.015932
7.495   0.014764734
7.5 0.013666
7.505   0.012650422
7.51    0.011737
7.515   0.010942839
7.52    0.010277
7.525   0.009710706
7.53    0.009205
7.535   0.008719704
7.54    0.008221
7.545   0.007709045
7.55    0.007218
7.555   0.006779313
7.56    0.006425
7.565   0.006165365
7.57    0.005962
7.575   0.00577113
7.58    0.005549
7.585   0.0052595
7.59    0.00492
7.595   0.004569854
7.6 0.00425
7.605   0.004001279
7.61    0.003834
7.615   0.003714769
7.62    0.003609
7.625   0.003481095
7.63    0.003303
7.635   0.003088288
7.64    0.002863
7.645   0.002656531
7.65    0.002495
7.655   0.002385403
7.66    0.002303
7.665   0.002224413
7.67    0.002123
7.675   0.001979161
7.68    0.001806
7.685   0.001631057
7.69    0.001478
7.695   0.001372768
7.7 0.001324
7.705   0.001310835
7.71    0.001308
7.715   0.00129172
7.72    0.001243
7.725   0.001164165
7.73    0.001075
7.735   0.000994412
7.74    0.000941
7.745   0.000925061
7.75    0.000931
7.755   0.000938798
7.76    0.00093
7.765   0.000885852
7.77    0.000804
7.775   0.000704995
7.78    0.000606
7.785   0.000526204
7.79    0.000481
7.795   0.000463727
7.8 0.000458
7.805   0.000446435
7.81    0.000413
7.815   0.000350307
7.82    0.000272
7.825   0.000197566
7.83    0.000145
7.835   0.000134673
7.84    0.000158
7.845   0.000207915
7.85    0.00026
7.855   0.000294284
7.86    0.000293
7.865   0.000257818
7.87    0.000207
7.875   0.000156609
7.88    0.000124
7.885   0.000121593
7.89    0.000142
7.895   0.000168107
7.9 0.000187
7.905   0.000182708
7.91    0.000146
7.915   9.72E-05
7.92    5.80E-05
7.925   3.74E-05
7.93    3.70E-05
7.935   5.44E-05
7.94    8.00E-05
7.945   0.000124797
7.95    0.000166
7.955   0.000184142
7.96    0.000173
7.965   0.000147061
7.97    0.000118
7.975   0.000110421
7.98    0.000123
7.985   0.00014996
7.99    0.000181
7.995   0.000206783
8   0.000216
8.005   0.000199515
8.01    0.000159
8.015   0.000105542
8.02    7.70E-05
8.025   5.29E-05
8.03    3.50E-05
8.035   2.45E-05
8.04    1.80E-05
8.045   1.39E-05
8.05    1.00E-05
8.055   1.64E-06
8.06    0
8.065   -1.57E-09
8.07    0
8.075   3.64E-12
8.08    0
8.085   -1.06E-09
8.09    0
8.095   7.02E-06
8.1 1.50E-05
8.105   1.57E-05
8.11    9.00E-06
8.115   1.89E-07
8.12    -6.95E-21
8.125   -9.47E-11
8.13    -4.58E-22
8.135   4.16E-09
8.14    0
8.145   4.99E-06
8.15    1.60E-05
8.155   3.19E-05
8.16    2.90E-05
8.165   2.35E-05
8.17    1.40E-05
8.175   4.38E-06
8.18    1.00E-06
8.185   3.84E-06
8.19    1.10E-05
8.195   2.51E-05
8.2 4.10E-05
8.205   3.89E-05
8.21    2.80E-05
8.215   8.85E-06
8.22    -5.00E-19
8.225   -7.93E-09
8.23    0
8.235   1.09E-05
8.24    2.90E-05
8.245   4.77E-05
8.25    6.30E-05
8.255   8.36E-05
8.26    9.00E-05
8.265   7.73E-05
8.27    5.20E-05
8.275   2.16E-05
8.28    8.00E-06
8.285   4.33E-06
8.29    5.00E-06
8.295   9.03E-06
8.3 1.60E-05