12.500  0.020692 
12.505  0.019027 
12.510  0.018412 
12.515  0.018981 
12.520  0.019713 
12.525  0.019354 
12.530  0.017654 
12.535  0.015740 
12.540  0.015228 
12.545  0.016833 
12.550  0.019661 
12.555  0.021679 
12.560  0.021241 
12.565  0.018456 
12.570  0.015210 
12.575  0.013772 
12.580  0.015143 
12.585  0.018268 
12.590  0.020770 
12.595  0.020797 
12.600  0.018440 
12.605  0.015617 
12.610  0.014620 
12.615  0.016412 
12.620  0.019819 
12.625  0.022401 
12.630  0.022240 
12.635  0.019244 
12.640  0.015111 
12.645  0.012136 
12.650  0.011714 
12.655  0.013602 
12.660  0.016451 
12.665  0.018913 
12.670  0.020346 
12.675  0.020859 
12.680  0.020795 
12.685  0.020224 
12.690  0.019043 
12.695  0.017490 
12.700  0.016343 
12.705  0.016568 
12.710  0.018593 
12.715  0.021741 
12.720  0.024418 
12.725  0.025141 
12.730  0.023540 
12.735  0.020606 
12.740  0.017998 
12.745  0.016908 
12.750  0.017247 
12.755  0.017881 
12.760  0.017686 
12.765  0.016470 
12.770  0.015131 
12.775  0.014961 
12.780  0.016543 
12.785  0.019154 
12.790  0.021252 
12.795  0.021541 
12.800  0.019894 
12.805  0.017510 
12.810  0.016151 
12.815  0.016920 
12.820  0.019520 
12.825  0.022442 
12.830  0.023827 
12.835  0.022601 
12.840  0.019160 
12.845  0.015180 
12.850  0.012683 
12.855  0.013006 
12.860  0.016069 
12.865  0.020348 
12.870  0.023751 
12.875  0.024724 
12.880  0.023058 
12.885  0.019957 
12.890  0.017315 
12.895  0.016548 
12.900  0.017790 
12.905  0.020007 
12.910  0.021772 
12.915  0.022233 
12.920  0.021618 
12.925  0.020854 
12.930  0.020691 
12.935  0.021145 
12.940  0.021616 
12.945  0.021506 
12.950  0.020842 
12.955  0.020249 
12.960  0.020220 
12.965  0.020467 
12.970  0.020032 
12.975  0.018113 
12.980  0.015005 
12.985  0.012271 
12.990  0.011695 
12.995  0.013722 
13.000  0.016874 
13.005  0.018614 
13.010  0.017294 
13.015  0.013731 
13.020  0.010960 
13.025  0.012034 
13.030  0.017517 
13.035  0.024690 
13.040  0.029150 
13.045  0.027945 
13.050  0.021894 
13.055  0.015171 
13.060  0.012340 
13.065  0.015104 
13.070  0.021105 
13.075  0.025725 
13.080  0.025611 
13.085  0.021103 
13.090  0.015709 
13.095  0.013204 
13.100  0.014728 
13.105  0.018100 
13.110  0.019943 
13.115  0.018760 
13.120  0.016247 
13.125  0.015751 
13.130  0.019219 
13.135  0.025153 
13.140  0.029415 
13.145  0.028462 
13.150  0.022305 
13.155  0.014727 
13.160  0.010535 
13.165  0.012022 
13.170  0.017395 
13.175  0.022542 
13.180  0.024674 
13.185  0.024654 
13.190  0.026133 
13.195  0.032188 
13.200  0.042318 
13.205  0.052474 
13.210  0.058472 
13.215  0.060016 
13.220  0.061940 
13.225  0.071337 
13.230  0.092466 
13.235  0.123207 
13.240  0.155903 
13.245  0.182123 
13.250  0.197860 
13.255  0.205495 
13.260  0.211351 
13.265  0.220965 
13.270  0.235857 
13.275  0.254047 
13.280  0.273433 
13.285  0.294816 
13.290  0.321798 
13.295  0.357496 
13.300  0.400793 
13.305  0.445450 
13.310  0.483254 
13.315  0.509203 
13.320  0.525110 
13.325  0.539043 
13.330  0.560911 
13.335  0.597078 
13.340  0.647229 
13.345  0.704918 
13.350  0.760808 
13.355  0.806440 
13.360  0.836848 
13.365  0.851666 
13.370  0.855139 
13.375  0.855204 
13.380  0.861238 
13.385  0.880351 
13.390  0.913399 
13.395  0.953078 
13.400  0.986215 
13.405  1.000000 
13.410  0.989032 
13.415  0.958767 
13.420  0.922770 
13.425  0.895144 
13.430  0.882895 
13.435  0.883231 
13.440  0.887422 
13.445  0.888170 
13.450  0.884984 
13.455  0.883622 
13.460  0.890167 
13.465  0.904491 
13.470  0.918369 
13.475  0.920074 
13.480  0.902383 
13.485  0.868203 
13.490  0.829659 
13.495  0.801080 
13.500  0.790666 
13.505  0.796355 
13.510  0.808339 
13.515  0.815975 
13.520  0.814119 
13.525  0.804836 
13.530  0.794154 
13.535  0.787001 
13.540  0.784231 
13.545  0.783485 
13.550  0.782404 
13.555  0.781089 
13.560  0.781716 
13.565  0.785852 
13.570  0.792005 
13.575  0.795722 
13.580  0.792409 
13.585  0.780774 
13.590  0.764203 
13.595  0.748934 
13.600  0.740272 
13.605  0.739478 
13.610  0.743374 
13.615  0.746671 
13.620  0.745193 
13.625  0.737790 
13.630  0.725996 
13.635  0.712226 
13.640  0.698149 
13.645  0.684419 
13.650  0.671551 
13.655  0.660772 
13.660  0.653810 
13.665  0.651618 
13.670  0.653065 
13.675  0.654808 
13.680  0.652744 
13.685  0.644207 
13.690  0.629497 
13.695  0.611724 
13.700  0.595049 
13.705  0.582465 
13.710  0.574495 
13.715  0.569499 
13.720  0.565227 
13.725  0.560481 
13.730  0.555781 
13.735  0.552631 
13.740  0.551913 
13.745  0.552526 
13.750  0.551199 
13.755  0.543767 
13.760  0.527285 
13.765  0.501851 
13.770  0.471061 
13.775  0.440735 
13.780  0.416442 
13.785  0.401009 
13.790  0.393285 
13.795  0.388764 
13.800  0.381732 
13.805  0.367850 
13.810  0.345887 
13.815  0.317886 
13.820  0.287857 
13.825  0.259871 
13.830  0.236532 
13.835  0.218418 
13.840  0.204463 
13.845  0.192757 
13.850  0.181240 
13.855  0.168082 
13.860  0.151895 
13.865  0.132005 
13.870  0.108836 
13.875  0.084184 
13.880  0.061009 
13.885  0.042588 
13.890  0.031298 
13.895  0.027594 
13.900  0.029689 
13.905  0.034255 
13.910  0.037807 
13.915  0.038053 
13.920  0.034642 
13.925  0.028962 
13.930  0.023157 
13.935  0.018963 
13.940  0.017048 
13.945  0.017002 
13.950  0.017900 
13.955  0.019005 
13.960  0.020084 
13.965  0.021201 
13.970  0.022333 
13.975  0.023118 
13.980  0.022992 
13.985  0.021661 
13.990  0.019493 
13.995  0.017423 
14.000  0.016386 
14.005  0.016696 
14.010  0.017766 
14.015  0.018491 
14.020  0.018101 
14.025  0.016773 
14.030  0.015575 
14.035  0.015746 
14.040  0.017781 
14.045  0.020960 
14.050  0.023758 
14.055  0.024833 
14.060  0.023867 
14.065  0.021702 
14.070  0.019722 
14.075  0.018923 
14.080  0.019362 
14.085  0.020371 
14.090  0.021232 
14.095  0.021711 
14.100  0.022091 
14.105  0.022691 
14.110  0.023341 
14.115  0.023372 
14.120  0.022136 
14.125  0.019624 
14.130  0.016669 
14.135  0.014530 
14.140  0.014099 
14.145  0.015327 
14.150  0.017370 
14.155  0.019179 
14.160  0.020130 
14.165  0.020241 
14.170  0.019871 
14.175  0.019246 
14.180  0.018327 
14.185  0.017089 
14.190  0.015832 
14.195  0.015188 
14.200  0.015676 
14.205  0.017092 
14.210  0.018395 
14.215  0.018354 
14.220  0.016511 
14.225  0.013757 
14.230  0.011971 
14.235  0.012817 
14.240  0.016475 
14.245  0.021327 
14.250  0.024907 
14.255  0.025441 
14.260  0.023030 
14.265  0.019561 
14.270  0.017405 
14.275  0.017844 
14.280  0.020319 
14.285  0.022941 
14.290  0.023816 
14.295  0.022273 
14.300  0.019101 
14.305  0.015805 
14.310  0.013549 
14.315  0.012578 
14.320  0.012398 
14.325  0.012443 
14.330  0.012618 
14.335  0.013213 
14.340  0.014429 
14.345  0.015994 
14.350  0.017207 
14.355  0.017415 
14.360  0.016528 
14.365  0.015114 
14.370  0.013963 
14.375  0.013559 
14.380  0.013833 
14.385  0.014351 
14.390  0.014787 
14.395  0.015253 
14.400  0.016143 
14.405  0.017715 
14.410  0.019774 
14.415  0.021644 
14.420  0.022549 
14.425  0.022071 
14.430  0.020347 
14.435  0.017932 
14.440  0.015517 
14.445  0.013739 
14.450  0.013087 
14.455  0.013879 
14.460  0.016157 
14.465  0.019436 
14.470  0.022682 
14.475  0.024666 
14.480  0.024595 
14.485  0.022662 
14.490  0.020080 
14.495  0.018402 
14.500  0.018539