1.500000e+02 1.348401e+00 2.266221e+00 3.853605e-02 3.219895e-06 
1.510000e+02 1.429351e+00 2.389581e+00 4.212810e-02 3.782463e-06 
1.520000e+02 1.514008e+00 2.517913e+00 4.600217e-02 4.434135e-06 
1.530000e+02 1.602482e+00 2.651337e+00 5.017598e-02 5.187542e-06 
1.540000e+02 1.694883e+00 2.789974e+00 5.466809e-02 6.056890e-06 
1.550000e+02 1.791326e+00 2.933946e+00 5.949791e-02 7.058127e-06 
1.560000e+02 1.891923e+00 3.083373e+00 6.468566e-02 8.209128e-06 
1.570000e+02 1.996788e+00 3.238376e+00 7.025245e-02 9.529891e-06 
1.580000e+02 2.106038e+00 3.399077e+00 7.622029e-02 1.104275e-05 
1.590000e+02 2.219787e+00 3.565597e+00 8.261208e-02 1.277263e-05 
1.600000e+02 2.338153e+00 3.738058e+00 8.945166e-02 1.474724e-05 
1.610000e+02 2.461253e+00 3.916579e+00 9.676382e-02 1.699744e-05 
1.620000e+02 2.589205e+00 4.101283e+00 1.045743e-01 1.955743e-05 
1.630000e+02 2.722127e+00 4.292289e+00 1.129098e-01 2.246515e-05 
1.640000e+02 2.860138e+00 4.489718e+00 1.217981e-01 2.576256e-05 
1.650000e+02 3.003359e+00 4.693689e+00 1.312680e-01 2.949605e-05 
1.660000e+02 3.151908e+00 4.904324e+00 1.413491e-01 3.371679e-05 
1.670000e+02 3.305907e+00 5.121739e+00 1.520723e-01 3.848118e-05 
1.680000e+02 3.465475e+00 5.346055e+00 1.634696e-01 4.385128e-05 
1.690000e+02 3.630733e+00 5.577389e+00 1.755738e-01 4.989527e-05 
1.700000e+02 3.801803e+00 5.815860e+00 1.884190e-01 5.668802e-05 
1.710000e+02 3.978806e+00 6.061582e+00 2.020404e-01 6.431154e-05 
1.720000e+02 4.161863e+00 6.314674e+00 2.164742e-01 7.285565e-05 
1.730000e+02 4.351095e+00 6.575251e+00 2.317578e-01 8.241852e-05 
1.740000e+02 4.546624e+00 6.843426e+00 2.479299e-01 9.310736e-05 
1.750000e+02 4.748571e+00 7.119315e+00 2.650301e-01 1.050391e-04 
1.760000e+02 4.957057e+00 7.403031e+00 2.830992e-01 1.183411e-04 
1.770000e+02 5.172204e+00 7.694686e+00 3.021793e-01 1.331520e-04 
1.780000e+02 5.394132e+00 7.994392e+00 3.223137e-01 1.496223e-04 
1.790000e+02 5.622962e+00 8.302258e+00 3.435467e-01 1.679157e-04 
1.800000e+02 5.858816e+00 8.618395e+00 3.659240e-01 1.882094e-04 
1.810000e+02 6.101812e+00 8.942912e+00 3.894924e-01 2.106955e-04 
1.820000e+02 6.352071e+00 9.275915e+00 4.142999e-01 2.355820e-04 
1.830000e+02 6.609712e+00 9.617513e+00 4.403958e-01 2.630934e-04 
1.840000e+02 6.874855e+00 9.967809e+00 4.678306e-01 2.934725e-04 
1.850000e+02 7.147618e+00 1.032691e+01 4.966560e-01 3.269808e-04 
1.860000e+02 7.428119e+00 1.069492e+01 5.269250e-01 3.639006e-04 
1.870000e+02 7.716476e+00 1.107193e+01 5.586918e-01 4.045355e-04 
1.880000e+02 8.012806e+00 1.145806e+01 5.920117e-01 4.492122e-04 
1.890000e+02 8.317226e+00 1.185339e+01 6.269416e-01 4.982815e-04 
1.900000e+02 8.629851e+00 1.225804e+01 6.635393e-01 5.521203e-04 
1.910000e+02 8.950796e+00 1.267209e+01 7.018639e-01 6.111329e-04 
1.920000e+02 9.280176e+00 1.309564e+01 7.419760e-01 6.757522e-04 
1.930000e+02 9.618105e+00 1.352879e+01 7.839372e-01 7.464420e-04 
1.940000e+02 9.964695e+00 1.397163e+01 8.278104e-01 8.236983e-04 
1.950000e+02 1.032006e+01 1.442425e+01 8.736598e-01 9.080513e-04 
1.960000e+02 1.068431e+01 1.488675e+01 9.215508e-01 1.000067e-03 
1.970000e+02 1.105756e+01 1.535921e+01 9.715499e-01 1.100350e-03 
1.980000e+02 1.143991e+01 1.584172e+01 1.023725e+00 1.209544e-03 
1.990000e+02 1.183147e+01 1.633437e+01 1.078146e+00 1.328335e-03 
2.000000e+02 1.223236e+01 1.683725e+01 1.134882e+00 1.457454e-03 
2.010000e+02 1.264268e+01 1.735043e+01 1.194005e+00 1.597677e-03 
2.020000e+02 1.306253e+01 1.787401e+01 1.255587e+00 1.749830e-03 
2.030000e+02 1.349202e+01 1.840807e+01 1.319704e+00 1.914790e-03 
2.040000e+02 1.393126e+01 1.895267e+01 1.386430e+00 2.093487e-03 
2.050000e+02 1.438034e+01 1.950791e+01 1.455840e+00 2.286908e-03 
2.060000e+02 1.483937e+01 2.007386e+01 1.528014e+00 2.496099e-03 
2.070000e+02 1.530846e+01 2.065060e+01 1.603030e+00 2.722166e-03 
2.080000e+02 1.578769e+01 2.123820e+01 1.680966e+00 2.966281e-03 
2.090000e+02 1.627717e+01 2.183673e+01 1.761906e+00 3.229683e-03 
2.100000e+02 1.677699e+01 2.244627e+01 1.845930e+00 3.513681e-03 
2.110000e+02 1.728726e+01 2.306689e+01 1.933121e+00 3.819658e-03 
2.120000e+02 1.780807e+01 2.369865e+01 2.023566e+00 4.149072e-03 
2.130000e+02 1.833951e+01 2.434162e+01 2.117348e+00 4.503461e-03 
2.140000e+02 1.888167e+01 2.499588e+01 2.214555e+00 4.884448e-03 
2.150000e+02 1.943465e+01 2.566148e+01 2.315274e+00 5.293740e-03 
2.160000e+02 1.999853e+01 2.633849e+01 2.419594e+00 5.733135e-03 
2.170000e+02 2.057342e+01 2.702697e+01 2.527606e+00 6.204525e-03 
2.180000e+02 2.115938e+01 2.772699e+01 2.639399e+00 6.709898e-03 
2.190000e+02 2.175652e+01 2.843859e+01 2.755065e+00 7.251343e-03 
2.200000e+02 2.236492e+01 2.916184e+01 2.874699e+00 7.831054e-03 
2.210000e+02 2.298466e+01 2.989680e+01 2.998393e+00 8.451334e-03 
2.220000e+02 2.361582e+01 3.064351e+01 3.126243e+00 9.114598e-03 
2.230000e+02 2.425849e+01 3.140204e+01 3.258344e+00 9.823379e-03 
2.240000e+02 2.491275e+01 3.217244e+01 3.394793e+00 1.058033e-02 
2.250000e+02 2.557868e+01 3.295476e+01 3.535688e+00 1.138822e-02 
2.260000e+02 2.625635e+01 3.374904e+01 3.681128e+00 1.224997e-02 
2.270000e+02 2.694584e+01 3.455534e+01 3.831212e+00 1.316862e-02 
2.280000e+02 2.764724e+01 3.537370e+01 3.986041e+00 1.414734e-02 
2.290000e+02 2.836061e+01 3.620417e+01 4.145716e+00 1.518946e-02 
2.300000e+02 2.908602e+01 3.704680e+01 4.310338e+00 1.629844e-02 
2.310000e+02 2.982355e+01 3.790162e+01 4.480012e+00 1.747792e-02 
2.320000e+02 3.057327e+01 3.876868e+01 4.654841e+00 1.873166e-02 
2.330000e+02 3.133525e+01 3.964802e+01 4.834929e+00 2.006361e-02 
2.340000e+02 3.210955e+01 4.053967e+01 5.020383e+00 2.147789e-02 
2.350000e+02 3.289625e+01 4.144368e+01 5.211307e+00 2.297876e-02 
2.360000e+02 3.369540e+01 4.236009e+01 5.407808e+00 2.457070e-02 
2.370000e+02 3.450708e+01 4.328893e+01 5.609995e+00 2.625833e-02 
2.380000e+02 3.533134e+01 4.423022e+01 5.817976e+00 2.804648e-02 
2.390000e+02 3.616825e+01 4.518402e+01 6.031859e+00 2.994018e-02 
2.400000e+02 3.701787e+01 4.615034e+01 6.251754e+00 3.194465e-02 
2.410000e+02 3.788026e+01 4.712922e+01 6.477771e+00 3.406530e-02 
2.420000e+02 3.875547e+01 4.812068e+01 6.710021e+00 3.630777e-02 
2.430000e+02 3.964356e+01 4.912477e+01 6.948616e+00 3.867791e-02 
2.440000e+02 4.054459e+01 5.014149e+01 7.193667e+00 4.118178e-02 
2.450000e+02 4.145861e+01 5.117089e+01 7.445287e+00 4.382567e-02 
2.460000e+02 4.238568e+01 5.221298e+01 7.703588e+00 4.661612e-02 
2.470000e+02 4.332584e+01 5.326779e+01 7.968685e+00 4.955987e-02 
2.480000e+02 4.427915e+01 5.433533e+01 8.240692e+00 5.266395e-02 
2.490000e+02 4.524565e+01 5.541564e+01 8.519723e+00 5.593560e-02 
2.500000e+02 4.622540e+01 5.650873e+01 8.805893e+00 5.938233e-02 
2.510000e+02 4.721844e+01 5.761463e+01 9.099317e+00 6.301192e-02 
2.520000e+02 4.822482e+01 5.873334e+01 9.400111e+00 6.683240e-02 
2.530000e+02 4.924457e+01 5.986489e+01 9.708392e+00 7.085209e-02 
2.540000e+02 5.027775e+01 6.100929e+01 1.002428e+01 7.507959e-02 
2.550000e+02 5.132440e+01 6.216656e+01 1.034788e+01 7.952376e-02 
2.560000e+02 5.238455e+01 6.333671e+01 1.067932e+01 8.419377e-02 
2.570000e+02 5.345825e+01 6.451975e+01 1.101872e+01 8.909911e-02 
2.580000e+02 5.454554e+01 6.571570e+01 1.136619e+01 9.424953e-02 
2.590000e+02 5.564645e+01 6.692457e+01 1.172184e+01 9.965512e-02 
2.600000e+02 5.676101e+01 6.814637e+01 1.208581e+01 1.053263e-01 
2.610000e+02 5.788927e+01 6.938111e+01 1.245821e+01 1.112737e-01 
2.620000e+02 5.903126e+01 7.062879e+01 1.283915e+01 1.175085e-01 
2.630000e+02 6.018702e+01 7.188942e+01 1.322876e+01 1.240420e-01 
2.640000e+02 6.135656e+01 7.316301e+01 1.362715e+01 1.308860e-01 
2.650000e+02 6.253993e+01 7.444957e+01 1.403445e+01 1.380525e-01 
2.660000e+02 6.373715e+01 7.574910e+01 1.445077e+01 1.455540e-01 
2.670000e+02 6.494825e+01 7.706159e+01 1.487623e+01 1.534033e-01 
2.680000e+02 6.617326e+01 7.838707e+01 1.531095e+01 1.616134e-01 
2.690000e+02 6.741221e+01 7.972552e+01 1.575506e+01 1.701981e-01 
2.700000e+02 6.866512e+01 8.107695e+01 1.620867e+01 1.791711e-01 
2.710000e+02 6.993202e+01 8.244136e+01 1.667190e+01 1.885468e-01 
2.720000e+02 7.121292e+01 8.381874e+01 1.714487e+01 1.983398e-01 
2.730000e+02 7.250786e+01 8.520911e+01 1.762771e+01 2.085653e-01 
2.740000e+02 7.381685e+01 8.661244e+01 1.812052e+01 2.192388e-01 
2.750000e+02 7.513991e+01 8.802875e+01 1.862344e+01 2.303762e-01 
2.760000e+02 7.647706e+01 8.945803e+01 1.913657e+01 2.419938e-01 
2.770000e+02 7.782832e+01 9.090028e+01 1.966005e+01 2.541083e-01 
2.780000e+02 7.919372e+01 9.235548e+01 2.019399e+01 2.667370e-01 
2.790000e+02 8.057325e+01 9.382363e+01 2.073850e+01 2.798974e-01 
2.800000e+02 8.196695e+01 9.530473e+01 2.129372e+01 2.936077e-01 
2.810000e+02 8.337482e+01 9.679878e+01 2.185975e+01 3.078864e-01 
2.820000e+02 8.479688e+01 9.830575e+01 2.243672e+01 3.227523e-01 
2.830000e+02 8.623314e+01 9.982564e+01 2.302474e+01 3.382251e-01 
2.840000e+02 8.768361e+01 1.013584e+02 2.362394e+01 3.543244e-01 
2.850000e+02 8.914831e+01 1.029042e+02 2.423443e+01 3.710708e-01 
2.860000e+02 9.062723e+01 1.044628e+02 2.485633e+01 3.884851e-01 
2.870000e+02 9.212041e+01 1.060342e+02 2.548976e+01 4.065886e-01 
2.880000e+02 9.362783e+01 1.076186e+02 2.613484e+01 4.254032e-01 
2.890000e+02 9.514951e+01 1.092158e+02 2.679168e+01 4.449511e-01 
2.900000e+02 9.668546e+01 1.108259e+02 2.746040e+01 4.652552e-01 
2.910000e+02 9.823568e+01 1.124488e+02 2.814112e+01 4.863389e-01 
2.920000e+02 9.980017e+01 1.140845e+02 2.883395e+01 5.082260e-01 
2.930000e+02 1.013789e+02 1.157330e+02 2.953901e+01 5.309408e-01 
2.940000e+02 1.029720e+02 1.173942e+02 3.025643e+01 5.545084e-01 
2.950000e+02 1.045793e+02 1.190683e+02 3.098630e+01 5.789540e-01 
2.960000e+02 1.062010e+02 1.207551e+02 3.172875e+01 6.043037e-01 
2.970000e+02 1.078369e+02 1.224547e+02 3.248389e+01 6.305839e-01 
2.980000e+02 1.094871e+02 1.241669e+02 3.325184e+01 6.578218e-01 
2.990000e+02 1.111516e+02 1.258919e+02 3.403271e+01 6.860450e-01 
3.000000e+02 1.128304e+02 1.276295e+02 3.482661e+01 7.152815e-01 
3.010000e+02 1.145235e+02 1.293799e+02 3.563366e+01 7.455602e-01 
3.020000e+02 1.162308e+02 1.311428e+02 3.645397e+01 7.769103e-01 
3.030000e+02 1.179525e+02 1.329184e+02 3.728766e+01 8.093617e-01 
3.040000e+02 1.196884e+02 1.347066e+02 3.813482e+01 8.429449e-01 
3.050000e+02 1.214386e+02 1.365074e+02 3.899558e+01 8.776908e-01 
3.060000e+02 1.232030e+02 1.383207e+02 3.987005e+01 9.136311e-01 
3.070000e+02 1.249817e+02 1.401466e+02 4.075834e+01 9.507980e-01 
3.080000e+02 1.267747e+02 1.419850e+02 4.166054e+01 9.892242e-01 
3.090000e+02 1.285819e+02 1.438358e+02 4.257679e+01 1.028943e+00 
3.100000e+02 1.304034e+02 1.456992e+02 4.350718e+01 1.069989e+00 
3.110000e+02 1.322390e+02 1.475750e+02 4.445182e+01 1.112396e+00 
3.120000e+02 1.340889e+02 1.494632e+02 4.541082e+01 1.156200e+00 
3.130000e+02 1.359531e+02 1.513639e+02 4.638428e+01 1.201437e+00 
3.140000e+02 1.378314e+02 1.532769e+02 4.737232e+01 1.248142e+00 
3.150000e+02 1.397239e+02 1.552022e+02 4.837504e+01 1.296353e+00 
3.160000e+02 1.416306e+02 1.571399e+02 4.939254e+01 1.346108e+00 
3.170000e+02 1.435514e+02 1.590899e+02 5.042494e+01 1.397445e+00 
3.180000e+02 1.454864e+02 1.610522e+02 5.147232e+01 1.450403e+00 
3.190000e+02 1.474356e+02 1.630267e+02 5.253480e+01 1.505022e+00 
3.200000e+02 1.493988e+02 1.650135e+02 5.361248e+01 1.561342e+00 
3.210000e+02 1.513762e+02 1.670124e+02 5.470547e+01 1.619403e+00 
3.220000e+02 1.533677e+02 1.690235e+02 5.581385e+01 1.679249e+00 
3.230000e+02 1.553733e+02 1.710468e+02 5.693774e+01 1.740919e+00 
3.240000e+02 1.573929e+02 1.730822e+02 5.807724e+01 1.804458e+00 
3.250000e+02 1.594266e+02 1.751296e+02 5.923244e+01 1.869909e+00 
3.260000e+02 1.614743e+02 1.771891e+02 6.040344e+01 1.937317e+00 
3.270000e+02 1.635360e+02 1.792607e+02 6.159034e+01 2.006725e+00 
3.280000e+02 1.656118e+02 1.813442e+02 6.279324e+01 2.078180e+00 
3.290000e+02 1.677015e+02 1.834398e+02 6.401224e+01 2.151727e+00 
3.300000e+02 1.698052e+02 1.855472e+02 6.524743e+01 2.227414e+00 
3.310000e+02 1.719228e+02 1.876666e+02 6.649891e+01 2.305288e+00 
3.320000e+02 1.740543e+02 1.897979e+02 6.776677e+01 2.385398e+00 
3.330000e+02 1.761998e+02 1.919410e+02 6.905110e+01 2.467791e+00 
3.340000e+02 1.783591e+02 1.940960e+02 7.035201e+01 2.552518e+00 
3.350000e+02 1.805323e+02 1.962627e+02 7.166957e+01 2.639629e+00 
3.360000e+02 1.827194e+02 1.984412e+02 7.300390e+01 2.729175e+00 
3.370000e+02 1.849202e+02 2.006315e+02 7.435506e+01 2.821207e+00 
3.380000e+02 1.871349e+02 2.028334e+02 7.572317e+01 2.915777e+00 
3.390000e+02 1.893633e+02 2.050470e+02 7.710830e+01 3.012940e+00 
3.400000e+02 1.916055e+02 2.072723e+02 7.851054e+01 3.112747e+00 
3.410000e+02 1.938615e+02 2.095092e+02 7.992998e+01 3.215254e+00 
3.420000e+02 1.961311e+02 2.117576e+02 8.136672e+01 3.320515e+00 
3.430000e+02 1.984144e+02 2.140176e+02 8.282083e+01 3.428587e+00 
3.440000e+02 2.007114e+02 2.162891e+02 8.429241e+01 3.539525e+00 
3.450000e+02 2.030220e+02 2.185721e+02 8.578153e+01 3.653387e+00 
3.460000e+02 2.053463e+02 2.208666e+02 8.728829e+01 3.770231e+00 
3.470000e+02 2.076841e+02 2.231725e+02 8.881276e+01 3.890114e+00 
3.480000e+02 2.100355e+02 2.254897e+02 9.035504e+01 4.013097e+00 
3.490000e+02 2.124004e+02 2.278183e+02 9.191519e+01 4.139238e+00 
