1.500000e+02 1.350867e+00 2.537576e+00 3.646982e-02 4.251153e-06 
1.510000e+02 1.431966e+00 2.672687e+00 3.989146e-02 4.984093e-06 
1.520000e+02 1.516777e+00 2.813082e+00 4.358372e-02 5.831472e-06 
1.530000e+02 1.605411e+00 2.958885e+00 4.756379e-02 6.809261e-06 
1.540000e+02 1.697979e+00 3.110215e+00 5.184963e-02 7.935386e-06 
1.550000e+02 1.794595e+00 3.267194e+00 5.646006e-02 9.229932e-06 
1.560000e+02 1.895373e+00 3.429945e+00 6.141468e-02 1.071537e-05 
1.570000e+02 2.000425e+00 3.598588e+00 6.673398e-02 1.241679e-05 
1.580000e+02 2.109869e+00 3.773244e+00 7.243933e-02 1.436216e-05 
1.590000e+02 2.223820e+00 3.954035e+00 7.855296e-02 1.658263e-05 
1.600000e+02 2.342395e+00 4.141081e+00 8.509804e-02 1.911280e-05 
1.610000e+02 2.465710e+00 4.334502e+00 9.209867e-02 2.199107e-05 
1.620000e+02 2.593886e+00 4.534419e+00 9.957989e-02 2.525999e-05 
1.630000e+02 2.727039e+00 4.740950e+00 1.075677e-01 2.896664e-05 
1.640000e+02 2.865289e+00 4.954215e+00 1.160891e-01 3.316300e-05 
1.650000e+02 3.008756e+00 5.174332e+00 1.251721e-01 3.790646e-05 
1.660000e+02 3.157560e+00 5.401420e+00 1.348456e-01 4.326019e-05 
1.670000e+02 3.311821e+00 5.635594e+00 1.451399e-01 4.929371e-05 
1.680000e+02 3.471659e+00 5.876973e+00 1.560858e-01 5.608339e-05 
1.690000e+02 3.637196e+00 6.125671e+00 1.677156e-01 6.371301e-05 
1.700000e+02 3.808553e+00 6.381803e+00 1.800626e-01 7.227437e-05 
1.710000e+02 3.985851e+00 6.645485e+00 1.931610e-01 8.186793e-05 
1.720000e+02 4.169211e+00 6.916829e+00 2.070463e-01 9.260348e-05 
1.730000e+02 4.358755e+00 7.195948e+00 2.217551e-01 1.046009e-04 
1.740000e+02 4.554604e+00 7.482953e+00 2.373250e-01 1.179907e-04 
1.750000e+02 4.756880e+00 7.777956e+00 2.537949e-01 1.329154e-04 
1.760000e+02 4.965704e+00 8.081065e+00 2.712048e-01 1.495296e-04 
1.770000e+02 5.181197e+00 8.392390e+00 2.895957e-01 1.680015e-04 
1.780000e+02 5.403480e+00 8.712038e+00 3.090101e-01 1.885134e-04 
1.790000e+02 5.632675e+00 9.040115e+00 3.294915e-01 2.112633e-04 
1.800000e+02 5.868901e+00 9.376728e+00 3.510844e-01 2.364653e-04 
1.810000e+02 6.112278e+00 9.721980e+00 3.738350e-01 2.643510e-04 
1.820000e+02 6.362928e+00 1.007597e+01 3.977902e-01 2.951707e-04 
1.830000e+02 6.620969e+00 1.043881e+01 4.229984e-01 3.291947e-04 
1.840000e+02 6.886520e+00 1.081060e+01 4.495092e-01 3.667142e-04 
1.850000e+02 7.159700e+00 1.119143e+01 4.773732e-01 4.080431e-04 
1.860000e+02 7.440628e+00 1.158140e+01 5.066426e-01 4.535192e-04 
1.870000e+02 7.729420e+00 1.198061e+01 5.373706e-01 5.035055e-04 
1.880000e+02 8.026195e+00 1.238916e+01 5.696117e-01 5.583921e-04 
1.890000e+02 8.331068e+00 1.280714e+01 6.034215e-01 6.185976e-04 
1.900000e+02 8.644155e+00 1.323465e+01 6.388570e-01 6.845706e-04 
1.910000e+02 8.965572e+00 1.367176e+01 6.759765e-01 7.567919e-04 
1.920000e+02 9.295433e+00 1.411859e+01 7.148395e-01 8.357758e-04 
1.930000e+02 9.633851e+00 1.457521e+01 7.555065e-01 9.220724e-04 
1.940000e+02 9.980940e+00 1.504171e+01 7.980396e-01 1.016269e-03 
1.950000e+02 1.033681e+01 1.551818e+01 8.425020e-01 1.118994e-03 
1.960000e+02 1.070158e+01 1.600470e+01 8.889581e-01 1.230915e-03 
1.970000e+02 1.107535e+01 1.650137e+01 9.374735e-01 1.352745e-03 
1.980000e+02 1.145823e+01 1.700825e+01 9.881152e-01 1.485244e-03 
1.990000e+02 1.185034e+01 1.752543e+01 1.040951e+00 1.629220e-03 
2.000000e+02 1.225178e+01 1.805299e+01 1.096051e+00 1.785530e-03 
2.010000e+02 1.266266e+01 1.859101e+01 1.153486e+00 1.955087e-03 
2.020000e+02 1.308308e+01 1.913956e+01 1.213326e+00 2.138861e-03 
2.030000e+02 1.351315e+01 1.969872e+01 1.275646e+00 2.337876e-03 
2.040000e+02 1.395298e+01 2.026857e+01 1.340519e+00 2.553223e-03 
2.050000e+02 1.440265e+01 2.084917e+01 1.408022e+00 2.786055e-03 
2.060000e+02 1.486229e+01 2.144059e+01 1.478229e+00 3.037591e-03 
2.070000e+02 1.533198e+01 2.204291e+01 1.551220e+00 3.309123e-03 
2.080000e+02 1.581184e+01 2.265619e+01 1.627074e+00 3.602015e-03 
2.090000e+02 1.630195e+01 2.328050e+01 1.705869e+00 3.917709e-03 
2.100000e+02 1.680241e+01 2.391591e+01 1.787689e+00 4.257725e-03 
2.110000e+02 1.731332e+01 2.456247e+01 1.872614e+00 4.623668e-03 
2.120000e+02 1.783478e+01 2.522025e+01 1.960730e+00 5.017229e-03 
2.130000e+02 1.836688e+01 2.588931e+01 2.052119e+00 5.440190e-03 
2.140000e+02 1.890971e+01 2.656971e+01 2.146869e+00 5.894428e-03 
2.150000e+02 1.946337e+01 2.726151e+01 2.245066e+00 6.381915e-03 
2.160000e+02 2.002794e+01 2.796476e+01 2.346798e+00 6.904727e-03 
2.170000e+02 2.060351e+01 2.867952e+01 2.452154e+00 7.465045e-03 
2.180000e+02 2.119018e+01 2.940584e+01 2.561224e+00 8.065160e-03 
2.190000e+02 2.178802e+01 3.014378e+01 2.674100e+00 8.707475e-03 
2.200000e+02 2.239713e+01 3.089338e+01 2.790873e+00 9.394513e-03 
2.210000e+02 2.301759e+01 3.165469e+01 2.911636e+00 1.012892e-02 
2.220000e+02 2.364948e+01 3.242777e+01 3.036485e+00 1.091346e-02 
2.230000e+02 2.429289e+01 3.321265e+01 3.165513e+00 1.175104e-02 
2.240000e+02 2.494789e+01 3.400939e+01 3.298817e+00 1.264470e-02 
2.250000e+02 2.561456e+01 3.481803e+01 3.436494e+00 1.359761e-02 
2.260000e+02 2.629299e+01 3.563861e+01 3.578642e+00 1.461309e-02 
2.270000e+02 2.698324e+01 3.647117e+01 3.725361e+00 1.569462e-02 
2.280000e+02 2.768540e+01 3.731576e+01 3.876748e+00 1.684582e-02 
2.290000e+02 2.839954e+01 3.817240e+01 4.032907e+00 1.807048e-02 
2.300000e+02 2.912574e+01 3.904114e+01 4.193937e+00 1.937254e-02 
2.310000e+02 2.986405e+01 3.992202e+01 4.359942e+00 2.075613e-02 
2.320000e+02 3.061456e+01 4.081506e+01 4.531024e+00 2.222553e-02 
2.330000e+02 3.137734e+01 4.172031e+01 4.707288e+00 2.378523e-02 
2.340000e+02 3.215244e+01 4.263780e+01 4.888838e+00 2.543987e-02 
2.350000e+02 3.293995e+01 4.356755e+01 5.075780e+00 2.719431e-02 
2.360000e+02 3.373991e+01 4.450959e+01 5.268220e+00 2.905360e-02 
2.370000e+02 3.455241e+01 4.546396e+01 5.466265e+00 3.102297e-02 
2.380000e+02 3.537749e+01 4.643068e+01 5.670024e+00 3.310788e-02 
2.390000e+02 3.621523e+01 4.740978e+01 5.879604e+00 3.531400e-02 
2.400000e+02 3.706568e+01 4.840128e+01 6.095115e+00 3.764721e-02 
2.410000e+02 3.792890e+01 4.940521e+01 6.316666e+00 4.011363e-02 
2.420000e+02 3.880495e+01 5.042159e+01 6.544367e+00 4.271958e-02 
2.430000e+02 3.969389e+01 5.145044e+01 6.778331e+00 4.547166e-02 
2.440000e+02 4.059577e+01 5.249178e+01 7.018668e+00 4.837666e-02 
2.450000e+02 4.151064e+01 5.354563e+01 7.265491e+00 5.144166e-02 
2.460000e+02 4.243856e+01 5.461201e+01 7.518912e+00 5.467398e-02 
2.470000e+02 4.337958e+01 5.569094e+01 7.779044e+00 5.808120e-02 
2.480000e+02 4.433375e+01 5.678243e+01 8.046002e+00 6.167116e-02 
2.490000e+02 4.530112e+01 5.788650e+01 8.319900e+00 6.545198e-02 
2.500000e+02 4.628174e+01 5.900315e+01 8.600852e+00 6.943205e-02 
2.510000e+02 4.727565e+01 6.013242e+01 8.888974e+00 7.362006e-02 
2.520000e+02 4.828290e+01 6.127429e+01 9.184381e+00 7.802499e-02 
2.530000e+02 4.930353e+01 6.242880e+01 9.487189e+00 8.265609e-02 
2.540000e+02 5.033759e+01 6.359594e+01 9.797515e+00 8.752295e-02 
2.550000e+02 5.138512e+01 6.477573e+01 1.011548e+01 9.263545e-02 
2.560000e+02 5.244615e+01 6.596817e+01 1.044119e+01 9.800379e-02 
2.570000e+02 5.352074e+01 6.717328e+01 1.077477e+01 1.036385e-01 
2.580000e+02 5.460891e+01 6.839105e+01 1.111634e+01 1.095504e-01 
2.590000e+02 5.571070e+01 6.962149e+01 1.146601e+01 1.157508e-01 
2.600000e+02 5.682616e+01 7.086461e+01 1.182391e+01 1.222511e-01 
2.610000e+02 5.795531e+01 7.212041e+01 1.219014e+01 1.290632e-01 
2.620000e+02 5.909819e+01 7.338889e+01 1.256484e+01 1.361994e-01 
2.630000e+02 6.025483e+01 7.467005e+01 1.294812e+01 1.436722e-01 
2.640000e+02 6.142527e+01 7.596390e+01 1.334010e+01 1.514947e-01 
2.650000e+02 6.260953e+01 7.727043e+01 1.374089e+01 1.596802e-01 
2.660000e+02 6.380764e+01 7.858965e+01 1.415063e+01 1.682423e-01 
2.670000e+02 6.501964e+01 7.992155e+01 1.456942e+01 1.771953e-01 
2.680000e+02 6.624555e+01 8.126612e+01 1.499739e+01 1.865536e-01 
2.690000e+02 6.748539e+01 8.262338e+01 1.543465e+01 1.963322e-01 
2.700000e+02 6.873919e+01 8.399330e+01 1.588133e+01 2.065463e-01 
2.710000e+02 7.000698e+01 8.537589e+01 1.633755e+01 2.172117e-01 
2.720000e+02 7.128877e+01 8.677114e+01 1.680343e+01 2.283445e-01 
2.730000e+02 7.258460e+01 8.817905e+01 1.727908e+01 2.399614e-01 
2.740000e+02 7.389448e+01 8.959960e+01 1.776463e+01 2.520793e-01 
2.750000e+02 7.521843e+01 9.103280e+01 1.826020e+01 2.647157e-01 
2.760000e+02 7.655647e+01 9.247862e+01 1.876590e+01 2.778885e-01 
2.770000e+02 7.790862e+01 9.393707e+01 1.928187e+01 2.916160e-01 
2.780000e+02 7.927489e+01 9.540813e+01 1.980821e+01 3.059171e-01 
2.790000e+02 8.065531e+01 9.689179e+01 2.034504e+01 3.208110e-01 
2.800000e+02 8.204989e+01 9.838805e+01 2.089249e+01 3.363175e-01 
2.810000e+02 8.345863e+01 9.989688e+01 2.145068e+01 3.524568e-01 
2.820000e+02 8.488157e+01 1.014183e+02 2.201973e+01 3.692496e-01 
2.830000e+02 8.631870e+01 1.029522e+02 2.259974e+01 3.867171e-01 
2.840000e+02 8.777004e+01 1.044987e+02 2.319086e+01 4.048811e-01 
2.850000e+02 8.923560e+01 1.060577e+02 2.379318e+01 4.237636e-01 
2.860000e+02 9.071540e+01 1.076292e+02 2.440684e+01 4.433875e-01 
2.870000e+02 9.220943e+01 1.092133e+02 2.503195e+01 4.637758e-01 
2.880000e+02 9.371771e+01 1.108098e+02 2.566862e+01 4.849525e-01 
2.890000e+02 9.524025e+01 1.124187e+02 2.631698e+01 5.069417e-01 
2.900000e+02 9.677704e+01 1.140401e+02 2.697715e+01 5.297681e-01 
2.910000e+02 9.832811e+01 1.156740e+02 2.764923e+01 5.534573e-01 
2.920000e+02 9.989344e+01 1.173202e+02 2.833335e+01 5.780350e-01 
2.930000e+02 1.014731e+02 1.189788e+02 2.902963e+01 6.035276e-01 
2.940000e+02 1.030669e+02 1.206498e+02 2.973819e+01 6.299621e-01 
2.950000e+02 1.046751e+02 1.223332e+02 3.045912e+01 6.573661e-01 
2.960000e+02 1.062976e+02 1.240289e+02 3.119257e+01 6.857676e-01 
2.970000e+02 1.079343e+02 1.257369e+02 3.193863e+01 7.151953e-01 
2.980000e+02 1.095853e+02 1.274572e+02 3.269742e+01 7.456784e-01 
2.990000e+02 1.112507e+02 1.291897e+02 3.346907e+01 7.772468e-01 
3.000000e+02 1.129303e+02 1.309345e+02 3.425368e+01 8.099308e-01 
3.010000e+02 1.146241e+02 1.326916e+02 3.505136e+01 8.437615e-01 
3.020000e+02 1.163323e+02 1.344608e+02 3.586224e+01 8.787703e-01 
3.030000e+02 1.180547e+02 1.362422e+02 3.668642e+01 9.149896e-01 
3.040000e+02 1.197914e+02 1.380358e+02 3.752401e+01 9.524521e-01 
3.050000e+02 1.215424e+02 1.398415e+02 3.837514e+01 9.911911e-01 
3.060000e+02 1.233076e+02 1.416593e+02 3.923990e+01 1.031241e+00 
3.070000e+02 1.250871e+02 1.434891e+02 4.011841e+01 1.072635e+00 
3.080000e+02 1.268808e+02 1.453311e+02 4.101079e+01 1.115411e+00 
3.090000e+02 1.286888e+02 1.471851e+02 4.191713e+01 1.159602e+00 
3.100000e+02 1.305109e+02 1.490510e+02 4.283756e+01 1.205246e+00 
3.110000e+02 1.323474e+02 1.509290e+02 4.377218e+01 1.252380e+00 
3.120000e+02 1.341980e+02 1.528189e+02 4.472109e+01 1.301042e+00 
3.130000e+02 1.360628e+02 1.547208e+02 4.568441e+01 1.351270e+00 
3.140000e+02 1.379419e+02 1.566345e+02 4.666225e+01 1.403102e+00 
3.150000e+02 1.398351e+02 1.585601e+02 4.765470e+01 1.456580e+00 
3.160000e+02 1.417425e+02 1.604976e+02 4.866189e+01 1.511742e+00 
3.170000e+02 1.436640e+02 1.624469e+02 4.968390e+01 1.568631e+00 
3.180000e+02 1.455997e+02 1.644079e+02 5.072085e+01 1.627287e+00 
3.190000e+02 1.475495e+02 1.663808e+02 5.177285e+01 1.687754e+00 
3.200000e+02 1.495135e+02 1.683653e+02 5.283999e+01 1.750073e+00 
3.210000e+02 1.514915e+02 1.703616e+02 5.392238e+01 1.814289e+00 
3.220000e+02 1.534837e+02 1.723695e+02 5.502012e+01 1.880446e+00 
3.230000e+02 1.554899e+02 1.743891e+02 5.613331e+01 1.948588e+00 
3.240000e+02 1.575101e+02 1.764203e+02 5.726206e+01 2.018762e+00 
3.250000e+02 1.595445e+02 1.784631e+02 5.840646e+01 2.091014e+00 
3.260000e+02 1.615928e+02 1.805174e+02 5.956662e+01 2.165391e+00 
3.270000e+02 1.636551e+02 1.825833e+02 6.074263e+01 2.241941e+00 
3.280000e+02 1.657315e+02 1.846606e+02 6.193460e+01 2.320711e+00 
3.290000e+02 1.678218e+02 1.867495e+02 6.314261e+01 2.401751e+00 
3.300000e+02 1.699261e+02 1.888497e+02 6.436678e+01 2.485111e+00 
3.310000e+02 1.720443e+02 1.909614e+02 6.560719e+01 2.570840e+00 
3.320000e+02 1.741764e+02 1.930844e+02 6.686394e+01 2.658991e+00 
3.330000e+02 1.763224e+02 1.952188e+02 6.813712e+01 2.749615e+00 
3.340000e+02 1.784823e+02 1.973644e+02 6.942684e+01 2.842764e+00 
3.350000e+02 1.806560e+02 1.995214e+02 7.073318e+01 2.938492e+00 
3.360000e+02 1.828436e+02 2.016896e+02 7.205623e+01 3.036852e+00 
3.370000e+02 1.850450e+02 2.038690e+02 7.339610e+01 3.137899e+00 
3.380000e+02 1.872601e+02 2.060595e+02 7.475286e+01 3.241689e+00 
3.390000e+02 1.894891e+02 2.082613e+02 7.612662e+01 3.348276e+00 
3.400000e+02 1.917318e+02 2.104741e+02 7.751746e+01 3.457719e+00 
3.410000e+02 1.939882e+02 2.126980e+02 7.892547e+01 3.570074e+00 
3.420000e+02 1.962583e+02 2.149330e+02 8.035074e+01 3.685399e+00 
3.430000e+02 1.985420e+02 2.171790e+02 8.179336e+01 3.803753e+00 
3.440000e+02 2.008395e+02 2.194360e+02 8.325341e+01 3.925196e+00 
3.450000e+02 2.031505e+02 2.217039e+02 8.473098e+01 4.049788e+00 
3.460000e+02 2.054752e+02 2.239827e+02 8.622616e+01 4.177589e+00 
3.470000e+02 2.078134e+02 2.262724e+02 8.773903e+01 4.308661e+00 
3.480000e+02 2.101652e+02 2.285730e+02 8.926968e+01 4.443066e+00 
3.490000e+02 2.125305e+02 2.308844e+02 9.081818e+01 4.580867e+00 
