150.000000   0.000002     1.394749    2.305758  
151.000000   0.000003     1.477858    2.430820  
152.000000   0.000003     1.564739    2.560897  
153.000000   0.000004     1.655503    2.696110  
154.000000   0.000004     1.750263    2.836579  
155.000000   0.000005     1.849131    2.982427  
156.000000   0.000006     1.952221    3.133773  
157.000000   0.000007     2.059649    3.290739  
158.000000   0.000008     2.171530    3.453445  
159.000000   0.000009     2.287980    3.622014  
160.000000   0.000011     2.409116    3.796565  
161.000000   0.000012     2.535056    3.977220  
162.000000   0.000014     2.665919    4.164098  
163.000000   0.000016     2.801822    4.357321  
164.000000   0.000019     2.942886    4.557009  
165.000000   0.000022     3.089229    4.763280  
166.000000   0.000025     3.240972    4.976253  
167.000000   0.000028     3.398235    5.196049  
168.000000   0.000033     3.561139    5.422784  
169.000000   0.000037     3.729804    5.656577  
170.000000   0.000042     3.904352    5.897544  
171.000000   0.000048     4.084904    6.145801  
172.000000   0.000055     4.271580    6.401465  
173.000000   0.000062     4.464502    6.664651  
174.000000   0.000070     4.663791    6.935471  
175.000000   0.000080     4.869568    7.214041  
176.000000   0.000090     5.081954    7.500472  
177.000000   0.000102     5.301070    7.794876  
178.000000   0.000115     5.527037    8.097364  
179.000000   0.000129     5.759975    8.408045  
180.000000   0.000145     6.000004    8.727029  
181.000000   0.000163     6.247243    9.054424  
182.000000   0.000183     6.501812    9.390335  
183.000000   0.000205     6.763831    9.734869  
184.000000   0.000229     7.033417   10.088131  
185.000000   0.000256     7.310689   10.450224  
186.000000   0.000285     7.595764   10.821250  
187.000000   0.000318     7.888758   11.201312  
188.000000   0.000354     8.189790   11.590508  
189.000000   0.000393     8.498973   11.988938  
190.000000   0.000437     8.816424   12.396700  
191.000000   0.000485     9.142256   12.813889  
192.000000   0.000537     9.476583   13.240602  
193.000000   0.000595     9.819518   13.676931  
194.000000   0.000658    10.171174   14.122971  
195.000000   0.000727    10.531661   14.578811  
196.000000   0.000803    10.901090   15.044543  
197.000000   0.000885    11.279570   15.520254  
198.000000   0.000975    11.667211   16.006033  
199.000000   0.001073    12.064119   16.501965  
200.000000   0.001180    12.470402   17.008135  
201.000000   0.001297    12.886166   17.524626  
202.000000   0.001423    13.311516   18.051520  
203.000000   0.001560    13.746554   18.588898  
204.000000   0.001709    14.191385   19.136838  
205.000000   0.001871    14.646110   19.695420  
206.000000   0.002046    15.110830   20.264719  
207.000000   0.002236    15.585644   20.844810  
208.000000   0.002441    16.070651   21.435767  
209.000000   0.002663    16.565948   22.037661  
210.000000   0.002903    17.071632   22.650565  
211.000000   0.003161    17.587798   23.274547  
212.000000   0.003440    18.114540   23.909675  
213.000000   0.003741    18.651950   24.556016  
214.000000   0.004064    19.200121   25.213635  
215.000000   0.004412    19.759142   25.882597  
216.000000   0.004787    20.329104   26.562962  
217.000000   0.005189    20.910094   27.254793  
218.000000   0.005621    21.502198   27.958149  
219.000000   0.006085    22.105503   28.673089  
220.000000   0.006582    22.720093   29.399668  
221.000000   0.007115    23.346051   30.137944  
222.000000   0.007686    23.983459   30.887969  
223.000000   0.008297    24.632397   31.649797  
224.000000   0.008950    25.292945   32.423480  
225.000000   0.009648    25.965180   33.209066  
226.000000   0.010394    26.649181   34.006606  
227.000000   0.011190    27.345022   34.816145  
228.000000   0.012039    28.052777   35.637732  
229.000000   0.012945    28.772519   36.471409  
230.000000   0.013910    29.504321   37.317221  
231.000000   0.014938    30.248253   38.175211  
232.000000   0.016032    31.004383   39.045418  
233.000000   0.017196    31.772780   39.927882  
234.000000   0.018433    32.553510   40.822642  
235.000000   0.019748    33.346639   41.729734  
236.000000   0.021144    34.152231   42.649196  
237.000000   0.022626    34.970348   43.581060  
238.000000   0.024199    35.801052   44.525361  
239.000000   0.025866    36.644403   45.482130  
240.000000   0.027633    37.500460   46.451399  
241.000000   0.029504    38.369282   47.433198  
242.000000   0.031486    39.250923   48.427554  
243.000000   0.033582    40.145440   49.434495  
244.000000   0.035800    41.052887   50.454048  
245.000000   0.038144    41.973316   51.486238  
246.000000   0.040620    42.906779   52.531087  
247.000000   0.043236    43.853326   53.588621  
248.000000   0.045997    44.813006   54.658859  
249.000000   0.048911    45.785866   55.741823  
250.000000   0.051983    46.771955   56.837532  
251.000000   0.055222    47.771316   57.946004  
252.000000   0.058635    48.783994   59.067258  
253.000000   0.062230    49.810032   60.201309  
254.000000   0.066014    50.849472   61.348173  
255.000000   0.069996    51.902355   62.507863  
256.000000   0.074185    52.968719   63.680394  
257.000000   0.078589    54.048604   64.865778  
258.000000   0.083218    55.142047   66.064025  
259.000000   0.088080    56.249083   67.275147  
260.000000   0.093187    57.369748   68.499152  
261.000000   0.098547    58.504074   69.736049  
262.000000   0.104171    59.652096   70.985846  
263.000000   0.110070    60.813844   72.248549  
264.000000   0.116255    61.989349   73.524164  
265.000000   0.122738    63.178641   74.812695  
266.000000   0.129529    64.381747   76.114147  
267.000000   0.136642    65.598694   77.428523  
268.000000   0.144088    66.829510   78.755824  
269.000000   0.151880    68.074219   80.096053  
270.000000   0.160032    69.332845   81.449209  
271.000000   0.168556    70.605411   82.815293  
272.000000   0.177467    71.891940   84.194303  
273.000000   0.186780    73.192452   85.586237  
274.000000   0.196508    74.506967   86.991093  
275.000000   0.206668    75.835505   88.408868  
276.000000   0.217274    77.178083   89.839557  
277.000000   0.228342    78.534719   91.283155  
278.000000   0.239888    79.905429   92.739657  
279.000000   0.251931    81.290228   94.209056  
280.000000   0.264485    82.689130   95.691345  
281.000000   0.277570    84.102149   97.186516  
282.000000   0.291204    85.529297   98.694562  
283.000000   0.305404    86.970586  100.215473  
284.000000   0.320190    88.426026  101.749238  
285.000000   0.335581    89.895627  103.295849  
286.000000   0.351598    91.379399  104.855293  
287.000000   0.368260    92.877348  106.427559  
288.000000   0.385589    94.389483  108.012635  
289.000000   0.403605    95.915810  109.610508  
290.000000   0.422331    97.456334  111.221164  
291.000000   0.441789    99.011060  112.844589  
292.000000   0.462002   100.579992  114.480769  
293.000000   0.482994   102.163133  116.129689  
294.000000   0.504787   103.760485  117.791332  
295.000000   0.527407   105.372051  119.465683  
296.000000   0.550879   106.997831  121.152725  
297.000000   0.575228   108.637825  122.852441  
298.000000   0.600479   110.292032  124.564812  
299.000000   0.626661   111.960451  126.289820  
300.000000   0.653799   113.643079  128.027447  
301.000000   0.681921   115.339915  129.777674  
302.000000   0.711056   117.050955  131.540480  
303.000000   0.741233   118.776193  133.315845  
304.000000   0.772480   120.515627  135.103750  
305.000000   0.804828   122.269249  136.904172  
306.000000   0.838307   124.037053  138.717091  
307.000000   0.872949   125.819034  140.542484  
308.000000   0.908785   127.615183  142.380329  
309.000000   0.945847   129.425492  144.230604  
310.000000   0.984168   131.249953  146.093285  
311.000000   1.023782   133.088556  147.968349  
312.000000   1.064723   134.941291  149.855772  
313.000000   1.107025   136.808147  151.755530  
314.000000   1.150725   138.689114  153.667598  
315.000000   1.195857   140.584180  155.591951  
316.000000   1.242459   142.493333  157.528564  
317.000000   1.290567   144.416560  159.477412  
318.000000   1.340220   146.353847  161.438469  
319.000000   1.391456   148.305180  163.411707  
320.000000   1.444314   150.270546  165.397102  
321.000000   1.498834   152.249929  167.394626  
322.000000   1.555056   154.243314  169.404251  
323.000000   1.613022   156.250685  171.425951  
324.000000   1.672773   158.272026  173.459698  
325.000000   1.734351   160.307319  175.505464  
326.000000   1.797800   162.356548  177.563220  
327.000000   1.863163   164.419694  179.632938  
328.000000   1.930484   166.496740  181.714590  
329.000000   1.999809   168.587666  183.808147  
330.000000   2.071183   170.692454  185.913578  
331.000000   2.144653   172.811083  188.030856  
332.000000   2.220266   174.943535  190.159949  
333.000000   2.298069   177.089787  192.300829  
334.000000   2.378110   179.249821  194.453466  
335.000000   2.460440   181.423614  196.617828  
336.000000   2.545107   183.611145  198.793886  
337.000000   2.632163   185.812391  200.981609  
338.000000   2.721657   188.027331  203.180965  
339.000000   2.813643   190.255942  205.391925  
340.000000   2.908172   192.498201  207.614457  
341.000000   3.005298   194.754084  209.848529  
342.000000   3.105075   197.023567  212.094110  
343.000000   3.207557   199.306627  214.351168  
344.000000   3.312799   201.603239  216.619672  
345.000000   3.420858   203.913378  218.899589  
346.000000   3.531791   206.237019  221.190888  
347.000000   3.645653   208.574137  223.493536  
348.000000   3.762505   210.924706  225.807500  
349.000000   3.882403   213.288699  228.132749  
350.000000   4.005409   215.666092  230.469249  
