  150  1.3225e+000  2.3215e+000  3.9295e-002  2.4638e-006
  151  1.4023e+000  2.4476e+000  4.2949e-002  2.9040e-006
  152  1.4858e+000  2.5787e+000  4.6888e-002  3.4155e-006
  153  1.5731e+000  2.7150e+000  5.1132e-002  4.0088e-006
  154  1.6643e+000  2.8566e+000  5.5699e-002  4.6955e-006
  155  1.7595e+000  3.0036e+000  6.0608e-002  5.4887e-006
  156  1.8588e+000  3.1561e+000  6.5879e-002  6.4033e-006
  157  1.9624e+000  3.3143e+000  7.1535e-002  7.4558e-006
  158  2.0703e+000  3.4784e+000  7.7597e-002  8.6649e-006
  159  2.1827e+000  3.6483e+000  8.4089e-002  1.0051e-005
  160  2.2996e+000  3.8242e+000  9.1034e-002  1.1638e-005
  161  2.4213e+000  4.0063e+000  9.8459e-002  1.3452e-005
  162  2.5478e+000  4.1947e+000  1.0639e-001  1.5520e-005
  163  2.6793e+000  4.3895e+000  1.1485e-001  1.7876e-005
  164  2.8158e+000  4.5908e+000  1.2387e-001  2.0554e-005
  165  2.9575e+000  4.7987e+000  1.3348e-001  2.3593e-005
  166  3.1045e+000  5.0134e+000  1.4370e-001  2.7039e-005
  167  3.2569e+000  5.2349e+000  1.5458e-001  3.0937e-005
  168  3.4149e+000  5.4635e+000  1.6614e-001  3.5341e-005
  169  3.5785e+000  5.6991e+000  1.7841e-001  4.0310e-005
  170  3.7479e+000  5.9420e+000  1.9144e-001  4.5907e-005
  171  3.9232e+000  6.1922e+000  2.0525e-001  5.2204e-005
  172  4.1046e+000  6.4499e+000  2.1988e-001  5.9276e-005
  173  4.2921e+000  6.7152e+000  2.3537e-001  6.7208e-005
  174  4.4858e+000  6.9882e+000  2.5175e-001  7.6094e-005
  175  4.6860e+000  7.2689e+000  2.6908e-001  8.6035e-005
  176  4.8927e+000  7.5576e+000  2.8738e-001  9.7139e-005
  177  5.1060e+000  7.8543e+000  3.0671e-001  1.0953e-004
  178  5.3261e+000  8.1592e+000  3.2710e-001  1.2334e-004
  179  5.5530e+000  8.4723e+000  3.4860e-001  1.3870e-004
  180  5.7870e+000  8.7937e+000  3.7126e-001  1.5578e-004
  181  6.0280e+000  9.1237e+000  3.9512e-001  1.7474e-004
  182  6.2764e+000  9.4622e+000  4.2024e-001  1.9576e-004
  183  6.5321e+000  9.8094e+000  4.4665e-001  2.1904e-004
  184  6.7952e+000  1.0165e+001  4.7442e-001  2.4480e-004
  185  7.0660e+000  1.0530e+001  5.0359e-001  2.7326e-004
  186  7.3445e+000  1.0904e+001  5.3421e-001  3.0468e-004
  187  7.6308e+000  1.1287e+001  5.6635e-001  3.3931e-004
  188  7.9251e+000  1.1679e+001  6.0006e-001  3.7746e-004
  189  8.2274e+000  1.2081e+001  6.3539e-001  4.1943e-004
  190  8.5380e+000  1.2491e+001  6.7241e-001  4.6555e-004
  191  8.8568e+000  1.2912e+001  7.1116e-001  5.1619e-004
  192  9.1841e+000  1.3342e+001  7.5172e-001  5.7173e-004
  193  9.5199e+000  1.3781e+001  7.9415e-001  6.3259e-004
  194  9.8644e+000  1.4230e+001  8.3851e-001  6.9920e-004
  195  1.0218e+001  1.4690e+001  8.8485e-001  7.7204e-004
  196  1.0580e+001  1.5159e+001  9.3326e-001  8.5162e-004
  197  1.0951e+001  1.5638e+001  9.8379e-001  9.3848e-004
  198  1.1331e+001  1.6127e+001  1.0365e+000  1.0332e-003
  199  1.1720e+001  1.6627e+001  1.0915e+000  1.1364e-003
  200  1.2119e+001  1.7136e+001  1.1488e+000  1.2487e-003
  201  1.2527e+001  1.7657e+001  1.2086e+000  1.3709e-003
  202  1.2945e+001  1.8187e+001  1.2708e+000  1.5036e-003
  203  1.3372e+001  1.8728e+001  1.3355e+000  1.6477e-003
  204  1.3809e+001  1.9280e+001  1.4029e+000  1.8040e-003
  205  1.4256e+001  1.9842e+001  1.4730e+000  1.9735e-003
  206  1.4713e+001  2.0416e+001  1.5459e+000  2.1569e-003
  207  1.5180e+001  2.1000e+001  1.6217e+000  2.3555e-003
  208  1.5657e+001  2.1595e+001  1.7004e+000  2.5701e-003
  209  1.6144e+001  2.2201e+001  1.7821e+000  2.8020e-003
  210  1.6641e+001  2.2818e+001  1.8669e+000  3.0524e-003
  211  1.7149e+001  2.3446e+001  1.9549e+000  3.3224e-003
  212  1.7668e+001  2.4085e+001  2.0462e+000  3.6135e-003
  213  1.8197e+001  2.4736e+001  2.1409e+000  3.9270e-003
  214  1.8737e+001  2.5398e+001  2.2390e+000  4.2645e-003
  215  1.9288e+001  2.6071e+001  2.3406e+000  4.6274e-003
  216  1.9850e+001  2.6756e+001  2.4459e+000  5.0175e-003
  217  2.0422e+001  2.7452e+001  2.5548e+000  5.4365e-003
  218  2.1006e+001  2.8160e+001  2.6676e+000  5.8861e-003
  219  2.1601e+001  2.8879e+001  2.7843e+000  6.3684e-003
  220  2.2207e+001  2.9611e+001  2.9050e+000  6.8854e-003
  221  2.2825e+001  3.0354e+001  3.0297e+000  7.4390e-003
  222  2.3454e+001  3.1108e+001  3.1587e+000  8.0317e-003
  223  2.4094e+001  3.1875e+001  3.2919e+000  8.6657e-003
  224  2.4746e+001  3.2653e+001  3.4295e+000  9.3435e-003
  225  2.5410e+001  3.3443e+001  3.5716e+000  1.0068e-002
  226  2.6085e+001  3.4246e+001  3.7182e+000  1.0841e-002
  227  2.6773e+001  3.5060e+001  3.8695e+000  1.1666e-002
  228  2.7472e+001  3.5887e+001  4.0256e+000  1.2546e-002
  229  2.8183e+001  3.6725e+001  4.1866e+000  1.3484e-002
  230  2.8907e+001  3.7576e+001  4.3526e+000  1.4482e-002
  231  2.9642e+001  3.8439e+001  4.5236e+000  1.5546e-002
  232  3.0390e+001  3.9314e+001  4.6998e+000  1.6677e-002
  233  3.1150e+001  4.0202e+001  4.8813e+000  1.7880e-002
  234  3.1922e+001  4.1101e+001  5.0682e+000  1.9159e-002
  235  3.2706e+001  4.2014e+001  5.2606e+000  2.0517e-002
  236  3.3504e+001  4.2938e+001  5.4586e+000  2.1958e-002
  237  3.4313e+001  4.3875e+001  5.6623e+000  2.3488e-002
  238  3.5136e+001  4.4825e+001  5.8718e+000  2.5110e-002
  239  3.5970e+001  4.5787e+001  6.0873e+000  2.6829e-002
  240  3.6818e+001  4.6761e+001  6.3088e+000  2.8651e-002
  241  3.7679e+001  4.7748e+001  6.5365e+000  3.0580e-002
  242  3.8552e+001  4.8748e+001  6.7704e+000  3.2621e-002
  243  3.9438e+001  4.9760e+001  7.0108e+000  3.4780e-002
  244  4.0337e+001  5.0785e+001  7.2576e+000  3.7062e-002
  245  4.1250e+001  5.1822e+001  7.5110e+000  3.9474e-002
  246  4.2175e+001  5.2872e+001  7.7711e+000  4.2022e-002
  247  4.3113e+001  5.3935e+001  8.0380e+000  4.4712e-002
  248  4.4065e+001  5.5011e+001  8.3119e+000  4.7551e-002
  249  4.5029e+001  5.6099e+001  8.5929e+000  5.0545e-002
  250  4.6008e+001  5.7200e+001  8.8810e+000  5.3701e-002
  251  4.6999e+001  5.8314e+001  9.1764e+000  5.7028e-002
  252  4.8004e+001  5.9441e+001  9.4792e+000  6.0532e-002
  253  4.9022e+001  6.0580e+001  9.7896e+000  6.4221e-002
  254  5.0053e+001  6.1733e+001  1.0108e+001  6.8104e-002
  255  5.1098e+001  6.2898e+001  1.0433e+001  7.2189e-002
  256  5.2157e+001  6.4076e+001  1.0767e+001  7.6484e-002
  257  5.3229e+001  6.5266e+001  1.1108e+001  8.0999e-002
  258  5.4315e+001  6.6470e+001  1.1458e+001  8.5742e-002
  259  5.5414e+001  6.7687e+001  1.1816e+001  9.0724e-002
  260  5.6528e+001  6.8916e+001  1.2182e+001  9.5954e-002
  261  5.7654e+001  7.0158e+001  1.2557e+001  1.0144e-001
  262  5.8795e+001  7.1414e+001  1.2940e+001  1.0720e-001
  263  5.9949e+001  7.2682e+001  1.3332e+001  1.1324e-001
  264  6.1118e+001  7.3963e+001  1.3733e+001  1.1956e-001
  265  6.2300e+001  7.5257e+001  1.4143e+001  1.2619e-001
  266  6.3496e+001  7.6564e+001  1.4562e+001  1.3314e-001
  267  6.4706e+001  7.7883e+001  1.4990e+001  1.4041e-001
  268  6.5930e+001  7.9216e+001  1.5427e+001  1.4802e-001
  269  6.7167e+001  8.0562e+001  1.5874e+001  1.5598e-001
  270  6.8419e+001  8.1920e+001  1.6330e+001  1.6431e-001
  271  6.9685e+001  8.3292e+001  1.6796e+001  1.7301e-001
  272  7.0965e+001  8.4676e+001  1.7272e+001  1.8211e-001
  273  7.2259e+001  8.6073e+001  1.7757e+001  1.9162e-001
  274  7.3567e+001  8.7483e+001  1.8253e+001  2.0154e-001
  275  7.4889e+001  8.8906e+001  1.8759e+001  2.1191e-001
  276  7.6225e+001  9.0342e+001  1.9274e+001  2.2272e-001
  277  7.7576e+001  9.1791e+001  1.9801e+001  2.3401e-001
  278  7.8941e+001  9.3253e+001  2.0338e+001  2.4578e-001
  279  8.0319e+001  9.4728e+001  2.0885e+001  2.5806e-001
  280  8.1712e+001  9.6215e+001  2.1443e+001  2.7085e-001
  281  8.3120e+001  9.7716e+001  2.2012e+001  2.8418e-001
  282  8.4541e+001  9.9229e+001  2.2592e+001  2.9807e-001
  283  8.5977e+001  1.0075e+002  2.3184e+001  3.1253e-001
  284  8.7427e+001  1.0229e+002  2.3786e+001  3.2758e-001
  285  8.8891e+001  1.0385e+002  2.4400e+001  3.4325e-001
  286  9.0369e+001  1.0541e+002  2.5025e+001  3.5955e-001
  287  9.1862e+001  1.0699e+002  2.5661e+001  3.7650e-001
  288  9.3369e+001  1.0858e+002  2.6310e+001  3.9413e-001
  289  9.4890e+001  1.1018e+002  2.6970e+001  4.1245e-001
  290  9.6426e+001  1.1180e+002  2.7642e+001  4.3149e-001
  291  9.7976e+001  1.1342e+002  2.8326e+001  4.5127e-001
  292  9.9540e+001  1.1506e+002  2.9022e+001  4.7182e-001
  293  1.0112e+002  1.1672e+002  2.9731e+001  4.9315e-001
  294  1.0271e+002  1.1839e+002  3.0452e+001  5.1529e-001
  295  1.0432e+002  1.2006e+002  3.1185e+001  5.3827e-001
  296  1.0594e+002  1.2176e+002  3.1931e+001  5.6211e-001
  297  1.0758e+002  1.2346e+002  3.2690e+001  5.8684e-001
  298  1.0923e+002  1.2518e+002  3.3461e+001  6.1247e-001
  299  1.1089e+002  1.2691e+002  3.4246e+001  6.3905e-001
  300  1.1257e+002  1.2865e+002  3.5043e+001  6.6659e-001
  301  1.1426e+002  1.3040e+002  3.5854e+001  6.9513e-001
  302  1.1597e+002  1.3217e+002  3.6678e+001  7.2469e-001
  303  1.1769e+002  1.3395e+002  3.7515e+001  7.5530e-001
  304  1.1943e+002  1.3574e+002  3.8366e+001  7.8699e-001
  305  1.2118e+002  1.3755e+002  3.9231e+001  8.1979e-001
  306  1.2294e+002  1.3937e+002  4.0109e+001  8.5373e-001
  307  1.2472e+002  1.4120e+002  4.1001e+001  8.8885e-001
  308  1.2652e+002  1.4304e+002  4.1908e+001  9.2517e-001
  309  1.2833e+002  1.4489e+002  4.2828e+001  9.6273e-001
  310  1.3015e+002  1.4676e+002  4.3762e+001  1.0016e+000
  311  1.3198e+002  1.4864e+002  4.4711e+001  1.0417e+000
  312  1.3383e+002  1.5053e+002  4.5674e+001  1.0832e+000
  313  1.3570e+002  1.5243e+002  4.6651e+001  1.1260e+000
  314  1.3758e+002  1.5435e+002  4.7643e+001  1.1702e+000
  315  1.3947e+002  1.5628e+002  4.8650e+001  1.2159e+000
  316  1.4138e+002  1.5822e+002  4.9672e+001  1.2631e+000
  317  1.4330e+002  1.6017e+002  5.0708e+001  1.3118e+000
  318  1.4524e+002  1.6213e+002  5.1760e+001  1.3620e+000
  319  1.4719e+002  1.6411e+002  5.2827e+001  1.4139e+000
  320  1.4915e+002  1.6610e+002  5.3909e+001  1.4674e+000
  321  1.5113e+002  1.6810e+002  5.5006e+001  1.5225e+000
  322  1.5312e+002  1.7011e+002  5.6119e+001  1.5794e+000
  323  1.5513e+002  1.7214e+002  5.7247e+001  1.6380e+000
  324  1.5715e+002  1.7418e+002  5.8391e+001  1.6984e+000
  325  1.5919e+002  1.7623e+002  5.9550e+001  1.7606e+000
  326  1.6123e+002  1.7829e+002  6.0726e+001  1.8248e+000
  327  1.6330e+002  1.8036e+002  6.1917e+001  1.8908e+000
  328  1.6537e+002  1.8244e+002  6.3124e+001  1.9589e+000
  329  1.6747e+002  1.8454e+002  6.4348e+001  2.0289e+000
  330  1.6957e+002  1.8665e+002  6.5587e+001  2.1010e+000
  331  1.7169e+002  1.8877e+002  6.6843e+001  2.1752e+000
  332  1.7382e+002  1.9090e+002  6.8116e+001  2.2516e+000
  333  1.7597e+002  1.9304e+002  6.9405e+001  2.3302e+000
  334  1.7813e+002  1.9520e+002  7.0710e+001  2.4110e+000
  335  1.8031e+002  1.9737e+002  7.2032e+001  2.4941e+000
  336  1.8250e+002  1.9955e+002  7.3371e+001  2.5796e+000
  337  1.8470e+002  2.0174e+002  7.4727e+001  2.6675e+000
  338  1.8691e+002  2.0394e+002  7.6100e+001  2.7578e+000
  339  1.8915e+002  2.0615e+002  7.7490e+001  2.8506e+000
  340  1.9139e+002  2.0838e+002  7.8897e+001  2.9460e+000
  341  1.9365e+002  2.1061e+002  8.0321e+001  3.0440e+000
  342  1.9592e+002  2.1286e+002  8.1762e+001  3.1447e+000
  343  1.9820e+002  2.1512e+002  8.3221e+001  3.2480e+000
  344  2.0050e+002  2.1739e+002  8.4698e+001  3.3542e+000
  345  2.0282e+002  2.1967e+002  8.6192e+001  3.4632e+000
  346  2.0514e+002  2.2196e+002  8.7703e+001  3.5750e+000
  347  2.0748e+002  2.2427e+002  8.9232e+001  3.6898e+000
  348  2.0984e+002  2.2658e+002  9.0780e+001  3.8076e+000
  349  2.1220e+002  2.2891e+002  9.2345e+001  3.9285e+000
  350  2.1459e+002  2.3125e+002  9.3928e+001  4.0525e+000
