  150   1.3039e+00   2.3357e+00   3.6720e-02   1.9425e-06
  151   1.3828e+00   2.4624e+00   4.0166e-02   2.2934e-06
  152   1.4654e+00   2.5942e+00   4.3883e-02   2.7019e-06
  153   1.5517e+00   2.7311e+00   4.7891e-02   3.1764e-06
  154   1.6419e+00   2.8734e+00   5.2206e-02   3.7266e-06
  155   1.7361e+00   3.0212e+00   5.6849e-02   4.3631e-06
  156   1.8343e+00   3.1744e+00   6.1838e-02   5.0982e-06
  157   1.9368e+00   3.3334e+00   6.7194e-02   5.9455e-06
  158   2.0436e+00   3.4982e+00   7.2938e-02   6.9204e-06
  159   2.1548e+00   3.6689e+00   7.9094e-02   8.0399e-06
  160   2.2706e+00   3.8457e+00   8.5684e-02   9.3233e-06
  161   2.3911e+00   4.0286e+00   9.2733e-02   1.0792e-05
  162   2.5163e+00   4.2179e+00   1.0027e-01   1.2470e-05
  163   2.6465e+00   4.4135e+00   1.0831e-01   1.4383e-05
  164   2.7817e+00   4.6157e+00   1.1689e-01   1.6562e-05
  165   2.9220e+00   4.8245e+00   1.2603e-01   1.9038e-05
  166   3.0676e+00   5.0401e+00   1.3577e-01   2.1849e-05
  167   3.2186e+00   5.2626e+00   1.4614e-01   2.5034e-05
  168   3.3751e+00   5.4921e+00   1.5716e-01   2.8637e-05
  169   3.5372e+00   5.7288e+00   1.6886e-01   3.2707e-05
  170   3.7051e+00   5.9727e+00   1.8129e-01   3.7299e-05
  171   3.8789e+00   6.2239e+00   1.9448e-01   4.2470e-05
  172   4.0586e+00   6.4827e+00   2.0846e-01   4.8287e-05
  173   4.2445e+00   6.7490e+00   2.2327e-01   5.4820e-05
  174   4.4366e+00   7.0230e+00   2.3894e-01   6.2148e-05
  175   4.6351e+00   7.3049e+00   2.5552e-01   7.0355e-05
  176   4.8401e+00   7.5947e+00   2.7305e-01   7.9535e-05
  177   5.0516e+00   7.8925e+00   2.9156e-01   8.9791e-05
  178   5.2699e+00   8.1985e+00   3.1110e-01   1.0123e-04
  179   5.4950e+00   8.5128e+00   3.3172e-01   1.1398e-04
  180   5.7271e+00   8.8354e+00   3.5346e-01   1.2817e-04
  181   5.9663e+00   9.1666e+00   3.7636e-01   1.4394e-04
  182   6.2127e+00   9.5063e+00   4.0047e-01   1.6145e-04
  183   6.4665e+00   9.8547e+00   4.2584e-01   1.8086e-04
  184   6.7276e+00   1.0212e+01   4.5252e-01   2.0236e-04
  185   6.9964e+00   1.0578e+01   4.8057e-01   2.2614e-04
  186   7.2728e+00   1.0953e+01   5.1003e-01   2.5242e-04
  187   7.5571e+00   1.1337e+01   5.4096e-01   2.8143e-04
  188   7.8493e+00   1.1731e+01   5.7340e-01   3.1342e-04
  189   8.1495e+00   1.2134e+01   6.0743e-01   3.4864e-04
  190   8.4578e+00   1.2546e+01   6.4309e-01   3.8740e-04
  191   8.7745e+00   1.2967e+01   6.8045e-01   4.3000e-04
  192   9.0995e+00   1.3399e+01   7.1956e-01   4.7677e-04
  193   9.4331e+00   1.3840e+01   7.6048e-01   5.2807e-04
  194   9.7752e+00   1.4290e+01   8.0329e-01   5.8428e-04
  195   1.0126e+01   1.4751e+01   8.4803e-01   6.4582e-04
  196   1.0486e+01   1.5221e+01   8.9478e-01   7.1311e-04
  197   1.0855e+01   1.5702e+01   9.4359e-01   7.8663e-04
  198   1.1232e+01   1.6193e+01   9.9455e-01   8.6689e-04
  199   1.1619e+01   1.6694e+01   1.0477e+00   9.5442e-04
  200   1.2016e+01   1.7205e+01   1.1032e+00   1.0498e-03
  201   1.2421e+01   1.7727e+01   1.1609e+00   1.1536e-03
  202   1.2836e+01   1.8259e+01   1.2212e+00   1.2665e-03
  203   1.3261e+01   1.8801e+01   1.2839e+00   1.3892e-03
  204   1.3696e+01   1.9355e+01   1.3491e+00   1.5224e-03
  205   1.4140e+01   1.9919e+01   1.4170e+00   1.6670e-03
  206   1.4594e+01   2.0493e+01   1.4877e+00   1.8236e-03
  207   1.5058e+01   2.1079e+01   1.5611e+00   1.9933e-03
  208   1.5533e+01   2.1676e+01   1.6374e+00   2.1769e-03
  209   1.6017e+01   2.2283e+01   1.7167e+00   2.3755e-03
  210   1.6512e+01   2.2902e+01   1.7990e+00   2.5900e-03
  211   1.7017e+01   2.3531e+01   1.8844e+00   2.8217e-03
  212   1.7533e+01   2.4172e+01   1.9730e+00   3.0716e-03
  213   1.8060e+01   2.4824e+01   2.0650e+00   3.3410e-03
  214   1.8597e+01   2.5488e+01   2.1603e+00   3.6312e-03
  215   1.9145e+01   2.6163e+01   2.2590e+00   3.9436e-03
  216   1.9703e+01   2.6849e+01   2.3614e+00   4.2796e-03
  217   2.0273e+01   2.7547e+01   2.4673e+00   4.6408e-03
  218   2.0854e+01   2.8257e+01   2.5770e+00   5.0289e-03
  219   2.1446e+01   2.8978e+01   2.6906e+00   5.4454e-03
  220   2.2050e+01   2.9711e+01   2.8080e+00   5.8922e-03
  221   2.2664e+01   3.0455e+01   2.9294e+00   6.3712e-03
  222   2.3290e+01   3.1211e+01   3.0550e+00   6.8843e-03
  223   2.3928e+01   3.1979e+01   3.1848e+00   7.4336e-03
  224   2.4577e+01   3.2760e+01   3.3188e+00   8.0213e-03
  225   2.5238e+01   3.3552e+01   3.4573e+00   8.6498e-03
  226   2.5910e+01   3.4355e+01   3.6002e+00   9.3213e-03
  227   2.6595e+01   3.5171e+01   3.7477e+00   1.0038e-02
  228   2.7291e+01   3.6000e+01   3.9000e+00   1.0804e-02
  229   2.7999e+01   3.6840e+01   4.0570e+00   1.1620e-02
  230   2.8720e+01   3.7692e+01   4.2189e+00   1.2490e-02
  231   2.9452e+01   3.8557e+01   4.3858e+00   1.3417e-02
  232   3.0197e+01   3.9434e+01   4.5578e+00   1.4404e-02
  233   3.0953e+01   4.0323e+01   4.7350e+00   1.5455e-02
  234   3.1723e+01   4.1224e+01   4.9175e+00   1.6572e-02
  235   3.2504e+01   4.2138e+01   5.1055e+00   1.7759e-02
  236   3.3298e+01   4.3064e+01   5.2989e+00   1.9020e-02
  237   3.4105e+01   4.4003e+01   5.4980e+00   2.0360e-02
  238   3.4924e+01   4.4954e+01   5.7029e+00   2.1781e-02
  239   3.5756e+01   4.5917e+01   5.9136e+00   2.3289e-02
  240   3.6601e+01   4.6894e+01   6.1302e+00   2.4887e-02
  241   3.7458e+01   4.7882e+01   6.3529e+00   2.6581e-02
  242   3.8328e+01   4.8883e+01   6.5818e+00   2.8374e-02
  243   3.9212e+01   4.9897e+01   6.8169e+00   3.0272e-02
  244   4.0108e+01   5.0924e+01   7.0585e+00   3.2281e-02
  245   4.1017e+01   5.1963e+01   7.3066e+00   3.4405e-02
  246   4.1939e+01   5.3014e+01   7.5613e+00   3.6649e-02
  247   4.2874e+01   5.4079e+01   7.8228e+00   3.9021e-02
  248   4.3823e+01   5.5156e+01   8.0911e+00   4.1525e-02
  249   4.4785e+01   5.6246e+01   8.3663e+00   4.4168e-02
  250   4.5760e+01   5.7348e+01   8.6487e+00   4.6956e-02
  251   4.6748e+01   5.8464e+01   8.9382e+00   4.9896e-02
  252   4.7750e+01   5.9592e+01   9.2351e+00   5.2996e-02
  253   4.8765e+01   6.0733e+01   9.5394e+00   5.6261e-02
  254   4.9793e+01   6.1887e+01   9.8512e+00   5.9699e-02
  255   5.0835e+01   6.3053e+01   1.0171e+01   6.3319e-02
  256   5.1891e+01   6.4233e+01   1.0498e+01   6.7127e-02
  257   5.2960e+01   6.5425e+01   1.0833e+01   7.1132e-02
  258   5.4043e+01   6.6630e+01   1.1176e+01   7.5343e-02
  259   5.5140e+01   6.7848e+01   1.1528e+01   7.9769e-02
  260   5.6250e+01   6.9079e+01   1.1887e+01   8.4417e-02
  261   5.7374e+01   7.0323e+01   1.2255e+01   8.9298e-02
  262   5.8511e+01   7.1579e+01   1.2632e+01   9.4421e-02
  263   5.9663e+01   7.2849e+01   1.3017e+01   9.9796e-02
  264   6.0828e+01   7.4131e+01   1.3411e+01   1.0543e-01
  265   6.2007e+01   7.5426e+01   1.3813e+01   1.1134e-01
  266   6.3201e+01   7.6735e+01   1.4225e+01   1.1754e-01
  267   6.4408e+01   7.8056e+01   1.4646e+01   1.2403e-01
  268   6.5629e+01   7.9390e+01   1.5076e+01   1.3082e-01
  269   6.6864e+01   8.0737e+01   1.5515e+01   1.3793e-01
  270   6.8113e+01   8.2096e+01   1.5964e+01   1.4538e-01
  271   6.9376e+01   8.3469e+01   1.6422e+01   1.5316e-01
  272   7.0653e+01   8.4855e+01   1.6890e+01   1.6130e-01
  273   7.1944e+01   8.6253e+01   1.7368e+01   1.6982e-01
  274   7.3249e+01   8.7665e+01   1.7855e+01   1.7871e-01
  275   7.4569e+01   8.9089e+01   1.8353e+01   1.8800e-01
  276   7.5903e+01   9.0526e+01   1.8861e+01   1.9770e-01
  277   7.7250e+01   9.1976e+01   1.9379e+01   2.0783e-01
  278   7.8612e+01   9.3439e+01   1.9908e+01   2.1840e-01
  279   7.9988e+01   9.4915e+01   2.0447e+01   2.2942e-01
  280   8.1379e+01   9.6403e+01   2.0997e+01   2.4092e-01
  281   8.2784e+01   9.7905e+01   2.1557e+01   2.5291e-01
  282   8.4202e+01   9.9419e+01   2.2129e+01   2.6540e-01
  283   8.5636e+01   1.0095e+02   2.2711e+01   2.7841e-01
  284   8.7083e+01   1.0249e+02   2.3305e+01   2.9197e-01
  285   8.8545e+01   1.0404e+02   2.3910e+01   3.0609e-01
  286   9.0021e+01   1.0560e+02   2.4526e+01   3.2078e-01
  287   9.1511e+01   1.0718e+02   2.5153e+01   3.3607e-01
  288   9.3016e+01   1.0877e+02   2.5793e+01   3.5198e-01
  289   9.4535e+01   1.1038e+02   2.6444e+01   3.6852e-01
  290   9.6068e+01   1.1199e+02   2.7107e+01   3.8572e-01
  291   9.7616e+01   1.1362e+02   2.7781e+01   4.0359e-01
  292   9.9178e+01   1.1526e+02   2.8468e+01   4.2217e-01
  293   1.0075e+02   1.1692e+02   2.9167e+01   4.4146e-01
  294   1.0235e+02   1.1859e+02   2.9879e+01   4.6150e-01
  295   1.0395e+02   1.2027e+02   3.0602e+01   4.8230e-01
  296   1.0557e+02   1.2196e+02   3.1339e+01   5.0390e-01
  297   1.0720e+02   1.2366e+02   3.2088e+01   5.2630e-01
  298   1.0885e+02   1.2538e+02   3.2849e+01   5.4955e-01
  299   1.1051e+02   1.2711e+02   3.3624e+01   5.7365e-01
  300   1.1219e+02   1.2885e+02   3.4412e+01   5.9865e-01
  301   1.1388e+02   1.3061e+02   3.5212e+01   6.2455e-01
  302   1.1559e+02   1.3238e+02   3.6026e+01   6.5140e-01
  303   1.1731e+02   1.3416e+02   3.6854e+01   6.7922e-01
  304   1.1904e+02   1.3595e+02   3.7694e+01   7.0803e-01
  305   1.2079e+02   1.3776e+02   3.8549e+01   7.3786e-01
  306   1.2255e+02   1.3957e+02   3.9417e+01   7.6874e-01
  307   1.2433e+02   1.4140e+02   4.0298e+01   8.0071e-01
  308   1.2612e+02   1.4325e+02   4.1194e+01   8.3378e-01
  309   1.2793e+02   1.4510e+02   4.2104e+01   8.6800e-01
  310   1.2975e+02   1.4697e+02   4.3028e+01   9.0339e-01
  311   1.3159e+02   1.4885e+02   4.3966e+01   9.3998e-01
  312   1.3343e+02   1.5074e+02   4.4918e+01   9.7781e-01
  313   1.3530e+02   1.5264e+02   4.5885e+01   1.0169e+00
  314   1.3718e+02   1.5456e+02   4.6866e+01   1.0573e+00
  315   1.3907e+02   1.5649e+02   4.7862e+01   1.0990e+00
  316   1.4097e+02   1.5843e+02   4.8873e+01   1.1421e+00
  317   1.4289e+02   1.6038e+02   4.9898e+01   1.1866e+00
  318   1.4483e+02   1.6235e+02   5.0939e+01   1.2326e+00
  319   1.4678e+02   1.6432e+02   5.1994e+01   1.2800e+00
  320   1.4874e+02   1.6631e+02   5.3065e+01   1.3290e+00
  321   1.5072e+02   1.6831e+02   5.4151e+01   1.3795e+00
  322   1.5271e+02   1.7033e+02   5.5253e+01   1.4315e+00
  323   1.5472e+02   1.7235e+02   5.6370e+01   1.4852e+00
  324   1.5673e+02   1.7439e+02   5.7502e+01   1.5406e+00
  325   1.5877e+02   1.7644e+02   5.8650e+01   1.5977e+00
  326   1.6082e+02   1.7850e+02   5.9814e+01   1.6565e+00
  327   1.6288e+02   1.8057e+02   6.0994e+01   1.7172e+00
  328   1.6496e+02   1.8266e+02   6.2190e+01   1.7796e+00
  329   1.6705e+02   1.8475e+02   6.3402e+01   1.8440e+00
  330   1.6915e+02   1.8686e+02   6.4630e+01   1.9102e+00
  331   1.7127e+02   1.8898e+02   6.5874e+01   1.9784e+00
  332   1.7340e+02   1.9111e+02   6.7135e+01   2.0487e+00
  333   1.7555e+02   1.9326e+02   6.8412e+01   2.1209e+00
  334   1.7771e+02   1.9541e+02   6.9706e+01   2.1953e+00
  335   1.7988e+02   1.9758e+02   7.1017e+01   2.2718e+00
  336   1.8207e+02   1.9976e+02   7.2344e+01   2.3505e+00
  337   1.8427e+02   2.0195e+02   7.3688e+01   2.4315e+00
  338   1.8649e+02   2.0415e+02   7.5049e+01   2.5147e+00
  339   1.8872e+02   2.0636e+02   7.6427e+01   2.6003e+00
  340   1.9096e+02   2.0858e+02   7.7822e+01   2.6882e+00
  341   1.9322e+02   2.1082e+02   7.9234e+01   2.7786e+00
  342   1.9549e+02   2.1307e+02   8.0664e+01   2.8715e+00
  343   1.9778e+02   2.1533e+02   8.2110e+01   2.9669e+00
  344   2.0008e+02   2.1760e+02   8.3575e+01   3.0650e+00
  345   2.0239e+02   2.1988e+02   8.5057e+01   3.1656e+00
  346   2.0472e+02   2.2217e+02   8.6556e+01   3.2690e+00
  347   2.0706e+02   2.2447e+02   8.8074e+01   3.3751e+00
  348   2.0941e+02   2.2679e+02   8.9609e+01   3.4841e+00
  349   2.1178e+02   2.2911e+02   9.1162e+01   3.5959e+00
  350   2.1416e+02   2.3145e+02   9.2732e+01   3.7106e+00
