  150  2.7658e-006  1.3759e+000  2.2711e+000 
  151  3.2582e-006  1.4582e+000  2.3946e+000 
  152  3.8301e-006  1.5443e+000  2.5231e+000 
  153  4.4931e-006  1.6343e+000  2.6567e+000 
  154  5.2600e-006  1.7282e+000  2.7955e+000 
  155  6.1454e-006  1.8262e+000  2.9396e+000 
  156  7.1659e-006  1.9284e+000  3.0892e+000 
  157  8.3396e-006  2.0349e+000  3.2444e+000 
  158  9.6873e-006  2.1459e+000  3.4053e+000 
  159  1.1232e-005  2.2614e+000  3.5720e+000 
  160  1.2999e-005  2.3816e+000  3.7446e+000 
  161  1.5017e-005  2.5066e+000  3.9233e+000 
  162  1.7318e-005  2.6364e+000  4.1081e+000 
  163  1.9937e-005  2.7713e+000  4.2993e+000 
  164  2.2913e-005  2.9114e+000  4.4969e+000 
  165  2.6290e-005  3.0567e+000  4.7011e+000 
  166  3.0115e-005  3.2074e+000  4.9119e+000 
  167  3.4442e-005  3.3635e+000  5.1295e+000 
  168  3.9328e-005  3.5254e+000  5.3540e+000 
  169  4.4837e-005  3.6929e+000  5.5855e+000 
  170  5.1040e-005  3.8663e+000  5.8241e+000 
  171  5.8015e-005  4.0458e+000  6.0700e+000 
  172  6.5846e-005  4.2313e+000  6.3233e+000 
  173  7.4626e-005  4.4230e+000  6.5840e+000 
  174  8.4457e-005  4.6211e+000  6.8524e+000 
  175  9.5450e-005  4.8257e+000  7.1284e+000 
  176  1.0773e-004  5.0369e+000  7.4123e+000 
  177  1.2141e-004  5.2548e+000  7.7042e+000 
  178  1.3666e-004  5.4795e+000  8.0040e+000 
  179  1.5362e-004  5.7112e+000  8.3121e+000 
  180  1.7247e-004  5.9500e+000  8.6284e+000 
  181  1.9338e-004  6.1959e+000  8.9531e+000 
  182  2.1656e-004  6.4492e+000  9.2862e+000 
  183  2.4222e-004  6.7099e+000  9.6280e+000 
  184  2.7060e-004  6.9782e+000  9.9785e+000 
  185  3.0194e-004  7.2542e+000  1.0338e+001 
  186  3.3653e-004  7.5379e+000  1.0706e+001 
  187  3.7464e-004  7.8296e+000  1.1083e+001 
  188  4.1660e-004  8.1292e+000  1.1469e+001 
  189  4.6274e-004  8.4371e+000  1.1865e+001 
  190  5.1344e-004  8.7532e+000  1.2270e+001 
  191  5.6907e-004  9.0776e+000  1.2684e+001 
  192  6.3007e-004  9.4106e+000  1.3108e+001 
  193  6.9687e-004  9.7521e+000  1.3541e+001 
  194  7.6997e-004  1.0102e+001  1.3984e+001 
  195  8.4987e-004  1.0461e+001  1.4437e+001 
  196  9.3713e-004  1.0829e+001  1.4899e+001 
  197  1.0323e-003  1.1207e+001  1.5372e+001 
  198  1.1361e-003  1.1593e+001  1.5855e+001 
  199  1.2492e-003  1.1988e+001  1.6347e+001 
  200  1.3721e-003  1.2393e+001  1.6850e+001 
  201  1.5058e-003  1.2807e+001  1.7364e+001 
  202  1.6511e-003  1.3231e+001  1.7887e+001 
  203  1.8087e-003  1.3665e+001  1.8422e+001 
  204  1.9796e-003  1.4108e+001  1.8966e+001 
  205  2.1647e-003  1.4562e+001  1.9522e+001 
  206  2.3652e-003  1.5025e+001  2.0088e+001 
  207  2.5820e-003  1.5498e+001  2.0665e+001 
  208  2.8163e-003  1.5982e+001  2.1252e+001 
  209  3.0694e-003  1.6476e+001  2.1851e+001 
  210  3.3425e-003  1.6980e+001  2.2461e+001 
  211  3.6370e-003  1.7495e+001  2.3081e+001 
  212  3.9544e-003  1.8020e+001  2.3713e+001 
  213  4.2961e-003  1.8556e+001  2.4356e+001 
  214  4.6637e-003  1.9103e+001  2.5011e+001 
  215  5.0590e-003  1.9660e+001  2.5676e+001 
  216  5.4836e-003  2.0229e+001  2.6353e+001 
  217  5.9396e-003  2.0809e+001  2.7042e+001 
  218  6.4288e-003  2.1399e+001  2.7742e+001 
  219  6.9533e-003  2.2001e+001  2.8454e+001 
  220  7.5154e-003  2.2614e+001  2.9177e+001 
  221  8.1171e-003  2.3239e+001  2.9912e+001 
  222  8.7611e-003  2.3875e+001  3.0659e+001 
  223  9.4497e-003  2.4523e+001  3.1417e+001 
  224  1.0186e-002  2.5182e+001  3.2188e+001 
  225  1.0972e-002  2.5853e+001  3.2970e+001 
  226  1.1811e-002  2.6535e+001  3.3765e+001 
  227  1.2706e-002  2.7230e+001  3.4571e+001 
  228  1.3660e-002  2.7936e+001  3.5389e+001 
  229  1.4676e-002  2.8655e+001  3.6220e+001 
  230  1.5759e-002  2.9385e+001  3.7062e+001 
  231  1.6911e-002  3.0128e+001  3.7917e+001 
  232  1.8136e-002  3.0883e+001  3.8784e+001 
  233  1.9438e-002  3.1650e+001  3.9664e+001 
  234  2.0822e-002  3.2429e+001  4.0555e+001 
  235  2.2292e-002  3.3221e+001  4.1459e+001 
  236  2.3851e-002  3.4025e+001  4.2376e+001 
  237  2.5505e-002  3.4842e+001  4.3305e+001 
  238  2.7259e-002  3.5672e+001  4.4246e+001 
  239  2.9117e-002  3.6514e+001  4.5200e+001 
  240  3.1085e-002  3.7369e+001  4.6166e+001 
  241  3.3168e-002  3.8236e+001  4.7145e+001 
  242  3.5371e-002  3.9117e+001  4.8136e+001 
  243  3.7702e-002  4.0010e+001  4.9140e+001 
  244  4.0165e-002  4.0917e+001  5.0157e+001 
  245  4.2767e-002  4.1836e+001  5.1186e+001 
  246  4.5515e-002  4.2768e+001  5.2228e+001 
  247  4.8415e-002  4.3714e+001  5.3283e+001 
  248  5.1474e-002  4.4672e+001  5.4351e+001 
  249  5.4700e-002  4.5644e+001  5.5431e+001 
  250  5.8100e-002  4.6629e+001  5.6524e+001 
  251  6.1682e-002  4.7628e+001  5.7630e+001 
  252  6.5454e-002  4.8639e+001  5.8748e+001 
  253  6.9425e-002  4.9664e+001  5.9880e+001 
  254  7.3603e-002  5.0703e+001  6.1024e+001 
  255  7.7996e-002  5.1755e+001  6.2181e+001 
  256  8.2615e-002  5.2820e+001  6.3351e+001 
  257  8.7468e-002  5.3899e+001  6.4534e+001 
  258  9.2566e-002  5.4992e+001  6.5730e+001 
  259  9.7919e-002  5.6098e+001  6.6939e+001 
  260  1.0354e-001  5.7218e+001  6.8161e+001 
  261  1.0943e-001  5.8351e+001  6.9395e+001 
  262  1.1561e-001  5.9499e+001  7.0643e+001 
  263  1.2209e-001  6.0660e+001  7.1903e+001 
  264  1.2888e-001  6.1834e+001  7.3177e+001 
  265  1.3599e-001  6.3023e+001  7.4463e+001 
  266  1.4344e-001  6.4225e+001  7.5762e+001 
  267  1.5123e-001  6.5442e+001  7.7075e+001 
  268  1.5939e-001  6.6672e+001  7.8400e+001 
  269  1.6792e-001  6.7916e+001  7.9738e+001 
  270  1.7684e-001  6.9174e+001  8.1090e+001 
  271  1.8616e-001  7.0446e+001  8.2454e+001 
  272  1.9590e-001  7.1732e+001  8.3831e+001 
  273  2.0608e-001  7.3032e+001  8.5221e+001 
  274  2.1670e-001  7.4346e+001  8.6624e+001 
  275  2.2779e-001  7.5674e+001  8.8040e+001 
  276  2.3936e-001  7.7016e+001  8.9469e+001 
  277  2.5143e-001  7.8372e+001  9.0912e+001 
  278  2.6401e-001  7.9742e+001  9.2367e+001 
  279  2.7713e-001  8.1127e+001  9.3834e+001 
  280  2.9080e-001  8.2525e+001  9.5315e+001 
  281  3.0504e-001  8.3938e+001  9.6809e+001 
  282  3.1987e-001  8.5365e+001  9.8316e+001 
  283  3.3531e-001  8.6806e+001  9.9835e+001 
  284  3.5138e-001  8.8261e+001  1.0137e+002 
  285  3.6809e-001  8.9730e+001  1.0291e+002 
  286  3.8548e-001  9.1214e+001  1.0447e+002 
  287  4.0357e-001  9.2712e+001  1.0604e+002 
  288  4.2236e-001  9.4224e+001  1.0763e+002 
  289  4.4190e-001  9.5750e+001  1.0922e+002 
  290  4.6219e-001  9.7290e+001  1.1083e+002 
  291  4.8327e-001  9.8845e+001  1.1246e+002 
  292  5.0516e-001  1.0041e+002  1.1409e+002 
  293  5.2788e-001  1.0200e+002  1.1574e+002 
  294  5.5146e-001  1.0359e+002  1.1740e+002 
  295  5.7592e-001  1.0521e+002  1.1907e+002 
  296  6.0130e-001  1.0683e+002  1.2076e+002 
  297  6.2761e-001  1.0847e+002  1.2246e+002 
  298  6.5488e-001  1.1013e+002  1.2417e+002 
  299  6.8315e-001  1.1179e+002  1.2590e+002 
  300  7.1243e-001  1.1348e+002  1.2763e+002 
  301  7.4277e-001  1.1517e+002  1.2938e+002 
  302  7.7419e-001  1.1689e+002  1.3115e+002 
  303  8.0671e-001  1.1861e+002  1.3292e+002 
  304  8.4038e-001  1.2035e+002  1.3471e+002 
  305  8.7522e-001  1.2210e+002  1.3651e+002 
  306  9.1126e-001  1.2387e+002  1.3832e+002 
  307  9.4854e-001  1.2566e+002  1.4015e+002 
  308  9.8709e-001  1.2745e+002  1.4199e+002 
  309  1.0269e+000  1.2926e+002  1.4384e+002 
  310  1.0681e+000  1.3109e+002  1.4570e+002 
  311  1.1107e+000  1.3293e+002  1.4758e+002 
  312  1.1547e+000  1.3478e+002  1.4946e+002 
  313  1.2001e+000  1.3665e+002  1.5136e+002 
  314  1.2470e+000  1.3853e+002  1.5328e+002 
  315  1.2954e+000  1.4042e+002  1.5520e+002 
  316  1.3454e+000  1.4233e+002  1.5714e+002 
  317  1.3970e+000  1.4426e+002  1.5909e+002 
  318  1.4502e+000  1.4620e+002  1.6105e+002 
  319  1.5051e+000  1.4815e+002  1.6302e+002 
  320  1.5617e+000  1.5011e+002  1.6501e+002 
  321  1.6201e+000  1.5209e+002  1.6701e+002 
  322  1.6802e+000  1.5409e+002  1.6902e+002 
  323  1.7423e+000  1.5610e+002  1.7104e+002 
  324  1.8062e+000  1.5812e+002  1.7308e+002 
  325  1.8720e+000  1.6015e+002  1.7512e+002 
  326  1.9398e+000  1.6221e+002  1.7718e+002 
  327  2.0096e+000  1.6427e+002  1.7925e+002 
  328  2.0815e+000  1.6635e+002  1.8134e+002 
  329  2.1555e+000  1.6844e+002  1.8343e+002 
  330  2.2317e+000  1.7054e+002  1.8554e+002 
  331  2.3101e+000  1.7266e+002  1.8766e+002 
  332  2.3908e+000  1.7480e+002  1.8979e+002 
  333  2.4737e+000  1.7695e+002  1.9193e+002 
  334  2.5590e+000  1.7911e+002  1.9409e+002 
  335  2.6468e+000  1.8128e+002  1.9625e+002 
  336  2.7370e+000  1.8347e+002  1.9843e+002 
  337  2.8297e+000  1.8567e+002  2.0062e+002 
  338  2.9249e+000  1.8789e+002  2.0282e+002 
  339  3.0228e+000  1.9012e+002  2.0503e+002 
  340  3.1234e+000  1.9236e+002  2.0726e+002 
  341  3.2267e+000  1.9462e+002  2.0950e+002 
  342  3.3328e+000  1.9689e+002  2.1174e+002 
  343  3.4417e+000  1.9917e+002  2.1400e+002 
  344  3.5535e+000  2.0147e+002  2.1627e+002 
  345  3.6683e+000  2.0378e+002  2.1856e+002 
  346  3.7861e+000  2.0611e+002  2.2085e+002 
  347  3.9070e+000  2.0845e+002  2.2316e+002 
  348  4.0310e+000  2.1080e+002  2.2547e+002 
  349  4.1582e+000  2.1317e+002  2.2780e+002 
  350  4.2887e+000  2.1554e+002  2.3014e+002 
