450 0.72    1.52
451 0.76    1.61
452 0.76    1.35
453 0.83    1.50
454 0.83    1.43
455 0.56    1.56
456 0.72    1.45
457 0.69    1.44
458 0.73    1.40
459 0.64    1.46
460 0.55    1.38
461 0.69    1.35
462 0.65    1.23
463 0.68    1.43
464 0.60    1.29
465 0.55    1.19
466 0.67    1.29
467 0.68    1.25
468 0.75    1.27
469 0.66    1.23
470 0.55    1.22
471 0.59    1.12
472 0.61    1.22
473 0.64    1.15
474 0.68    1.09
475 0.54    1.19
476 0.48    1.00
477 0.52    1.02
478 0.62    1.21
479 0.52    1.13
480 0.58    1.01
481 0.55    1.02
482 0.51    1.09
483 0.51    1.11
484 0.56    1.08
485 0.54    1.06
486 0.55    0.97
487 0.49    0.97
488 0.55    1.03
489 0.57    1.01
490 0.62    1.05
491 0.57    0.95
492 0.54    0.98
493 0.58    1.03
494 0.54    0.99
495 0.58    1.00
496 0.51    0.89
497 0.51    0.95
498 0.53    0.90
499 0.50    0.95
500 0.51    0.97
501 0.51    0.86
502 0.53    0.83
503 0.53    0.93
504 0.53    0.84
505 0.52    0.96
506 0.51    0.97
507 0.51    0.92
508 0.52    0.93
509 0.44    0.94
510 0.53    0.86
511 0.51    0.89
512 0.58    0.84
513 0.66    0.77
514 0.62    0.92
515 0.60    0.85
516 0.64    0.93
517 0.80    0.94
518 0.93    1.07
519 1.02    1.04
520 1.04    1.16
521 1.20    1.29
522 1.37    1.39
523 1.64    1.65
524 1.89    1.73
525 2.20    2.01
526 2.45    2.46
527 2.80    2.84
528 3.24    3.05
529 3.85    3.65
530 4.46    4.21
531 5.23    4.87
532 6.02    5.66
533 6.92    6.50
534 8.01    7.54
535 9.28    8.72
536 10.68   10.09
537 12.34   11.76
538 14.11   13.39
539 16.22   15.28
540 18.67   17.67
541 21.08   19.69
542 23.80   22.35
543 26.44   24.98
544 29.44   27.63
545 32.49   30.70
546 35.70   33.80
547 38.95   37.07
548 42.39   40.40
549 45.48   43.49
550 48.79   46.63
551 52.08   49.92
552 55.40   53.07
553 58.29   55.97
554 61.19   58.92
555 63.70   61.48
556 66.27   63.96
557 68.94   66.66
558 71.12   68.69
559 73.11   71.00
560 74.73   72.60
561 76.33   74.17
562 77.68   75.58
563 78.91   76.78
564 79.86   77.74
565 80.65   78.42
566 81.28   79.24
567 81.66   79.79
568 82.20   80.26
569 82.50   80.51
570 83.01   80.97
571 82.90   81.13
572 83.11   81.23
573 83.38   81.39
574 83.56   81.89
575 83.97   82.04
576 84.41   82.43
577 84.48   82.61
578 84.93   82.80
579 85.08   83.06
580 85.45   83.39
581 85.50   83.62
582 85.77   83.85
583 86.07   84.24
584 86.51   84.49
585 86.62   84.72
586 86.89   85.02
587 87.18   85.34
588 87.48   85.46
589 87.48   85.79
590 87.91   85.90
591 88.04   86.08
592 88.02   86.19
593 88.40   86.48
594 88.65   86.77
595 88.82   86.98
596 88.91   86.99
597 89.02   87.22
598 88.92   87.46
599 89.29   87.39
600 89.35   87.51
601 89.52   87.72
602 89.68   87.92
603 89.86   88.08
604 90.18   88.50
605 90.45   88.60
606 90.52   88.78
607 90.72   88.88
608 90.94   88.98
609 90.82   89.04
610 90.77   89.16
611 91.04   89.32
612 91.11   89.43
613 91.21   89.56
614 91.31   89.63
615 91.30   89.90
616 91.62   89.99
617 91.49   90.15
618 91.29   90.07
619 91.73   90.19
620 91.89   90.31
621 91.82   90.35
622 91.96   90.39
623 91.88   90.53
624 92.06   90.36
625 92.09   90.61
626 92.22   90.71
627 92.15   90.61
628 92.20   90.57
629 92.40   90.96
630 92.47   90.87
631 92.58   91.01
632 92.81   91.14
633 92.69   91.36
634 93.01   91.46
635 93.35   91.69
636 93.30   91.91
637 93.75   91.95
638 93.58   92.24
639 93.80   92.35
640 94.01   92.65
641 94.07   92.79
642 94.49   92.93
643 94.43   93.20
644 94.61   93.35
645 94.89   93.54
646 95.16   93.94
647 95.18   93.89
648 95.15   93.95
649 94.90   94.16
650 95.08   94.37
651 94.96   94.52
652 94.96   94.50
653 95.09   94.60
654 95.27   94.69
655 95.15   94.63
656 95.52   94.90
657 95.22   94.72
658 95.23   94.65
659 95.39   94.66
660 95.30   94.73
661 95.44   94.79
662 95.45   94.78
663 95.54   94.97
664 95.80   95.20
665 95.82   95.20
666 95.98   95.34
667 96.04   95.56
668 96.34   95.66
669 96.35   95.66
670 96.36   95.81
671 96.47   96.02
672 96.53   96.17
673 96.69   96.10
674 96.78   96.29
675 96.90   96.44
676 96.94   96.63
677 97.01   96.70
678 97.15   96.71
679 97.07   96.67
680 97.18   96.88
681 97.46   96.92
682 97.50   97.12
683 97.55   97.16
684 97.63   97.24
685 97.71   97.31
686 97.94   97.47
687 97.99   97.68
688 98.14   97.82
689 98.12   97.81
690 98.28   97.95
691 98.38   97.89
692 98.30   97.97
693 98.40   97.95
694 98.38   97.99
695 98.49   98.09
696 98.64   98.19
697 98.39   98.12
698 98.70   98.25
699 98.52   98.23
700 98.43   98.20
701 98.66   98.32
702 98.98   98.58
703 98.94   98.60
704 98.87   98.53
705 98.84   98.67
706 98.96   98.62
707 98.94   98.60
708 99.02   98.69
709 99.15   98.77
710 99.13   98.75
711 99.10   98.88
712 99.23   98.84
713 99.31   99.09
714 99.54   99.21
715 99.48   99.10
716 99.59   99.26
717 99.71   99.22
718 99.54   99.40
719 99.63   99.60
720 99.83   99.64
721 99.89   99.93
722 100.00  100.00
723 99.63   99.72
724 99.32   99.54
725 99.15   99.34
726 98.55   98.97
727 97.91   98.61
728 97.26   98.02
729 96.50   97.50
730 95.62   96.43
731 94.39   95.65
732 93.10   94.47
733 91.63   93.20
734 90.08   91.79
735 88.33   90.02
736 86.20   88.13
737 84.19   86.37
738 82.01   84.16
739 79.63   81.99
740 77.06   79.48
741 74.31   76.76
742 71.37   74.02
743 68.47   71.04
744 65.27   68.07
745 62.25   64.85
746 58.96   61.44
747 55.64   58.14
748 52.66   54.92
749 49.33   51.59
750 46.20   48.39
751 43.27   45.13
752 40.18   41.99
753 37.28   39.01
754 34.75   36.21
755 31.98   33.38
756 29.45   30.78
757 27.03   28.21
758 24.69   25.80
759 22.55   23.45
760 20.46   21.26
761 18.44   19.15
762 16.70   17.34
763 15.06   15.52
764 13.61   14.17
765 12.26   12.63
766 11.05   11.36
767 9.94    10.23
768 8.91    9.15
769 7.91    8.13
770 7.07    7.30
771 6.38    6.55
772 5.79    5.88
773 5.18    5.23
774 4.66    4.67
775 4.15    4.21
776 3.72    3.81
777 3.39    3.48
778 3.11    3.19
779 2.80    2.84
780 2.51    2.57
781 2.25    2.37
782 2.03    2.17
783 1.85    1.90
784 1.72    1.83
785 1.58    1.57
786 1.43    1.46
787 1.22    1.33
788 1.13    1.20
789 1.08    1.10
790 0.98    1.05
791 0.92    0.97
792 0.91    0.89
793 0.77    0.93
794 0.79    0.95
795 0.73    0.77
796 0.69    0.67
797 0.60    0.76
798 0.60    0.73
799 0.58    0.71
800 0.60    0.66
801 0.56    0.67
802 0.48    0.71
803 0.47    0.74
804 0.46    0.72
805 0.43    0.63
806 0.42    0.65
807 0.39    0.62
808 0.48    0.62
809 0.43    0.54
810 0.44    0.65
811 0.44    0.63
812 0.42    0.65
813 0.40    0.51
814 0.40    0.54
815 0.37    0.59
816 0.35    0.60
817 0.30    0.62
818 0.37    0.60
819 0.35    0.54
820 0.30    0.49
821 0.34    0.48
822 0.33    0.58
823 0.39    0.55
824 0.37    0.61
825 0.34    0.48
826 0.28    0.49
827 0.30    0.47
828 0.24    0.57
829 0.34    0.57
830 0.32    0.55
831 0.27    0.57
832 0.23    0.60
833 0.28    0.46
834 0.31    0.50
835 0.30    0.55
836 0.30    0.58
837 0.32    0.55
838 0.28    0.48
839 0.33    0.55
840 0.29    0.55
841 0.26    0.55
842 0.33    0.50
843 0.27    0.46
844 0.28    0.51
845 0.32    0.50
846 0.28    0.50
847 0.27    0.56
848 0.25    0.58
849 0.31    0.56
850 0.32    0.57
