  6.9950000e+002  0.0000000e+000
  7.0000000e+002  4.4690000e-003
  7.0050000e+002  4.2060000e-003
  7.0100000e+002  4.0730000e-003
  7.0150000e+002  3.8610000e-003
  7.0200000e+002  3.6440000e-003
  7.0250000e+002  3.5900000e-003
  7.0300000e+002  3.5050000e-003
  7.0350000e+002  3.2910000e-003
  7.0400000e+002  3.1230000e-003
  7.0450000e+002  2.9870000e-003
  7.0500000e+002  2.8920000e-003
  7.0550000e+002  2.6540000e-003
  7.0600000e+002  2.5360000e-003
  7.0650000e+002  2.5870000e-003
  7.0700000e+002  2.3390000e-003
  7.0750000e+002  2.4050000e-003
  7.0800000e+002  2.3950000e-003
  7.0850000e+002  2.3540000e-003
  7.0900000e+002  2.2410000e-003
  7.0950000e+002  2.1960000e-003
  7.1000000e+002  2.0840000e-003
  7.1050000e+002  2.0540000e-003
  7.1100000e+002  2.0800000e-003
  7.1150000e+002  1.9970000e-003
  7.1200000e+002  1.9210000e-003
  7.1250000e+002  1.8470000e-003
  7.1300000e+002  1.9550000e-003
  7.1350000e+002  2.0180000e-003
  7.1400000e+002  2.0670000e-003
  7.1450000e+002  2.2750000e-003
  7.1500000e+002  2.2520000e-003
  7.1550000e+002  2.4400000e-003
  7.1600000e+002  2.5820000e-003
  7.1650000e+002  2.6930000e-003
  7.1700000e+002  2.7530000e-003
  7.1750000e+002  2.7220000e-003
  7.1800000e+002  3.0590000e-003
  7.1850000e+002  3.2960000e-003
  7.1900000e+002  3.4990000e-003
  7.1950000e+002  3.7620000e-003
  7.2000000e+002  4.0970000e-003
  7.2050000e+002  4.5250000e-003
  7.2100000e+002  5.0320000e-003
  7.2150000e+002  5.4600000e-003
  7.2200000e+002  5.8300000e-003
  7.2250000e+002  6.4920000e-003
  7.2300000e+002  7.1390000e-003
  7.2350000e+002  7.9470000e-003
  7.2400000e+002  8.5310000e-003
  7.2450000e+002  9.3380000e-003
  7.2500000e+002  1.0149000e-002
  7.2550000e+002  1.1000000e-002
  7.2600000e+002  1.1884000e-002
  7.2650000e+002  1.2606000e-002
  7.2700000e+002  1.3357000e-002
  7.2750000e+002  1.4322000e-002
  7.2800000e+002  1.5063000e-002
  7.2850000e+002  1.5647000e-002
  7.2900000e+002  1.6165000e-002
  7.2950000e+002  1.6714000e-002
  7.3000000e+002  1.7024000e-002
  7.3050000e+002  1.6964000e-002
  7.3100000e+002  1.7021000e-002
  7.3150000e+002  1.6825000e-002
  7.3200000e+002  1.6510000e-002
  7.3250000e+002  1.6269000e-002
  7.3300000e+002  1.5928000e-002
  7.3350000e+002  1.5304000e-002
  7.3400000e+002  1.4833000e-002
  7.3450000e+002  1.4361000e-002
  7.3500000e+002  1.3805000e-002
  7.3550000e+002  1.3360000e-002
  7.3600000e+002  1.2894000e-002
  7.3650000e+002  1.2552000e-002
  7.3700000e+002  1.2214000e-002
  7.3750000e+002  1.2085000e-002
  7.3800000e+002  1.1961000e-002
  7.3850000e+002  1.1761000e-002
  7.3900000e+002  1.1548000e-002
  7.3950000e+002  1.1777000e-002
  7.4000000e+002  1.2144000e-002
  7.4050000e+002  1.2382000e-002
  7.4100000e+002  1.2833000e-002
  7.4150000e+002  1.3209000e-002
  7.4200000e+002  1.3508000e-002
  7.4250000e+002  1.3895000e-002
  7.4300000e+002  1.4342000e-002
  7.4350000e+002  1.4900000e-002
  7.4400000e+002  1.5394000e-002
  7.4450000e+002  1.5805000e-002
  7.4500000e+002  1.6104000e-002
  7.4550000e+002  1.6153000e-002
  7.4600000e+002  1.6137000e-002
  7.4650000e+002  1.5858000e-002
  7.4700000e+002  1.5607000e-002
  7.4750000e+002  1.4880000e-002
  7.4800000e+002  1.4276000e-002
  7.4850000e+002  1.3734000e-002
  7.4900000e+002  1.2848000e-002
  7.4950000e+002  1.1805000e-002
  7.5000000e+002  1.0741000e-002
  7.5050000e+002  9.4720000e-003
  7.5100000e+002  8.0410000e-003
  7.5150000e+002  6.7340000e-003
  7.5200000e+002  5.5720000e-003
  7.5250000e+002  4.4930000e-003
  7.5300000e+002  3.3850000e-003
  7.5350000e+002  2.6700000e-003
  7.5400000e+002  2.2590000e-003
  7.5450000e+002  1.6430000e-003
  7.5500000e+002  1.0790000e-003
  7.5550000e+002  9.1800000e-004
  7.5600000e+002  7.3000000e-004
  7.5650000e+002  5.5000000e-004
  7.5700000e+002  4.6200000e-004
  7.5750000e+002  4.5000000e-004
  7.5800000e+002  4.3900000e-004
  7.5850000e+002  3.3200000e-004
  7.5900000e+002  4.2400000e-004
  7.5950000e+002  3.7800000e-004
  7.6000000e+002  3.7700000e-004
  7.6050000e+002  4.1400000e-004
  7.6100000e+002  4.5300000e-004
  7.6150000e+002  4.3000000e-004
  7.6200000e+002  2.6600000e-004
  7.6250000e+002  2.3300000e-004
  7.6300000e+002  2.2100000e-004
  7.6350000e+002  2.4700000e-004
  7.6400000e+002  2.8800000e-004
  7.6450000e+002  3.3900000e-004
  7.6500000e+002  3.3200000e-004
  7.6550000e+002  2.8600000e-004
  7.6600000e+002  2.4600000e-004
  7.6650000e+002  2.5000000e-004
  7.6700000e+002  2.4600000e-004
  7.6750000e+002  1.8800000e-004
  7.6800000e+002  3.3900000e-004
  7.6850000e+002  3.1600000e-004
  7.6900000e+002  2.4000000e-004
  7.6950000e+002  2.8700000e-004
  7.7000000e+002  2.3600000e-004
  7.7050000e+002  2.7100000e-004
  7.7100000e+002  3.1200000e-004
  7.7150000e+002  1.6600000e-004
  7.7200000e+002  3.1300000e-004
  7.7250000e+002  3.6200000e-004
  7.7300000e+002  3.1200000e-004
  7.7350000e+002  3.3800000e-004
  7.7400000e+002  3.1200000e-004
  7.7450000e+002  1.1500000e-004
  7.7500000e+002  1.3900000e-004
  7.7550000e+002  1.9900000e-004
  7.7600000e+002  2.9600000e-004
  7.7650000e+002  2.7100000e-004
  7.7700000e+002  2.6400000e-004
  7.7750000e+002  3.8600000e-004
  7.7800000e+002  3.2700000e-004
  7.7850000e+002  3.1800000e-004
  7.7900000e+002  1.9500000e-004
  7.7950000e+002  2.0200000e-004
  7.8000000e+002  2.0300000e-004
  7.8050000e+002  2.1900000e-004
  7.8100000e+002  2.0900000e-004
  7.8150000e+002  2.7900000e-004
  7.8200000e+002  2.9000000e-004
  7.8250000e+002  3.2400000e-004
  7.8300000e+002  3.0200000e-004
  7.8350000e+002  2.4800000e-004
  7.8400000e+002  1.5000000e-004
  7.8450000e+002  2.1700000e-004
  7.8500000e+002  2.3600000e-004
  7.8550000e+002  2.3700000e-004
  7.8600000e+002  2.9200000e-004
  7.8650000e+002  3.3300000e-004
  7.8700000e+002  2.3500000e-004
  7.8750000e+002  2.3600000e-004
  7.8800000e+002  3.0700000e-004
  7.8850000e+002  3.0900000e-004
  7.8900000e+002  2.5200000e-004
  7.8950000e+002  1.9700000e-004
  7.9000000e+002  2.2400000e-004
  7.9050000e+002  2.0900000e-004
  7.9100000e+002  2.4100000e-004
  7.9150000e+002  2.1400000e-004
  7.9200000e+002  2.5200000e-004
  7.9250000e+002  2.3200000e-004
  7.9300000e+002  2.1300000e-004
  7.9350000e+002  2.1200000e-004
  7.9400000e+002  1.2400000e-004
  7.9450000e+002  1.7200000e-004
  7.9500000e+002  2.0100000e-004
  7.9550000e+002  2.7300000e-004
  7.9600000e+002  2.5700000e-004
  7.9650000e+002  3.2900000e-004
  7.9700000e+002  1.9600000e-004
  7.9750000e+002  2.2900000e-004
  7.9800000e+002  2.3000000e-004
  7.9850000e+002  2.5400000e-004
  7.9900000e+002  2.2200000e-004
  7.9950000e+002  1.8500000e-004
  8.0000000e+002  1.8500000e-004
  8.0050000e+002  2.1800000e-004
  8.0100000e+002  2.7800000e-004
  8.0150000e+002  2.7100000e-004
  8.0200000e+002  2.8900000e-004
  8.0250000e+002  3.0900000e-004
  8.0300000e+002  2.3300000e-004
  8.0350000e+002  1.8800000e-004
  8.0400000e+002  2.6000000e-004
  8.0450000e+002  2.6200000e-004
  8.0500000e+002  3.2200000e-004
  8.0550000e+002  3.2400000e-004
  8.0600000e+002  2.5000000e-004
  8.0650000e+002  2.4600000e-004
  8.0700000e+002  2.4700000e-004
  8.0750000e+002  3.4600000e-004
  8.0800000e+002  4.3000000e-004
  8.0850000e+002  3.4300000e-004
  8.0900000e+002  3.1100000e-004
  8.0950000e+002  3.6800000e-004
  8.1000000e+002  4.1100000e-004
  8.1050000e+002  3.4100000e-004
  8.1100000e+002  4.4200000e-004
  8.1150000e+002  4.7400000e-004
  8.1200000e+002  3.7100000e-004
  8.1250000e+002  3.7300000e-004
  8.1300000e+002  5.2400000e-004
  8.1350000e+002  4.7100000e-004
  8.1400000e+002  3.2900000e-004
  8.1450000e+002  3.2400000e-004
  8.1500000e+002  3.0100000e-004
  8.1550000e+002  3.0300000e-004
  8.1600000e+002  4.6900000e-004
  8.1650000e+002  5.0300000e-004
  8.1700000e+002  4.7400000e-004
  8.1750000e+002  2.5800000e-004
  8.1800000e+002  2.5100000e-004
  8.1850000e+002  3.6400000e-004
  8.1900000e+002  4.0400000e-004
  8.1950000e+002  4.5000000e-004
  8.2000000e+002  5.3800000e-004
  8.2050000e+002  4.8400000e-004
  8.2100000e+002  3.7800000e-004
  8.2150000e+002  4.1100000e-004
  8.2200000e+002  3.8500000e-004
  8.2250000e+002  4.1200000e-004
  8.2300000e+002  4.1100000e-004
  8.2350000e+002  4.5900000e-004
  8.2400000e+002  4.3300000e-004
  8.2450000e+002  4.2800000e-004
  8.2500000e+002  4.2800000e-004
  8.2550000e+002  4.1800000e-004
  8.2600000e+002  4.4900000e-004
  8.2650000e+002  4.5100000e-004
  8.2700000e+002  5.0100000e-004
  8.2750000e+002  5.5000000e-004
  8.2800000e+002  4.9800000e-004
  8.2850000e+002  4.3700000e-004
  8.2900000e+002  5.5900000e-004
  8.2950000e+002  5.9100000e-004
  8.3000000e+002  5.2500000e-004
  8.3050000e+002  4.3300000e-004
  8.3100000e+002  4.2200000e-004
  8.3150000e+002  4.1200000e-004
  8.3200000e+002  3.8900000e-004
  8.3250000e+002  4.9000000e-004
  8.3300000e+002  5.8000000e-004
  8.3350000e+002  6.1400000e-004
  8.3400000e+002  6.4100000e-004
  8.3450000e+002  6.4300000e-004
  8.3500000e+002  5.8800000e-004
  8.3550000e+002  5.1900000e-004
  8.3600000e+002  4.9500000e-004
  8.3650000e+002  4.0100000e-004
  8.3700000e+002  4.7700000e-004
  8.3750000e+002  4.3000000e-004
  8.3800000e+002  4.6600000e-004
  8.3850000e+002  4.7000000e-004
  8.3900000e+002  3.8800000e-004
  8.3950000e+002  4.1400000e-004
  8.4000000e+002  5.0500000e-004
  8.4050000e+002  6.0800000e-004
  8.4100000e+002  5.7900000e-004
  8.4150000e+002  5.8700000e-004
  8.4200000e+002  4.6500000e-004
  8.4250000e+002  4.3900000e-004
  8.4300000e+002  4.5300000e-004
  8.4350000e+002  4.8100000e-004
  8.4400000e+002  4.5500000e-004
  8.4450000e+002  4.7400000e-004
  8.4500000e+002  4.6900000e-004
  8.4550000e+002  4.7500000e-004
  8.4600000e+002  5.0300000e-004
  8.4650000e+002  4.8000000e-004
  8.4700000e+002  4.9300000e-004
  8.4750000e+002  5.0200000e-004
  8.4800000e+002  5.7000000e-004
  8.4850000e+002  5.2600000e-004
  8.4900000e+002  4.8000000e-004
  8.4950000e+002  4.5100000e-004
  8.5000000e+002  4.7200000e-004
  8.5050000e+002  5.2300000e-004
  8.5100000e+002  5.3200000e-004
  8.5150000e+002  5.2700000e-004
  8.5200000e+002  5.8500000e-004
  8.5250000e+002  5.2800000e-004
  8.5300000e+002  4.5700000e-004
  8.5350000e+002  5.6500000e-004
  8.5400000e+002  5.2200000e-004
  8.5450000e+002  5.5100000e-004
  8.5500000e+002  5.8500000e-004
  8.5550000e+002  5.2400000e-004
  8.5600000e+002  5.6700000e-004
  8.5650000e+002  7.0300000e-004
  8.5700000e+002  6.7000000e-004
  8.5750000e+002  4.6900000e-004
  8.5800000e+002  5.0200000e-004
  8.5850000e+002  5.5700000e-004
  8.5900000e+002  5.7800000e-004
  8.5950000e+002  5.9200000e-004
  8.6000000e+002  6.3700000e-004
  8.6050000e+002  6.8300000e-004
  8.6100000e+002  6.5800000e-004
  8.6150000e+002  6.0800000e-004
  8.6200000e+002  5.9200000e-004
  8.6250000e+002  5.7700000e-004
  8.6300000e+002  6.2700000e-004
  8.6350000e+002  5.9300000e-004
  8.6400000e+002  5.3200000e-004
  8.6450000e+002  5.3300000e-004
  8.6500000e+002  6.8700000e-004
  8.6550000e+002  7.1300000e-004
  8.6600000e+002  6.3200000e-004
  8.6650000e+002  6.0900000e-004
  8.6700000e+002  6.8900000e-004
  8.6750000e+002  7.1900000e-004
  8.6800000e+002  7.6100000e-004
  8.6850000e+002  7.7200000e-004
  8.6900000e+002  8.3600000e-004
  8.6950000e+002  8.5900000e-004
  8.7000000e+002  1.0270000e-003
  8.7050000e+002  1.0770000e-003
  8.7100000e+002  1.1100000e-003
  8.7150000e+002  1.3290000e-003
  8.7200000e+002  1.5080000e-003
  8.7250000e+002  1.6660000e-003
  8.7300000e+002  1.8060000e-003
  8.7350000e+002  2.0130000e-003
  8.7400000e+002  2.1660000e-003
  8.7450000e+002  2.5000000e-003
  8.7500000e+002  2.7610000e-003
  8.7550000e+002  3.2070000e-003
  8.7600000e+002  3.6710000e-003
  8.7650000e+002  3.9430000e-003
  8.7700000e+002  4.3870000e-003
  8.7750000e+002  5.3800000e-003
  8.7800000e+002  6.0540000e-003
  8.7850000e+002  7.1200000e-003
  8.7900000e+002  8.2860000e-003
  8.7950000e+002  9.2590000e-003
  8.8000000e+002  1.0847000e-002
  8.8050000e+002  1.2486000e-002
  8.8100000e+002  1.4500000e-002
  8.8150000e+002  1.7072000e-002
  8.8200000e+002  1.9820000e-002
  8.8250000e+002  2.3599000e-002
  8.8300000e+002  2.7594000e-002
  8.8350000e+002  3.2065000e-002
  8.8400000e+002  3.8394000e-002
  8.8450000e+002  4.4920000e-002
  8.8500000e+002  5.3118000e-002
  8.8550000e+002  6.2269000e-002
  8.8600000e+002  7.3907000e-002
  8.8650000e+002  8.5362000e-002
  8.8700000e+002  1.0035700e-001
  8.8750000e+002  1.1614800e-001
  8.8800000e+002  1.3676100e-001
  8.8850000e+002  1.5664800e-001
  8.8900000e+002  1.8147300e-001
  8.8950000e+002  2.0571500e-001
  8.9000000e+002  2.3851100e-001
  8.9050000e+002  2.6777300e-001
  8.9100000e+002  3.0586800e-001
  8.9150000e+002  3.4204400e-001
  8.9200000e+002  3.8366200e-001
  8.9250000e+002  4.2686400e-001
  8.9300000e+002  4.7446700e-001
  8.9350000e+002  5.2134400e-001
  8.9400000e+002  5.7432700e-001
  8.9450000e+002  6.2446400e-001
  8.9500000e+002  6.7599400e-001
  8.9550000e+002  7.2382900e-001
  8.9600000e+002  7.6516400e-001
  8.9650000e+002  8.1039500e-001
  8.9700000e+002  8.4860000e-001
  8.9750000e+002  8.8292000e-001
  8.9800000e+002  9.1159700e-001
  8.9850000e+002  9.3543900e-001
  8.9900000e+002  9.5217500e-001
  8.9950000e+002  9.6634700e-001
  9.0000000e+002  9.8114400e-001
  9.0050000e+002  9.8911900e-001
  9.0100000e+002  9.8953300e-001
  9.0150000e+002  9.9185400e-001
  9.0200000e+002  9.9743600e-001
  9.0250000e+002  9.9876900e-001
  9.0300000e+002  9.9691100e-001
  9.0350000e+002  1.0000000e+000
  9.0400000e+002  9.9990900e-001
  9.0450000e+002  9.9667900e-001
  9.0500000e+002  9.9470100e-001
  9.0550000e+002  9.9710300e-001
  9.0600000e+002  9.9685100e-001
  9.0650000e+002  9.9361100e-001
  9.0700000e+002  9.9211700e-001
  9.0750000e+002  9.8867500e-001
  9.0800000e+002  9.8238600e-001
  9.0850000e+002  9.7368500e-001
  9.0900000e+002  9.6498400e-001
  9.0950000e+002  9.5245700e-001
  9.1000000e+002  9.3845700e-001
  9.1050000e+002  9.2443700e-001
  9.1100000e+002  9.0389500e-001
  9.1150000e+002  8.8224400e-001
  9.1200000e+002  8.5596900e-001
  9.1250000e+002  8.3005800e-001
  9.1300000e+002  7.9820100e-001
  9.1350000e+002  7.6326600e-001
  9.1400000e+002  7.2587800e-001
  9.1450000e+002  6.8568400e-001
  9.1500000e+002  6.4547900e-001
  9.1550000e+002  6.0034900e-001
  9.1600000e+002  5.5130300e-001
  9.1650000e+002  5.0792900e-001
  9.1700000e+002  4.5916500e-001
  9.1750000e+002  4.1570000e-001
  9.1800000e+002  3.6759200e-001
  9.1850000e+002  3.2793300e-001
  9.1900000e+002  2.8839500e-001
  9.1950000e+002  2.5273300e-001
  9.2000000e+002  2.1844400e-001
  9.2050000e+002  1.9125100e-001
  9.2100000e+002  1.6320300e-001
  9.2150000e+002  1.4066200e-001
  9.2200000e+002  1.2101600e-001
  9.2250000e+002  1.0353700e-001
  9.2300000e+002  8.9086000e-002
  9.2350000e+002  7.6466000e-002
  9.2400000e+002  6.5178000e-002
  9.2450000e+002  5.6056000e-002
  9.2500000e+002  4.8896000e-002
  9.2550000e+002  4.2762000e-002
  9.2600000e+002  3.6652000e-002
  9.2650000e+002  3.0904000e-002
  9.2700000e+002  2.5600000e-002
  9.2750000e+002  2.0925000e-002
  9.2800000e+002  1.7795000e-002
  9.2850000e+002  1.5868000e-002
  9.2900000e+002  1.2787000e-002
  9.2950000e+002  7.7730000e-003
  9.3000000e+002  6.3540000e-003
  9.3050000e+002  5.7820000e-003
  9.3100000e+002  4.9770000e-003
  9.3150000e+002  4.4220000e-003
  9.3200000e+002  3.9290000e-003
  9.3250000e+002  3.1800000e-003
  9.3300000e+002  2.5820000e-003
  9.3350000e+002  2.3100000e-003
  9.3400000e+002  1.9940000e-003
  9.3450000e+002  1.7770000e-003
  9.3500000e+002  1.5840000e-003
  9.3550000e+002  1.4050000e-003
  9.3600000e+002  1.2130000e-003
  9.3650000e+002  1.0950000e-003
  9.3700000e+002  9.9400000e-004
  9.3750000e+002  8.9200000e-004
  9.3800000e+002  8.3400000e-004
  9.3850000e+002  7.3700000e-004
  9.3900000e+002  7.2000000e-004
  9.3950000e+002  6.6500000e-004
  9.4000000e+002  5.9300000e-004
  9.4050000e+002  5.3900000e-004
  9.4100000e+002  5.0800000e-004
  9.4150000e+002  5.7600000e-004
  9.4200000e+002  5.6100000e-004
  9.4250000e+002  5.5000000e-004
  9.4300000e+002  4.9100000e-004
  9.4350000e+002  4.8500000e-004
  9.4400000e+002  4.8800000e-004
  9.4450000e+002  4.6900000e-004
  9.4500000e+002  4.6000000e-004
  9.4550000e+002  4.7100000e-004
  9.4600000e+002  4.4500000e-004
  9.4650000e+002  4.5700000e-004
  9.4700000e+002  4.6900000e-004
  9.4750000e+002  4.4100000e-004
  9.4800000e+002  3.9800000e-004
  9.4850000e+002  4.6400000e-004
  9.4900000e+002  4.5200000e-004
  9.4950000e+002  4.1500000e-004
  9.5000000e+002  3.6700000e-004
  9.5050000e+002  3.8800000e-004
  9.5100000e+002  4.0300000e-004
  9.5150000e+002  4.6200000e-004
  9.5200000e+002  4.4500000e-004
  9.5250000e+002  4.7200000e-004
  9.5300000e+002  4.3900000e-004
  9.5350000e+002  3.9100000e-004
  9.5400000e+002  3.8100000e-004
  9.5450000e+002  3.9300000e-004
  9.5500000e+002  4.0900000e-004
  9.5550000e+002  4.1700000e-004
  9.5600000e+002  4.8000000e-004
  9.5650000e+002  4.8000000e-004
  9.5700000e+002  4.8100000e-004
  9.5750000e+002  4.9700000e-004
  9.5800000e+002  4.9300000e-004
  9.5850000e+002  4.9000000e-004
  9.5900000e+002  5.0600000e-004
  9.5950000e+002  4.8800000e-004
  9.6000000e+002  4.8600000e-004
  9.6050000e+002  5.3900000e-004
  9.6100000e+002  5.4800000e-004
  9.6150000e+002  5.7600000e-004
  9.6200000e+002  5.5800000e-004
  9.6250000e+002  6.9600000e-004
  9.6300000e+002  7.5900000e-004
  9.6350000e+002  8.0700000e-004
  9.6400000e+002  9.1500000e-004
  9.6450000e+002  1.1350000e-003
  9.6500000e+002  1.2700000e-003
  9.6550000e+002  1.4320000e-003
  9.6600000e+002  1.6500000e-003
  9.6650000e+002  1.8960000e-003
  9.6700000e+002  2.1660000e-003
  9.6750000e+002  2.3820000e-003
  9.6800000e+002  2.7750000e-003
  9.6850000e+002  3.1290000e-003
  9.6900000e+002  3.4400000e-003
  9.6950000e+002  3.8420000e-003
  9.7000000e+002  4.0890000e-003
  9.7050000e+002  4.3140000e-003
  9.7100000e+002  4.5950000e-003
  9.7150000e+002  4.9070000e-003
  9.7200000e+002  5.1210000e-003
  9.7250000e+002  5.3490000e-003
  9.7300000e+002  5.4990000e-003
  9.7350000e+002  5.5830000e-003
  9.7400000e+002  5.7130000e-003
  9.7450000e+002  5.8310000e-003
  9.7500000e+002  5.8990000e-003
  9.7550000e+002  5.9620000e-003
  9.7600000e+002  6.0560000e-003
  9.7650000e+002  6.0650000e-003
  9.7700000e+002  6.0750000e-003
  9.7750000e+002  6.2660000e-003
  9.7800000e+002  6.3140000e-003
  9.7850000e+002  6.3870000e-003
  9.7900000e+002  6.5040000e-003
  9.7950000e+002  6.6070000e-003
  9.8000000e+002  6.6270000e-003
  9.8050000e+002  6.7190000e-003
  9.8100000e+002  6.7420000e-003
  9.8150000e+002  6.7640000e-003
  9.8200000e+002  6.9000000e-003
  9.8250000e+002  7.0160000e-003
  9.8300000e+002  7.0040000e-003
  9.8350000e+002  7.0370000e-003
  9.8400000e+002  7.1150000e-003
  9.8450000e+002  7.1920000e-003
  9.8500000e+002  7.1440000e-003
  9.8550000e+002  7.0200000e-003
  9.8600000e+002  6.9620000e-003
  9.8650000e+002  7.0440000e-003
  9.8700000e+002  6.9860000e-003
  9.8750000e+002  6.9180000e-003
  9.8800000e+002  6.7590000e-003
  9.8850000e+002  6.6160000e-003
  9.8900000e+002  6.2970000e-003
  9.8950000e+002  6.1850000e-003
  9.9000000e+002  6.0120000e-003
  9.9050000e+002  5.7410000e-003
  9.9100000e+002  5.3640000e-003
  9.9150000e+002  4.9380000e-003
  9.9200000e+002  4.6220000e-003
  9.9250000e+002  4.2390000e-003
  9.9300000e+002  3.8240000e-003
  9.9350000e+002  3.5710000e-003
  9.9400000e+002  3.1920000e-003
  9.9450000e+002  2.9250000e-003
  9.9500000e+002  2.6220000e-003
  9.9550000e+002  2.2230000e-003
  9.9600000e+002  1.9830000e-003
  9.9650000e+002  1.8440000e-003
  9.9700000e+002  1.5480000e-003
  9.9750000e+002  1.3190000e-003
  9.9800000e+002  1.2380000e-003
  9.9850000e+002  1.1560000e-003
  9.9900000e+002  1.0760000e-003
  9.9950000e+002  9.2700000e-004
  1.0000000e+003  8.2500000e-004
  1.0005000e+003  0.0000000e+000
