350.0 0.006021
351.0 0.005564
352.0 0.005134
353.0 0.006006
354.0 0.006839
355.0 0.005958
356.0 0.005049
357.0 0.002468
358.0 0.0
359.0 0.002979
360.0 0.005888
361.0 0.004413
362.0 0.003005
363.0 0.004887
364.0 0.006747
365.0 0.007365
366.0 0.007955
367.0 0.007326
368.0 0.006705
369.0 0.006488
370.0 0.006285
371.0 0.006931
372.0 0.007585
373.0 0.008692
374.0 0.009771
375.0 0.008941
376.0 0.008121
377.0 0.007925
378.0 0.007736
379.0 0.007961
380.0 0.008172
381.0 0.007544
382.0 0.006885
383.0 0.00439
384.0 0.001969
385.0 0.003342
386.0 0.004716
387.0 0.006085
388.0 0.007424
389.0 0.006959
390.0 0.006511
391.0 0.006955
392.0 0.007399
393.0 0.007844
394.0 0.00829
395.0 0.008739
396.0 0.009126
397.0 0.005977
398.0 0.002908
399.0 0.005154
400.0 0.007289
401.0 0.004384
402.0 0.001596
403.0 0.004512
404.0 0.007401
405.0 0.008976
406.0 0.01049
407.0 0.009134
408.0 0.00777
409.0 0.006204
410.0 0.004656
411.0 0.003995
412.0 0.003388
413.0 0.006511
414.0 0.009548
415.0 0.007533
416.0 0.005545
417.0 0.004881
418.0 0.004222
419.0 0.004006
420.0 0.003814
421.0 0.004887
422.0 0.005935
423.0 0.0055
424.0 0.005055
425.0 0.003804
426.0 0.002586
427.0 0.003006
428.0 0.003486
429.0 0.007242
430.0 0.01088
431.0 0.007917
432.0 0.005021
433.0 0.006314
434.0 0.007585
435.0 0.007539
436.0 0.007459
437.0 0.005485
438.0 0.003556
439.0 0.005616
440.0 0.00762
441.0 0.00558
442.0 0.003586
443.0 0.004238
444.0 0.004886
445.0 0.005195
446.0 0.005518
447.0 0.006714
448.0 0.007889
449.0 0.007546
450.0 0.007208
451.0 0.007448
452.0 0.007648
453.0 0.005514
454.0 0.003426
455.0 0.004117
456.0 0.004799
457.0 0.004939
458.0 0.005072
459.0 0.004795
460.0 0.004535
461.0 0.005227
462.0 0.005912
463.0 0.005895
464.0 0.005894
465.0 0.00726
466.0 0.008592
467.0 0.007752
468.0 0.00691
469.0 0.005836
470.0 0.004795
471.0 0.005833
472.0 0.006858
473.0 0.006815
474.0 0.006763
475.0 0.005742
476.0 0.004738
477.0 0.004732
478.0 0.00471
479.0 0.003663
480.0 0.002655
481.0 0.004136
482.0 0.0056
483.0 0.006009
484.0 0.006408
485.0 0.005639
486.0 0.004867
487.0 0.003744
488.0 0.002662
489.0 0.004445
490.0 0.006201
491.0 0.004937
492.0 0.003705
493.0 0.00489
494.0 0.006049
495.0 0.00471
496.0 0.003394
497.0 0.004932
498.0 0.006435
499.0 0.005503
500.0 0.004584
501.0 0.004656
502.0 0.004725
503.0 0.004566
504.0 0.004408
505.0 0.00426
506.0 0.004117
507.0 0.004472
508.0 0.004826
509.0 0.004955
510.0 0.005081
511.0 0.004937
512.0 0.004795
513.0 0.004983
514.0 0.005168
515.0 0.005093
516.0 0.005018
517.0 0.004886
518.0 0.004752
519.0 0.004446
520.0 0.004144
521.0 0.00444
522.0 0.004732
523.0 0.00467
524.0 0.004609
525.0 0.004774
526.0 0.004933
527.0 0.004485
528.0 0.004042
529.0 0.003883
530.0 0.003731
531.0 0.004533
532.0 0.005325
533.0 0.005318
534.0 0.005305
535.0 0.00468
536.0 0.00406
537.0 0.004316
538.0 0.004574
539.0 0.004922
540.0 0.005266
541.0 0.005161
542.0 0.00505
543.0 0.00441
544.0 0.003775
545.0 0.003537
546.0 0.003303
547.0 0.003834
548.0 0.00436
549.0 0.00417
550.0 0.003988
551.0 0.004502
552.0 0.005011
553.0 0.004868
554.0 0.004725
555.0 0.004586
556.0 0.004452
557.0 0.00481
558.0 0.005162
559.0 0.004846
560.0 0.004532
561.0 0.004443
562.0 0.004354
563.0 0.00431
564.0 0.004267
565.0 0.004574
566.0 0.004878
567.0 0.004702
568.0 0.004525
569.0 0.004309
570.0 0.004095
571.0 0.004439
572.0 0.004781
573.0 0.004437
574.0 0.004097
575.0 0.004225
576.0 0.004356
577.0 0.00486
578.0 0.005355
579.0 0.004769
580.0 0.004184
581.0 0.004557
582.0 0.004929
583.0 0.005091
584.0 0.005252
585.0 0.005248
586.0 0.005244
587.0 0.005361
588.0 0.005473
589.0 0.004669
590.0 0.003869
591.0 0.004307
592.0 0.004744
593.0 0.004545
594.0 0.004346
595.0 0.004189
596.0 0.004032
597.0 0.0038
598.0 0.003569
599.0 0.003417
600.0 0.003268
601.0 0.003653
602.0 0.004038
603.0 0.004076
604.0 0.004115
605.0 0.004077
606.0 0.004041
607.0 0.004268
608.0 0.004495
609.0 0.00457
610.0 0.004644
611.0 0.004531
612.0 0.004418
613.0 0.004381
614.0 0.004344
615.0 0.004683
616.0 0.005021
617.0 0.004909
618.0 0.004796
619.0 0.004871
620.0 0.004947
621.0 0.004645
622.0 0.004344
623.0 0.004493
624.0 0.004641
625.0 0.004678
626.0 0.004713
627.0 0.004379
628.0 0.004046
629.0 0.004083
630.0 0.00412
631.0 0.004341
632.0 0.004563
633.0 0.004563
634.0 0.004564
635.0 0.004564
636.0 0.004564
637.0 0.004528
638.0 0.004491
639.0 0.004528
640.0 0.004566
641.0 0.004455
642.0 0.004343
643.0 0.004569
644.0 0.004796
645.0 0.004646
646.0 0.004496
647.0 0.004575
648.0 0.004653
649.0 0.0045
650.0 0.004347
651.0 0.004507
652.0 0.004668
653.0 0.004548
654.0 0.004427
655.0 0.004347
656.0 0.004267
657.0 0.004462
658.0 0.004657
659.0 0.004577
660.0 0.004498
661.0 0.004686
662.0 0.004875
663.0 0.004909
664.0 0.004943
665.0 0.004829
666.0 0.004715
667.0 0.004529
668.0 0.004342
669.0 0.004195
670.0 0.004048
671.0 0.004377
672.0 0.004708
673.0 0.004453
674.0 0.004196
675.0 0.004451
676.0 0.004708
677.0 0.004856
678.0 0.005004
679.0 0.00449
680.0 0.003972
681.0 0.004194
682.0 0.004416
683.0 0.004974
684.0 0.005533
685.0 0.004978
686.0 0.004422
687.0 0.004829
688.0 0.005243
689.0 0.005211
690.0 0.005176
691.0 0.005403
692.0 0.005632
693.0 0.005408
694.0 0.005181
695.0 0.00503
696.0 0.004879
697.0 0.005261
698.0 0.005646
699.0 0.005458
700.0 0.005268
701.0 0.005116
702.0 0.004963
703.0 0.005156
704.0 0.005352
705.0 0.005472
706.0 0.005592
707.0 0.005513
708.0 0.005434
709.0 0.005125
710.0 0.004816
711.0 0.004895
712.0 0.004976
713.0 0.004862
714.0 0.004745
715.0 0.004746
716.0 0.004748
717.0 0.005029
718.0 0.005313
719.0 0.005358
720.0 0.005402
721.0 0.005243
722.0 0.005084
723.0 0.004922
724.0 0.00476
725.0 0.004638
726.0 0.004515
727.0 0.00468
728.0 0.004847
729.0 0.004974
730.0 0.0051
731.0 0.004478
732.0 0.003852
733.0 0.004602
734.0 0.005363
735.0 0.005331
736.0 0.005294
737.0 0.005255
738.0 0.005216
739.0 0.004915
740.0 0.004612
741.0 0.004697
742.0 0.004785
743.0 0.005051
744.0 0.005318
745.0 0.005104
746.0 0.004886
747.0 0.004755
748.0 0.004624
749.0 0.004625
750.0 0.004627
751.0 0.005214
752.0 0.005806
753.0 0.005862
754.0 0.005912
755.0 0.005554
756.0 0.005191
757.0 0.005189
758.0 0.005193
759.0 0.005335
760.0 0.005479
761.0 0.005489
762.0 0.005497
763.0 0.005316
764.0 0.005132
765.0 0.005376
766.0 0.005624
767.0 0.005785
768.0 0.005945
769.0 0.006008
770.0 0.006071
771.0 0.006382
772.0 0.006696
773.0 0.006711
774.0 0.006722
775.0 0.006582
776.0 0.00644
777.0 0.006708
778.0 0.006981
779.0 0.00726
780.0 0.007539
781.0 0.007562
782.0 0.007581
783.0 0.007978
784.0 0.008378
785.0 0.008243
786.0 0.008102
787.0 0.008454
788.0 0.008812
789.0 0.009234
790.0 0.009656
791.0 0.009906
792.0 0.01015
793.0 0.01064
794.0 0.01113
795.0 0.01161
796.0 0.01209
797.0 0.01282
798.0 0.01355
799.0 0.01436
800.0 0.01517
801.0 0.0163
802.0 0.01743
803.0 0.01884
804.0 0.02024
805.0 0.02185
806.0 0.02346
807.0 0.02566
808.0 0.02788
809.0 0.03036
810.0 0.03284
811.0 0.03683
812.0 0.04083
813.0 0.04632
814.0 0.05184
815.0 0.05866
816.0 0.06549
817.0 0.07554
818.0 0.08564
819.0 0.09952
820.0 0.1135
821.0 0.1328
822.0 0.1521
823.0 0.1811
824.0 0.2102
825.0 0.2497
826.0 0.2893
827.0 0.343
828.0 0.3968
829.0 0.4634
830.0 0.5301
831.0 0.6007
832.0 0.6713
833.0 0.7426
834.0 0.8139
835.0 0.8633
836.0 0.9124
837.0 0.9444
838.0 0.976
839.0 0.986
840.0 0.9956
841.0 0.9979
842.0 1.0
843.0 0.9974
844.0 0.9947
845.0 0.9912
846.0 0.9877
847.0 0.9853
848.0 0.983
849.0 0.9793
850.0 0.9757
851.0 0.9744
852.0 0.9731
853.0 0.9694
854.0 0.9657
855.0 0.9651
856.0 0.9645
857.0 0.9646
858.0 0.9648
859.0 0.9673
860.0 0.9699
861.0 0.9712
862.0 0.9724
863.0 0.9728
864.0 0.9732
865.0 0.9736
866.0 0.9739
867.0 0.973
868.0 0.9722
869.0 0.962
870.0 0.9516
871.0 0.9382
872.0 0.9248
873.0 0.904
874.0 0.883
875.0 0.8533
876.0 0.8235
877.0 0.7839
878.0 0.7441
879.0 0.6991
880.0 0.654
881.0 0.6071
882.0 0.5601
883.0 0.5127
884.0 0.4654
885.0 0.4241
886.0 0.3829
887.0 0.3462
888.0 0.3096
889.0 0.279
890.0 0.2484
891.0 0.2246
892.0 0.2009
893.0 0.181
894.0 0.1611
895.0 0.146
896.0 0.1309
897.0 0.1185
898.0 0.1061
899.0 0.09647
900.0 0.08686
901.0 0.07951
902.0 0.07219
903.0 0.06597
904.0 0.05977
905.0 0.05527
906.0 0.0508
907.0 0.04717
908.0 0.04355
909.0 0.04039
910.0 0.03723
911.0 0.03484
912.0 0.03247
913.0 0.0305
914.0 0.02853
915.0 0.02698
916.0 0.02543
917.0 0.02415
918.0 0.02287
919.0 0.02149
920.0 0.02011
921.0 0.01927
922.0 0.01844
923.0 0.01777
924.0 0.01711
925.0 0.01643
926.0 0.01574
927.0 0.01531
928.0 0.01488
929.0 0.01439
930.0 0.0139
931.0 0.01339
932.0 0.01289
933.0 0.01243
934.0 0.01197
935.0 0.0116
936.0 0.01123
937.0 0.01154
938.0 0.01186
939.0 0.01074
940.0 0.009579
941.0 0.009988
942.0 0.01043
943.0 0.01021
944.0 0.009976
945.0 0.009847
946.0 0.00972
947.0 0.00947
948.0 0.009219
949.0 0.009153
950.0 0.009092
951.0 0.009102
952.0 0.009113
953.0 0.009154
954.0 0.009196
955.0 0.00906
956.0 0.008921
957.0 0.008847
958.0 0.008774
959.0 0.008891
960.0 0.009013
961.0 0.008636
962.0 0.008249
963.0 0.008114
964.0 0.007984
965.0 0.007686
966.0 0.007386
967.0 0.007134
968.0 0.006884
969.0 0.00687
970.0 0.00686
971.0 0.007651
972.0 0.00846
973.0 0.007574
974.0 0.006647
975.0 0.006823
976.0 0.007022
977.0 0.007581
978.0 0.008147
979.0 0.00785
980.0 0.007536
981.0 0.007535
982.0 0.00754
983.0 0.006998
984.0 0.006443
985.0 0.006676
986.0 0.006927
987.0 0.007569
988.0 0.008219
989.0 0.00812
990.0 0.008008
991.0 0.00776
992.0 0.007508
993.0 0.007565
994.0 0.007627
995.0 0.007639
996.0 0.007649
997.0 0.007783
998.0 0.007921
999.0 0.007616
1000.0 0.007299
1001.0 0.007694
1002.0 0.008102
1003.0 0.007923
1004.0 0.007732
1005.0 0.007935
1006.0 0.008147
1007.0 0.00796
1008.0 0.007764
1009.0 0.007967
1010.0 0.00818
1011.0 0.008191
1012.0 0.008199
1013.0 0.008411
1014.0 0.008627
1015.0 0.008443
1016.0 0.008251
1017.0 0.008724
1018.0 0.009209
1019.0 0.009511
1020.0 0.009808
1021.0 0.009203
1022.0 0.008578
1023.0 0.009302
1024.0 0.01005
1025.0 0.01021
1026.0 0.01036
1027.0 0.00981
1028.0 0.009252
1029.0 0.00965
1030.0 0.01007
1031.0 0.01017
1032.0 0.01025
1033.0 0.009804
1034.0 0.009341
1035.0 0.009914
1036.0 0.01051
1037.0 0.01027
1038.0 0.01001
1039.0 0.01104
1040.0 0.01209
1041.0 0.01152
1042.0 0.01092
1043.0 0.01118
1044.0 0.01146
1045.0 0.01231
1046.0 0.01317
1047.0 0.01338
1048.0 0.01357
1049.0 0.01322
1050.0 0.01285
1051.0 0.01322
1052.0 0.0136
1053.0 0.01451
1054.0 0.01543
1055.0 0.01563
1056.0 0.01582
1057.0 0.01608
1058.0 0.01633
1059.0 0.01712
1060.0 0.01793
1061.0 0.01867
1062.0 0.0194
1063.0 0.02128
1064.0 0.02318
1065.0 0.02466
1066.0 0.02614
1067.0 0.0276
1068.0 0.02907
1069.0 0.03015
1070.0 0.03122
1071.0 0.03373
1072.0 0.03627
1073.0 0.03899
1074.0 0.04172
1075.0 0.04616
1076.0 0.05064
1077.0 0.05533
1078.0 0.06002
1079.0 0.06461
1080.0 0.0692
1081.0 0.07711
1082.0 0.0851
1083.0 0.09136
1084.0 0.09757
1085.0 0.1036
1086.0 0.1096
1087.0 0.1138
1088.0 0.1179
1089.0 0.1177
1090.0 0.1174
1091.0 0.1143
1092.0 0.1112
1093.0 0.1071
1094.0 0.1029
1095.0 0.09657
1096.0 0.09019
1097.0 0.08288
1098.0 0.07555
1099.0 0.07066
1100.0 0.06582
