  6.6666670e+003  0.0000000e+000
  6.7024130e+003  0.0000000e+000
  6.7385440e+003  8.7950124e-005
  6.7750680e+003 -4.1815652e-005
  6.8119890e+003  6.0536626e-005
  6.8493150e+003  1.1811421e-004
  6.8870520e+003  1.1793763e-004
  6.9252080e+003  1.4734619e-004
  6.9637890e+003  1.6487886e-004
  7.0028010e+003  4.3612387e-004
  7.0422540e+003  4.0480014e-004
  7.0821530e+003  5.9331278e-004
  7.1225070e+003  1.0396568e-003
  7.1633240e+003  7.5236941e-004
  7.2046110e+003  6.5078592e-004
  7.2463770e+003  2.0722831e-003
  7.2886300e+003  1.2189851e-003
  7.3313780e+003  4.3860776e-003
  7.3746310e+003  5.2392557e-003
  7.4183970e+003  8.6182794e-003
  7.4626870e+003  1.8462101e-002
  7.5075070e+003  3.0760348e-002
  7.5528700e+003  5.1053099e-002
  7.5987840e+003  8.4258310e-002
  7.6452600e+003  1.3987990e-001
  7.6923080e+003  2.3639530e-001
  7.7399380e+003  4.0835630e-001
  7.7881620e+003  6.7365910e-001
  7.8369900e+003  9.3602650e-001
  7.8864350e+003  1.0000000e+000
  7.9365080e+003  9.1722980e-001
  7.9872210e+003  8.3846640e-001
  8.0385850e+003  8.2505580e-001
  8.0906150e+003  8.5668180e-001
  8.1433220e+003  8.9217720e-001
  8.1967210e+003  8.9928340e-001
  8.2508250e+003  8.9741020e-001
  8.3056470e+003  9.1260740e-001
  8.3612040e+003  8.9759090e-001
  8.4175090e+003  6.6725450e-001
  8.4745760e+003  3.3854990e-001
  8.5324230e+003  1.4928440e-001
  8.5910650e+003  7.2794609e-002
  8.6505190e+003  3.8829733e-002
  8.7108020e+003  2.2356894e-002
  8.7719300e+003  1.3465460e-002
  8.8339230e+003  8.5208565e-003
  8.8967980e+003  5.8172354e-003
  8.9605730e+003  3.7541548e-003
  9.0252710e+003  0.0000000e+000
  9.0909090e+003  0.0000000e+000
