  2.0525000e+003  0.0000000e+000
  2.0530000e+003  4.9600000e-004
  2.0540000e+003  2.8750000e-003
  2.0550000e+003  5.2540000e-003
  2.0560000e+003  4.2630000e-003
  2.0570000e+003  3.2720000e-003
  2.0580000e+003  9.9000000e-005
  2.0590000e+003  3.9600000e-004
  2.0600000e+003  1.2880000e-003
  2.0610000e+003  2.1810000e-003
  2.0620000e+003  4.1760000e-003
  2.0630000e+003  8.0050000e-003
  2.0640000e+003  1.1669000e-002
  2.0650000e+003  1.5627000e-002
  2.0660000e+003  1.4940000e-002
  2.0670000e+003  1.2113000e-002
  2.0680000e+003  1.4180000e-002
  2.0690000e+003  1.6052000e-002
  2.0700000e+003  2.2726000e-002
  2.0710000e+003  3.3358000e-002
  2.0720000e+003  3.8116000e-002
  2.0730000e+003  3.0967000e-002
  2.0740000e+003  4.1496000e-002
  2.0750000e+003  4.8702000e-002
  2.0760000e+003  6.2431000e-002
  2.0770000e+003  7.4887000e-002
  2.0780000e+003  8.8308000e-002
  2.0790000e+003  9.5384000e-002
  2.0800000e+003  1.1119800e-001
  2.0810000e+003  1.3006200e-001
  2.0820000e+003  1.4776000e-001
  2.0830000e+003  1.6617400e-001
  2.0840000e+003  1.8661800e-001
  2.0850000e+003  1.9712400e-001
  2.0860000e+003  2.2950800e-001
  2.0870000e+003  2.3658000e-001
  2.0880000e+003  2.5096800e-001
  2.0890000e+003  2.7586200e-001
  2.0900000e+003  3.0318500e-001
  2.0910000e+003  3.2151600e-001
  2.0920000e+003  3.4305700e-001
  2.0930000e+003  3.6326800e-001
  2.0940000e+003  3.8469700e-001
  2.0950000e+003  4.0410500e-001
  2.0960000e+003  4.3227100e-001
  2.0970000e+003  4.6901400e-001
  2.0980000e+003  4.9419300e-001
  2.0990000e+003  5.1090800e-001
  2.1000000e+003  5.3623900e-001
  2.1010000e+003  5.6268900e-001
  2.1020000e+003  5.9896400e-001
  2.1030000e+003  6.1428600e-001
  2.1040000e+003  6.2876600e-001
  2.1050000e+003  6.5658700e-001
  2.1060000e+003  6.8549500e-001
  2.1070000e+003  7.0880500e-001
  2.1080000e+003  7.3845500e-001
  2.1090000e+003  7.6061600e-001
  2.1100000e+003  7.7627400e-001
  2.1110000e+003  8.0187000e-001
  2.1120000e+003  8.2325900e-001
  2.1130000e+003  8.5194300e-001
  2.1140000e+003  8.8193900e-001
  2.1150000e+003  8.8476300e-001
  2.1160000e+003  8.8663300e-001
  2.1170000e+003  9.0997300e-001
  2.1180000e+003  9.3075200e-001
  2.1190000e+003  9.4799600e-001
  2.1200000e+003  9.5795400e-001
  2.1210000e+003  9.6552400e-001
  2.1220000e+003  9.7297200e-001
  2.1230000e+003  9.7764600e-001
  2.1240000e+003  9.8177100e-001
  2.1250000e+003  9.9325300e-001
  2.1260000e+003  1.0000000e+000
  2.1270000e+003  9.9747000e-001
  2.1280000e+003  9.9595600e-001
  2.1290000e+003  9.9099700e-001
  2.1300000e+003  9.8435200e-001
  2.1310000e+003  9.6780000e-001
  2.1320000e+003  9.5152200e-001
  2.1330000e+003  9.4114700e-001
  2.1340000e+003  9.3464400e-001
  2.1350000e+003  9.1652700e-001
  2.1360000e+003  8.9184600e-001
  2.1370000e+003  8.8244700e-001
  2.1380000e+003  8.6852600e-001
  2.1390000e+003  8.4630400e-001
  2.1400000e+003  8.2209000e-001
  2.1410000e+003  7.9846600e-001
  2.1420000e+003  7.6673300e-001
  2.1430000e+003  7.3379100e-001
  2.1440000e+003  7.0586800e-001
  2.1450000e+003  6.8812700e-001
  2.1460000e+003  6.6021400e-001
  2.1470000e+003  6.3506600e-001
  2.1480000e+003  5.9963400e-001
  2.1490000e+003  5.6953700e-001
  2.1500000e+003  5.4937800e-001
  2.1510000e+003  5.2087600e-001
  2.1520000e+003  4.7779300e-001
  2.1530000e+003  4.3659000e-001
  2.1540000e+003  4.1246800e-001
  2.1550000e+003  3.8061300e-001
  2.1560000e+003  3.5596200e-001
  2.1570000e+003  3.1694400e-001
  2.1580000e+003  2.8728300e-001
  2.1590000e+003  2.4590800e-001
  2.1600000e+003  2.0964300e-001
  2.1610000e+003  1.8366000e-001
  2.1620000e+003  1.5593300e-001
  2.1630000e+003  1.2064500e-001
  2.1640000e+003  9.7390000e-002
  2.1650000e+003  8.3883000e-002
  2.1660000e+003  6.0523000e-002
  2.1670000e+003  5.0612000e-002
  2.1680000e+003  4.6640000e-002
  2.1690000e+003  3.9157000e-002
  2.1700000e+003  3.1148000e-002
  2.1710000e+003  1.8965000e-002
  2.1720000e+003  1.8554000e-002
  2.1730000e+003  1.4015000e-002
  2.1740000e+003  1.1762000e-002
  2.1750000e+003  1.7970000e-003
  2.1755000e+003  0.0000000e+000
