  9.5995000e+003  0.0000000e+000
  9.6000000e+003  4.4620000e-002
  9.6100000e+003  4.6549000e-002
  9.6200000e+003  4.8620000e-002
  9.6300000e+003  5.0857000e-002
  9.6400000e+003  5.3275000e-002
  9.6500000e+003  5.5887000e-002
  9.6600000e+003  5.8703000e-002
  9.6700000e+003  6.1739000e-002
  9.6800000e+003  6.5005000e-002
  9.6900000e+003  6.8518000e-002
  9.7000000e+003  7.2291000e-002
  9.7100000e+003  7.6333000e-002
  9.7200000e+003  8.0656000e-002
  9.7300000e+003  8.5263000e-002
  9.7400000e+003  9.0163000e-002
  9.7500000e+003  9.5365000e-002
  9.7600000e+003  1.0086900e-001
  9.7700000e+003  1.0668700e-001
  9.7800000e+003  1.1282200e-001
  9.7900000e+003  1.1928900e-001
  9.8000000e+003  1.2608400e-001
  9.8100000e+003  1.3323700e-001
  9.8200000e+003  1.4073400e-001
  9.8300000e+003  1.4860300e-001
  9.8400000e+003  1.5683300e-001
  9.8500000e+003  1.6542600e-001
  9.8600000e+003  1.7439500e-001
  9.8700000e+003  1.8372700e-001
  9.8800000e+003  1.9342100e-001
  9.8900000e+003  2.0348100e-001
  9.9000000e+003  2.1388500e-001
  9.9100000e+003  2.2464800e-001
  9.9200000e+003  2.3573900e-001
  9.9300000e+003  2.4717800e-001
  9.9400000e+003  2.5893300e-001
  9.9500000e+003  2.7101800e-001
  9.9600000e+003  2.8339400e-001
  9.9700000e+003  2.9605900e-001
  9.9800000e+003  3.0897900e-001
  9.9900000e+003  3.2213200e-001
  1.0000000e+004  3.3548600e-001
  1.0010000e+004  3.4899100e-001
  1.0020000e+004  3.6259300e-001
  1.0030000e+004  3.7624600e-001
  1.0040000e+004  3.8988600e-001
  1.0050000e+004  4.0346500e-001
  1.0060000e+004  4.1692700e-001
  1.0070000e+004  4.3020600e-001
  1.0080000e+004  4.4329900e-001
  1.0090000e+004  4.5615600e-001
  1.0100000e+004  4.6874400e-001
  1.0110000e+004  4.8107100e-001
  1.0120000e+004  4.9313300e-001
  1.0130000e+004  5.0493500e-001
  1.0140000e+004  5.1644300e-001
  1.0150000e+004  5.2769800e-001
  1.0160000e+004  5.3869500e-001
  1.0170000e+004  5.4941800e-001
  1.0180000e+004  5.5988400e-001
  1.0190000e+004  5.7007900e-001
  1.0200000e+004  5.7995800e-001
  1.0210000e+004  5.8950700e-001
  1.0220000e+004  5.9866100e-001
  1.0230000e+004  6.0740000e-001
  1.0240000e+004  6.1570200e-001
  1.0250000e+004  6.2350400e-001
  1.0260000e+004  6.3080600e-001
  1.0270000e+004  6.3759100e-001
  1.0280000e+004  6.4391300e-001
  1.0290000e+004  6.4977000e-001
  1.0300000e+004  6.5522600e-001
  1.0310000e+004  6.6035200e-001
  1.0320000e+004  6.6522000e-001
  1.0330000e+004  6.6988500e-001
  1.0340000e+004  6.7441200e-001
  1.0350000e+004  6.7887100e-001
  1.0360000e+004  6.8329600e-001
  1.0370000e+004  6.8767800e-001
  1.0380000e+004  6.9205400e-001
  1.0390000e+004  6.9638700e-001
  1.0400000e+004  7.0063100e-001
  1.0410000e+004  7.0477400e-001
  1.0420000e+004  7.0874100e-001
  1.0430000e+004  7.1249100e-001
  1.0440000e+004  7.1597700e-001
  1.0450000e+004  7.1919100e-001
  1.0460000e+004  7.2213900e-001
  1.0470000e+004  7.2481200e-001
  1.0480000e+004  7.2726500e-001
  1.0490000e+004  7.2954000e-001
  1.0500000e+004  7.3171300e-001
  1.0510000e+004  7.3382500e-001
  1.0520000e+004  7.3595400e-001
  1.0530000e+004  7.3813600e-001
  1.0540000e+004  7.4043200e-001
  1.0550000e+004  7.4283900e-001
  1.0560000e+004  7.4535200e-001
  1.0570000e+004  7.4795400e-001
  1.0580000e+004  7.5056400e-001
  1.0590000e+004  7.5312100e-001
  1.0600000e+004  7.5555800e-001
  1.0610000e+004  7.5779200e-001
  1.0620000e+004  7.5973700e-001
  1.0630000e+004  7.6137700e-001
  1.0640000e+004  7.6267900e-001
  1.0650000e+004  7.6365400e-001
  1.0660000e+004  7.6433800e-001
  1.0670000e+004  7.6478300e-001
  1.0680000e+004  7.6505200e-001
  1.0690000e+004  7.6523900e-001
  1.0700000e+004  7.6535700e-001
  1.0710000e+004  7.6550000e-001
  1.0720000e+004  7.6565100e-001
  1.0730000e+004  7.6583000e-001
  1.0740000e+004  7.6599800e-001
  1.0750000e+004  7.6615400e-001
  1.0760000e+004  7.6621500e-001
  1.0770000e+004  7.6618700e-001
  1.0780000e+004  7.6600000e-001
  1.0790000e+004  7.6566200e-001
  1.0800000e+004  7.6512400e-001
  1.0810000e+004  7.6440700e-001
  1.0820000e+004  7.6349500e-001
  1.0830000e+004  7.6240400e-001
  1.0840000e+004  7.6113500e-001
  1.0850000e+004  7.5969600e-001
  1.0860000e+004  7.5808000e-001
  1.0870000e+004  7.5630600e-001
  1.0880000e+004  7.5432200e-001
  1.0890000e+004  7.5217400e-001
  1.0900000e+004  7.4981100e-001
  1.0910000e+004  7.4725100e-001
  1.0920000e+004  7.4446800e-001
  1.0930000e+004  7.4147600e-001
  1.0940000e+004  7.3828900e-001
  1.0950000e+004  7.3493800e-001
  1.0960000e+004  7.3146000e-001
  1.0970000e+004  7.2786900e-001
  1.0980000e+004  7.2423800e-001
  1.0990000e+004  7.2060300e-001
  1.1000000e+004  7.1702600e-001
  1.1010000e+004  7.1353700e-001
  1.1020000e+004  7.1020500e-001
  1.1030000e+004  7.0704300e-001
  1.1040000e+004  7.0404900e-001
  1.1050000e+004  7.0121900e-001
  1.1060000e+004  6.9848000e-001
  1.1070000e+004  6.9583700e-001
  1.1080000e+004  6.9318600e-001
  1.1090000e+004  6.9048600e-001
  1.1100000e+004  6.8766700e-001
  1.1110000e+004  6.8465900e-001
  1.1120000e+004  6.8146700e-001
  1.1130000e+004  6.7804400e-001
  1.1140000e+004  6.7441700e-001
  1.1150000e+004  6.7064800e-001
  1.1160000e+004  6.6681600e-001
  1.1170000e+004  6.6298400e-001
  1.1180000e+004  6.5929100e-001
  1.1190000e+004  6.5584400e-001
  1.1200000e+004  6.5274800e-001
  1.1210000e+004  6.5010800e-001
  1.1220000e+004  6.4797300e-001
  1.1230000e+004  6.4638800e-001
  1.1240000e+004  6.4535200e-001
  1.1250000e+004  6.4478900e-001
  1.1260000e+004  6.4463500e-001
  1.1270000e+004  6.4475300e-001
  1.1280000e+004  6.4502800e-001
  1.1290000e+004  6.4530800e-001
  1.1300000e+004  6.4545700e-001
  1.1310000e+004  6.4538200e-001
  1.1320000e+004  6.4499500e-001
  1.1330000e+004  6.4428900e-001
  1.1340000e+004  6.4325900e-001
  1.1350000e+004  6.4196200e-001
  1.1360000e+004  6.4051700e-001
  1.1370000e+004  6.3901200e-001
  1.1380000e+004  6.3759400e-001
  1.1390000e+004  6.3636600e-001
  1.1400000e+004  6.3545400e-001
  1.1410000e+004  6.3495400e-001
  1.1420000e+004  6.3496000e-001
  1.1430000e+004  6.3550100e-001
  1.1440000e+004  6.3658300e-001
  1.1450000e+004  6.3816800e-001
  1.1460000e+004  6.4021200e-001
  1.1470000e+004  6.4259100e-001
  1.1480000e+004  6.4519300e-001
  1.1490000e+004  6.4789300e-001
  1.1500000e+004  6.5055000e-001
  1.1510000e+004  6.5303300e-001
  1.1520000e+004  6.5526700e-001
  1.1530000e+004  6.5714000e-001
  1.1540000e+004  6.5863800e-001
  1.1550000e+004  6.5974200e-001
  1.1560000e+004  6.6049700e-001
  1.1570000e+004  6.6094200e-001
  1.1580000e+004  6.6116800e-001
  1.1590000e+004  6.6126400e-001
  1.1600000e+004  6.6133000e-001
  1.1610000e+004  6.6149500e-001
  1.1620000e+004  6.6184300e-001
  1.1630000e+004  6.6249200e-001
  1.1640000e+004  6.6348100e-001
  1.1650000e+004  6.6485200e-001
  1.1660000e+004  6.6664300e-001
  1.1670000e+004  6.6882100e-001
  1.1680000e+004  6.7130200e-001
  1.1690000e+004  6.7407100e-001
  1.1700000e+004  6.7700200e-001
  1.1710000e+004  6.7996900e-001
  1.1720000e+004  6.8289000e-001
  1.1730000e+004  6.8563400e-001
  1.1740000e+004  6.8814000e-001
  1.1750000e+004  6.9035900e-001
  1.1760000e+004  6.9224400e-001
  1.1770000e+004  6.9383700e-001
  1.1780000e+004  6.9517200e-001
  1.1790000e+004  6.9631000e-001
  1.1800000e+004  6.9734000e-001
  1.1810000e+004  6.9838700e-001
  1.1820000e+004  6.9951000e-001
  1.1830000e+004  7.0086200e-001
  1.1840000e+004  7.0246100e-001
  1.1850000e+004  7.0437300e-001
  1.1860000e+004  7.0662500e-001
  1.1870000e+004  7.0918300e-001
  1.1880000e+004  7.1202400e-001
  1.1890000e+004  7.1512000e-001
  1.1900000e+004  7.1838600e-001
  1.1910000e+004  7.2180400e-001
  1.1920000e+004  7.2530900e-001
  1.1930000e+004  7.2885800e-001
  1.1940000e+004  7.3243200e-001
  1.1950000e+004  7.3600900e-001
  1.1960000e+004  7.3962200e-001
  1.1970000e+004  7.4327800e-001
  1.1980000e+004  7.4702800e-001
  1.1990000e+004  7.5091600e-001
  1.2000000e+004  7.5500600e-001
  1.2010000e+004  7.5936900e-001
  1.2020000e+004  7.6403900e-001
  1.2030000e+004  7.6907400e-001
  1.2040000e+004  7.7452200e-001
  1.2050000e+004  7.8037400e-001
  1.2060000e+004  7.8665600e-001
  1.2070000e+004  7.9336200e-001
  1.2080000e+004  8.0045000e-001
  1.2090000e+004  8.0788700e-001
  1.2100000e+004  8.1562800e-001
  1.2110000e+004  8.2360900e-001
  1.2120000e+004  8.3179500e-001
  1.2130000e+004  8.4016600e-001
  1.2140000e+004  8.4869900e-001
  1.2150000e+004  8.5739600e-001
  1.2160000e+004  8.6624200e-001
  1.2170000e+004  8.7528900e-001
  1.2180000e+004  8.8454400e-001
  1.2190000e+004  8.9405800e-001
  1.2200000e+004  9.0382400e-001
  1.2210000e+004  9.1387000e-001
  1.2220000e+004  9.2415300e-001
  1.2230000e+004  9.3462000e-001
  1.2240000e+004  9.4507300e-001
  1.2250000e+004  9.5532500e-001
  1.2260000e+004  9.6503700e-001
  1.2270000e+004  9.7390700e-001
  1.2280000e+004  9.8162100e-001
  1.2290000e+004  9.8797800e-001
  1.2300000e+004  9.9289900e-001
  1.2310000e+004  9.9643100e-001
  1.2320000e+004  9.9871400e-001
  1.2330000e+004  9.9988500e-001
  1.2340000e+004  1.0000000e+000
  1.2350000e+004  9.9900800e-001
  1.2360000e+004  9.9674200e-001
  1.2370000e+004  9.9309100e-001
  1.2380000e+004  9.8801400e-001
  1.2390000e+004  9.8180300e-001
  1.2400000e+004  9.7492100e-001
  1.2410000e+004  9.6803100e-001
  1.2420000e+004  9.6181400e-001
  1.2430000e+004  9.5676500e-001
  1.2440000e+004  9.5308100e-001
  1.2450000e+004  9.5059700e-001
  1.2460000e+004  9.4881200e-001
  1.2470000e+004  9.4688300e-001
  1.2480000e+004  9.4391600e-001
  1.2490000e+004  9.3894900e-001
  1.2500000e+004  9.3118300e-001
  1.2510000e+004  9.2013700e-001
  1.2520000e+004  9.0571700e-001
  1.2530000e+004  8.8828600e-001
  1.2540000e+004  8.6856900e-001
  1.2550000e+004  8.4758900e-001
  1.2560000e+004  8.2638100e-001
  1.2570000e+004  8.0591100e-001
  1.2580000e+004  7.8685400e-001
  1.2590000e+004  7.6953600e-001
  1.2600000e+004  7.5403100e-001
  1.2610000e+004  7.4008900e-001
  1.2620000e+004  7.2735800e-001
  1.2630000e+004  7.1543000e-001
  1.2640000e+004  7.0390000e-001
  1.2650000e+004  6.9241700e-001
  1.2660000e+004  6.8063200e-001
  1.2670000e+004  6.6831300e-001
  1.2680000e+004  6.5515100e-001
  1.2690000e+004  6.4094300e-001
  1.2700000e+004  6.2550700e-001
  1.2710000e+004  6.0879800e-001
  1.2720000e+004  5.9090300e-001
  1.2730000e+004  5.7210400e-001
  1.2740000e+004  5.5286500e-001
  1.2750000e+004  5.3379700e-001
  1.2760000e+004  5.1560800e-001
  1.2770000e+004  4.9889200e-001
  1.2780000e+004  4.8415800e-001
  1.2790000e+004  4.7159100e-001
  1.2800000e+004  4.6109800e-001
  1.2810000e+004  4.5230400e-001
  1.2820000e+004  4.4455900e-001
  1.2830000e+004  4.3711000e-001
  1.2840000e+004  4.2922800e-001
  1.2850000e+004  4.2035200e-001
  1.2860000e+004  4.1020100e-001
  1.2870000e+004  3.9877200e-001
  1.2880000e+004  3.8630100e-001
  1.2890000e+004  3.7316400e-001
  1.2900000e+004  3.5985800e-001
  1.2910000e+004  3.4674000e-001
  1.2920000e+004  3.3409200e-001
  1.2930000e+004  3.2208700e-001
  1.2940000e+004  3.1077400e-001
  1.2950000e+004  3.0013500e-001
  1.2960000e+004  2.9019500e-001
  1.2970000e+004  2.8089200e-001
  1.2980000e+004  2.7226000e-001
  1.2990000e+004  2.6429100e-001
  1.3000000e+004  2.5703700e-001
  1.3010000e+004  2.5054600e-001
  1.3020000e+004  2.4490400e-001
  1.3030000e+004  2.4018600e-001
  1.3040000e+004  2.3647400e-001
  1.3050000e+004  2.3372400e-001
  1.3050500e+004  0.0000000e+000
