  6.1300000e+002  0.0000000e+000
  6.1350000e+002  1.5400000e-004
  6.1400000e+002  1.7000000e-004
  6.1450000e+002  5.7100000e-004
  6.1500000e+002  1.0130000e-003
  6.1550000e+002  1.9840000e-003
  6.1600000e+002  3.8400000e-003
  6.1650000e+002  5.9770000e-003
  6.1700000e+002  8.8480000e-003
  6.1750000e+002  1.2512000e-002
  6.1800000e+002  1.8766000e-002
  6.1850000e+002  2.5978000e-002
  6.1900000e+002  3.4814000e-002
  6.1950000e+002  4.5973000e-002
  6.2000000e+002  5.8564000e-002
  6.2050000e+002  7.3354000e-002
  6.2100000e+002  8.9841000e-002
  6.2150000e+002  1.0919700e-001
  6.2200000e+002  1.2971600e-001
  6.2250000e+002  1.5407900e-001
  6.2300000e+002  1.7896600e-001
  6.2350000e+002  2.0596800e-001
  6.2400000e+002  2.3686000e-001
  6.2450000e+002  2.6874900e-001
  6.2500000e+002  3.0258200e-001
  6.2550000e+002  3.3877500e-001
  6.2600000e+002  3.7668800e-001
  6.2650000e+002  4.1727100e-001
  6.2700000e+002  4.5855200e-001
  6.2750000e+002  5.0177700e-001
  6.2800000e+002  5.4380600e-001
  6.2850000e+002  5.8844900e-001
  6.2900000e+002  6.3018000e-001
  6.2950000e+002  6.7433600e-001
  6.3000000e+002  7.1460200e-001
  6.3050000e+002  7.5244500e-001
  6.3100000e+002  7.8886700e-001
  6.3150000e+002  8.2139200e-001
  6.3200000e+002  8.5052800e-001
  6.3250000e+002  8.7583300e-001
  6.3300000e+002  8.9733600e-001
  6.3350000e+002  9.1545200e-001
  6.3400000e+002  9.3409700e-001
  6.3450000e+002  9.4685900e-001
  6.3500000e+002  9.5709900e-001
  6.3550000e+002  9.6612500e-001
  6.3600000e+002  9.7382400e-001
  6.3650000e+002  9.7915700e-001
  6.3700000e+002  9.8411700e-001
  6.3750000e+002  9.8731900e-001
  6.3800000e+002  9.9135400e-001
  6.3850000e+002  9.9378700e-001
  6.3900000e+002  9.9505500e-001
  6.3950000e+002  9.9593900e-001
  6.4000000e+002  9.9744100e-001
  6.4050000e+002  9.9898800e-001
  6.4100000e+002  9.9982700e-001
  6.4150000e+002  1.0000000e+000
  6.4200000e+002  9.9962800e-001
  6.4250000e+002  9.9906800e-001
  6.4300000e+002  9.9731300e-001
  6.4350000e+002  9.9568800e-001
  6.4400000e+002  9.9462400e-001
  6.4450000e+002  9.9288800e-001
  6.4500000e+002  9.9021900e-001
  6.4550000e+002  9.8750200e-001
  6.4600000e+002  9.8491300e-001
  6.4650000e+002  9.8111600e-001
  6.4700000e+002  9.7577200e-001
  6.4750000e+002  9.7187300e-001
  6.4800000e+002  9.6770400e-001
  6.4850000e+002  9.6315900e-001
  6.4900000e+002  9.5749100e-001
  6.4950000e+002  9.5081700e-001
  6.5000000e+002  9.4682600e-001
  6.5050000e+002  9.4326000e-001
  6.5100000e+002  9.4054600e-001
  6.5150000e+002  9.3874500e-001
  6.5200000e+002  9.3735400e-001
  6.5250000e+002  9.3616100e-001
  6.5300000e+002  9.3583500e-001
  6.5350000e+002  9.3538500e-001
  6.5400000e+002  9.3501100e-001
  6.5450000e+002  9.3430600e-001
  6.5500000e+002  9.3542800e-001
  6.5550000e+002  9.3636000e-001
  6.5600000e+002  9.3722900e-001
  6.5650000e+002  9.3778600e-001
  6.5700000e+002  9.3947600e-001
  6.5750000e+002  9.4068700e-001
  6.5800000e+002  9.4300200e-001
  6.5850000e+002  9.4341600e-001
  6.5900000e+002  9.4487300e-001
  6.5950000e+002  9.4510900e-001
  6.6000000e+002  9.4493500e-001
  6.6050000e+002  9.4435000e-001
  6.6100000e+002  9.4310700e-001
  6.6150000e+002  9.4151300e-001
  6.6200000e+002  9.3918200e-001
  6.6250000e+002  9.3796700e-001
  6.6300000e+002  9.3519200e-001
  6.6350000e+002  9.3215100e-001
  6.6400000e+002  9.2953900e-001
  6.6450000e+002  9.2690500e-001
  6.6500000e+002  9.2395000e-001
  6.6550000e+002  9.2136800e-001
  6.6600000e+002  9.1980600e-001
  6.6650000e+002  9.1893700e-001
  6.6700000e+002  9.1939200e-001
  6.6750000e+002  9.1991900e-001
  6.6800000e+002  9.2045900e-001
  6.6850000e+002  9.2200600e-001
  6.6900000e+002  9.2449000e-001
  6.6950000e+002  9.2604600e-001
  6.7000000e+002  9.2846200e-001
  6.7050000e+002  9.2962700e-001
  6.7100000e+002  9.3144800e-001
  6.7150000e+002  9.3004200e-001
  6.7200000e+002  9.2780900e-001
  6.7250000e+002  9.2291300e-001
  6.7300000e+002  9.1546200e-001
  6.7350000e+002  9.0327000e-001
  6.7400000e+002  8.8911700e-001
  6.7450000e+002  8.6637400e-001
  6.7500000e+002  8.4180700e-001
  6.7550000e+002  8.0508400e-001
  6.7600000e+002  7.6872800e-001
  6.7650000e+002  7.2161100e-001
  6.7700000e+002  6.7536800e-001
  6.7750000e+002  6.2076300e-001
  6.7800000e+002  5.6920900e-001
  6.7850000e+002  5.1105000e-001
  6.7900000e+002  4.5997100e-001
  6.7950000e+002  4.0552700e-001
  6.8000000e+002  3.5816100e-001
  6.8050000e+002  3.1059000e-001
  6.8100000e+002  2.7064000e-001
  6.8150000e+002  2.3147400e-001
  6.8200000e+002  2.0108700e-001
  6.8250000e+002  1.7080700e-001
  6.8300000e+002  1.4695900e-001
  6.8350000e+002  1.2507900e-001
  6.8400000e+002  1.0761700e-001
  6.8450000e+002  9.1233000e-002
  6.8500000e+002  7.7811000e-002
  6.8550000e+002  6.6918000e-002
  6.8600000e+002  5.8049000e-002
  6.8650000e+002  4.9086000e-002
  6.8700000e+002  4.2494000e-002
  6.8750000e+002  3.6458000e-002
  6.8800000e+002  3.1520000e-002
  6.8850000e+002  2.6763000e-002
  6.8900000e+002  2.3193000e-002
  6.8950000e+002  1.9447000e-002
  6.9000000e+002  1.6525000e-002
  6.9050000e+002  1.3769000e-002
  6.9100000e+002  1.0388000e-002
  6.9150000e+002  8.0980000e-003
  6.9200000e+002  5.9970000e-003
  6.9250000e+002  2.3970000e-003
  6.9300000e+002  7.2600000e-004
