350.0 0.003615
351.0 0.003587
352.0 0.003575
353.0 0.004275
354.0 0.004974
355.0 0.005651
356.0 0.006305
357.0 0.005566
358.0 0.004813
359.0 0.003373
360.0 0.001956
361.0 0.001955
362.0 0.001968
363.0 0.002654
364.0 0.003328
365.0 0.003318
366.0 0.003322
367.0 0.003995
368.0 0.004641
369.0 0.003939
370.0 0.003239
371.0 0.002583
372.0 0.001949
373.0 0.002685
374.0 0.003421
375.0 0.004161
376.0 0.004881
377.0 0.004187
378.0 0.003504
379.0 0.00351
380.0 0.003516
381.0 0.003562
382.0 0.003608
383.0 0.003635
384.0 0.003677
385.0 0.004468
386.0 0.005226
387.0 0.004444
388.0 0.003675
389.0 0.003665
390.0 0.003655
391.0 0.00364
392.0 0.003626
393.0 0.003618
394.0 0.003626
395.0 0.004369
396.0 0.005086
397.0 0.004341
398.0 0.003617
399.0 0.004342
400.0 0.005052
401.0 0.005061
402.0 0.005025
403.0 0.002801
404.0 0.0006355
405.0 0.00138
406.0 0.002124
407.0 0.002859
408.0 0.003565
409.0 0.002814
410.0 0.002094
411.0 0.002819
412.0 0.003534
413.0 0.003554
414.0 0.003574
415.0 0.003565
416.0 0.003555
417.0 0.003541
418.0 0.003526
419.0 0.003493
420.0 0.003489
421.0 0.004884
422.0 0.006234
423.0 0.004786
424.0 0.003356
425.0 0.003321
426.0 0.003312
427.0 0.004619
428.0 0.005878
429.0 0.004489
430.0 0.003123
431.0 0.003074
432.0 0.003046
433.0 0.004233
434.0 0.005378
435.0 0.004101
436.0 0.002866
437.0 0.003982
438.0 0.005084
439.0 0.005002
440.0 0.00492
441.0 0.004851
442.0 0.004772
443.0 0.004159
444.0 0.003545
445.0 0.002985
446.0 0.002458
447.0 0.003922
448.0 0.005366
449.0 0.005292
450.0 0.005207
451.0 0.004166
452.0 0.003142
453.0 0.003081
454.0 0.003029
455.0 0.003481
456.0 0.003926
457.0 0.003936
458.0 0.003953
459.0 0.004424
460.0 0.004886
461.0 0.004881
462.0 0.004866
463.0 0.00391
464.0 0.002966
465.0 0.002969
466.0 0.002972
467.0 0.002943
468.0 0.002918
469.0 0.003352
470.0 0.003778
471.0 0.00374
472.0 0.0037
473.0 0.003635
474.0 0.003569
475.0 0.00351
476.0 0.003451
477.0 0.003401
478.0 0.003345
479.0 0.002908
480.0 0.002487
481.0 0.003184
482.0 0.003869
483.0 0.0038
484.0 0.003732
485.0 0.003661
486.0 0.003591
487.0 0.003528
488.0 0.003465
489.0 0.003408
490.0 0.003351
491.0 0.003284
492.0 0.00322
493.0 0.003446
494.0 0.003669
495.0 0.003607
496.0 0.003544
497.0 0.003474
498.0 0.003403
499.0 0.003334
500.0 0.003277
501.0 0.003985
502.0 0.004696
503.0 0.00561
504.0 0.00652
505.0 0.007129
506.0 0.007731
507.0 0.007601
508.0 0.007464
509.0 0.00667
510.0 0.005874
511.0 0.004908
512.0 0.003945
513.0 0.003243
514.0 0.00255
515.0 0.002514
516.0 0.002477
517.0 0.002444
518.0 0.002411
519.0 0.002381
520.0 0.002349
521.0 0.002122
522.0 0.001896
523.0 0.001679
524.0 0.001468
525.0 0.001821
526.0 0.002173
527.0 0.002515
528.0 0.002854
529.0 0.002999
530.0 0.003147
531.0 0.003826
532.0 0.004505
533.0 0.005161
534.0 0.005811
535.0 0.005765
536.0 0.005721
537.0 0.00619
538.0 0.006658
539.0 0.007107
540.0 0.007561
541.0 0.008495
542.0 0.009421
543.0 0.009678
544.0 0.009935
545.0 0.01019
546.0 0.01045
547.0 0.01039
548.0 0.01033
549.0 0.009964
550.0 0.009592
551.0 0.009068
552.0 0.00855
553.0 0.008952
554.0 0.009353
555.0 0.009748
556.0 0.01015
557.0 0.01143
558.0 0.01271
559.0 0.01441
560.0 0.01611
561.0 0.01798
562.0 0.01984
563.0 0.02094
564.0 0.02203
565.0 0.02343
566.0 0.02485
567.0 0.02867
568.0 0.03254
569.0 0.04191
570.0 0.05133
571.0 0.06817
572.0 0.08506
573.0 0.1132
574.0 0.1414
575.0 0.1786
576.0 0.2158
577.0 0.252
578.0 0.2884
579.0 0.3441
580.0 0.3999
581.0 0.4941
582.0 0.5883
583.0 0.6839
584.0 0.7792
585.0 0.8189
586.0 0.8586
587.0 0.8508
588.0 0.8431
589.0 0.8375
590.0 0.8321
591.0 0.843
592.0 0.854
593.0 0.8613
594.0 0.8686
595.0 0.8656
596.0 0.8627
597.0 0.8533
598.0 0.8439
599.0 0.8374
600.0 0.8309
601.0 0.8284
602.0 0.8259
603.0 0.8239
604.0 0.8219
605.0 0.825
606.0 0.8282
607.0 0.8377
608.0 0.8473
609.0 0.8626
610.0 0.8778
611.0 0.8928
612.0 0.9078
613.0 0.9169
614.0 0.926
615.0 0.9293
616.0 0.9326
617.0 0.9318
618.0 0.9309
619.0 0.9299
620.0 0.9289
621.0 0.9184
622.0 0.9078
623.0 0.8927
624.0 0.8776
625.0 0.8632
626.0 0.8488
627.0 0.8422
628.0 0.8356
629.0 0.8389
630.0 0.8422
631.0 0.8552
632.0 0.8682
633.0 0.8855
634.0 0.9028
635.0 0.9169
636.0 0.931
637.0 0.9401
638.0 0.9492
639.0 0.9518
640.0 0.9544
641.0 0.9484
642.0 0.9425
643.0 0.9254
644.0 0.9084
645.0 0.8842
646.0 0.86
647.0 0.8399
648.0 0.8198
649.0 0.8141
650.0 0.8085
651.0 0.8103
652.0 0.8121
653.0 0.8304
654.0 0.8487
655.0 0.875
656.0 0.9014
657.0 0.926
658.0 0.9505
659.0 0.967
660.0 0.9834
661.0 0.9917
662.0 1.0
663.0 0.9982
664.0 0.9964
665.0 0.9881
666.0 0.9798
667.0 0.9591
668.0 0.9383
669.0 0.8997
670.0 0.861
671.0 0.7976
672.0 0.7341
673.0 0.6552
674.0 0.5763
675.0 0.5019
676.0 0.4274
677.0 0.3686
678.0 0.3098
679.0 0.2651
680.0 0.2205
681.0 0.1884
682.0 0.1562
683.0 0.1335
684.0 0.1108
685.0 0.0952
686.0 0.07957
687.0 0.06873
688.0 0.05794
689.0 0.04998
690.0 0.04204
691.0 0.03528
692.0 0.02852
693.0 0.0234
694.0 0.01827
695.0 0.01451
696.0 0.01076
697.0 0.008489
698.0 0.006225
699.0 0.00483
700.0 0.003439
701.0 0.002806
702.0 0.002174
703.0 0.001792
704.0 0.001412
705.0 0.001287
706.0 0.001162
707.0 0.001032
708.0 0.000902
709.0 0.0009042
710.0 0.000907
711.0 0.001042
712.0 0.001177
713.0 0.001054
714.0 0.0009285
715.0 0.0009319
716.0 0.0009362
717.0 0.0009399
718.0 0.0009436
719.0 0.0009478
720.0 0.0009519
721.0 0.000956
722.0 0.0009601
723.0 0.0008287
724.0 0.0006966
725.0 0.0006984
726.0 0.0007007
727.0 0.0005672
728.0 0.0004325
729.0 0.0005712
730.0 0.0007111
731.0 0.0007153
732.0 0.0007186
733.0 0.0005837
734.0 0.0004478
735.0 0.0005916
736.0 0.0007374
737.0 0.0007422
738.0 0.0007462
739.0 0.0008849
740.0 0.001025
741.0 0.0007461
742.0 0.000465
743.0 0.0003236
744.0 0.0001832
745.0 0.0003292
746.0 0.0004775
747.0 0.0004818
748.0 0.0004851
749.0 0.0006375
750.0 0.0007917
751.0 0.0007977
752.0 0.0008022
753.0 0.0008052
754.0 0.0008081
755.0 0.0006612
756.0 0.0005123
757.0 0.000513
758.0 0.0005159
759.0 0.0005192
760.0 0.0005226
761.0 0.000528
762.0 0.0005334
763.0 0.0005395
764.0 0.0005456
765.0 0.0008692
766.0 0.001195
767.0 0.0008861
768.0 0.0005716
769.0 0.0005756
770.0 0.0005821
771.0 0.0005869
772.0 0.0005916
773.0 0.0007633
774.0 0.0009366
775.0 0.0007763
776.0 0.0006118
777.0 0.0004429
778.0 0.000274
779.0 0.0007933
780.0 0.001322
781.0 0.0009876
782.0 0.0006426
783.0 0.0004675
784.0 0.0002938
785.0 0.0006537
786.0 0.00102
787.0 0.0008522
788.0 0.000677
789.0 0.0006807
790.0 0.0006867
791.0 0.0006906
792.0 0.0006944
793.0 0.0006992
794.0 0.0007041
795.0 0.0007075
796.0 0.0007109
797.0 0.0007153
798.0 0.0007198
799.0 0.0009159
800.0 0.001115
801.0 0.001126
802.0 0.001134
803.0 0.001143
804.0 0.001152
805.0 0.001161
806.0 0.001169
807.0 0.000977
808.0 0.0007821
809.0 0.0009876
810.0 0.001199
811.0 0.001208
812.0 0.001215
813.0 0.001222
814.0 0.00123
815.0 0.001026
816.0 0.0008198
817.0 0.0006122
818.0 0.0004045
819.0 0.0006199
820.0 0.0008415
821.0 0.001058
822.0 0.001275
823.0 0.001073
824.0 0.0008638
825.0 0.0006475
826.0 0.0004311
827.0 0.0006582
828.0 0.000891
829.0 0.0008999
830.0 0.0009063
831.0 0.001131
832.0 0.001359
833.0 0.001372
834.0 0.001382
835.0 0.001379
836.0 0.001376
837.0 0.001147
838.0 0.0009143
839.0 0.0009071
840.0 0.0009031
841.0 0.001349
842.0 0.001803
843.0 0.001814
844.0 0.001818
845.0 0.001373
846.0 0.0009202
847.0 0.0009193
848.0 0.0009248
849.0 0.0009275
850.0 0.0009302
851.0 0.0009318
852.0 0.0009334
853.0 0.001159
854.0 0.001389
855.0 0.001392
856.0 0.00139
857.0 0.00116
858.0 0.0009273
859.0 0.0009213
860.0 0.0009197
861.0 0.0004642
862.0 2.068e-06
863.0 0.0004472
864.0 0.0009063
865.0 0.0009125
866.0 0.0009123
867.0 0.001139
868.0 0.00137
869.0 0.001144
870.0 0.0009088
871.0 0.0009039
872.0 0.0009025
873.0 0.0009019
874.0 0.0009014
875.0 0.0009008
876.0 0.0009002
877.0 0.00112
878.0 0.001345
879.0 0.0006794
880.0 0.0
881.0 0.000654
882.0 0.001328
883.0 0.001336
884.0 0.001331
885.0 0.0008892
886.0 0.0004403
887.0 0.0008685
888.0 0.001312
889.0 0.001533
890.0 0.001751
891.0 0.001319
892.0 0.0008732
893.0 0.0008645
894.0 0.0008633
895.0 0.001292
896.0 0.001729
897.0 0.001306
898.0 0.0008681
899.0 0.001072
900.0 0.00129
901.0 0.001507
902.0 0.001724
903.0 0.001508
904.0 0.001284
905.0 0.001279
906.0 0.001278
907.0 0.001066
908.0 0.0008488
909.0 0.0008444
910.0 0.0008437
911.0 0.0008403
912.0 0.0008369
913.0 0.001252
914.0 0.001673
915.0 0.001676
916.0 0.00167
917.0 0.001252
918.0 0.0008243
919.0 0.001017
920.0 0.001224
921.0 0.001022
922.0 0.0008117
923.0 0.001017
924.0 0.00123
925.0 0.001029
926.0 0.0008201
927.0 0.001025
928.0 0.001238
929.0 0.001246
930.0 0.00125
931.0 0.001042
932.0 0.00083
933.0 0.0008253
934.0 0.0008243
935.0 0.001036
936.0 0.001253
937.0 0.001047
938.0 0.0008339
939.0 0.001039
940.0 0.001254
941.0 0.001673
942.0 0.002097
943.0 0.001676
944.0 0.00124
945.0 0.001026
946.0 0.0008157
947.0 0.0008118
948.0 0.0008123
949.0 0.0008127
950.0 0.0008131
951.0 0.0008157
952.0 0.0008183
953.0 0.0008136
954.0 0.0008087
955.0 0.0008056
956.0 0.0008026
957.0 0.0008002
958.0 0.0007978
959.0 0.0009994
960.0 0.001205
961.0 0.001206
962.0 0.001201
963.0 0.0009979
964.0 0.0007906
965.0 0.0005867
966.0 0.0003829
967.0 0.0005812
968.0 0.0007881
969.0 0.0007881
970.0 0.000784
971.0 0.000584
972.0 0.0003796
973.0 0.0003762
974.0 0.0003775
975.0 0.0005849
976.0 0.0007968
977.0 0.0008008
978.0 0.000801
979.0 0.0008012
980.0 0.0008014
981.0 0.0008031
982.0 0.0008047
983.0 0.000811
984.0 0.0008174
985.0 0.001227
986.0 0.001647
987.0 0.001247
988.0 0.0008291
989.0 0.001245
990.0 0.001677
991.0 0.001269
992.0 0.0008437
993.0 0.0008351
994.0 0.0008343
995.0 0.001259
996.0 0.001693
997.0 0.001285
998.0 0.0008555
999.0 0.0008498
1000.0 0.0008541
1001.0 0.0008581
1002.0 0.0008621
1003.0 0.0008647
1004.0 0.0008673
1005.0 0.001305
1006.0 0.001752
1007.0 0.001331
1008.0 0.0008886
1009.0 0.0011
1010.0 0.001327
1011.0 0.001335
1012.0 0.001338
1013.0 0.001342
1014.0 0.001347
1015.0 0.001353
1016.0 0.001358
1017.0 0.001136
1018.0 0.00091
1019.0 0.001135
1020.0 0.00137
1021.0 0.0016
1022.0 0.001831
1023.0 0.00183
1024.0 0.001824
1025.0 0.001602
1026.0 0.001376
1027.0 0.001593
1028.0 0.00182
1029.0 0.001603
1030.0 0.001375
1031.0 0.001602
1032.0 0.001838
1033.0 0.002082
1034.0 0.002326
1035.0 0.001882
1036.0 0.001424
1037.0 0.001656
1038.0 0.001902
1039.0 0.001448
1040.0 0.0009805
1041.0 0.001202
1042.0 0.001438
1043.0 0.001206
1044.0 0.0009661
1045.0 0.0009599
1046.0 0.0009592
1047.0 0.001189
1048.0 0.001423
1049.0 0.001195
1050.0 0.0009562
1051.0 0.0009551
1052.0 0.0009583
1053.0 0.0012
1054.0 0.001446
1055.0 0.001469
1056.0 0.001487
1057.0 0.001503
1058.0 0.001519
1059.0 0.001536
1060.0 0.001552
1061.0 0.001314
1062.0 0.001072
1063.0 0.001068
1064.0 0.001069
1065.0 0.001322
1066.0 0.00158
1067.0 0.001584
1068.0 0.001582
1069.0 0.001575
1070.0 0.001569
1071.0 0.001567
1072.0 0.001566
1073.0 0.001313
1074.0 0.001053
1075.0 0.001045
1076.0 0.00104
1077.0 0.00128
1078.0 0.001524
1079.0 0.001522
1080.0 0.001515
1081.0 0.001271
1082.0 0.001021
1083.0 0.001258
1084.0 0.001505
1085.0 0.001746
1086.0 0.001987
1087.0 0.001746
1088.0 0.001496
1089.0 0.001481
1090.0 0.001471
1091.0 0.001232
1092.0 0.0009893
1093.0 0.001217
1094.0 0.001455
1095.0 0.001452
1096.0 0.001445
1097.0 0.001203
1098.0 0.000957
1099.0 0.001174
1100.0 0.0014
