  5.0900000e+002  0.0000000e+000
  5.0950000e+002  1.3000000e-005
  5.1000000e+002  7.2900000e-004
  5.1050000e+002  1.4080000e-003
  5.1100000e+002  3.2650000e-003
  5.1150000e+002  6.3490000e-003
  5.1200000e+002  8.1700000e-003
  5.1250000e+002  1.1715000e-002
  5.1300000e+002  1.5432000e-002
  5.1350000e+002  2.0303000e-002
  5.1400000e+002  2.7607000e-002
  5.1450000e+002  3.7773000e-002
  5.1500000e+002  4.6075000e-002
  5.1550000e+002  5.7022000e-002
  5.1600000e+002  6.8475000e-002
  5.1650000e+002  8.3596000e-002
  5.1700000e+002  1.0054400e-001
  5.1750000e+002  1.1985600e-001
  5.1800000e+002  1.4527100e-001
  5.1850000e+002  1.6947000e-001
  5.1900000e+002  2.0034900e-001
  5.1950000e+002  2.3163500e-001
  5.2000000e+002  2.6865300e-001
  5.2050000e+002  3.0940800e-001
  5.2100000e+002  3.4773900e-001
  5.2150000e+002  3.9294000e-001
  5.2200000e+002  4.3920000e-001
  5.2250000e+002  4.8489200e-001
  5.2300000e+002  5.3359800e-001
  5.2350000e+002  5.8626500e-001
  5.2400000e+002  6.3107500e-001
  5.2450000e+002  6.7783800e-001
  5.2500000e+002  7.1658500e-001
  5.2550000e+002  7.5985000e-001
  5.2600000e+002  7.9611700e-001
  5.2650000e+002  8.2757500e-001
  5.2700000e+002  8.5680400e-001
  5.2750000e+002  8.8082200e-001
  5.2800000e+002  9.0152800e-001
  5.2850000e+002  9.1948300e-001
  5.2900000e+002  9.3398300e-001
  5.2950000e+002  9.4427800e-001
  5.3000000e+002  9.5210300e-001
  5.3050000e+002  9.5874800e-001
  5.3100000e+002  9.6698100e-001
  5.3150000e+002  9.7302500e-001
  5.3200000e+002  9.7906600e-001
  5.3250000e+002  9.8213200e-001
  5.3300000e+002  9.8506100e-001
  5.3350000e+002  9.8820500e-001
  5.3400000e+002  9.9025600e-001
  5.3450000e+002  9.9061100e-001
  5.3500000e+002  9.9141400e-001
  5.3550000e+002  9.9365000e-001
  5.3600000e+002  9.9470500e-001
  5.3650000e+002  9.9300500e-001
  5.3700000e+002  9.9547500e-001
  5.3750000e+002  9.9492600e-001
  5.3800000e+002  9.9578900e-001
  5.3850000e+002  9.9692900e-001
  5.3900000e+002  9.9662200e-001
  5.3950000e+002  9.9548200e-001
  5.4000000e+002  9.9454800e-001
  5.4050000e+002  9.9692600e-001
  5.4100000e+002  9.9639300e-001
  5.4150000e+002  9.9515200e-001
  5.4200000e+002  9.9636000e-001
  5.4250000e+002  9.9693400e-001
  5.4300000e+002  9.9740600e-001
  5.4350000e+002  9.9520800e-001
  5.4400000e+002  9.9544700e-001
  5.4450000e+002  9.9661900e-001
  5.4500000e+002  9.9640600e-001
  5.4550000e+002  9.9746400e-001
  5.4600000e+002  9.9923100e-001
  5.4650000e+002  9.9897200e-001
  5.4700000e+002  9.9648500e-001
  5.4750000e+002  9.9658100e-001
  5.4800000e+002  9.9830200e-001
  5.4850000e+002  9.9646200e-001
  5.4900000e+002  9.9559900e-001
  5.4950000e+002  9.9713200e-001
  5.5000000e+002  9.9831000e-001
  5.5050000e+002  9.9707600e-001
  5.5100000e+002  9.9707400e-001
  5.5150000e+002  9.9754300e-001
  5.5200000e+002  9.9814500e-001
  5.5250000e+002  9.9998500e-001
  5.5300000e+002  9.9953800e-001
  5.5350000e+002  9.9926900e-001
  5.5400000e+002  9.9880700e-001
  5.5450000e+002  1.0000000e+000
  5.5500000e+002  9.9999700e-001
  5.5550000e+002  9.9768500e-001
  5.5600000e+002  9.9697700e-001
  5.5650000e+002  9.9882000e-001
  5.5700000e+002  9.9856100e-001
  5.5750000e+002  9.9802800e-001
  5.5800000e+002  9.9861700e-001
  5.5850000e+002  9.9853600e-001
  5.5900000e+002  9.9808400e-001
  5.5950000e+002  9.9800800e-001
  5.6000000e+002  9.9907900e-001
  5.6050000e+002  9.9834000e-001
  5.6100000e+002  9.9748000e-001
  5.6150000e+002  9.9957400e-001
  5.6200000e+002  9.9849700e-001
  5.6250000e+002  9.9546700e-001
  5.6300000e+002  9.9253300e-001
  5.6350000e+002  9.9143400e-001
  5.6400000e+002  9.9080200e-001
  5.6450000e+002  9.8686500e-001
  5.6500000e+002  9.8304000e-001
  5.6550000e+002  9.7973300e-001
  5.6600000e+002  9.7529900e-001
  5.6650000e+002  9.7001200e-001
  5.6700000e+002  9.6419200e-001
  5.6750000e+002  9.5539200e-001
  5.6800000e+002  9.4529800e-001
  5.6850000e+002  9.3481800e-001
  5.6900000e+002  9.2102400e-001
  5.6950000e+002  9.0174900e-001
  5.7000000e+002  8.8207300e-001
  5.7050000e+002  8.6275300e-001
  5.7100000e+002  8.3623500e-001
  5.7150000e+002  8.1297300e-001
  5.7200000e+002  7.7686500e-001
  5.7250000e+002  7.4375600e-001
  5.7300000e+002  7.0249300e-001
  5.7350000e+002  6.6487600e-001
  5.7400000e+002  6.1845600e-001
  5.7450000e+002  5.7325200e-001
  5.7500000e+002  5.2602500e-001
  5.7550000e+002  4.8064300e-001
  5.7600000e+002  4.3383500e-001
  5.7650000e+002  3.8776800e-001
  5.7700000e+002  3.4556600e-001
  5.7750000e+002  3.0543300e-001
  5.7800000e+002  2.6854400e-001
  5.7850000e+002  2.3425200e-001
  5.7900000e+002  2.0390200e-001
  5.7950000e+002  1.7696400e-001
  5.8000000e+002  1.5284500e-001
  5.8050000e+002  1.3134100e-001
  5.8100000e+002  1.1277600e-001
  5.8150000e+002  9.6247000e-002
  5.8200000e+002  8.2528000e-002
  5.8250000e+002  7.0564000e-002
  5.8300000e+002  6.0930000e-002
  5.8350000e+002  5.1901000e-002
  5.8400000e+002  4.4075000e-002
  5.8450000e+002  3.7259000e-002
  5.8500000e+002  3.1804000e-002
  5.8550000e+002  2.6965000e-002
  5.8600000e+002  2.2381000e-002
  5.8650000e+002  1.9115000e-002
  5.8700000e+002  1.5705000e-002
  5.8750000e+002  1.2394000e-002
  5.8800000e+002  9.4120000e-003
  5.8850000e+002  7.7440000e-003
  5.8900000e+002  5.5810000e-003
  5.8950000e+002  2.8240000e-003
  5.9000000e+002  6.9900000e-004
  5.9050000e+002  0.0000000e+000
  5.9100000e+002  0.0000000e+000
  5.9150000e+002  0.0000000e+000
  5.9200000e+002  0.0000000e+000
  5.9250000e+002  0.0000000e+000
  5.9300000e+002  0.0000000e+000
  5.9350000e+002  0.0000000e+000
  5.9400000e+002  0.0000000e+000
  5.9450000e+002  0.0000000e+000
  5.9500000e+002  0.0000000e+000
  5.9550000e+002  0.0000000e+000
  5.9600000e+002  0.0000000e+000
  5.9650000e+002  0.0000000e+000
  5.9700000e+002  0.0000000e+000
  5.9750000e+002  0.0000000e+000
  5.9800000e+002  0.0000000e+000
  5.9850000e+002  0.0000000e+000
  5.9900000e+002  0.0000000e+000
  5.9950000e+002  0.0000000e+000
  6.0000000e+002  0.0000000e+000
  6.0050000e+002  0.0000000e+000
  6.0100000e+002  0.0000000e+000
  6.0150000e+002  0.0000000e+000
  6.0200000e+002  0.0000000e+000
  6.0250000e+002  0.0000000e+000
  6.0300000e+002  0.0000000e+000
  6.0350000e+002  0.0000000e+000
  6.0400000e+002  0.0000000e+000
  6.0450000e+002  0.0000000e+000
  6.0500000e+002  0.0000000e+000
  6.0550000e+002  0.0000000e+000
  6.0600000e+002  0.0000000e+000
  6.0650000e+002  0.0000000e+000
  6.0700000e+002  0.0000000e+000
  6.0750000e+002  0.0000000e+000
  6.0800000e+002  0.0000000e+000
  6.0850000e+002  0.0000000e+000
  6.0900000e+002  0.0000000e+000
  6.0950000e+002  0.0000000e+000
  6.1000000e+002  0.0000000e+000
  6.1050000e+002  0.0000000e+000
  6.1100000e+002  0.0000000e+000
  6.1150000e+002  0.0000000e+000
  6.1200000e+002  0.0000000e+000
  6.1250000e+002  0.0000000e+000
  6.1300000e+002  0.0000000e+000
  6.1350000e+002  0.0000000e+000
  6.1400000e+002  0.0000000e+000
  6.1450000e+002  0.0000000e+000
  6.1500000e+002  0.0000000e+000
  6.1550000e+002  0.0000000e+000
  6.1600000e+002  0.0000000e+000
  6.1650000e+002  0.0000000e+000
  6.1700000e+002  0.0000000e+000
  6.1750000e+002  0.0000000e+000
  6.1800000e+002  0.0000000e+000
  6.1850000e+002  0.0000000e+000
  6.1900000e+002  0.0000000e+000
  6.1950000e+002  0.0000000e+000
  6.2000000e+002  0.0000000e+000
  6.2050000e+002  0.0000000e+000
  6.2100000e+002  0.0000000e+000
  6.2150000e+002  0.0000000e+000
  6.2200000e+002  0.0000000e+000
  6.2250000e+002  0.0000000e+000
  6.2300000e+002  0.0000000e+000
  6.2350000e+002  0.0000000e+000
  6.2400000e+002  0.0000000e+000
  6.2450000e+002  0.0000000e+000
  6.2500000e+002  0.0000000e+000
  6.2550000e+002  0.0000000e+000
  6.2600000e+002  0.0000000e+000
  6.2650000e+002  0.0000000e+000
  6.2700000e+002  0.0000000e+000
  6.2750000e+002  0.0000000e+000
  6.2800000e+002  0.0000000e+000
  6.2850000e+002  0.0000000e+000
  6.2900000e+002  0.0000000e+000
  6.2950000e+002  0.0000000e+000
  6.3000000e+002  0.0000000e+000
  6.3050000e+002  0.0000000e+000
  6.3100000e+002  0.0000000e+000
  6.3150000e+002  0.0000000e+000
  6.3200000e+002  0.0000000e+000
  6.3250000e+002  0.0000000e+000
  6.3300000e+002  0.0000000e+000
  6.3350000e+002  0.0000000e+000
  6.3400000e+002  0.0000000e+000
  6.3450000e+002  0.0000000e+000
  6.3500000e+002  0.0000000e+000
  6.3550000e+002  0.0000000e+000
  6.3600000e+002  0.0000000e+000
  6.3650000e+002  0.0000000e+000
  6.3700000e+002  0.0000000e+000
  6.3750000e+002  0.0000000e+000
  6.3800000e+002  0.0000000e+000
  6.3850000e+002  0.0000000e+000
  6.3900000e+002  0.0000000e+000
  6.3950000e+002  0.0000000e+000
  6.4000000e+002  0.0000000e+000
  6.4050000e+002  0.0000000e+000
  6.4100000e+002  0.0000000e+000
  6.4150000e+002  0.0000000e+000
  6.4200000e+002  0.0000000e+000
  6.4250000e+002  0.0000000e+000
  6.4300000e+002  0.0000000e+000
  6.4350000e+002  0.0000000e+000
  6.4400000e+002  0.0000000e+000
  6.4450000e+002  0.0000000e+000
  6.4500000e+002  0.0000000e+000
  6.4550000e+002  0.0000000e+000
  6.4600000e+002  0.0000000e+000
  6.4650000e+002  0.0000000e+000
  6.4700000e+002  0.0000000e+000
  6.4750000e+002  0.0000000e+000
  6.4800000e+002  0.0000000e+000
  6.4850000e+002  0.0000000e+000
  6.4900000e+002  0.0000000e+000
  6.4950000e+002  0.0000000e+000
  6.5000000e+002  0.0000000e+000
  6.5050000e+002  0.0000000e+000
