  5.4250000e+002  0.0000000e+000
  5.4300000e+002  5.0000000e-006
  5.4350000e+002  3.5900000e-004
  5.4400000e+002  5.4200000e-004
  5.4450000e+002  9.9600000e-004
  5.4500000e+002  1.6470000e-003
  5.4550000e+002  2.4670000e-003
  5.4600000e+002  3.3130000e-003
  5.4650000e+002  8.7370000e-003
  5.4700000e+002  1.1099000e-002
  5.4750000e+002  1.5133000e-002
  5.4800000e+002  2.0026000e-002
  5.4850000e+002  2.7414000e-002
  5.4900000e+002  3.5456000e-002
  5.4950000e+002  4.8656000e-002
  5.5000000e+002  5.9758000e-002
  5.5050000e+002  7.5790000e-002
  5.5100000e+002  9.2878000e-002
  5.5150000e+002  1.1489800e-001
  5.5200000e+002  1.4065300e-001
  5.5250000e+002  1.7209700e-001
  5.5300000e+002  2.0788100e-001
  5.5350000e+002  2.4782700e-001
  5.5400000e+002  2.9350900e-001
  5.5450000e+002  3.4438200e-001
  5.5500000e+002  3.9863700e-001
  5.5550000e+002  4.6448600e-001
  5.5600000e+002  5.1900200e-001
  5.5650000e+002  5.9849200e-001
  5.5700000e+002  6.5253700e-001
  5.5750000e+002  7.1486200e-001
  5.5800000e+002  7.6560400e-001
  5.5850000e+002  8.1718900e-001
  5.5900000e+002  8.5800300e-001
  5.5950000e+002  8.9265400e-001
  5.6000000e+002  9.2423400e-001
  5.6050000e+002  9.4393800e-001
  5.6100000e+002  9.5960700e-001
  5.6150000e+002  9.7025800e-001
  5.6200000e+002  9.7736400e-001
  5.6250000e+002  9.8212200e-001
  5.6300000e+002  9.8493300e-001
  5.6350000e+002  9.8608700e-001
  5.6400000e+002  9.8649900e-001
  5.6450000e+002  9.8599700e-001
  5.6500000e+002  9.8553500e-001
  5.6550000e+002  9.8617800e-001
  5.6600000e+002  9.8688000e-001
  5.6650000e+002  9.8805500e-001
  5.6700000e+002  9.8965100e-001
  5.6750000e+002  9.9198000e-001
  5.6800000e+002  9.9375600e-001
  5.6850000e+002  9.9589400e-001
  5.6900000e+002  9.9674800e-001
  5.6950000e+002  9.9847400e-001
  5.7000000e+002  9.9897600e-001
  5.7050000e+002  9.9865500e-001
  5.7100000e+002  1.0000000e+000
  5.7150000e+002  9.9848400e-001
  5.7200000e+002  9.9392700e-001
  5.7250000e+002  9.8757300e-001
  5.7300000e+002  9.8128900e-001
  5.7350000e+002  9.7185400e-001
  5.7400000e+002  9.5847300e-001
  5.7450000e+002  9.4090700e-001
  5.7500000e+002  9.1751800e-001
  5.7550000e+002  8.8865900e-001
  5.7600000e+002  8.5569500e-001
  5.7650000e+002  8.1338500e-001
  5.7700000e+002  7.6511200e-001
  5.7750000e+002  7.1051600e-001
  5.7800000e+002  6.5223500e-001
  5.7850000e+002  5.9058200e-001
  5.7900000e+002  5.3003400e-001
  5.7950000e+002  4.6474700e-001
  5.8000000e+002  4.0779100e-001
  5.8050000e+002  3.4363900e-001
  5.8100000e+002  2.8719600e-001
  5.8150000e+002  2.2760000e-001
  5.8200000e+002  1.8320600e-001
  5.8250000e+002  1.4082200e-001
  5.8300000e+002  1.1052500e-001
  5.8350000e+002  8.4007000e-002
  5.8400000e+002  6.5362000e-002
  5.8450000e+002  4.9708000e-002
  5.8500000e+002  3.8202000e-002
  5.8550000e+002  2.9077000e-002
  5.8600000e+002  2.1991000e-002
  5.8650000e+002  1.5702000e-002
  5.8700000e+002  1.2431000e-002
  5.8750000e+002  8.6610000e-003
  5.8800000e+002  6.0210000e-003
  5.8850000e+002  1.3460000e-003
  5.8900000e+002  5.0300000e-004
  5.8950000e+002  3.6300000e-004
  5.9000000e+002  3.0600000e-004
  5.9050000e+002  2.2900000e-004
  5.9100000e+002  1.8300000e-004
  5.9150000e+002  1.0100000e-004
  5.9200000e+002  8.0000000e-005
  5.9250000e+002  7.5000000e-005
  5.9300000e+002  6.5000000e-005
  5.9350000e+002  4.5000000e-005
  5.9400000e+002  4.7000000e-005
  5.9450000e+002  4.6000000e-005
  5.9500000e+002  5.5000000e-005
  5.9550000e+002  4.8000000e-005
  5.9600000e+002  4.4000000e-005
  5.9650000e+002  4.3000000e-005
  5.9700000e+002  4.3000000e-005
  5.9750000e+002  4.1000000e-005
  5.9800000e+002  3.1000000e-005
  5.9850000e+002  3.0000000e-005
  5.9900000e+002  3.7000000e-005
  5.9950000e+002  4.3000000e-005
  6.0000000e+002  3.8000000e-005
  6.0050000e+002  4.0000000e-005
  6.0100000e+002  3.6000000e-005
  6.0150000e+002  3.5000000e-005
  6.0200000e+002  3.1000000e-005
  6.0250000e+002  2.9000000e-005
  6.0300000e+002  2.8000000e-005
  6.0350000e+002  3.2000000e-005
  6.0400000e+002  3.6000000e-005
  6.0450000e+002  4.3000000e-005
  6.0500000e+002  2.9000000e-005
  6.0550000e+002  3.5000000e-005
  6.0600000e+002  3.6000000e-005
  6.0650000e+002  3.8000000e-005
  6.0700000e+002  4.2000000e-005
  6.0750000e+002  3.8000000e-005
  6.0800000e+002  2.9000000e-005
  6.0850000e+002  2.6000000e-005
  6.0900000e+002  3.0000000e-005
  6.0950000e+002  3.5000000e-005
  6.1000000e+002  3.8000000e-005
  6.1050000e+002  3.8000000e-005
  6.1100000e+002  3.6000000e-005
  6.1150000e+002  3.8000000e-005
  6.1200000e+002  3.5000000e-005
  6.1250000e+002  3.6000000e-005
  6.1300000e+002  3.4000000e-005
  6.1350000e+002  3.4000000e-005
  6.1400000e+002  4.1000000e-005
  6.1450000e+002  3.5000000e-005
  6.1500000e+002  3.4000000e-005
  6.1550000e+002  4.5000000e-005
  6.1600000e+002  3.7000000e-005
  6.1650000e+002  3.5000000e-005
  6.1700000e+002  3.2000000e-005
  6.1750000e+002  2.8000000e-005
  6.1800000e+002  3.1000000e-005
  6.1850000e+002  3.7000000e-005
  6.1900000e+002  3.9000000e-005
  6.1950000e+002  3.9000000e-005
  6.2000000e+002  4.1000000e-005
  6.2050000e+002  3.7000000e-005
  6.2100000e+002  3.1000000e-005
  6.2150000e+002  3.3000000e-005
  6.2200000e+002  3.6000000e-005
  6.2250000e+002  3.5000000e-005
  6.2300000e+002  4.1000000e-005
  6.2350000e+002  3.8000000e-005
  6.2400000e+002  4.0000000e-005
  6.2450000e+002  2.9000000e-005
  6.2500000e+002  3.0000000e-005
  6.2550000e+002  2.7000000e-005
  6.2600000e+002  2.6000000e-005
  6.2650000e+002  3.0000000e-005
  6.2700000e+002  3.3000000e-005
  6.2750000e+002  2.7000000e-005
  6.2800000e+002  3.5000000e-005
  6.2850000e+002  3.0000000e-005
  6.2900000e+002  3.3000000e-005
  6.2950000e+002  3.3000000e-005
  6.3000000e+002  2.5000000e-005
  6.3050000e+002  2.2000000e-005
  6.3100000e+002  3.1000000e-005
  6.3150000e+002  2.8000000e-005
  6.3200000e+002  2.4000000e-005
  6.3250000e+002  2.7000000e-005
  6.3300000e+002  2.7000000e-005
  6.3350000e+002  2.9000000e-005
  6.3400000e+002  2.0000000e-005
  6.3450000e+002  2.2000000e-005
  6.3500000e+002  2.5000000e-005
  6.3550000e+002  2.8000000e-005
  6.3600000e+002  2.3000000e-005
  6.3650000e+002  2.5000000e-005
  6.3700000e+002  2.7000000e-005
  6.3750000e+002  2.6000000e-005
  6.3800000e+002  2.5000000e-005
  6.3850000e+002  2.1000000e-005
  6.3900000e+002  2.2000000e-005
  6.3950000e+002  1.8000000e-005
  6.4000000e+002  1.9000000e-005
  6.4050000e+002  0.0000000e+000
