  1.5635000e+003  0.0000000e+000
  1.5640000e+003  1.2800000e-004
  1.5650000e+003  1.2800000e-004
  1.5660000e+003  8.5000000e-005
  1.5670000e+003  1.7000000e-004
  1.5680000e+003  8.5000000e-005
  1.5690000e+003  4.3000000e-005
  1.5700000e+003  1.2800000e-004
  1.5710000e+003  2.1300000e-004
  1.5720000e+003  8.5000000e-005
  1.5730000e+003  0.0000000e+000
  1.5740000e+003  1.2800000e-004
  1.5750000e+003  2.5500000e-004
  1.5760000e+003  1.2800000e-004
  1.5770000e+003  0.0000000e+000
  1.5780000e+003  8.5000000e-005
  1.5790000e+003  2.5500000e-004
  1.5800000e+003  6.5500000e-004
  1.5810000e+003  7.9100000e-004
  1.5820000e+003  9.2800000e-004
  1.5830000e+003  5.2400000e-004
  1.5840000e+003  8.9200000e-004
  1.5850000e+003  9.1700000e-004
  1.5860000e+003  2.0770000e-003
  1.5870000e+003  2.8570000e-003
  1.5880000e+003  3.9570000e-003
  1.5890000e+003  5.7870000e-003
  1.5900000e+003  8.5850000e-003
  1.5910000e+003  1.2430000e-002
  1.5920000e+003  1.6680000e-002
  1.5930000e+003  2.3663000e-002
  1.5940000e+003  2.8724000e-002
  1.5950000e+003  3.7062000e-002
  1.5960000e+003  4.4374000e-002
  1.5970000e+003  5.2895000e-002
  1.5980000e+003  6.1309000e-002
  1.5990000e+003  7.0039000e-002
  1.6000000e+003  8.4205000e-002
  1.6010000e+003  9.7839000e-002
  1.6020000e+003  1.1314900e-001
  1.6030000e+003  1.3175100e-001
  1.6040000e+003  1.5097100e-001
  1.6050000e+003  1.6923800e-001
  1.6060000e+003  1.9568600e-001
  1.6070000e+003  2.1363800e-001
  1.6080000e+003  2.4432300e-001
  1.6090000e+003  2.6403000e-001
  1.6100000e+003  2.9622500e-001
  1.6110000e+003  3.1758400e-001
  1.6120000e+003  3.5068100e-001
  1.6130000e+003  3.7585200e-001
  1.6140000e+003  4.1069300e-001
  1.6150000e+003  4.3392700e-001
  1.6160000e+003  4.6920400e-001
  1.6170000e+003  4.9100800e-001
  1.6180000e+003  5.2037500e-001
  1.6190000e+003  5.4395400e-001
  1.6200000e+003  5.8030600e-001
  1.6210000e+003  5.9827900e-001
  1.6220000e+003  6.2825400e-001
  1.6230000e+003  6.4727100e-001
  1.6240000e+003  6.7910100e-001
  1.6250000e+003  6.9530000e-001
  1.6260000e+003  7.1754100e-001
  1.6270000e+003  7.3448000e-001
  1.6280000e+003  7.5646700e-001
  1.6290000e+003  7.7352800e-001
  1.6300000e+003  7.8784200e-001
  1.6310000e+003  7.9976300e-001
  1.6320000e+003  8.1217100e-001
  1.6330000e+003  8.2465900e-001
  1.6340000e+003  8.3635800e-001
  1.6350000e+003  8.4738700e-001
  1.6360000e+003  8.5535400e-001
  1.6370000e+003  8.6349400e-001
  1.6380000e+003  8.7284100e-001
  1.6390000e+003  8.8066700e-001
  1.6400000e+003  8.8732700e-001
  1.6410000e+003  8.9534500e-001
  1.6420000e+003  9.0408300e-001
  1.6430000e+003  9.1217300e-001
  1.6440000e+003  9.2101200e-001
  1.6450000e+003  9.2914200e-001
  1.6460000e+003  9.3901600e-001
  1.6470000e+003  9.4849400e-001
  1.6480000e+003  9.5790100e-001
  1.6490000e+003  9.6671000e-001
  1.6500000e+003  9.7764800e-001
  1.6510000e+003  9.8549400e-001
  1.6520000e+003  9.9411000e-001
  1.6530000e+003  9.9872300e-001
  1.6540000e+003  1.0000000e+000
  1.6550000e+003  9.9877300e-001
  1.6560000e+003  9.9678700e-001
  1.6570000e+003  9.9106900e-001
  1.6580000e+003  9.8254400e-001
  1.6590000e+003  9.6877800e-001
  1.6600000e+003  9.5064300e-001
  1.6610000e+003  9.2541200e-001
  1.6620000e+003  8.9674400e-001
  1.6630000e+003  8.5976400e-001
  1.6640000e+003  8.2470000e-001
  1.6650000e+003  7.8098900e-001
  1.6660000e+003  7.2749600e-001
  1.6670000e+003  6.7808800e-001
  1.6680000e+003  6.1538000e-001
  1.6690000e+003  5.6377200e-001
  1.6700000e+003  4.9951300e-001
  1.6710000e+003  4.4006000e-001
  1.6720000e+003  3.8115300e-001
  1.6730000e+003  3.3445200e-001
  1.6740000e+003  2.7612300e-001
  1.6750000e+003  2.2482000e-001
  1.6760000e+003  1.8599500e-001
  1.6770000e+003  1.4085500e-001
  1.6780000e+003  1.1633900e-001
  1.6790000e+003  8.2635000e-002
  1.6800000e+003  7.0251000e-002
  1.6810000e+003  4.6372000e-002
  1.6820000e+003  3.8580000e-002
  1.6830000e+003  2.3705000e-002
  1.6840000e+003  1.7142000e-002
  1.6850000e+003  1.0901000e-002
  1.6860000e+003  8.8770000e-003
  1.6870000e+003  5.3100000e-003
  1.6880000e+003  3.9760000e-003
  1.6890000e+003  2.1620000e-003
  1.6900000e+003  1.4600000e-003
  1.6910000e+003  8.6100000e-004
  1.6920000e+003  8.2100000e-004
  1.6930000e+003  8.2000000e-005
  1.6940000e+003  0.0000000e+000
  1.6950000e+003  4.3000000e-005
  1.6960000e+003  8.5000000e-005
  1.6970000e+003  8.5000000e-005
  1.6980000e+003  8.5000000e-005
  1.6990000e+003  8.5000000e-005
  1.6995000e+003  0.0000000e+000
