  4.3300000e+002  0.0000000e+000
  4.3350000e+002  3.2000000e-005
  4.3400000e+002  1.0030000e-003
  4.3450000e+002  2.3750000e-003
  4.3500000e+002  3.7150000e-003
  4.3550000e+002  5.7900000e-003
  4.3600000e+002  1.0879000e-002
  4.3650000e+002  1.7110000e-002
  4.3700000e+002  3.0052000e-002
  4.3750000e+002  4.3641000e-002
  4.3800000e+002  6.2384000e-002
  4.3850000e+002  8.2003000e-002
  4.3900000e+002  1.0915700e-001
  4.3950000e+002  1.4369200e-001
  4.4000000e+002  1.8649200e-001
  4.4050000e+002  2.2739800e-001
  4.4100000e+002  2.7940100e-001
  4.4150000e+002  3.3530300e-001
  4.4200000e+002  3.9421600e-001
  4.4250000e+002  4.5305500e-001
  4.4300000e+002  5.1363900e-001
  4.4350000e+002  5.6924300e-001
  4.4400000e+002  6.2545900e-001
  4.4450000e+002  6.7623100e-001
  4.4500000e+002  7.2006900e-001
  4.4550000e+002  7.5026200e-001
  4.4600000e+002  7.7864800e-001
  4.4650000e+002  8.0230500e-001
  4.4700000e+002  8.2598400e-001
  4.4750000e+002  8.4234500e-001
  4.4800000e+002  8.5292100e-001
  4.4850000e+002  8.5715500e-001
  4.4900000e+002  8.5764100e-001
  4.4950000e+002  8.5892800e-001
  4.5000000e+002  8.5590900e-001
  4.5050000e+002  8.5873400e-001
  4.5100000e+002  8.6170400e-001
  4.5150000e+002  8.6890500e-001
  4.5200000e+002  8.7202300e-001
  4.5250000e+002  8.7561700e-001
  4.5300000e+002  8.8436500e-001
  4.5350000e+002  8.9590100e-001
  4.5400000e+002  9.1381600e-001
  4.5450000e+002  9.2513400e-001
  4.5500000e+002  9.2845800e-001
  4.5550000e+002  9.3230700e-001
  4.5600000e+002  9.3411800e-001
  4.5650000e+002  9.3350400e-001
  4.5700000e+002  9.2952200e-001
  4.5750000e+002  9.3025600e-001
  4.5800000e+002  9.2876300e-001
  4.5850000e+002  9.2706900e-001
  4.5900000e+002  9.2144500e-001
  4.5950000e+002  9.1058900e-001
  4.6000000e+002  9.0387400e-001
  4.6050000e+002  9.0216200e-001
  4.6100000e+002  9.0104900e-001
  4.6150000e+002  9.0136000e-001
  4.6200000e+002  9.0366500e-001
  4.6250000e+002  9.0470700e-001
  4.6300000e+002  9.0564200e-001
  4.6350000e+002  9.0790400e-001
  4.6400000e+002  9.1133200e-001
  4.6450000e+002  9.1726200e-001
  4.6500000e+002  9.2552100e-001
  4.6550000e+002  9.3130300e-001
  4.6600000e+002  9.3538100e-001
  4.6650000e+002  9.3706200e-001
  4.6700000e+002  9.4063100e-001
  4.6750000e+002  9.4366000e-001
  4.6800000e+002  9.4901400e-001
  4.6850000e+002  9.5576900e-001
  4.6900000e+002  9.5989100e-001
  4.6950000e+002  9.6118000e-001
  4.7000000e+002  9.6516600e-001
  4.7050000e+002  9.6846500e-001
  4.7100000e+002  9.7140200e-001
  4.7150000e+002  9.7451500e-001
  4.7200000e+002  9.7473900e-001
  4.7250000e+002  9.7447100e-001
  4.7300000e+002  9.7317000e-001
  4.7350000e+002  9.7183000e-001
  4.7400000e+002  9.7027600e-001
  4.7450000e+002  9.6870700e-001
  4.7500000e+002  9.6596100e-001
  4.7550000e+002  9.6650400e-001
  4.7600000e+002  9.6430500e-001
  4.7650000e+002  9.6196700e-001
  4.7700000e+002  9.5988600e-001
  4.7750000e+002  9.5626600e-001
  4.7800000e+002  9.5463300e-001
  4.7850000e+002  9.5385100e-001
  4.7900000e+002  9.5641400e-001
  4.7950000e+002  9.5811000e-001
  4.8000000e+002  9.5680900e-001
  4.8050000e+002  9.5834000e-001
  4.8100000e+002  9.6153100e-001
  4.8150000e+002  9.6456800e-001
  4.8200000e+002  9.6865600e-001
  4.8250000e+002  9.7082600e-001
  4.8300000e+002  9.7393600e-001
  4.8350000e+002  9.7646300e-001
  4.8400000e+002  9.8021800e-001
  4.8450000e+002  9.8411800e-001
  4.8500000e+002  9.9024100e-001
  4.8550000e+002  9.9396300e-001
  4.8600000e+002  9.9655600e-001
  4.8650000e+002  1.0000000e+000
  4.8700000e+002  9.9979100e-001
  4.8750000e+002  9.9838000e-001
  4.8800000e+002  9.9843900e-001
  4.8850000e+002  9.9784000e-001
  4.8900000e+002  9.9347900e-001
  4.8950000e+002  9.8463200e-001
  4.9000000e+002  9.7626500e-001
  4.9050000e+002  9.5938900e-001
  4.9100000e+002  9.4023600e-001
  4.9150000e+002  9.2076500e-001
  4.9200000e+002  8.9462800e-001
  4.9250000e+002  8.6754000e-001
  4.9300000e+002  8.2699000e-001
  4.9350000e+002  7.9271400e-001
  4.9400000e+002  7.5089300e-001
  4.9450000e+002  7.0180300e-001
  4.9500000e+002  6.4690700e-001
  4.9550000e+002  5.9713600e-001
  4.9600000e+002  5.4311100e-001
  4.9650000e+002  4.8941200e-001
  4.9700000e+002  4.3796300e-001
  4.9750000e+002  3.8652300e-001
  4.9800000e+002  3.3584800e-001
  4.9850000e+002  2.9133800e-001
  4.9900000e+002  2.5508600e-001
  4.9950000e+002  2.1720800e-001
  5.0000000e+002  1.8621300e-001
  5.0050000e+002  1.5776300e-001
  5.0100000e+002  1.3297000e-001
  5.0150000e+002  1.1235000e-001
  5.0200000e+002  9.5126000e-002
  5.0250000e+002  8.0204000e-002
  5.0300000e+002  6.8190000e-002
  5.0350000e+002  5.5665000e-002
  5.0400000e+002  4.8510000e-002
  5.0450000e+002  4.0520000e-002
  5.0500000e+002  3.3433000e-002
  5.0550000e+002  2.6659000e-002
  5.0600000e+002  2.1906000e-002
  5.0650000e+002  1.8197000e-002
  5.0700000e+002  1.3698000e-002
  5.0750000e+002  1.0687000e-002
  5.0800000e+002  8.2190000e-003
  5.0850000e+002  6.8290000e-003
  5.0900000e+002  4.6830000e-003
  5.0950000e+002  1.7590000e-003
  5.1000000e+002  6.1800000e-004
  5.1050000e+002  5.6200000e-004
  5.1100000e+002  0.0000000e+000
  5.1150000e+002  0.0000000e+000
  5.1200000e+002  0.0000000e+000
  5.1250000e+002  0.0000000e+000
  5.1300000e+002  0.0000000e+000
  5.1350000e+002  0.0000000e+000
  5.1400000e+002  0.0000000e+000
  5.1450000e+002  0.0000000e+000
  5.1500000e+002  0.0000000e+000
  5.1550000e+002  0.0000000e+000
  5.1600000e+002  0.0000000e+000
  5.1650000e+002  0.0000000e+000
  5.1700000e+002  0.0000000e+000
  5.1750000e+002  0.0000000e+000
  5.1800000e+002  0.0000000e+000
  5.1850000e+002  0.0000000e+000
  5.1900000e+002  0.0000000e+000
  5.1950000e+002  0.0000000e+000
  5.2000000e+002  0.0000000e+000
  5.2050000e+002  0.0000000e+000
  5.2100000e+002  0.0000000e+000
  5.2150000e+002  0.0000000e+000
  5.2200000e+002  0.0000000e+000
  5.2250000e+002  0.0000000e+000
  5.2300000e+002  0.0000000e+000
  5.2350000e+002  0.0000000e+000
  5.2400000e+002  0.0000000e+000
  5.2450000e+002  0.0000000e+000
  5.2500000e+002  0.0000000e+000
  5.2550000e+002  0.0000000e+000
  5.2600000e+002  0.0000000e+000
  5.2650000e+002  0.0000000e+000
  5.2700000e+002  0.0000000e+000
  5.2750000e+002  0.0000000e+000
  5.2800000e+002  0.0000000e+000
  5.2850000e+002  0.0000000e+000
  5.2900000e+002  0.0000000e+000
  5.2950000e+002  0.0000000e+000
  5.3000000e+002  0.0000000e+000
  5.3050000e+002  0.0000000e+000
  5.3100000e+002  0.0000000e+000
  5.3150000e+002  0.0000000e+000
  5.3200000e+002  0.0000000e+000
  5.3250000e+002  0.0000000e+000
  5.3300000e+002  0.0000000e+000
  5.3350000e+002  0.0000000e+000
  5.3400000e+002  0.0000000e+000
  5.3450000e+002  0.0000000e+000
  5.3500000e+002  0.0000000e+000
  5.3550000e+002  0.0000000e+000
  5.3600000e+002  0.0000000e+000
  5.3650000e+002  0.0000000e+000
  5.3700000e+002  0.0000000e+000
  5.3750000e+002  0.0000000e+000
  5.3800000e+002  0.0000000e+000
  5.3850000e+002  0.0000000e+000
  5.3900000e+002  0.0000000e+000
  5.3950000e+002  0.0000000e+000
  5.4000000e+002  0.0000000e+000
  5.4050000e+002  0.0000000e+000
  5.4100000e+002  0.0000000e+000
  5.4150000e+002  0.0000000e+000
  5.4200000e+002  0.0000000e+000
  5.4250000e+002  0.0000000e+000
  5.4300000e+002  0.0000000e+000
  5.4350000e+002  0.0000000e+000
  5.4400000e+002  0.0000000e+000
  5.4450000e+002  0.0000000e+000
  5.4500000e+002  0.0000000e+000
  5.4550000e+002  0.0000000e+000
  5.4600000e+002  0.0000000e+000
  5.4650000e+002  0.0000000e+000
  5.4700000e+002  0.0000000e+000
  5.4750000e+002  0.0000000e+000
  5.4800000e+002  0.0000000e+000
  5.4850000e+002  0.0000000e+000
  5.4900000e+002  0.0000000e+000
  5.4950000e+002  0.0000000e+000
  5.5000000e+002  0.0000000e+000
  5.5050000e+002  0.0000000e+000
  5.5100000e+002  0.0000000e+000
  5.5150000e+002  0.0000000e+000
  5.5200000e+002  0.0000000e+000
  5.5250000e+002  0.0000000e+000
  5.5300000e+002  0.0000000e+000
  5.5350000e+002  0.0000000e+000
  5.5400000e+002  0.0000000e+000
  5.5450000e+002  0.0000000e+000
  5.5500000e+002  0.0000000e+000
  5.5550000e+002  0.0000000e+000
  5.5600000e+002  0.0000000e+000
  5.5650000e+002  0.0000000e+000
  5.5700000e+002  0.0000000e+000
  5.5750000e+002  0.0000000e+000
  5.5800000e+002  0.0000000e+000
  5.5850000e+002  0.0000000e+000
  5.5900000e+002  0.0000000e+000
  5.5950000e+002  0.0000000e+000
  5.6000000e+002  0.0000000e+000
  5.6050000e+002  0.0000000e+000
  5.6100000e+002  0.0000000e+000
  5.6150000e+002  0.0000000e+000
  5.6200000e+002  0.0000000e+000
  5.6250000e+002  0.0000000e+000
  5.6300000e+002  0.0000000e+000
  5.6350000e+002  0.0000000e+000
  5.6400000e+002  0.0000000e+000
  5.6450000e+002  0.0000000e+000
  5.6500000e+002  0.0000000e+000
  5.6550000e+002  0.0000000e+000
  5.6600000e+002  0.0000000e+000
  5.6650000e+002  0.0000000e+000
  5.6700000e+002  0.0000000e+000
  5.6750000e+002  0.0000000e+000
  5.6800000e+002  0.0000000e+000
  5.6850000e+002  0.0000000e+000
  5.6900000e+002  0.0000000e+000
  5.6950000e+002  0.0000000e+000
  5.7000000e+002  0.0000000e+000
  5.7050000e+002  0.0000000e+000
  5.7100000e+002  0.0000000e+000
  5.7150000e+002  0.0000000e+000
  5.7200000e+002  0.0000000e+000
  5.7250000e+002  0.0000000e+000
  5.7300000e+002  0.0000000e+000
  5.7350000e+002  0.0000000e+000
  5.7400000e+002  0.0000000e+000
  5.7450000e+002  0.0000000e+000
  5.7500000e+002  0.0000000e+000
  5.7550000e+002  0.0000000e+000
  5.7600000e+002  0.0000000e+000
  5.7650000e+002  0.0000000e+000
  5.7700000e+002  0.0000000e+000
  5.7750000e+002  0.0000000e+000
  5.7800000e+002  0.0000000e+000
  5.7850000e+002  0.0000000e+000
  5.7900000e+002  0.0000000e+000
  5.7950000e+002  0.0000000e+000
  5.8000000e+002  0.0000000e+000
  5.8050000e+002  0.0000000e+000
