6.6666667e+03 5.1269899e-03
6.6675555e+03 5.0852490e-03
6.6684450e+03 4.9879318e-03
6.6693343e+03 4.8481990e-03
6.6702243e+03 4.6864492e-03
6.6711141e+03 4.5287912e-03
6.6720041e+03 4.3981252e-03
6.6728948e+03 4.3128352e-03
6.6737853e+03 4.2851572e-03
6.6746765e+03 4.3196380e-03
6.6755674e+03 4.4119689e-03
6.6764586e+03 4.5478488e-03
6.6773505e+03 4.7080000e-03
6.6782422e+03 4.8729191e-03
6.6791346e+03 5.0255922e-03
6.6800267e+03 5.1514902e-03
6.6809191e+03 5.2426890e-03
6.6818122e+03 5.2996250e-03
6.6827051e+03 5.3261612e-03
6.6835987e+03 5.3302520e-03
6.6844920e+03 5.3193578e-03
6.6853855e+03 5.2998532e-03
6.6862799e+03 5.2751242e-03
6.6871739e+03 5.2456381e-03
6.6880687e+03 5.2075218e-03
6.6889632e+03 5.1583028e-03
6.6898580e+03 5.0954581e-03
6.6907535e+03 5.0165141e-03
6.6916487e+03 4.9239649e-03
6.6925447e+03 4.8230141e-03
6.6934404e+03 4.7209309e-03
6.6943364e+03 4.6265642e-03
6.6952331e+03 4.5473920e-03
6.6961295e+03 4.4904561e-03
6.6970267e+03 4.4591529e-03
6.6979236e+03 4.4521210e-03
6.6988208e+03 4.4643669e-03
6.6997187e+03 4.4877352e-03
6.7006163e+03 4.5120069e-03
6.7015148e+03 4.5267548e-03
6.7024129e+03 4.5213122e-03
6.7033112e+03 4.4899988e-03
6.7042104e+03 4.4312458e-03
6.7051092e+03 4.3470878e-03
6.7060088e+03 4.2434158e-03
6.7069081e+03 4.1286312e-03
6.7078077e+03 4.0143020e-03
6.7087080e+03 3.9099539e-03
6.7096080e+03 3.8239791e-03
6.7105089e+03 3.7622759e-03
6.7114094e+03 3.7277951e-03
6.7123102e+03 3.7207641e-03
6.7132117e+03 3.7395931e-03
6.7141130e+03 3.7808779e-03
6.7150150e+03 3.8412199e-03
6.7159167e+03 3.9165290e-03
6.7168187e+03 4.0022749e-03
6.7177215e+03 4.0932451e-03
6.7186239e+03 4.1842158e-03
6.7195272e+03 4.2697340e-03
6.7204301e+03 4.3441388e-03
6.7213333e+03 4.4031199e-03
6.7222373e+03 4.4425870e-03
6.7231409e+03 4.4607408e-03
6.7240454e+03 4.4589238e-03
6.7249496e+03 4.4410080e-03
6.7258540e+03 4.4131009e-03
6.7267592e+03 4.3824739e-03
6.7276640e+03 4.3570688e-03
6.7285697e+03 4.3452708e-03
6.7294751e+03 4.3538911e-03
6.7303807e+03 4.3872399e-03
6.7312871e+03 4.4466788e-03
6.7321932e+03 4.5312932e-03
6.7331001e+03 4.6390379e-03
6.7340067e+03 4.7633569e-03
6.7349136e+03 4.8958301e-03
6.7358212e+03 5.0267242e-03
6.7367285e+03 5.1460480e-03
6.7376367e+03 5.2435920e-03
6.7385445e+03 5.3123268e-03
6.7394525e+03 5.3456761e-03
6.7403614e+03 5.3420411e-03
6.7412699e+03 5.3037060e-03
6.7421793e+03 5.2351998e-03
6.7430883e+03 5.1451442e-03
6.7439976e+03 5.0441930e-03
6.7449077e+03 4.9455161e-03
6.7458175e+03 4.8604449e-03
6.7467281e+03 4.7978382e-03
6.7476383e+03 4.7638132e-03
6.7485488e+03 4.7617680e-03
6.7494602e+03 4.7896649e-03
6.7503712e+03 4.8409398e-03
6.7512830e+03 4.9046790e-03
6.7521945e+03 4.9695591e-03
6.7531062e+03 5.0237742e-03
6.7540188e+03 5.0548590e-03
6.7549310e+03 5.0537172e-03
6.7558440e+03 5.0160671e-03
6.7567568e+03 4.9393880e-03
6.7576697e+03 4.8273238e-03
6.7585835e+03 4.6860022e-03
6.7594970e+03 4.5242622e-03
6.7604113e+03 4.3554800e-03
6.7613252e+03 4.1937400e-03
6.7622394e+03 4.0526371e-03
6.7631544e+03 3.9455681e-03
6.7640692e+03 3.8827329e-03
6.7649847e+03 3.8713911e-03
6.7658999e+03 3.9138081e-03
6.7668153e+03 4.0045488e-03
6.7677316e+03 4.1336259e-03
6.7686475e+03 4.2881072e-03
6.7695643e+03 4.4509890e-03
6.7704807e+03 4.6050129e-03
6.7713974e+03 4.7313678e-03
6.7723149e+03 4.8159831e-03
6.7732321e+03 4.8486469e-03
6.7741501e+03 4.8241462e-03
6.7750678e+03 4.7408920e-03
6.7759857e+03 4.6018348e-03
6.7769044e+03 4.4131009e-03
6.7778229e+03 4.1867080e-03
6.7787421e+03 3.9351298e-03
6.7796610e+03 3.6731239e-03
6.7805802e+03 3.4161031e-03
6.7815002e+03 3.1804049e-03
6.7824199e+03 2.9828220e-03
6.7833403e+03 2.8383220e-03
6.7842605e+03 2.7582471e-03
6.7851809e+03 2.7512149e-03
6.7861022e+03 2.8210820e-03
6.7870231e+03 2.9669420e-03
6.7879448e+03 3.1770079e-03
6.7888663e+03 3.4374250e-03
6.7897879e+03 3.7273380e-03
6.7907104e+03 4.0249680e-03
6.7916326e+03 4.3098861e-03
6.7925556e+03 4.5632720e-03
6.7934783e+03 4.7735660e-03
6.7944012e+03 4.9382560e-03
6.7953249e+03 5.0603012e-03
6.7962484e+03 5.1469519e-03
6.7971726e+03 5.2079791e-03
6.7980965e+03 5.2542579e-03
6.7990207e+03 5.2932692e-03
6.7999457e+03 5.3282068e-03
6.8008704e+03 5.3597381e-03
6.8017959e+03 5.3862841e-03
6.8027211e+03 5.4035252e-03
6.8036465e+03 5.4094149e-03
6.8045728e+03 5.4019359e-03
6.8054987e+03 5.3824219e-03
6.8064255e+03 5.3522498e-03
6.8073519e+03 5.3141438e-03
6.8082786e+03 5.2710422e-03
6.8092062e+03 5.2247630e-03
6.8101334e+03 5.1755342e-03
6.8110614e+03 5.1229079e-03
6.8119891e+03 5.0657438e-03
6.8129171e+03 5.0024521e-03
6.8138458e+03 4.9316720e-03
6.8147743e+03 4.8552309e-03
6.8157036e+03 4.7760592e-03
6.8166326e+03 4.6996078e-03
6.8175618e+03 4.6324632e-03
6.8184919e+03 4.5802840e-03
6.8194216e+03 4.5483052e-03
6.8203522e+03 4.5383242e-03
6.8212824e+03 4.5469450e-03
6.8222129e+03 4.5682671e-03
6.8231442e+03 4.5936708e-03
6.8240752e+03 4.6120440e-03
6.8250071e+03 4.6140901e-03
6.8259386e+03 4.5900461e-03
6.8268703e+03 4.5374110e-03
6.8278029e+03 4.4580200e-03
6.8287352e+03 4.3577538e-03
6.8296683e+03 4.2465939e-03
6.8306011e+03 4.1379360e-03
6.8315341e+03 4.0467381e-03
6.8324680e+03 3.9848159e-03
6.8334016e+03 3.9609908e-03
6.8343359e+03 3.9807251e-03
6.8352700e+03 4.0447009e-03
6.8362043e+03 4.1474602e-03
6.8371395e+03 4.2806189e-03
6.8380743e+03 4.4317031e-03
6.8390099e+03 4.5895898e-03
6.8399453e+03 4.7422629e-03
6.8408809e+03 4.8785890e-03
6.8418173e+03 4.9892929e-03
6.8427534e+03 5.0673331e-03
6.8436903e+03 5.1074852e-03
6.8446270e+03 5.1070279e-03
6.8455638e+03 5.0641550e-03
6.8465016e+03 4.9793120e-03
6.8474389e+03 4.8559061e-03
6.8483772e+03 4.6998370e-03
6.8493151e+03 4.5185811e-03
6.8502532e+03 4.3223598e-03
6.8511922e+03 4.1213711e-03
6.8521309e+03 3.9283270e-03
6.8530704e+03 3.7568340e-03
6.8540096e+03 3.6207170e-03
6.8549490e+03 3.5320211e-03
6.8558893e+03 3.5009461e-03
6.8568293e+03 3.5356551e-03
6.8577701e+03 3.6420489e-03
6.8587106e+03 3.8183089e-03
6.8596513e+03 4.0553580e-03
6.8605929e+03 4.3371068e-03
6.8615341e+03 4.6435762e-03
6.8624762e+03 4.9498258e-03
6.8634180e+03 5.2311192e-03
6.8643600e+03 5.4652281e-03
6.8653029e+03 5.6371782e-03
6.8662454e+03 5.7410691e-03
6.8671888e+03 5.7787281e-03
6.8681319e+03 5.7571768e-03
6.8690752e+03 5.6891190e-03
6.8700194e+03 5.5881771e-03
6.8709632e+03 5.4659038e-03
6.8719079e+03 5.3307000e-03
6.8728522e+03 5.1882449e-03
6.8737969e+03 5.0430610e-03
6.8747423e+03 4.8956112e-03
6.8756875e+03 4.7501982e-03
6.8766334e+03 4.6088761e-03
6.8775791e+03 4.4750329e-03
6.8785250e+03 4.3527591e-03
6.8794718e+03 4.2465939e-03
6.8804182e+03 4.1588019e-03
6.8813655e+03 4.0930170e-03
6.8823125e+03 4.0501440e-03
6.8832597e+03 4.0322281e-03
6.8842077e+03 4.0410669e-03
6.8851555e+03 4.0787258e-03
6.8861041e+03 4.1472320e-03
6.8870523e+03 4.2468221e-03
6.8880009e+03 4.3768031e-03
6.8889502e+03 4.5353752e-03
6.8898993e+03 4.7182092e-03
6.8908492e+03 4.9201110e-03
6.8917988e+03 5.1310719e-03
6.8927486e+03 5.3415941e-03
6.8936993e+03 5.5403090e-03
6.8946496e+03 5.7177101e-03
6.8956008e+03 5.8647031e-03
6.8965517e+03 5.9733610e-03
6.8975029e+03 6.0389270e-03
6.8984549e+03 6.0593360e-03
6.8994065e+03 6.0352921e-03
6.9003591e+03 5.9706401e-03
6.9013112e+03 5.8737802e-03
6.9022637e+03 5.7539991e-03
6.9032170e+03 5.6240191e-03
6.9041700e+03 5.4935822e-03
6.9051238e+03 5.3724409e-03
6.9060773e+03 5.2692252e-03
6.9070311e+03 5.1893778e-03
6.9079857e+03 5.1362952e-03
6.9089401e+03 5.1111099e-03
6.9098952e+03 5.1113381e-03
6.9108500e+03 5.1347059e-03
6.9118051e+03 5.1769041e-03
6.9127611e+03 5.2338401e-03
6.9137167e+03 5.3021172e-03
6.9146732e+03 5.3758472e-03
6.9156293e+03 5.4534301e-03
6.9165857e+03 5.5319169e-03
6.9175430e+03 5.6097279e-03
6.9185000e+03 5.6889001e-03
6.9194577e+03 5.7730572e-03
6.9204152e+03 5.8685560e-03
6.9213730e+03 5.9831231e-03
6.9223316e+03 6.1230841e-03
6.9232898e+03 6.2923129e-03
6.9242490e+03 6.4921691e-03
6.9252078e+03 6.7153838e-03
6.9261668e+03 6.9503970e-03
6.9271267e+03 7.1783792e-03
6.9280863e+03 7.3791398e-03
6.9290468e+03 7.5318129e-03
6.9300069e+03 7.6161991e-03
6.9309673e+03 7.6180161e-03
6.9319286e+03 7.5322692e-03
6.9328895e+03 7.3625841e-03
6.9338513e+03 7.1209869e-03
6.9348128e+03 6.8260878e-03
6.9357745e+03 6.5028262e-03
6.9367371e+03 6.1797919e-03
6.9376993e+03 5.8817151e-03
6.9386625e+03 5.6274161e-03
6.9396253e+03 5.4307468e-03
6.9405883e+03 5.2996250e-03
6.9415522e+03 5.2333828e-03
6.9425159e+03 5.2247630e-03
6.9434803e+03 5.2621942e-03
6.9444444e+03 5.3332020e-03
6.9454088e+03 5.4246192e-03
6.9463741e+03 5.5246572e-03
6.9473391e+03 5.6215259e-03
6.9483048e+03 5.7077198e-03
6.9492703e+03 5.7766819e-03
6.9502361e+03 5.8259112e-03
6.9512027e+03 5.8547221e-03
6.9521690e+03 5.8637988e-03
6.9531361e+03 5.8569871e-03
6.9541029e+03 5.8395271e-03
6.9550700e+03 5.8172909e-03
6.9560380e+03 5.7968730e-03
6.9570056e+03 5.7841698e-03
6.9579741e+03 5.7846271e-03
6.9589422e+03 5.8014109e-03
6.9599107e+03 5.8358922e-03
6.9608800e+03 5.8873859e-03
6.9618489e+03 5.9545310e-03
6.9628188e+03 6.0339309e-03
6.9637883e+03 6.1226282e-03
6.9647581e+03 6.2176790e-03
6.9657287e+03 6.3179452e-03
6.9666991e+03 6.4232070e-03
6.9676702e+03 6.5341289e-03
6.9686411e+03 6.6516362e-03
6.9696123e+03 6.7777722e-03
6.9705843e+03 6.9118338e-03
6.9715559e+03 7.0527089e-03
6.9725285e+03 7.1976660e-03
6.9735007e+03 7.3426221e-03
6.9744732e+03 7.4834968e-03
6.9754465e+03 7.6139341e-03
6.9764196e+03 7.7291671e-03
6.9773935e+03 7.8278435e-03
6.9783671e+03 7.9099648e-03
6.9793409e+03 7.9784710e-03
6.9803156e+03 8.0381380e-03
6.9812900e+03 8.0928085e-03
6.9822653e+03 8.1486134e-03
6.9832402e+03 8.2082702e-03
6.9842154e+03 8.2722474e-03
6.9851915e+03 8.3387066e-03
6.9861673e+03 8.4033599e-03
6.9871439e+03 8.4609808e-03
6.9881202e+03 8.5049858e-03
6.9890968e+03 8.5328929e-03
6.9900742e+03 8.5444627e-03
6.9910513e+03 8.5421978e-03
6.9920293e+03 8.5331211e-03
6.9930070e+03 8.5258624e-03
6.9939849e+03 8.5301716e-03
6.9949637e+03 8.5533112e-03
6.9959422e+03 8.5991342e-03
6.9969216e+03 8.6680967e-03
6.9979006e+03 8.7563358e-03
6.9988799e+03 8.8552423e-03
6.9998601e+03 8.9541469e-03
7.0008400e+03 9.0437559e-03
7.0018207e+03 9.1158971e-03
7.0028011e+03 9.1662491e-03
7.0037818e+03 9.1927946e-03
7.0047634e+03 9.1989217e-03
7.0057446e+03 9.1918912e-03
7.0067267e+03 9.1803214e-03
7.0077085e+03 9.1732899e-03
7.0086905e+03 9.1776000e-03
7.0096735e+03 9.1986936e-03
7.0106561e+03 9.2377141e-03
7.0116396e+03 9.2935171e-03
7.0126227e+03 9.3620233e-03
7.0136062e+03 9.4387019e-03
7.0145905e+03 9.5183207e-03
7.0155745e+03 9.5968079e-03
7.0165593e+03 9.6723549e-03
7.0175439e+03 9.7447140e-03
7.0185287e+03 9.8145809e-03
7.0195144e+03 9.8835425e-03
7.0204997e+03 9.9529633e-03
7.0214860e+03 1.0025103e-02
7.0224719e+03 1.0099737e-02
7.0234581e+03 1.0175274e-02
7.0244452e+03 1.0249222e-02
7.0254319e+03 1.0319326e-02
7.0264196e+03 1.0382837e-02
7.0274069e+03 1.0436833e-02
7.0283945e+03 1.0480610e-02
7.0293829e+03 1.0515092e-02
7.0303711e+03 1.0542998e-02
7.0313601e+03 1.0568402e-02
7.0323488e+03 1.0596081e-02
7.0333378e+03 1.0632827e-02
7.0343276e+03 1.0684777e-02
7.0353172e+03 1.0759182e-02
7.0363076e+03 1.0862169e-02
7.0372977e+03 1.0999866e-02
7.0382880e+03 1.1175897e-02
7.0392793e+03 1.1393679e-02
7.0402702e+03 1.1650691e-02
7.0412620e+03 1.1940385e-02
7.0422535e+03 1.2251392e-02
7.0432453e+03 1.2569431e-02
7.0442379e+03 1.2876356e-02
7.0452303e+03 1.3154014e-02
7.0462235e+03 1.3387676e-02
7.0472163e+03 1.3569379e-02
7.0482095e+03 1.3698455e-02
7.0492036e+03 1.3780577e-02
7.0501973e+03 1.3827532e-02
7.0511919e+03 1.3854525e-02
7.0521862e+03 1.3877436e-02
7.0531807e+03 1.3907836e-02
7.0541762e+03 1.3954115e-02
7.0551713e+03 1.4020357e-02
7.0561673e+03 1.4106103e-02
7.0571630e+03 1.4205913e-02
7.0581590e+03 1.4316388e-02
7.0591558e+03 1.4433219e-02
7.0601524e+03 1.4553218e-02
7.0611498e+03 1.4674360e-02
7.0621469e+03 1.4798212e-02
7.0631443e+03 1.4927517e-02
7.0641425e+03 1.5067260e-02
7.0651405e+03 1.5222873e-02
7.0661393e+03 1.5398904e-02
7.0671378e+03 1.5598761e-02
7.0681366e+03 1.5826294e-02
7.0691363e+03 1.6080813e-02
7.0701356e+03 1.6358025e-02
7.0711359e+03 1.6651116e-02
7.0721358e+03 1.6950324e-02
7.0731360e+03 1.7245006e-02
7.0741371e+03 1.7524252e-02
7.0751378e+03 1.7776050e-02
7.0761395e+03 1.7992917e-02
7.0771408e+03 1.8171452e-02
7.0781425e+03 1.8312316e-02
7.0791450e+03 1.8421659e-02
7.0801471e+03 1.8507862e-02
7.0811502e+03 1.8583629e-02
7.0821530e+03 1.8663486e-02
7.0831560e+03 1.8761029e-02
7.0841599e+03 1.8888289e-02
7.0851635e+03 1.9055026e-02
7.0861680e+03 1.9265538e-02
7.0871722e+03 1.9520743e-02
7.0881767e+03 1.9817011e-02
7.0891820e+03 2.0146620e-02
7.0901871e+03 2.0499138e-02
7.0911930e+03 2.0864142e-02
7.0921986e+03 2.1231182e-02
7.0932045e+03 2.1593910e-02
7.0942112e+03 2.1947792e-02
7.0952177e+03 2.2291016e-02
7.0962251e+03 2.2625390e-02
7.0972321e+03 2.2954769e-02
7.0982394e+03 2.3287101e-02
7.0992476e+03 2.3625109e-02
7.1002555e+03 2.3972416e-02
7.1012643e+03 2.4330148e-02
7.1022727e+03 2.4696741e-02
7.1032815e+03 2.5070813e-02
7.1042911e+03 2.5446700e-02
7.1053004e+03 2.5819639e-02
7.1063107e+03 2.6187582e-02
7.1073205e+03 2.6551453e-02
7.1083307e+03 2.6913952e-02
7.1093418e+03 2.7278958e-02
7.1103526e+03 2.7654160e-02
7.1113642e+03 2.8047061e-02
7.1123755e+03 2.8465593e-02
7.1133871e+03 2.8914753e-02
7.1143997e+03 2.9394543e-02
7.1154119e+03 2.9903589e-02
7.1164250e+03 3.0435318e-02
7.1174377e+03 3.0983156e-02
7.1184508e+03 3.1538252e-02
7.1194647e+03 3.2092445e-02
7.1204784e+03 3.2640513e-02
7.1214929e+03 3.3179957e-02
7.1225071e+03 3.3715997e-02
7.1235216e+03 3.4252036e-02
7.1245370e+03 3.4792844e-02
7.1255521e+03 3.5344318e-02
7.1265681e+03 3.5913028e-02
7.1275837e+03 3.6502380e-02
7.1285997e+03 3.7110787e-02
7.1296166e+03 3.7733477e-02
7.1306331e+03 3.8364798e-02
7.1316505e+03 3.8998839e-02
7.1326676e+03 3.9629027e-02
7.1336850e+03 4.0245369e-02
7.1347033e+03 4.0841077e-02
7.1357213e+03 4.1411825e-02
7.1367402e+03 4.1958530e-02
7.1377587e+03 4.2485047e-02
7.1387776e+03 4.2996138e-02
7.1397974e+03 4.3503366e-02
7.1408168e+03 4.4021945e-02
7.1418371e+03 4.4567510e-02
7.1428571e+03 4.5152333e-02
7.1438774e+03 4.5784097e-02
7.1448987e+03 4.6466686e-02
7.1459196e+03 4.7199182e-02
7.1469414e+03 4.7977269e-02
7.1479628e+03 4.8791204e-02
7.1489846e+03 4.9629182e-02
7.1500073e+03 5.0480310e-02
7.1510296e+03 5.1336661e-02
7.1520529e+03 5.2195061e-02
7.1530758e+03 5.3049821e-02
7.1540990e+03 5.3898916e-02
7.1551232e+03 5.4742336e-02
7.1561470e+03 5.5581219e-02
7.1571717e+03 5.6422148e-02
7.1581961e+03 5.7266254e-02
7.1592208e+03 5.8119200e-02
7.1602464e+03 5.8989167e-02
7.1612717e+03 5.9886578e-02
7.1622979e+03 6.0823005e-02
7.1633238e+03 6.1805256e-02
7.1643499e+03 6.2839009e-02
7.1653770e+03 6.3929014e-02
7.1664038e+03 6.5076865e-02
7.1674314e+03 6.6278480e-02
7.1684588e+03 6.7520015e-02
7.1694864e+03 6.8784013e-02
7.1705150e+03 7.0054598e-02
7.1715432e+03 7.1320184e-02
7.1725723e+03 7.2568759e-02
7.1736011e+03 7.3791467e-02
7.1746303e+03 7.4986957e-02
7.1756603e+03 7.6166116e-02
7.1766900e+03 7.7347316e-02
7.1777206e+03 7.8542575e-02
7.1787509e+03 7.9764836e-02
7.1797815e+03 8.1025884e-02
7.1808130e+03 8.2335934e-02
7.1818442e+03 8.3702020e-02
7.1828763e+03 8.5117996e-02
7.1839080e+03 8.6575501e-02
7.1849401e+03 8.8067479e-02
7.1859731e+03 8.9589864e-02
7.1870058e+03 9.1139235e-02
7.1880394e+03 9.2706524e-02
7.1890726e+03 9.4285615e-02
7.1901062e+03 9.5873781e-02
7.1911406e+03 9.7472616e-02
7.1921748e+03 9.9084370e-02
7.1932099e+03 1.0070134e-01
7.1942446e+03 1.0232353e-01
7.1952796e+03 1.0395503e-01
7.1963156e+03 1.0560694e-01
7.1973512e+03 1.0729196e-01
7.1983878e+03 1.0902123e-01
7.1994240e+03 1.1081219e-01
7.2004606e+03 1.1268960e-01
7.2014980e+03 1.1467678e-01
7.2025352e+03 1.1678171e-01
7.2035732e+03 1.1900028e-01
7.2046110e+03 1.2132208e-01
7.2056490e+03 1.2372826e-01
7.2066879e+03 1.2619410e-01
7.2077266e+03 1.2868512e-01
7.2087661e+03 1.3116775e-01
7.2098053e+03 1.3361725e-01
7.2108449e+03 1.3602389e-01
7.2118853e+03 1.3839196e-01
7.2129254e+03 1.4072327e-01
7.2139665e+03 1.4302942e-01
7.2150072e+03 1.4532806e-01
7.2160482e+03 1.4764147e-01
7.2170902e+03 1.4999433e-01
7.2181318e+03 1.5239349e-01
7.2191744e+03 1.5484481e-01
7.2202166e+03 1.5735853e-01
7.2212591e+03 1.5994617e-01
7.2223026e+03 1.6261595e-01
7.2233457e+03 1.6536240e-01
7.2243898e+03 1.6818212e-01
7.2254335e+03 1.7107739e-01
7.2264776e+03 1.7405295e-01
7.2275225e+03 1.7710565e-01
7.2285672e+03 1.8022051e-01
7.2296127e+03 1.8338731e-01
7.2306580e+03 1.8660130e-01
7.2317035e+03 1.8986769e-01
7.2327500e+03 1.9317921e-01
7.2337962e+03 1.9652863e-01
7.2348433e+03 1.9991820e-01
7.2358900e+03 2.0336312e-01
7.2369371e+03 2.0689060e-01
7.2379851e+03 2.1050566e-01
7.2390327e+03 2.1421462e-01
7.2400813e+03 2.1802658e-01
7.2411296e+03 2.2195174e-01
7.2421782e+03 2.2600120e-01
7.2432277e+03 2.3015615e-01
7.2442769e+03 2.3439822e-01
7.2453270e+03 2.3871356e-01
7.2463768e+03 2.4309309e-01
7.2474269e+03 2.4753159e-01
7.2484779e+03 2.5200436e-01
7.2495287e+03 2.5650188e-01
7.2505803e+03 2.6102659e-01
7.2516316e+03 2.6559189e-01
7.2526832e+03 2.7021188e-01
7.2537358e+03 2.7488452e-01
7.2547880e+03 2.7961907e-01
7.2558412e+03 2.8443187e-01
7.2568940e+03 2.8934473e-01
7.2579472e+03 2.9436532e-01
7.2590013e+03 2.9948914e-01
7.2600550e+03 3.0471778e-01
7.2611098e+03 3.1006142e-01
7.2621641e+03 3.1554118e-01
7.2632188e+03 3.2115340e-01
7.2642744e+03 3.2689515e-01
7.2653297e+03 3.3277187e-01
7.2663860e+03 3.3879471e-01
7.2674419e+03 3.4499130e-01
7.2684981e+03 3.5136005e-01
7.2695552e+03 3.5790372e-01
7.2706121e+03 3.6462888e-01
7.2716698e+03 3.7154320e-01
7.2727273e+03 3.7865421e-01
7.2737850e+03 3.8592696e-01
7.2748437e+03 3.9332426e-01
7.2759021e+03 4.0080571e-01
7.2769614e+03 4.0833074e-01
7.2780204e+03 4.1585982e-01
7.2790797e+03 4.2333403e-01
7.2801399e+03 4.3071771e-01
7.2811998e+03 4.3800271e-01
7.2822607e+03 4.4520491e-01
7.2833212e+03 4.5235017e-01
7.2843820e+03 4.5946664e-01
7.2854438e+03 4.6660101e-01
7.2865053e+03 4.7380549e-01
7.2875677e+03 4.8113245e-01
7.2886297e+03 4.8861164e-01
7.2896921e+03 4.9625713e-01
7.2907555e+03 5.0407726e-01
7.2918184e+03 5.1207095e-01
7.2928824e+03 5.2023768e-01
7.2939460e+03 5.2855873e-01
7.2950100e+03 5.3701901e-01
7.2960748e+03 5.4560912e-01
7.2971394e+03 5.5432391e-01
7.2982049e+03 5.6317192e-01
7.2992701e+03 5.7214987e-01
7.3003356e+03 5.8125854e-01
7.3014020e+03 5.9049100e-01
7.3024681e+03 5.9983283e-01
7.3035352e+03 6.0926473e-01
7.3046019e+03 6.1874563e-01
7.3056689e+03 6.2823540e-01
7.3067369e+03 6.3768995e-01
7.3078046e+03 6.4706969e-01
7.3088732e+03 6.5634418e-01
7.3099415e+03 6.6549772e-01
7.3110101e+03 6.7453057e-01
7.3120797e+03 6.8345368e-01
7.3131489e+03 6.9228327e-01
7.3142191e+03 7.0104325e-01
7.3152890e+03 7.0976400e-01
7.3163591e+03 7.1846586e-01
7.3174302e+03 7.2715259e-01
7.3185010e+03 7.3581022e-01
7.3195728e+03 7.4442732e-01
7.3206442e+03 7.5299102e-01
7.3217159e+03 7.6148677e-01
7.3227886e+03 7.6989329e-01
7.3238610e+03 7.7820164e-01
7.3249343e+03 7.8644478e-01
7.3260073e+03 7.9466534e-01
7.3270806e+03 8.0290765e-01
7.3281549e+03 8.1121367e-01
7.3292288e+03 8.1960344e-01
7.3303037e+03 8.2809508e-01
7.3313783e+03 8.3666515e-01
7.3324532e+03 8.4525090e-01
7.3335290e+03 8.5375726e-01
7.3346045e+03 8.6207080e-01
7.3356810e+03 8.7011123e-01
7.3367572e+03 8.7780595e-01
7.3378336e+03 8.8511658e-01
7.3389110e+03 8.9202273e-01
7.3399881e+03 8.9853531e-01
7.3410662e+03 9.0472102e-01
7.3421439e+03 9.1064268e-01
7.3432219e+03 9.1634041e-01
7.3443010e+03 9.2182356e-01
7.3453796e+03 9.2710751e-01
7.3464593e+03 9.3221116e-01
7.3475386e+03 9.3712151e-01
7.3486182e+03 9.4181794e-01
7.3496988e+03 9.4625831e-01
7.3507791e+03 9.5045364e-01
7.3518603e+03 9.5442730e-01
7.3529412e+03 9.5819825e-01
7.3540224e+03 9.6178579e-01
7.3551046e+03 9.6519244e-01
7.3561864e+03 9.6846402e-01
7.3572692e+03 9.7162604e-01
7.3583517e+03 9.7468352e-01
7.3594345e+03 9.7762030e-01
7.3605183e+03 9.8039329e-01
7.3616018e+03 9.8300183e-01
7.3626862e+03 9.8542750e-01
7.3637703e+03 9.8764855e-01
7.3648546e+03 9.8964077e-01
7.3659400e+03 9.9138451e-01
7.3670251e+03 9.9291348e-01
7.3681111e+03 9.9425328e-01
7.3691968e+03 9.9542063e-01
7.3702828e+03 9.9642056e-01
7.3713697e+03 9.9726671e-01
7.3724564e+03 9.9799466e-01
7.3735440e+03 9.9862009e-01
7.3746313e+03 9.9914253e-01
7.3757189e+03 9.9954039e-01
7.3768075e+03 9.9981308e-01
7.3778957e+03 9.9996799e-01
7.3789849e+03 1.0000000e+00
7.3800738e+03 9.9989384e-01
7.3811630e+03 9.9962366e-01
7.3822532e+03 9.9919653e-01
7.3833430e+03 9.9862260e-01
7.3844339e+03 9.9790984e-01
7.3855244e+03 9.9706274e-01
7.3866152e+03 9.9608189e-01
7.3877070e+03 9.9499547e-01
7.3887984e+03 9.9382585e-01
7.3898909e+03 9.9259025e-01
7.3909830e+03 9.9129969e-01
7.3920754e+03 9.8996174e-01
7.3931688e+03 9.8860335e-01
7.3942619e+03 9.8724478e-01
7.3953560e+03 9.8589957e-01
7.3964497e+03 9.8457634e-01
7.3975437e+03 9.8328245e-01
7.3986388e+03 9.8203313e-01
7.3997335e+03 9.8083812e-01
7.4008292e+03 9.7969300e-01
7.4019245e+03 9.7858894e-01
7.4030202e+03 9.7751641e-01
7.4041168e+03 9.7646630e-01
7.4052131e+03 9.7542918e-01
7.4063104e+03 9.7438544e-01
7.4074074e+03 9.7332513e-01
7.4085047e+03 9.7224241e-01
7.4096030e+03 9.7113967e-01
7.4107009e+03 9.7002631e-01
7.4117999e+03 9.6891320e-01
7.4128984e+03 9.6781909e-01
7.4139974e+03 9.6676195e-01
7.4150973e+03 9.6575910e-01
7.4161968e+03 9.6482539e-01
7.4172974e+03 9.6396923e-01
7.4183976e+03 9.6319681e-01
7.4194982e+03 9.6250266e-01
7.4205997e+03 9.6187907e-01
7.4217009e+03 9.6131581e-01
7.4228031e+03 9.6080130e-01
7.4239050e+03 9.6032673e-01
7.4250072e+03 9.5987850e-01
7.4261103e+03 9.5945245e-01
7.4272132e+03 9.5904458e-01
7.4283170e+03 9.5865738e-01
7.4294205e+03 9.5829576e-01
7.4305243e+03 9.5796365e-01
7.4316291e+03 9.5767081e-01
7.4327336e+03 9.5742446e-01
7.4338391e+03 9.5723391e-01
7.4349442e+03 9.5710456e-01
7.4360497e+03 9.5703834e-01
7.4371562e+03 9.5703655e-01
7.4382623e+03 9.5709348e-01
7.4393694e+03 9.5720351e-01
7.4404762e+03 9.5735866e-01
7.4415833e+03 9.5755172e-01
7.4426914e+03 9.5777649e-01
7.4437992e+03 9.5802152e-01
7.4449080e+03 9.5828348e-01
7.4460164e+03 9.5856208e-01
7.4471251e+03 9.5886356e-01
7.4482349e+03 9.5919341e-01
7.4493443e+03 9.5955366e-01
7.4504547e+03 9.5994991e-01
7.4515648e+03 9.6039391e-01
7.4526752e+03 9.6089315e-01
7.4537867e+03 9.6144646e-01
7.4548977e+03 9.6204352e-01
7.4560098e+03 9.6266896e-01
7.4571216e+03 9.6331185e-01
7.4582336e+03 9.6395200e-01
7.4593467e+03 9.6455789e-01
7.4604594e+03 9.6509284e-01
7.4615732e+03 9.6552676e-01
7.4626866e+03 9.6584457e-01
7.4638003e+03 9.6603036e-01
7.4649150e+03 9.6606690e-01
7.4660294e+03 9.6593785e-01
7.4671448e+03 9.6564835e-01
7.4682599e+03 9.6521759e-01
7.4693753e+03 9.6465909e-01
7.4704917e+03 9.6398056e-01
7.4716078e+03 9.6317416e-01
7.4727248e+03 9.6225882e-01
7.4738416e+03 9.6124798e-01
7.4749586e+03 9.6014094e-01
7.4760767e+03 9.5892483e-01
7.4771944e+03 9.5756441e-01
7.4783132e+03 9.5606720e-01
7.4794316e+03 9.5442730e-01
7.4805503e+03 9.5263094e-01
7.4816700e+03 9.5065713e-01
7.4827894e+03 9.4847482e-01
7.4839099e+03 9.4610655e-01
7.4850299e+03 9.4355834e-01
7.4861503e+03 9.4082981e-01
7.4872718e+03 9.3790871e-01
7.4883929e+03 9.3478340e-01
7.4895150e+03 9.3148297e-01
7.4906367e+03 9.2801267e-01
7.4917588e+03 9.2436403e-01
7.4928819e+03 9.2050898e-01
7.4940047e+03 9.1643542e-01
7.4951284e+03 9.1215640e-01
7.4962519e+03 9.0766346e-01
7.4973756e+03 9.0293932e-01
7.4985004e+03 8.9794892e-01
7.4996249e+03 8.9269692e-01
7.5007503e+03 8.8719994e-01
7.5018755e+03 8.8146293e-01
7.5030009e+03 8.7548709e-01
7.5041274e+03 8.6924922e-01
7.5052535e+03 8.6277878e-01
7.5063807e+03 8.5609317e-01
7.5075075e+03 8.4919786e-01
7.5086347e+03 8.4208935e-01
7.5097628e+03 8.3473808e-01
7.5108907e+03 8.2716817e-01
7.5120195e+03 8.1938183e-01
7.5131480e+03 8.1137705e-01
7.5142769e+03 8.0314565e-01
7.5154067e+03 7.9467010e-01
7.5165362e+03 7.8598118e-01
7.5176668e+03 7.7709186e-01
7.5187970e+03 7.6801455e-01
7.5199275e+03 7.5875276e-01
7.5210591e+03 7.4931473e-01
7.5221903e+03 7.3973542e-01
7.5233226e+03 7.3003697e-01
7.5244545e+03 7.2023529e-01
7.5255867e+03 7.1033430e-01
7.5267200e+03 7.0034933e-01
7.5278529e+03 6.9030428e-01
7.5289869e+03 6.8021315e-01
7.5301205e+03 6.7008525e-01
7.5312544e+03 6.5991819e-01
7.5323894e+03 6.4972109e-01
7.5335240e+03 6.3950133e-01
7.5346597e+03 6.2926185e-01
7.5357950e+03 6.1899811e-01
7.5369307e+03 6.0870445e-01
7.5380674e+03 5.9838486e-01
7.5392037e+03 5.8804721e-01
7.5403411e+03 5.7769948e-01
7.5414781e+03 5.6735229e-01
7.5426155e+03 5.5702162e-01
7.5437539e+03 5.4672384e-01
7.5448920e+03 5.3647822e-01
7.5460311e+03 5.2630091e-01
7.5471698e+03 5.1620752e-01
7.5483089e+03 5.0621510e-01
7.5494490e+03 4.9632856e-01
7.5505888e+03 4.8655891e-01
7.5517296e+03 4.7691399e-01
7.5528701e+03 4.6740609e-01
7.5540109e+03 4.5804158e-01
7.5551528e+03 4.4881248e-01
7.5562943e+03 4.3972087e-01
7.5574368e+03 4.3076172e-01
7.5585790e+03 4.2194366e-01
7.5597215e+03 4.1326037e-01
7.5608651e+03 4.0470025e-01
7.5620083e+03 3.9626446e-01
7.5631526e+03 3.8795862e-01
7.5642965e+03 3.7980705e-01
7.5654408e+03 3.7180769e-01
7.5665861e+03 3.6396170e-01
7.5677311e+03 3.5627541e-01
7.5688771e+03 3.4875721e-01
7.5700227e+03 3.4142590e-01
7.5711687e+03 3.3425775e-01
7.5723158e+03 3.2723680e-01
7.5734624e+03 3.2035148e-01
7.5746102e+03 3.1359616e-01
7.5757576e+03 3.0697605e-01
7.5769053e+03 3.0046347e-01
7.5780541e+03 2.9405159e-01
7.5792025e+03 2.8774613e-01
7.5803520e+03 2.8156587e-01
7.5815011e+03 2.7553171e-01
7.5826506e+03 2.6963410e-01
7.5838011e+03 2.6387647e-01
7.5849513e+03 2.5826538e-01
7.5861025e+03 2.5281355e-01
7.5872534e+03 2.4751776e-01
7.5884046e+03 2.4235289e-01
7.5895569e+03 2.3730280e-01
7.5907088e+03 2.3236407e-01
7.5918618e+03 2.2754672e-01
7.5930144e+03 2.2283985e-01
7.5941674e+03 2.1822827e-01
7.5953214e+03 2.1370763e-01
7.5964751e+03 2.0928475e-01
7.5976298e+03 2.0498009e-01
7.5987842e+03 2.0077977e-01
7.5999389e+03 1.9667336e-01
7.6010947e+03 1.9265725e-01
7.6022501e+03 1.8873526e-01
7.6034066e+03 1.8491989e-01
7.6045627e+03 1.8119165e-01
7.6057192e+03 1.7753915e-01
7.6068768e+03 1.7396040e-01
7.6080339e+03 1.7046082e-01
7.6091922e+03 1.6705197e-01
7.6103501e+03 1.6371775e-01
7.6115083e+03 1.6045317e-01
7.6126676e+03 1.5726097e-01
7.6138266e+03 1.5415111e-01
7.6149866e+03 1.5112904e-01
7.6161462e+03 1.4818227e-01
7.6173062e+03 1.4530425e-01
7.6184673e+03 1.4249791e-01
7.6196280e+03 1.3977188e-01
7.6207898e+03 1.3712364e-01
7.6219512e+03 1.3454098e-01
7.6231130e+03 1.3201571e-01
7.6242758e+03 1.2954828e-01
7.6254383e+03 1.2714528e-01
7.6266019e+03 1.2479671e-01
7.6277651e+03 1.2249080e-01
7.6289286e+03 1.2022187e-01
7.6300932e+03 1.1799149e-01
7.6312575e+03 1.1581035e-01
7.6324228e+03 1.1367185e-01
7.6335878e+03 1.1157486e-01
7.6347531e+03 1.0952302e-01
7.6359195e+03 1.0752607e-01
7.6370855e+03 1.0559854e-01
7.6382527e+03 1.0373725e-01
7.6394194e+03 1.0194039e-01
7.6405865e+03 1.0021044e-01
7.6417547e+03 9.8550595e-02
7.6429225e+03 9.6961983e-02
7.6440914e+03 9.5429614e-02
7.6452599e+03 9.3940809e-02
7.6464288e+03 9.2487164e-02
7.6475988e+03 9.1063917e-02
7.6487684e+03 8.9663811e-02
7.6499391e+03 8.8273689e-02
7.6511094e+03 8.6885601e-02
7.6522801e+03 8.5500240e-02
7.6534518e+03 8.4123500e-02
7.6546232e+03 8.2756959e-02
7.6557957e+03 8.1399955e-02
7.6569678e+03 8.0055200e-02
7.6581403e+03 7.8730635e-02
7.6593139e+03 7.7436917e-02
7.6604871e+03 7.6175191e-02
7.6616613e+03 7.4946575e-02
7.6628352e+03 7.3753588e-02
7.6640095e+03 7.2600961e-02
7.6651849e+03 7.1495079e-02
7.6663599e+03 7.0432298e-02
7.6675359e+03 6.9409892e-02
7.6687117e+03 6.8425827e-02
7.6698877e+03 6.7478500e-02
7.6710649e+03 6.6567935e-02
7.6722417e+03 6.5684818e-02
7.6734196e+03 6.4821437e-02
7.6745971e+03 6.3973702e-02
7.6757750e+03 6.3140266e-02
7.6769539e+03 6.2319752e-02
7.6781325e+03 6.1507180e-02
7.6793122e+03 6.0699828e-02
7.6804916e+03 5.9900410e-02
7.6816712e+03 5.9113249e-02
7.6828520e+03 5.8339924e-02
7.6840324e+03 5.7578851e-02
7.6852139e+03 5.6828894e-02
7.6863951e+03 5.6090951e-02
7.6875766e+03 5.5365939e-02
7.6887592e+03 5.4651376e-02
7.6899414e+03 5.3944282e-02
7.6911247e+03 5.3241964e-02
7.6923077e+03 5.2545764e-02
7.6934910e+03 5.1858421e-02
7.6946754e+03 5.1179916e-02
7.6958595e+03 5.0510481e-02
7.6970446e+03 4.9850352e-02
7.6982294e+03 4.9201343e-02
7.6994146e+03 4.8564579e-02
7.7006008e+03 4.7934622e-02
7.7017867e+03 4.7306936e-02
7.7029736e+03 4.6677426e-02
7.7041602e+03 4.6042938e-02
7.7053472e+03 4.5402311e-02
7.7065353e+03 4.4751257e-02
7.7077230e+03 4.4091128e-02
7.7089118e+03 4.3426242e-02
7.7101002e+03 4.2764075e-02
7.7112890e+03 4.2113468e-02
7.7124789e+03 4.1481692e-02
7.7136685e+03 4.0878963e-02
7.7148591e+03 4.0312298e-02
7.7160494e+03 3.9788730e-02
7.7172400e+03 3.9310988e-02
7.7184318e+03 3.8878839e-02
7.7196231e+03 3.8490251e-02
7.7208156e+03 3.8140677e-02
7.7220077e+03 3.7825353e-02
7.7232002e+03 3.7536580e-02
7.7243938e+03 3.7265725e-02
7.7255870e+03 3.7004840e-02
7.7267813e+03 3.6746241e-02
7.7279753e+03 3.6483549e-02
7.7291696e+03 3.6209062e-02
7.7303650e+03 3.5916653e-02
7.7315601e+03 3.5601795e-02
7.7327562e+03 3.5262194e-02
7.7339520e+03 3.4898106e-02
7.7351482e+03 3.4509744e-02
7.7363455e+03 3.4100048e-02
7.7375424e+03 3.3674940e-02
7.7387404e+03 3.3241205e-02
7.7399381e+03 3.2807477e-02
7.7411361e+03 3.2382131e-02
7.7423352e+03 3.1972665e-02
7.7435340e+03 3.1586349e-02
7.7447339e+03 3.1229064e-02
7.7459334e+03 3.0903537e-02
7.7471333e+03 3.0610217e-02
7.7483343e+03 3.0345488e-02
7.7495349e+03 3.0105025e-02
7.7507366e+03 2.9882494e-02
7.7519380e+03 2.9669479e-02
7.7531397e+03 2.9456016e-02
7.7543426e+03 2.9233476e-02
7.7555451e+03 2.8993022e-02
7.7567487e+03 2.8731234e-02
7.7579519e+03 2.8445184e-02
7.7591555e+03 2.8135529e-02
7.7603602e+03 2.7806146e-02
7.7615646e+03 2.7464284e-02
7.7627701e+03 2.7121518e-02
7.7639752e+03 2.6788056e-02
7.7651806e+03 2.6472282e-02
7.7663872e+03 2.6183054e-02
7.7675935e+03 2.5925348e-02
7.7688008e+03 2.5700999e-02
7.7700078e+03 2.5507042e-02
7.7712151e+03 2.5336454e-02
7.7724236e+03 2.5180385e-02
7.7736317e+03 2.5029756e-02
7.7748409e+03 2.4874819e-02
7.7760498e+03 2.4706494e-02
7.7772590e+03 2.4518436e-02
7.7784693e+03 2.4309512e-02
7.7796793e+03 2.4082892e-02
7.7808904e+03 2.3843111e-02
7.7821012e+03 2.3596300e-02
7.7833123e+03 2.3350848e-02
7.7845245e+03 2.3114704e-02
7.7857364e+03 2.2894427e-02
7.7869494e+03 2.2693211e-02
7.7881620e+03 2.2511508e-02
7.7893750e+03 2.2347493e-02
7.7905891e+03 2.2198008e-02
7.7918029e+03 2.2057591e-02
7.7930178e+03 2.1921255e-02
7.7942323e+03 2.1784918e-02
7.7954472e+03 2.1645861e-02
7.7966632e+03 2.1503169e-02
7.7978788e+03 2.1359343e-02
7.7990956e+03 2.1216204e-02
7.8003120e+03 2.1077376e-02
7.8015288e+03 2.0945350e-02
7.8027467e+03 2.0822400e-02
7.8039643e+03 2.0708747e-02
7.8051829e+03 2.0602355e-02
7.8064012e+03 2.0498911e-02
7.8076199e+03 2.0392746e-02
7.8088398e+03 2.0279093e-02
7.8100592e+03 2.0153649e-02
7.8112798e+03 2.0012319e-02
7.8125000e+03 1.9854432e-02
7.8137206e+03 1.9683624e-02
7.8149423e+03 1.9506222e-02
7.8161637e+03 1.9329507e-02
7.8173862e+03 1.9162551e-02
7.8186083e+03 1.9014645e-02
7.8198308e+03 1.8894417e-02
7.8210544e+03 1.8805940e-02
7.8222777e+03 1.8749908e-02
7.8235021e+03 1.8723143e-02
7.8247261e+03 1.8719060e-02
7.8259506e+03 1.8728139e-02
7.8271761e+03 1.8737206e-02
7.8284013e+03 1.8734941e-02
7.8296276e+03 1.8710213e-02
7.8308536e+03 1.8654864e-02
7.8320799e+03 1.8564124e-02
7.8333074e+03 1.8438453e-02
7.8345345e+03 1.8281013e-02
7.8357627e+03 1.8099995e-02
7.8369906e+03 1.7905125e-02
7.8382189e+03 1.7707085e-02
7.8394483e+03 1.7517449e-02
7.8406773e+03 1.7345717e-02
7.8419075e+03 1.7198954e-02
7.8431373e+03 1.7080991e-02
7.8443674e+03 1.6991610e-02
7.8455988e+03 1.6928317e-02
7.8468297e+03 1.6886357e-02
7.8480618e+03 1.6858907e-02
7.8492936e+03 1.6837586e-02
7.8505257e+03 1.6816035e-02
7.8517589e+03 1.6787671e-02
7.8529918e+03 1.6746843e-02
7.8542259e+03 1.6690355e-02
7.8554595e+03 1.6616853e-02
7.8566936e+03 1.6526798e-02
7.8579288e+03 1.6423581e-02
7.8591636e+03 1.6309928e-02
7.8603996e+03 1.6190615e-02
7.8616352e+03 1.6071061e-02
7.8628712e+03 1.5955592e-02
7.8641084e+03 1.5847391e-02
7.8653451e+03 1.5747352e-02
7.8665831e+03 1.5654566e-02
7.8678206e+03 1.5566325e-02
7.8690586e+03 1.5478305e-02
7.8702976e+03 1.5385298e-02
7.8715364e+03 1.5281855e-02
7.8727762e+03 1.5164805e-02
7.8740157e+03 1.5032093e-02
7.8752556e+03 1.4883740e-02
7.8764967e+03 1.4722675e-02
7.8777374e+03 1.4554351e-02
7.8789792e+03 1.4385579e-02
7.8802206e+03 1.4222478e-02
7.8814625e+03 1.4070937e-02
7.8827055e+03 1.3935057e-02
7.8839481e+03 1.3818455e-02
7.8851919e+03 1.3720006e-02
7.8864353e+03 1.3639017e-02
7.8876791e+03 1.3573461e-02
7.8889241e+03 1.3521967e-02
7.8901687e+03 1.3484308e-02
7.8914144e+03 1.3461853e-02
7.8926598e+03 1.3458218e-02
7.8939056e+03 1.3477048e-02
7.8951525e+03 1.3522871e-02
7.8963991e+03 1.3597276e-02
7.8976468e+03 1.3700501e-02
7.8988942e+03 1.3828436e-02
7.9001419e+03 1.3972945e-02
7.9013908e+03 1.4121755e-02
7.9026393e+03 1.4260812e-02
7.9038890e+03 1.4376273e-02
7.9051383e+03 1.4452496e-02
7.9063881e+03 1.4478357e-02
7.9076389e+03 1.4445236e-02
7.9088894e+03 1.4352230e-02
7.9101411e+03 1.4202287e-02
7.9113924e+03 1.4002659e-02
7.9126441e+03 1.3765144e-02
7.9138970e+03 1.3504270e-02
7.9151494e+03 1.3235003e-02
7.9164031e+03 1.2969591e-02
7.9176564e+03 1.2718469e-02
7.9189101e+03 1.2489812e-02
7.9201649e+03 1.2288138e-02
7.9214194e+03 1.2114828e-02
7.9226750e+03 1.1968739e-02
7.9239303e+03 1.1847369e-02
7.9251859e+03 1.1746428e-02
7.9264428e+03 1.1662489e-02
7.9276992e+03 1.1592166e-02
7.9289569e+03 1.1532280e-02
7.9302141e+03 1.1479883e-02
7.9314718e+03 1.1432918e-02
7.9327306e+03 1.1389817e-02
7.9339891e+03 1.1348532e-02
7.9352487e+03 1.1309512e-02
7.9365079e+03 1.1270721e-02
7.9377676e+03 1.1232615e-02
7.9390284e+03 1.1195869e-02
7.9402889e+03 1.1161606e-02
7.9415505e+03 1.1131216e-02
7.9428118e+03 1.1107391e-02
7.9440734e+03 1.1091511e-02
7.9453362e+03 1.1085393e-02
7.9465987e+03 1.1088343e-02
7.9478623e+03 1.1098771e-02
7.9491256e+03 1.1113976e-02
7.9503893e+03 1.1129171e-02
7.9516541e+03 1.1138019e-02
7.9529186e+03 1.1135298e-02
7.9541842e+03 1.1115565e-02
7.9554495e+03 1.1074728e-02
7.9567152e+03 1.1011664e-02
7.9579820e+03 1.0927506e-02
7.9592485e+03 1.0826555e-02
7.9605162e+03 1.0714035e-02
7.9617834e+03 1.0596309e-02
7.9630511e+03 1.0480382e-02
7.9643200e+03 1.0373313e-02
7.9655885e+03 1.0282124e-02
7.9668582e+03 1.0211344e-02
7.9681275e+03 1.0163476e-02
7.9693972e+03 1.0140564e-02
7.9706681e+03 1.0143057e-02
7.9719386e+03 1.0169603e-02
7.9732103e+03 1.0218604e-02
7.9744817e+03 1.0285977e-02
7.9757534e+03 1.0367414e-02
7.9770263e+03 1.0457023e-02
7.9782989e+03 1.0548212e-02
7.9795726e+03 1.0632827e-02
7.9808460e+03 1.0702246e-02
7.9821197e+03 1.0748516e-02
7.9833947e+03 1.0764396e-02
7.9846693e+03 1.0744891e-02
7.9859450e+03 1.0687041e-02
7.9872204e+03 1.0590182e-02
7.9884963e+03 1.0458831e-02
7.9897732e+03 1.0300040e-02
7.9910499e+03 1.0124456e-02
7.9923277e+03 9.9434378e-03
7.9936051e+03 9.7687580e-03
7.9948830e+03 9.6133733e-03
7.9961620e+03 9.4881495e-03
7.9974407e+03 9.4001302e-03
7.9987205e+03 9.3529457e-03
8.0000000e+03 9.3475040e-03
8.0012799e+03 9.3801683e-03
8.0025610e+03 9.4448198e-03
8.0038417e+03 9.5307948e-03
8.0051236e+03 9.6283397e-03
8.0064051e+03 9.7261127e-03
8.0076871e+03 9.8139048e-03
8.0089702e+03 9.8830964e-03
8.0102530e+03 9.9264262e-03
8.0115369e+03 9.9416208e-03
8.0128205e+03 9.9284621e-03
8.0141045e+03 9.8892143e-03
8.0153897e+03 9.8286532e-03
8.0166745e+03 9.7526591e-03
8.0179605e+03 9.6687200e-03
8.0192462e+03 9.5834313e-03
8.0205322e+03 9.5026698e-03
8.0218195e+03 9.4312141e-03
8.0231064e+03 9.3722334e-03
8.0243945e+03 9.3279993e-03
8.0256822e+03 9.2985034e-03
8.0269703e+03 9.2835370e-03
8.0282596e+03 9.2805866e-03
8.0295486e+03 9.2878472e-03
8.0308387e+03 9.3028126e-03
8.0321285e+03 9.3223276e-03
8.0334187e+03 9.3438793e-03
8.0347101e+03 9.3642883e-03
8.0360011e+03 9.3808528e-03
8.0372934e+03 9.3912911e-03
8.0385852e+03 9.3937833e-03
8.0398775e+03 9.3860673e-03
8.0411710e+03 9.3670087e-03
8.0424641e+03 9.3354769e-03
8.0437584e+03 9.2914719e-03
8.0450523e+03 9.2363534e-03
8.0463466e+03 9.1714719e-03
8.0476422e+03 9.0995599e-03
8.0489374e+03 9.0226624e-03
8.0502338e+03 8.9434898e-03
8.0515298e+03 8.8643190e-03
8.0528262e+03 8.7865070e-03
8.0541239e+03 8.7105129e-03
8.0554211e+03 8.6358804e-03
8.0567196e+03 8.5612470e-03
8.0580177e+03 8.4843487e-03
8.0593163e+03 8.4040454e-03
8.0606160e+03 8.3182976e-03
8.0619154e+03 8.2277851e-03
8.0632159e+03 8.1325052e-03
8.0645161e+03 8.0356449e-03
8.0658167e+03 7.9426290e-03
8.0671186e+03 7.8587001e-03
8.0684200e+03 7.7906409e-03
8.0697227e+03 7.7434578e-03
8.0710250e+03 7.7216881e-03
8.0723277e+03 7.7278060e-03
8.0736317e+03 7.7609271e-03
8.0749352e+03 7.8176437e-03
8.0762400e+03 7.8922771e-03
8.0775444e+03 7.9775667e-03
8.0788493e+03 8.0646742e-03
8.0801553e+03 8.1463391e-03
8.0814610e+03 8.2175760e-03
8.0827679e+03 8.2742833e-03
8.0840744e+03 8.3142072e-03
8.0853813e+03 8.3364435e-03
8.0866895e+03 8.3416570e-03
8.0879973e+03 8.3312290e-03
8.0893063e+03 8.3069466e-03
8.0906149e+03 8.2704304e-03
8.0919239e+03 8.2225613e-03
8.0932342e+03 8.1656249e-03
8.0945441e+03 8.1018768e-03
8.0958552e+03 8.0340561e-03
8.0971660e+03 7.9662260e-03
8.0984772e+03 7.9022581e-03
8.0997896e+03 7.8457687e-03
8.1011016e+03 7.8004031e-03
8.1024148e+03 7.7681858e-03
8.1037277e+03 7.7477680e-03
8.1050410e+03 7.7364258e-03
8.1063555e+03 7.7284910e-03
8.1076697e+03 7.7171498e-03
8.1089851e+03 7.6937811e-03
8.1103001e+03 7.6499949e-03
8.1116155e+03 7.5810421e-03
8.1129322e+03 7.4844011e-03
8.1142485e+03 7.3607671e-03
8.1155660e+03 7.2149062e-03
8.1168831e+03 7.0545259e-03
8.1182007e+03 6.8909689e-03
8.1195195e+03 6.7353458e-03
8.1208379e+03 6.5990100e-03
8.1221576e+03 6.4919409e-03
8.1234768e+03 6.4225220e-03
8.1247966e+03 6.3971169e-03
8.1261175e+03 6.4179832e-03
8.1274381e+03 6.4844531e-03
8.1287599e+03 6.5933391e-03
8.1300813e+03 6.7387521e-03
8.1314032e+03 6.9111590e-03
8.1327263e+03 7.0992070e-03
8.1340490e+03 7.2890832e-03
8.1353729e+03 7.4662562e-03
8.1366965e+03 7.6166550e-03
8.1380205e+03 7.7264449e-03
8.1393458e+03 7.7849701e-03
8.1406706e+03 7.7845231e-03
8.1419967e+03 7.7232681e-03
8.1433225e+03 7.6039531e-03
8.1446486e+03 7.4344962e-03
8.1459760e+03 7.2282841e-03
8.1473031e+03 7.0009870e-03
8.1486314e+03 6.7718732e-03
8.1499593e+03 6.5561370e-03
8.1512876e+03 6.3669458e-03
8.1526172e+03 6.2138261e-03
8.1539463e+03 6.1010770e-03
8.1552768e+03 6.0282610e-03
8.1566069e+03 5.9883371e-03
8.1579373e+03 5.9726848e-03
8.1592691e+03 5.9719998e-03
8.1606005e+03 5.9772241e-03
8.1619331e+03 5.9808488e-03
8.1632653e+03 5.9781279e-03
8.1645980e+03 5.9667858e-03
8.1659319e+03 5.9481850e-03
8.1672654e+03 5.9241410e-03
8.1686002e+03 5.8964631e-03
8.1699346e+03 5.8683380e-03
8.1712695e+03 5.8392989e-03
8.1726056e+03 5.8091278e-03
8.1739413e+03 5.7771392e-03
8.1752783e+03 5.7419818e-03
8.1766149e+03 5.7040951e-03
8.1779519e+03 5.6643989e-03
8.1792902e+03 5.6271972e-03
8.1806281e+03 5.5988338e-03
8.1819673e+03 5.5854558e-03
8.1833061e+03 5.5940761e-03
8.1846453e+03 5.6299181e-03
8.1859858e+03 5.6950180e-03
8.1873259e+03 5.7875770e-03
8.1886672e+03 5.9007732e-03
8.1900082e+03 6.0248538e-03
8.1913496e+03 6.1478131e-03
8.1926923e+03 6.2562432e-03
8.1940346e+03 6.3367751e-03
8.1953781e+03 6.3794199e-03
8.1967213e+03 6.3798772e-03
8.1980649e+03 6.3385922e-03
8.1994098e+03 6.2591918e-03
8.2007543e+03 6.1500780e-03
8.2021001e+03 6.0219052e-03
8.2034454e+03 5.8878432e-03
8.2047913e+03 5.7585379e-03
8.2061384e+03 5.6426199e-03
8.2074851e+03 5.5459789e-03
8.2088330e+03 5.4706698e-03
8.2101806e+03 5.4164561e-03
8.2115287e+03 5.3787958e-03
8.2128780e+03 5.3531639e-03
8.2142269e+03 5.3332020e-03
8.2155771e+03 5.3130118e-03
8.2169269e+03 5.2871509e-03
8.2182771e+03 5.2522132e-03
8.2196286e+03 5.2063898e-03
8.2209798e+03 5.1496821e-03
8.2223322e+03 5.0841160e-03
8.2236842e+03 5.0117569e-03
8.2250367e+03 4.9371240e-03
8.2263904e+03 4.8640789e-03
8.2277438e+03 4.7973809e-03
8.2290984e+03 4.7413488e-03
8.2304527e+03 4.6984758e-03
8.2318074e+03 4.6698940e-03
8.2331633e+03 4.6565072e-03
8.2345189e+03 4.6556029e-03
8.2358758e+03 4.6639950e-03
8.2372323e+03 4.6766968e-03
8.2385892e+03 4.6880380e-03
8.2399474e+03 4.6923482e-03
8.2413053e+03 4.6841851e-03
8.2426644e+03 4.6583242e-03
8.2440231e+03 4.6138619e-03
8.2453823e+03 4.5514829e-03
8.2467427e+03 4.4739000e-03
8.2481028e+03 4.3861079e-03
8.2494641e+03 4.2942339e-03
8.2508251e+03 4.2057661e-03
8.2521865e+03 4.1286312e-03
8.2535492e+03 4.0694298e-03
8.2549115e+03 4.0324470e-03
8.2562751e+03 4.0213331e-03
8.2576383e+03 4.0365378e-03
8.2590020e+03 4.0757759e-03
8.2603669e+03 4.1343011e-03
8.2617315e+03 4.2055380e-03
8.2630973e+03 4.2817602e-03
8.2644628e+03 4.3538911e-03
8.2658287e+03 4.4121970e-03
8.2671959e+03 4.4468981e-03
8.2685628e+03 4.4498472e-03
8.2699309e+03 4.4153659e-03
8.2712986e+03 4.3396000e-03
8.2726668e+03 4.2220941e-03
8.2740362e+03 4.0671560e-03
8.2754053e+03 3.8816000e-03
8.2767757e+03 3.6765200e-03
8.2781457e+03 3.4646471e-03
8.2795161e+03 3.2602621e-03
8.2808879e+03 3.0767419e-03
8.2822592e+03 2.9279219e-03
8.2836319e+03 2.8222140e-03
8.2850041e+03 2.7636890e-03
8.2863769e+03 2.7523481e-03
8.2877509e+03 2.7841080e-03
8.2891245e+03 2.8498920e-03
8.2904994e+03 2.9376841e-03
8.2918740e+03 3.0354480e-03
8.2932490e+03 3.1325461e-03
8.2946253e+03 3.2198811e-03
8.2960012e+03 3.2911079e-03
8.2973784e+03 3.3432869e-03
8.2987552e+03 3.3768550e-03
8.3001325e+03 3.3950091e-03
8.3015110e+03 3.4024969e-03
8.3028892e+03 3.4029440e-03
8.3042687e+03 3.4013549e-03
8.3056478e+03 3.4013549e-03
8.3070274e+03 3.4045330e-03
8.3084083e+03 3.4120211e-03
8.3097888e+03 3.4233630e-03
8.3111706e+03 3.4371971e-03
8.3125520e+03 3.4512689e-03
8.3139338e+03 3.4619260e-03
8.3153170e+03 3.4657789e-03
8.3166998e+03 3.4596610e-03
8.3180839e+03 3.4403750e-03
8.3194676e+03 3.4058939e-03
8.3208517e+03 3.3546281e-03
8.3222372e+03 3.2872551e-03
8.3236223e+03 3.2051329e-03
8.3250087e+03 3.1121271e-03
8.3263947e+03 3.0127650e-03
8.3277811e+03 2.9122711e-03
8.3291689e+03 2.8170000e-03
8.3305563e+03 2.7323861e-03
8.3319450e+03 2.6627381e-03
8.3333333e+03 2.6087521e-03
