4.3859649e+03 1.5118100e-01
4.3863496e+03 1.6546200e-01
4.3867343e+03 1.6505700e-01
4.3871196e+03 1.5738000e-01
4.3875045e+03 1.4994100e-01
4.3878894e+03 1.4705600e-01
4.3882744e+03 1.5039399e-01
4.3886595e+03 1.5900099e-01
4.3890451e+03 1.6960999e-01
4.3894303e+03 1.7790700e-01
4.3898156e+03 1.7886101e-01
4.3902010e+03 1.6746500e-01
4.3905864e+03 1.4045200e-01
4.3909723e+03 9.8824002e-02
4.3913579e+03 5.0710998e-02
4.3917435e+03 1.0180000e-02
4.3921292e+03 -6.1980002e-03
4.3925150e+03 1.1944000e-02
4.3929013e+03 6.2775001e-02
4.3932872e+03 1.3115400e-01
4.3936731e+03 1.9712400e-01
4.3940591e+03 2.4528500e-01
4.3944452e+03 2.7310801e-01
4.3948319e+03 2.9044101e-01
4.3952181e+03 3.0961001e-01
4.3956044e+03 3.3507299e-01
4.3959908e+03 3.5843799e-01
4.3963772e+03 3.6332601e-01
4.3967642e+03 3.3736199e-01
4.3971507e+03 2.8221601e-01
4.3975374e+03 2.1386100e-01
4.3979241e+03 1.5485200e-01
4.3983109e+03 1.2054400e-01
4.3986982e+03 1.1241400e-01
4.3990851e+03 1.1768300e-01
4.3994721e+03 1.2087800e-01
4.3998591e+03 1.1334400e-01
4.4002462e+03 9.9062003e-02
4.4006339e+03 8.9906998e-02
4.4010211e+03 9.7560003e-02
4.4014085e+03 1.2457300e-01
4.4017958e+03 1.6551000e-01
4.4021833e+03 2.1047500e-01
4.4025713e+03 2.5138801e-01
4.4029589e+03 2.8450400e-01
4.4033465e+03 3.0896601e-01
4.4037343e+03 3.2296100e-01
4.4041221e+03 3.2393900e-01
4.4045104e+03 3.1118301e-01
4.4048983e+03 2.8931999e-01
4.4052863e+03 2.6781499e-01
4.4056744e+03 2.5708601e-01
4.4060626e+03 2.6128200e-01
4.4064512e+03 2.7608800e-01
4.4068395e+03 2.8965399e-01
4.4072279e+03 2.9060799e-01
4.4076163e+03 2.7410901e-01
4.4080047e+03 2.4397300e-01
4.4083938e+03 2.1054700e-01
4.4087824e+03 1.8599001e-01
4.4091711e+03 1.8153100e-01
4.4095598e+03 2.0408601e-01
4.4099487e+03 2.5448701e-01
4.4103380e+03 3.2458299e-01
4.4107270e+03 3.9677599e-01
4.4111160e+03 4.4834599e-01
4.4115051e+03 4.6012399e-01
4.4118943e+03 4.2679301e-01
4.4122840e+03 3.5908201e-01
4.4126733e+03 2.8014100e-01
4.4130627e+03 2.1061800e-01
4.4134521e+03 1.6059799e-01
4.4138416e+03 1.2686200e-01
4.4142317e+03 1.0085100e-01
4.4146213e+03 7.7009000e-02
4.4150110e+03 5.8341000e-02
4.4154008e+03 5.1640999e-02
4.4157907e+03 6.0819998e-02
4.4161811e+03 8.2038999e-02
4.4165711e+03 1.0604800e-01
4.4169611e+03 1.2333300e-01
4.4173513e+03 1.3112999e-01
4.4177415e+03 1.3267900e-01
4.4181322e+03 1.3465799e-01
4.4185225e+03 1.4369400e-01
4.4189129e+03 1.6479400e-01
4.4193034e+03 2.0043799e-01
4.4196940e+03 2.4802600e-01
4.4200851e+03 2.9931000e-01
4.4204757e+03 3.4031799e-01
4.4208665e+03 3.5791299e-01
4.4212573e+03 3.4670800e-01
4.4216482e+03 3.1311500e-01
4.4220396e+03 2.7389500e-01
4.4224307e+03 2.4831200e-01
4.4228218e+03 2.5036299e-01
4.4232129e+03 2.8250200e-01
4.4236042e+03 3.3759999e-01
4.4239959e+03 4.0357101e-01
4.4243873e+03 4.6844399e-01
4.4247788e+03 5.2299398e-01
4.4251703e+03 5.6176102e-01
4.4255619e+03 5.8336198e-01
4.4259540e+03 5.8970398e-01
4.4263457e+03 5.8560300e-01
4.4267375e+03 5.7599503e-01
4.4271294e+03 5.6359702e-01
4.4275213e+03 5.4728901e-01
4.4279138e+03 5.2371001e-01
4.4283058e+03 4.9066499e-01
4.4286980e+03 4.5170701e-01
4.4290902e+03 4.1689801e-01
4.4294824e+03 3.9992300e-01
4.4298753e+03 4.1282099e-01
4.4302677e+03 4.5998001e-01
4.4306602e+03 5.3560698e-01
4.4310527e+03 6.2346399e-01
4.4314453e+03 7.0235699e-01
4.4318385e+03 7.5125599e-01
4.4322313e+03 7.5704998e-01
4.4326241e+03 7.1914101e-01
4.4330170e+03 6.5195501e-01
4.4334100e+03 5.8069199e-01
4.4338035e+03 5.3122002e-01
4.4341966e+03 5.2173102e-01
4.4345898e+03 5.5384600e-01
4.4349831e+03 6.1378402e-01
4.4353764e+03 6.7853898e-01
4.4357702e+03 7.2750998e-01
4.4361637e+03 7.5128001e-01
4.4365572e+03 7.5395101e-01
4.4369508e+03 7.4927801e-01
4.4373445e+03 7.5168598e-01
4.4377387e+03 7.6751697e-01
4.4381325e+03 7.9159701e-01
4.4385264e+03 8.1076598e-01
4.4389204e+03 8.1074202e-01
4.4393144e+03 7.8763902e-01
4.4397089e+03 7.5070798e-01
4.4401031e+03 7.1938002e-01
4.4404973e+03 7.1139300e-01
4.4408916e+03 7.3339897e-01
4.4412860e+03 7.7590901e-01
4.4416809e+03 8.2077903e-01
4.4420754e+03 8.5317999e-01
4.4424700e+03 8.7242103e-01
4.4428647e+03 8.9185202e-01
4.4432594e+03 9.2954600e-01
4.4436547e+03 9.9534899e-01
4.4440495e+03 1.0822771e+00
4.4444444e+03 1.1700150e+00
4.4448394e+03 1.2363430e+00
4.4452345e+03 1.2694120e+00
4.4456301e+03 1.2711281e+00
4.4460253e+03 1.2535090e+00
4.4464206e+03 1.2284271e+00
4.4468160e+03 1.2026540e+00
4.4472114e+03 1.1775730e+00
4.4476074e+03 1.1540170e+00
4.4480029e+03 1.1347049e+00
4.4483986e+03 1.1234760e+00
4.4487943e+03 1.1228790e+00
4.4491901e+03 1.1325589e+00
4.4495864e+03 1.1513470e+00
4.4499823e+03 1.1811010e+00
4.4503783e+03 1.2274740e+00
4.4507743e+03 1.2953510e+00
4.4511705e+03 1.3835430e+00
4.4515671e+03 1.4825100e+00
4.4519634e+03 1.5775440e+00
4.4523598e+03 1.6561260e+00
4.4527562e+03 1.7124170e+00
4.4531526e+03 1.7479410e+00
4.4535497e+03 1.7674921e+00
4.4539463e+03 1.7756931e+00
4.4543430e+03 1.7769330e+00
4.4547397e+03 1.7754310e+00
4.4551366e+03 1.7779109e+00
4.4555340e+03 1.7921200e+00
4.4559309e+03 1.8239020e+00
4.4563280e+03 1.8755670e+00
4.4567251e+03 1.9446610e+00
4.4571223e+03 2.0271530e+00
4.4575200e+03 2.1192780e+00
4.4579174e+03 2.2179120e+00
4.4583148e+03 2.3191690e+00
4.4587122e+03 2.4166100e+00
4.4591098e+03 2.5030611e+00
4.4595079e+03 2.5718210e+00
4.4599055e+03 2.6206250e+00
4.4603033e+03 2.6533120e+00
4.4607011e+03 2.6779649e+00
4.4610990e+03 2.7046909e+00
4.4614975e+03 2.7398341e+00
4.4618955e+03 2.7868500e+00
4.4622936e+03 2.8471701e+00
4.4626918e+03 2.9224150e+00
4.4630900e+03 3.0153270e+00
4.4634889e+03 3.1253331e+00
4.4638873e+03 3.2477140e+00
4.4642857e+03 3.3725259e+00
4.4646842e+03 3.4895890e+00
4.4650829e+03 3.5950661e+00
4.4654820e+03 3.6931751e+00
4.4658808e+03 3.7952659e+00
4.4662796e+03 3.9105649e+00
4.4666785e+03 4.0417671e+00
4.4670774e+03 4.1823382e+00
4.4674770e+03 4.3213120e+00
4.4678761e+03 4.4515128e+00
4.4682752e+03 4.5711989e+00
4.4686745e+03 4.6859498e+00
4.4690738e+03 4.8041101e+00
4.4694737e+03 4.9325938e+00
4.4698732e+03 5.0765748e+00
4.4702727e+03 5.2371502e+00
4.4706723e+03 5.4141989e+00
4.4710720e+03 5.6043859e+00
4.4714722e+03 5.8021541e+00
4.4718720e+03 6.0013289e+00
4.4722719e+03 6.1957588e+00
4.4726719e+03 6.3851829e+00
4.4730719e+03 6.5729609e+00
4.4734725e+03 6.7682981e+00
4.4738727e+03 6.9804902e+00
4.4742729e+03 7.2143788e+00
4.4746733e+03 7.4717522e+00
4.4750736e+03 7.7470770e+00
4.4754746e+03 8.0349197e+00
4.4758751e+03 8.3270540e+00
4.4762757e+03 8.6158514e+00
4.4766764e+03 8.8969698e+00
4.4770772e+03 9.1682186e+00
4.4774785e+03 9.4374170e+00
4.4778794e+03 9.7148180e+00
4.4782803e+03 1.0014581e+01
4.4786814e+03 1.0346746e+01
4.4790825e+03 1.0712647e+01
4.4794842e+03 1.1110973e+01
4.4798854e+03 1.1535739e+01
4.4802867e+03 1.1986947e+01
4.4806881e+03 1.2463021e+01
4.4810896e+03 1.2958097e+01
4.4814916e+03 1.3463115e+01
4.4818932e+03 1.3962960e+01
4.4822949e+03 1.4452743e+01
4.4826967e+03 1.4934134e+01
4.4830985e+03 1.5420341e+01
4.4835009e+03 1.5927171e+01
4.4839029e+03 1.6462851e+01
4.4843049e+03 1.7031168e+01
4.4847071e+03 1.7624710e+01
4.4851092e+03 1.8239260e+01
4.4855120e+03 1.8871569e+01
4.4859143e+03 1.9522190e+01
4.4863167e+03 2.0197462e+01
4.4867192e+03 2.0900940e+01
4.4871218e+03 2.1640348e+01
4.4875249e+03 2.2416353e+01
4.4879276e+03 2.3223948e+01
4.4883303e+03 2.4052238e+01
4.4887332e+03 2.4883890e+01
4.4891361e+03 2.5708412e+01
4.4895396e+03 2.6519918e+01
4.4899426e+03 2.7325701e+01
4.4903458e+03 2.8141117e+01
4.4907490e+03 2.8981947e+01
4.4911522e+03 2.9862976e+01
4.4915561e+03 3.0786919e+01
4.4919595e+03 3.1752562e+01
4.4923630e+03 3.2752060e+01
4.4927665e+03 3.3777473e+01
4.4931702e+03 3.4825207e+01
4.4935744e+03 3.5891510e+01
4.4939782e+03 3.6975742e+01
4.4943820e+03 3.8072086e+01
4.4947859e+03 3.9172482e+01
4.4951899e+03 4.0269230e+01
4.4955945e+03 4.1358517e+01
4.4959987e+03 4.2443417e+01
4.4964029e+03 4.3527935e+01
4.4968072e+03 4.4613407e+01
4.4972115e+03 4.5696186e+01
4.4976165e+03 4.6770550e+01
4.4980210e+03 4.7835064e+01
4.4984256e+03 4.8895145e+01
4.4988302e+03 4.9961590e+01
4.4992349e+03 5.1045586e+01
4.4996402e+03 5.2150677e+01
4.5000451e+03 5.3270290e+01
4.5004500e+03 5.4391239e+01
4.5008551e+03 5.5494713e+01
4.5012602e+03 5.6568455e+01
4.5016658e+03 5.7604004e+01
4.5020711e+03 5.8601929e+01
4.5024764e+03 5.9569023e+01
4.5028817e+03 6.0510754e+01
4.5032872e+03 6.1435078e+01
4.5036932e+03 6.2341236e+01
4.5040988e+03 6.3231754e+01
4.5045045e+03 6.4109108e+01
4.5049103e+03 6.4976433e+01
4.5053161e+03 6.5838837e+01
4.5057225e+03 6.6688492e+01
4.5061284e+03 6.7515587e+01
4.5065345e+03 6.8301842e+01
4.5069406e+03 6.9034340e+01
4.5073468e+03 6.9713852e+01
4.5077535e+03 7.0347740e+01
4.5081599e+03 7.0956871e+01
4.5085663e+03 7.1549248e+01
4.5089728e+03 7.2125221e+01
4.5093793e+03 7.2670601e+01
4.5097864e+03 7.3164795e+01
4.5101931e+03 7.3598793e+01
4.5105999e+03 7.3969673e+01
4.5110068e+03 7.4291702e+01
4.5114137e+03 7.4579552e+01
4.5118212e+03 7.4845215e+01
4.5122282e+03 7.5096771e+01
4.5126354e+03 7.5330330e+01
4.5130426e+03 7.5546982e+01
4.5134499e+03 7.5740456e+01
4.5138577e+03 7.5907921e+01
4.5142652e+03 7.6047089e+01
4.5146727e+03 7.6153137e+01
4.5150803e+03 7.6230522e+01
4.5154879e+03 7.6280640e+01
4.5158962e+03 7.6312302e+01
4.5163040e+03 7.6332405e+01
4.5167118e+03 7.6344681e+01
4.5171198e+03 7.6352737e+01
4.5175278e+03 7.6352715e+01
4.5179364e+03 7.6344994e+01
4.5183446e+03 7.6323341e+01
4.5187528e+03 7.6278328e+01
4.5191611e+03 7.6197029e+01
4.5195695e+03 7.6063629e+01
4.5199785e+03 7.5874496e+01
4.5203870e+03 7.5634888e+01
4.5207957e+03 7.5365517e+01
4.5212043e+03 7.5090981e+01
4.5216131e+03 7.4829506e+01
4.5220224e+03 7.4593735e+01
4.5224314e+03 7.4381996e+01
4.5228403e+03 7.4192787e+01
4.5232494e+03 7.4018311e+01
4.5236585e+03 7.3847672e+01
4.5240682e+03 7.3666046e+01
4.5244775e+03 7.3450233e+01
4.5248869e+03 7.3183418e+01
4.5252963e+03 7.2854828e+01
4.5257058e+03 7.2470093e+01
4.5261159e+03 7.2045204e+01
4.5265255e+03 7.1594261e+01
4.5269353e+03 7.1128395e+01
4.5273451e+03 7.0644356e+01
4.5277549e+03 7.0140457e+01
4.5281654e+03 6.9616432e+01
4.5285754e+03 6.9079399e+01
4.5289855e+03 6.8540169e+01
4.5293957e+03 6.8000313e+01
4.5298059e+03 6.7457008e+01
4.5302167e+03 6.6896507e+01
4.5306271e+03 6.6307190e+01
4.5310376e+03 6.5683456e+01
4.5314482e+03 6.5024162e+01
4.5318588e+03 6.4338394e+01
4.5322700e+03 6.3629700e+01
4.5326807e+03 6.2903667e+01
4.5330916e+03 6.2161278e+01
4.5335025e+03 6.1402298e+01
4.5339135e+03 6.0630177e+01
4.5343250e+03 5.9843491e+01
4.5347362e+03 5.9042431e+01
4.5351474e+03 5.8220196e+01
4.5355587e+03 5.7369183e+01
4.5359700e+03 5.6485008e+01
4.5363820e+03 5.5566166e+01
4.5367935e+03 5.4620480e+01
4.5372051e+03 5.3654076e+01
4.5376167e+03 5.2673195e+01
4.5380285e+03 5.1679443e+01
4.5384408e+03 5.0671291e+01
4.5388527e+03 4.9650810e+01
4.5392646e+03 4.8620796e+01
4.5396767e+03 4.7587132e+01
4.5400888e+03 4.6551609e+01
4.5405015e+03 4.5510960e+01
4.5409137e+03 4.4459892e+01
4.5413261e+03 4.3393780e+01
4.5417385e+03 4.2315052e+01
4.5421510e+03 4.1232059e+01
4.5425640e+03 4.0156460e+01
4.5429767e+03 3.9097832e+01
4.5433894e+03 3.8058163e+01
4.5438022e+03 3.7031628e+01
4.5442150e+03 3.6010620e+01
4.5446285e+03 3.4990929e+01
4.5450415e+03 3.3977627e+01
4.5454545e+03 3.2980801e+01
4.5458677e+03 3.2006523e+01
4.5462809e+03 3.1054758e+01
4.5466948e+03 3.0113720e+01
4.5471081e+03 2.9173706e+01
4.5475216e+03 2.8229952e+01
4.5479351e+03 2.7289318e+01
4.5483487e+03 2.6367258e+01
4.5487629e+03 2.5475859e+01
4.5491767e+03 2.4623249e+01
4.5495905e+03 2.3806309e+01
4.5500044e+03 2.3019981e+01
4.5504184e+03 2.2260189e+01
4.5508330e+03 2.1523142e+01
4.5512471e+03 2.0810532e+01
4.5516614e+03 2.0118546e+01
4.5520756e+03 1.9445992e+01
4.5524900e+03 1.8789768e+01
4.5529050e+03 1.8148350e+01
4.5533195e+03 1.7525387e+01
4.5537341e+03 1.6920637e+01
4.5541487e+03 1.6337275e+01
4.5545635e+03 1.5770912e+01
4.5549788e+03 1.5215539e+01
4.5553937e+03 1.4666819e+01
4.5558087e+03 1.4121365e+01
4.5562237e+03 1.3586521e+01
4.5566388e+03 1.3070583e+01
4.5570545e+03 1.2586236e+01
4.5574698e+03 1.2140941e+01
4.5578851e+03 1.1731791e+01
4.5583006e+03 1.1351323e+01
4.5587161e+03 1.0984230e+01
4.5591321e+03 1.0622191e+01
4.5595478e+03 1.0261416e+01
4.5599635e+03 9.9067211e+00
4.5603793e+03 9.5687380e+00
4.5607952e+03 9.2549076e+00
4.5612117e+03 8.9701891e+00
4.5616277e+03 8.7066879e+00
4.5620438e+03 8.4493160e+00
4.5624600e+03 8.1803322e+00
4.5628762e+03 7.8879352e+00
4.5632931e+03 7.5764408e+00
4.5637095e+03 7.2624679e+00
4.5641260e+03 6.9712629e+00
4.5645425e+03 6.7225208e+00
4.5649592e+03 6.5195560e+00
4.5653764e+03 6.3513751e+00
4.5657932e+03 6.1961651e+00
4.5662100e+03 6.0374970e+00
4.5666270e+03 5.8679810e+00
4.5670440e+03 5.6921239e+00
4.5674616e+03 5.5203671e+00
4.5678788e+03 5.3595781e+00
4.5682960e+03 5.2120438e+00
4.5687133e+03 5.0697560e+00
4.5691307e+03 4.9231291e+00
4.5695487e+03 4.7651520e+00
4.5699663e+03 4.5973058e+00
4.5703839e+03 4.4295778e+00
4.5708016e+03 4.2737479e+00
4.5712194e+03 4.1373491e+00
4.5716378e+03 4.0166850e+00
4.5720557e+03 3.8992879e+00
4.5724737e+03 3.7734740e+00
4.5728918e+03 3.6358111e+00
4.5733100e+03 3.4980290e+00
4.5737287e+03 3.3777230e+00
4.5741470e+03 3.2901039e+00
4.5745654e+03 3.2385581e+00
4.5749839e+03 3.2126901e+00
4.5754024e+03 3.1949749e+00
4.5758216e+03 3.1666269e+00
4.5762403e+03 3.1168220e+00
4.5766590e+03 3.0428641e+00
4.5770779e+03 2.9504061e+00
4.5774968e+03 2.8493640e+00
4.5779163e+03 2.7501340e+00
4.5783354e+03 2.6609890e+00
4.5787546e+03 2.5834560e+00
4.5791738e+03 2.5147669e+00
4.5795931e+03 2.4511571e+00
4.5800130e+03 2.3920290e+00
4.5804325e+03 2.3419609e+00
4.5808520e+03 2.3060560e+00
4.5812717e+03 2.2843361e+00
4.5816914e+03 2.2679801e+00
4.5821116e+03 2.2421119e+00
4.5825315e+03 2.1942849e+00
4.5829514e+03 2.1191590e+00
4.5833714e+03 2.0220749e+00
4.5837915e+03 1.9123790e+00
4.5842122e+03 1.7983429e+00
4.5846324e+03 1.6840930e+00
4.5850527e+03 1.5735860e+00
4.5854731e+03 1.4763110e+00
4.5858936e+03 1.4073130e+00
4.5863146e+03 1.3808250e+00
4.5867353e+03 1.4005179e+00
4.5871560e+03 1.4530890e+00
4.5875767e+03 1.5137430e+00
4.5879976e+03 1.5571110e+00
4.5884190e+03 1.5722270e+00
4.5888400e+03 1.5640250e+00
4.5892611e+03 1.5480510e+00
4.5896823e+03 1.5363930e+00
4.5901035e+03 1.5303130e+00
4.5905254e+03 1.5213250e+00
4.5909468e+03 1.5006779e+00
4.5913682e+03 1.4673470e+00
4.5917898e+03 1.4296530e+00
4.5922114e+03 1.3979191e+00
4.5926336e+03 1.3759609e+00
4.5930554e+03 1.3549560e+00
4.5934773e+03 1.3208621e+00
4.5938992e+03 1.2625450e+00
4.5943212e+03 1.1806010e+00
4.5947438e+03 1.0884520e+00
4.5951660e+03 1.0056970e+00
4.5955882e+03 9.4840503e-01
4.5960106e+03 9.2298901e-01
4.5964330e+03 9.2577899e-01
4.5968560e+03 9.4628298e-01
4.5972785e+03 9.7243702e-01
4.5977011e+03 9.9174899e-01
4.5981239e+03 9.9246502e-01
4.5985467e+03 9.6723998e-01
4.5989700e+03 9.1705298e-01
4.5993930e+03 8.5585099e-01
4.5998160e+03 8.0544901e-01
4.6002391e+03 7.8620899e-01
4.6006623e+03 8.0449498e-01
4.6010861e+03 8.4767300e-01
4.6015094e+03 8.8908601e-01
4.6019328e+03 9.0320098e-01
4.6023563e+03 8.7809497e-01
4.6027799e+03 8.2032597e-01
4.6032040e+03 7.4739403e-01
4.6036278e+03 6.7562997e-01
4.6040516e+03 6.1285400e-01
4.6044754e+03 5.5806601e-01
4.6048994e+03 5.0852197e-01
4.6053240e+03 4.6565500e-01
4.6057481e+03 4.3654400e-01
4.6061723e+03 4.3051201e-01
4.6065965e+03 4.5354301e-01
4.6070209e+03 5.0291997e-01
4.6074458e+03 5.6810302e-01
4.6078703e+03 6.3452703e-01
4.6082949e+03 6.9095999e-01
4.6087196e+03 7.3299402e-01
4.6091443e+03 7.6262897e-01
4.6095697e+03 7.8239399e-01
4.6099946e+03 7.9054803e-01
4.6104195e+03 7.7977097e-01
4.6108446e+03 7.4224401e-01
4.6112697e+03 6.7698902e-01
4.6116955e+03 5.9757203e-01
4.6121208e+03 5.2800101e-01
4.6125461e+03 4.9233401e-01
4.6129716e+03 5.0241899e-01
4.6133971e+03 5.5086601e-01
4.6138232e+03 6.1442798e-01
4.6142489e+03 6.6549700e-01
4.6146747e+03 6.8631101e-01
4.6151005e+03 6.7374700e-01
4.6155264e+03 6.3922399e-01
4.6159529e+03 5.9697598e-01
4.6163790e+03 5.5522901e-01
4.6168052e+03 5.1171702e-01
4.6172314e+03 4.5957500e-01
4.6176577e+03 3.9720500e-01
4.6180846e+03 3.3559701e-01
4.6185111e+03 2.9551899e-01
4.6189376e+03 2.9842800e-01
4.6193643e+03 3.5102299e-01
4.6197910e+03 4.3940499e-01
4.6202183e+03 5.3200698e-01
4.6206451e+03 5.9392399e-01
4.6210721e+03 6.0260201e-01
4.6214991e+03 5.5625403e-01
4.6219262e+03 4.7295001e-01
4.6223539e+03 3.7920401e-01
4.6227812e+03 2.9981101e-01
4.6232085e+03 2.4776401e-01
4.6236359e+03 2.2408900e-01
4.6240634e+03 2.2089399e-01
4.6244915e+03 2.2849999e-01
4.6249192e+03 2.3961000e-01
4.6253469e+03 2.5081599e-01
4.6257747e+03 2.6023301e-01
4.6262026e+03 2.6657501e-01
4.6266311e+03 2.6891199e-01
4.6270591e+03 2.6736200e-01
4.6274873e+03 2.6392901e-01
4.6279155e+03 2.6125899e-01
4.6283438e+03 2.6032901e-01
4.6287727e+03 2.6054299e-01
4.6292011e+03 2.5994700e-01
4.6296296e+03 2.5699100e-01
4.6300582e+03 2.5112599e-01
4.6304869e+03 2.4240001e-01
4.6309162e+03 2.2900100e-01
4.6313450e+03 2.0899700e-01
4.6317740e+03 1.8377300e-01
4.6322030e+03 1.6064601e-01
4.6326321e+03 1.5292101e-01
4.6330617e+03 1.7273401e-01
4.6334910e+03 2.2225299e-01
4.6339203e+03 2.8986901e-01
4.6343497e+03 3.5285899e-01
4.6347792e+03 3.8881299e-01
4.6352093e+03 3.8483101e-01
4.6356389e+03 3.4465700e-01
4.6360686e+03 2.8431401e-01
4.6364984e+03 2.2468500e-01
4.6369283e+03 1.8043500e-01
4.6373588e+03 1.5614000e-01
4.6377888e+03 1.4898700e-01
4.6382189e+03 1.5561500e-01
4.6386491e+03 1.7590500e-01
4.6390794e+03 2.1214400e-01
4.6395103e+03 2.6361901e-01
4.6399407e+03 3.2224599e-01
4.6403712e+03 3.7302899e-01
4.6408018e+03 4.0149599e-01
4.6412325e+03 4.0059000e-01
4.6416638e+03 3.7415001e-01
4.6420946e+03 3.3373800e-01
4.6425255e+03 2.9172799e-01
4.6429565e+03 2.5641900e-01
4.6433876e+03 2.3241000e-01
4.6438193e+03 2.2287300e-01
4.6442505e+03 2.2981100e-01
4.6446818e+03 2.5131699e-01
4.6451132e+03 2.7935499e-01
4.6455447e+03 3.0009699e-01
4.6459768e+03 3.0126500e-01
4.6464084e+03 2.7797201e-01
4.6468401e+03 2.3682100e-01
4.6472719e+03 1.9173600e-01
4.6477038e+03 1.5647399e-01
4.6481363e+03 1.3737600e-01
4.6485683e+03 1.3189299e-01
4.6490005e+03 1.3201199e-01
4.6494327e+03 1.2977099e-01
4.6498649e+03 1.2125900e-01
4.6502978e+03 1.0666800e-01
4.6507303e+03 8.8905998e-02
4.6511628e+03 7.1787000e-02
4.6515954e+03 5.8603000e-02
4.6520281e+03 5.1688999e-02
4.6524614e+03 5.2260999e-02
4.6528942e+03 6.0081001e-02
4.6533271e+03 7.4219003e-02
4.6537601e+03 9.3769997e-02
4.6541932e+03 1.1792100e-01
4.6546269e+03 1.4569700e-01
4.6550602e+03 1.7530900e-01
4.6554935e+03 2.0279799e-01
4.6559269e+03 2.2244400e-01
4.6563604e+03 2.2983500e-01
4.6567945e+03 2.2459000e-01
4.6572281e+03 2.1114300e-01
4.6576619e+03 1.9719601e-01
4.6580957e+03 1.9092500e-01
4.6585296e+03 1.9700500e-01
4.6589641e+03 2.1724699e-01
4.6593981e+03 2.5176999e-01
4.6598322e+03 2.9957199e-01
4.6602665e+03 3.5662600e-01
4.6607008e+03 4.1253501e-01
4.6611357e+03 4.5044401e-01
4.6615701e+03 4.5192200e-01
4.6620047e+03 4.0845799e-01
4.6624393e+03 3.3047101e-01
4.6628740e+03 2.4478400e-01
4.6633093e+03 1.8436900e-01
4.6637442e+03 1.6853800e-01
4.6641791e+03 1.9502600e-01
4.6646141e+03 2.4075501e-01
4.6650492e+03 2.7825800e-01
4.6654850e+03 2.8984499e-01
4.6659202e+03 2.7618399e-01
4.6663556e+03 2.5124499e-01
4.6667910e+03 2.3109899e-01
4.6672265e+03 2.2346900e-01
4.6676626e+03 2.2542401e-01
4.6680983e+03 2.2716500e-01
4.6685341e+03 2.1788999e-01
4.6689699e+03 1.9090100e-01
4.6694058e+03 1.4553000e-01
4.6698424e+03 8.7976001e-02
4.6702785e+03 2.8872000e-02
4.6707146e+03 -1.9192001e-02
4.6711509e+03 -4.6110000e-02
4.6715872e+03 -4.7993001e-02
4.6720241e+03 -2.8752999e-02
4.6724606e+03 4.7599999e-04
4.6728972e+03 2.5486000e-02
