3.8000000e+02 9.2830842e-04
3.8100000e+02 3.0658218e-04
3.8200000e+02 0.0000000e+00
3.8300000e+02 0.0000000e+00
3.8400000e+02 0.0000000e+00
3.8500000e+02 0.0000000e+00
3.8600000e+02 0.0000000e+00
3.8700000e+02 0.0000000e+00
3.8800000e+02 0.0000000e+00
3.8900000e+02 0.0000000e+00
3.9000000e+02 8.8918929e-04
3.9100000e+02 0.0000000e+00
3.9200000e+02 8.6650497e-04
3.9300000e+02 0.0000000e+00
3.9400000e+02 0.0000000e+00
3.9500000e+02 0.0000000e+00
3.9600000e+02 0.0000000e+00
3.9700000e+02 0.0000000e+00
3.9800000e+02 0.0000000e+00
3.9900000e+02 0.0000000e+00
4.0000000e+02 0.0000000e+00
4.0100000e+02 0.0000000e+00
4.0200000e+02 0.0000000e+00
4.0300000e+02 0.0000000e+00
4.0400000e+02 0.0000000e+00
4.0500000e+02 0.0000000e+00
4.0600000e+02 0.0000000e+00
4.0700000e+02 0.0000000e+00
4.0800000e+02 0.0000000e+00
4.0900000e+02 0.0000000e+00
4.1000000e+02 0.0000000e+00
4.1100000e+02 0.0000000e+00
4.1200000e+02 0.0000000e+00
4.1300000e+02 0.0000000e+00
4.1400000e+02 0.0000000e+00
4.1500000e+02 0.0000000e+00
4.1600000e+02 0.0000000e+00
4.1700000e+02 0.0000000e+00
4.1800000e+02 0.0000000e+00
4.1900000e+02 8.9827224e-04
4.2000000e+02 0.0000000e+00
4.2100000e+02 0.0000000e+00
4.2200000e+02 0.0000000e+00
4.2300000e+02 0.0000000e+00
4.2400000e+02 9.0022013e-04
4.2500000e+02 0.0000000e+00
4.2600000e+02 2.3374552e-05
4.2700000e+02 0.0000000e+00
4.2800000e+02 0.0000000e+00
4.2900000e+02 0.0000000e+00
4.3000000e+02 8.9594445e-04
4.3100000e+02 8.9689760e-04
4.3200000e+02 0.0000000e+00
4.3300000e+02 9.2830842e-04
4.3400000e+02 0.0000000e+00
4.3500000e+02 0.0000000e+00
4.3600000e+02 8.6469119e-04
4.3700000e+02 9.2830842e-04
4.3800000e+02 0.0000000e+00
4.3900000e+02 0.0000000e+00
4.4000000e+02 0.0000000e+00
4.4100000e+02 0.0000000e+00
4.4200000e+02 0.0000000e+00
4.4300000e+02 8.9852637e-04
4.4400000e+02 0.0000000e+00
4.4500000e+02 0.0000000e+00
4.4600000e+02 0.0000000e+00
4.4700000e+02 0.0000000e+00
4.4800000e+02 0.0000000e+00
4.4900000e+02 0.0000000e+00
4.5000000e+02 0.0000000e+00
4.5100000e+02 0.0000000e+00
4.5200000e+02 2.2931258e-05
4.5300000e+02 2.9020380e-05
4.5400000e+02 1.9537161e-05
4.5500000e+02 0.0000000e+00
4.5600000e+02 0.0000000e+00
4.5700000e+02 0.0000000e+00
4.5800000e+02 3.2630986e-05
4.5900000e+02 0.0000000e+00
4.6000000e+02 0.0000000e+00
4.6100000e+02 0.0000000e+00
4.6200000e+02 0.0000000e+00
4.6300000e+02 0.0000000e+00
4.6400000e+02 0.0000000e+00
4.6500000e+02 0.0000000e+00
4.6600000e+02 0.0000000e+00
4.6700000e+02 0.0000000e+00
4.6800000e+02 0.0000000e+00
4.6900000e+02 0.0000000e+00
4.7000000e+02 0.0000000e+00
4.7100000e+02 0.0000000e+00
4.7200000e+02 0.0000000e+00
4.7300000e+02 0.0000000e+00
4.7400000e+02 0.0000000e+00
4.7500000e+02 0.0000000e+00
4.7600000e+02 9.0361395e-04
4.7700000e+02 2.3331402e-05
4.7800000e+02 9.0589482e-04
4.7900000e+02 0.0000000e+00
4.8000000e+02 9.2830842e-04
4.8100000e+02 0.0000000e+00
4.8200000e+02 0.0000000e+00
4.8300000e+02 0.0000000e+00
4.8400000e+02 0.0000000e+00
4.8500000e+02 0.0000000e+00
4.8600000e+02 0.0000000e+00
4.8700000e+02 0.0000000e+00
4.8800000e+02 8.9924536e-04
4.8900000e+02 0.0000000e+00
4.9000000e+02 0.0000000e+00
4.9100000e+02 0.0000000e+00
4.9200000e+02 0.0000000e+00
4.9300000e+02 0.0000000e+00
4.9400000e+02 0.0000000e+00
4.9500000e+02 0.0000000e+00
4.9600000e+02 0.0000000e+00
4.9700000e+02 0.0000000e+00
4.9800000e+02 0.0000000e+00
4.9900000e+02 8.9583511e-04
5.0000000e+02 0.0000000e+00
5.0100000e+02 0.0000000e+00
5.0200000e+02 9.0703195e-04
5.0300000e+02 0.0000000e+00
5.0400000e+02 0.0000000e+00
5.0500000e+02 0.0000000e+00
5.0600000e+02 0.0000000e+00
5.0700000e+02 0.0000000e+00
5.0800000e+02 0.0000000e+00
5.0900000e+02 0.0000000e+00
5.1000000e+02 0.0000000e+00
5.1100000e+02 0.0000000e+00
5.1200000e+02 0.0000000e+00
5.1300000e+02 0.0000000e+00
5.1400000e+02 1.4663104e-05
5.1500000e+02 9.2830842e-04
5.1600000e+02 0.0000000e+00
5.1700000e+02 0.0000000e+00
5.1800000e+02 0.0000000e+00
5.1900000e+02 1.7396539e-05
5.2000000e+02 0.0000000e+00
5.2100000e+02 0.0000000e+00
5.2200000e+02 0.0000000e+00
5.2300000e+02 0.0000000e+00
5.2400000e+02 0.0000000e+00
5.2500000e+02 0.0000000e+00
5.2600000e+02 0.0000000e+00
5.2700000e+02 0.0000000e+00
5.2800000e+02 9.2830842e-04
5.2900000e+02 0.0000000e+00
5.3000000e+02 0.0000000e+00
5.3100000e+02 0.0000000e+00
5.3200000e+02 0.0000000e+00
5.3300000e+02 0.0000000e+00
5.3400000e+02 0.0000000e+00
5.3500000e+02 0.0000000e+00
5.3600000e+02 0.0000000e+00
5.3700000e+02 0.0000000e+00
5.3800000e+02 0.0000000e+00
5.3900000e+02 0.0000000e+00
5.4000000e+02 0.0000000e+00
5.4100000e+02 0.0000000e+00
5.4200000e+02 0.0000000e+00
5.4300000e+02 0.0000000e+00
5.4400000e+02 0.0000000e+00
5.4500000e+02 0.0000000e+00
5.4600000e+02 9.1802384e-04
5.4700000e+02 1.9344039e-05
5.4800000e+02 0.0000000e+00
5.4900000e+02 0.0000000e+00
5.5000000e+02 0.0000000e+00
5.5100000e+02 0.0000000e+00
5.5200000e+02 9.1718098e-04
5.5300000e+02 0.0000000e+00
5.5400000e+02 0.0000000e+00
5.5500000e+02 0.0000000e+00
5.5600000e+02 0.0000000e+00
5.5700000e+02 1.3233473e-05
5.5800000e+02 0.0000000e+00
5.5900000e+02 0.0000000e+00
5.6000000e+02 0.0000000e+00
5.6100000e+02 9.2830842e-04
5.6200000e+02 0.0000000e+00
5.6300000e+02 9.0691885e-04
5.6400000e+02 0.0000000e+00
5.6500000e+02 0.0000000e+00
5.6600000e+02 0.0000000e+00
5.6700000e+02 0.0000000e+00
5.6800000e+02 0.0000000e+00
5.6900000e+02 0.0000000e+00
5.7000000e+02 9.1636968e-04
5.7100000e+02 1.6089845e-05
5.7200000e+02 0.0000000e+00
5.7300000e+02 0.0000000e+00
5.7400000e+02 0.0000000e+00
5.7500000e+02 0.0000000e+00
5.7600000e+02 0.0000000e+00
5.7700000e+02 0.0000000e+00
5.7800000e+02 1.1370469e-05
5.7900000e+02 3.6447878e-06
5.8000000e+02 0.0000000e+00
5.8100000e+02 0.0000000e+00
5.8200000e+02 0.0000000e+00
5.8300000e+02 0.0000000e+00
5.8400000e+02 0.0000000e+00
5.8500000e+02 9.1534130e-04
5.8600000e+02 0.0000000e+00
5.8700000e+02 0.0000000e+00
5.8800000e+02 6.3585060e-07
5.8900000e+02 0.0000000e+00
5.9000000e+02 0.0000000e+00
5.9100000e+02 0.0000000e+00
5.9200000e+02 0.0000000e+00
5.9300000e+02 0.0000000e+00
5.9400000e+02 0.0000000e+00
5.9500000e+02 0.0000000e+00
5.9600000e+02 0.0000000e+00
5.9700000e+02 9.3232823e-04
5.9800000e+02 0.0000000e+00
5.9900000e+02 0.0000000e+00
6.0000000e+02 0.0000000e+00
6.0100000e+02 0.0000000e+00
6.0200000e+02 0.0000000e+00
6.0300000e+02 0.0000000e+00
6.0400000e+02 5.0349937e-06
6.0500000e+02 0.0000000e+00
6.0600000e+02 0.0000000e+00
6.0700000e+02 0.0000000e+00
6.0800000e+02 0.0000000e+00
6.0900000e+02 0.0000000e+00
6.1000000e+02 0.0000000e+00
6.1100000e+02 9.2718020e-04
6.1200000e+02 0.0000000e+00
6.1300000e+02 0.0000000e+00
6.1400000e+02 0.0000000e+00
6.1500000e+02 0.0000000e+00
6.1600000e+02 0.0000000e+00
6.1700000e+02 9.2205879e-04
6.1800000e+02 0.0000000e+00
6.1900000e+02 0.0000000e+00
6.2000000e+02 0.0000000e+00
6.2100000e+02 0.0000000e+00
6.2200000e+02 0.0000000e+00
6.2300000e+02 0.0000000e+00
6.2400000e+02 1.5284008e-06
6.2500000e+02 0.0000000e+00
6.2600000e+02 0.0000000e+00
6.2700000e+02 0.0000000e+00
6.2800000e+02 0.0000000e+00
6.2900000e+02 3.2014974e-06
6.3000000e+02 0.0000000e+00
6.3100000e+02 0.0000000e+00
6.3200000e+02 0.0000000e+00
6.3300000e+02 0.0000000e+00
6.3400000e+02 0.0000000e+00
6.3500000e+02 0.0000000e+00
6.3600000e+02 9.2763622e-04
6.3700000e+02 0.0000000e+00
6.3800000e+02 0.0000000e+00
6.3900000e+02 0.0000000e+00
6.4000000e+02 0.0000000e+00
6.4100000e+02 9.1811599e-07
6.4200000e+02 9.2232726e-04
6.4300000e+02 0.0000000e+00
6.4400000e+02 0.0000000e+00
6.4500000e+02 0.0000000e+00
6.4600000e+02 0.0000000e+00
6.4700000e+02 0.0000000e+00
6.4800000e+02 0.0000000e+00
6.4900000e+02 0.0000000e+00
6.5000000e+02 0.0000000e+00
6.5100000e+02 0.0000000e+00
6.5200000e+02 9.2707340e-04
6.5300000e+02 0.0000000e+00
6.5400000e+02 0.0000000e+00
6.5500000e+02 0.0000000e+00
6.5600000e+02 0.0000000e+00
6.5700000e+02 0.0000000e+00
6.5800000e+02 0.0000000e+00
6.5900000e+02 9.2561236e-04
6.6000000e+02 0.0000000e+00
6.6100000e+02 0.0000000e+00
6.6200000e+02 0.0000000e+00
6.6300000e+02 9.2012755e-04
6.6400000e+02 0.0000000e+00
6.6500000e+02 1.6393983e-07
6.6600000e+02 1.0214331e-05
6.6700000e+02 0.0000000e+00
6.6800000e+02 0.0000000e+00
6.6900000e+02 0.0000000e+00
6.7000000e+02 7.3987591e-07
6.7100000e+02 0.0000000e+00
6.7200000e+02 0.0000000e+00
6.7300000e+02 0.0000000e+00
6.7400000e+02 0.0000000e+00
6.7500000e+02 0.0000000e+00
6.7600000e+02 7.6994758e-06
6.7700000e+02 0.0000000e+00
6.7800000e+02 9.2806754e-04
6.7900000e+02 0.0000000e+00
6.8000000e+02 0.0000000e+00
6.8100000e+02 0.0000000e+00
6.8200000e+02 0.0000000e+00
6.8300000e+02 0.0000000e+00
6.8400000e+02 0.0000000e+00
6.8500000e+02 0.0000000e+00
6.8600000e+02 0.0000000e+00
6.8700000e+02 9.2830842e-04
6.8800000e+02 0.0000000e+00
6.8900000e+02 0.0000000e+00
6.9000000e+02 0.0000000e+00
6.9100000e+02 9.1746476e-04
6.9200000e+02 9.2163703e-04
6.9300000e+02 0.0000000e+00
6.9400000e+02 0.0000000e+00
6.9500000e+02 0.0000000e+00
6.9600000e+02 0.0000000e+00
6.9700000e+02 9.2181622e-04
6.9800000e+02 0.0000000e+00
6.9900000e+02 0.0000000e+00
7.0000000e+02 0.0000000e+00
7.0100000e+02 0.0000000e+00
7.0200000e+02 9.2161152e-04
7.0300000e+02 0.0000000e+00
7.0400000e+02 0.0000000e+00
7.0500000e+02 1.8389738e-03
7.0600000e+02 4.8266134e-06
7.0700000e+02 1.8496702e-03
7.0800000e+02 2.7685405e-03
7.0900000e+02 9.2830842e-04
7.1000000e+02 9.2830842e-04
7.1100000e+02 1.8480143e-03
7.1200000e+02 0.0000000e+00
7.1300000e+02 9.2830842e-04
7.1400000e+02 3.6652546e-05
7.1500000e+02 0.0000000e+00
7.1600000e+02 0.0000000e+00
7.1700000e+02 9.2060151e-04
7.1800000e+02 1.8213515e-03
7.1900000e+02 1.2289509e-05
7.2000000e+02 0.0000000e+00
7.2100000e+02 1.5064628e-05
7.2200000e+02 7.5229104e-06
7.2300000e+02 9.5740638e-04
7.2400000e+02 9.2830842e-04
7.2500000e+02 2.7730524e-03
7.2600000e+02 9.2830842e-04
7.2700000e+02 1.8566168e-03
7.2800000e+02 3.6916328e-03
7.2900000e+02 3.6990885e-03
7.3000000e+02 4.6250892e-03
7.3100000e+02 4.6791298e-03
7.3200000e+02 5.5698505e-03
7.3300000e+02 6.4981589e-03
7.3400000e+02 6.5194454e-03
7.3500000e+02 7.4056441e-03
7.3600000e+02 6.5375829e-03
7.3700000e+02 8.3368072e-03
7.3800000e+02 8.3703412e-03
7.3900000e+02 1.1139701e-02
7.4000000e+02 1.1121558e-02
7.4100000e+02 1.4793617e-02
7.4200000e+02 1.4808928e-02
7.4300000e+02 2.2136135e-02
7.4400000e+02 2.5903538e-02
7.4500000e+02 3.3373530e-02
7.4600000e+02 4.6269263e-02
7.4700000e+02 5.9309870e-02
7.4800000e+02 8.5075081e-02
7.4900000e+02 1.2202144e-01
7.5000000e+02 1.7409126e-01
7.5100000e+02 2.5162678e-01
7.5200000e+02 3.4958275e-01
7.5300000e+02 4.6416402e-01
7.5400000e+02 5.8196324e-01
7.5500000e+02 7.0629031e-01
7.5600000e+02 8.1168749e-01
7.5700000e+02 8.9478289e-01
7.5800000e+02 9.4682406e-01
7.5900000e+02 9.6668396e-01
7.6000000e+02 9.7888092e-01
7.6100000e+02 9.7753135e-01
7.6200000e+02 1.0000000e+00
7.6300000e+02 9.8939084e-01
7.6400000e+02 9.7156867e-01
7.6500000e+02 9.7640967e-01
7.6600000e+02 9.5967880e-01
7.6700000e+02 9.6715045e-01
7.6800000e+02 9.7551522e-01
7.6900000e+02 9.8508826e-01
7.7000000e+02 9.9045673e-01
7.7100000e+02 9.5638930e-01
7.7200000e+02 9.0842293e-01
7.7300000e+02 8.1555385e-01
7.7400000e+02 7.0448490e-01
7.7500000e+02 5.7289934e-01
7.7600000e+02 4.3387389e-01
7.7700000e+02 3.1583869e-01
7.7800000e+02 2.2717433e-01
7.7900000e+02 1.6640924e-01
7.8000000e+02 1.1772345e-01
7.8100000e+02 9.2315777e-02
7.8200000e+02 6.8406711e-02
7.8300000e+02 5.4266444e-02
7.8400000e+02 4.4771358e-02
7.8500000e+02 3.8164192e-02
7.8600000e+02 3.2569931e-02
7.8700000e+02 2.9787778e-02
7.8800000e+02 2.6978976e-02
7.8900000e+02 2.3250440e-02
7.9000000e+02 2.1407638e-02
7.9100000e+02 1.9475162e-02
7.9200000e+02 1.7687270e-02
7.9300000e+02 1.7637860e-02
7.9400000e+02 1.4871513e-02
7.9500000e+02 1.3945915e-02
7.9600000e+02 1.3019727e-02
7.9700000e+02 1.1165132e-02
7.9800000e+02 1.0211393e-02
7.9900000e+02 8.3810782e-03
8.0000000e+02 7.4522820e-03
8.0100000e+02 5.5698505e-03
8.0200000e+02 4.6640657e-03
8.0300000e+02 4.6613855e-03
8.0400000e+02 3.7433366e-03
8.0500000e+02 9.5467073e-04
8.0600000e+02 1.8784348e-03
8.0700000e+02 0.0000000e+00
8.0800000e+02 9.2830842e-04
8.0900000e+02 9.5937716e-04
8.1000000e+02 0.0000000e+00
8.1100000e+02 0.0000000e+00
8.1200000e+02 0.0000000e+00
8.1300000e+02 0.0000000e+00
8.1400000e+02 9.0047754e-04
8.1500000e+02 8.9829654e-04
8.1600000e+02 0.0000000e+00
8.1700000e+02 3.3157869e-05
8.1800000e+02 0.0000000e+00
8.1900000e+02 0.0000000e+00
8.2000000e+02 3.2846087e-05
8.2100000e+02 0.0000000e+00
8.2200000e+02 0.0000000e+00
8.2300000e+02 0.0000000e+00
8.2400000e+02 0.0000000e+00
8.2500000e+02 0.0000000e+00
8.2600000e+02 2.5269136e-05
8.2700000e+02 0.0000000e+00
8.2800000e+02 0.0000000e+00
8.2900000e+02 0.0000000e+00
8.3000000e+02 9.0419352e-04
8.3100000e+02 0.0000000e+00
8.3200000e+02 0.0000000e+00
8.3300000e+02 0.0000000e+00
8.3400000e+02 0.0000000e+00
8.3500000e+02 0.0000000e+00
8.3600000e+02 0.0000000e+00
8.3700000e+02 0.0000000e+00
8.3800000e+02 0.0000000e+00
8.3900000e+02 0.0000000e+00
8.4000000e+02 0.0000000e+00
8.4100000e+02 0.0000000e+00
8.4200000e+02 0.0000000e+00
8.4300000e+02 9.0070141e-04
8.4400000e+02 0.0000000e+00
8.4500000e+02 8.9801377e-04
8.4600000e+02 0.0000000e+00
8.4700000e+02 0.0000000e+00
8.4800000e+02 8.9263899e-04
8.4900000e+02 0.0000000e+00
8.5000000e+02 0.0000000e+00
8.5100000e+02 0.0000000e+00
8.5200000e+02 0.0000000e+00
8.5300000e+02 0.0000000e+00
8.5400000e+02 0.0000000e+00
8.5500000e+02 2.4978046e-05
8.5600000e+02 0.0000000e+00
8.5700000e+02 0.0000000e+00
8.5800000e+02 0.0000000e+00
8.5900000e+02 0.0000000e+00
8.6000000e+02 0.0000000e+00
8.6100000e+02 0.0000000e+00
8.6200000e+02 0.0000000e+00
8.6300000e+02 0.0000000e+00
8.6400000e+02 9.2830842e-04
8.6500000e+02 0.0000000e+00
8.6600000e+02 9.2830842e-04
8.6700000e+02 0.0000000e+00
8.6800000e+02 0.0000000e+00
8.6900000e+02 0.0000000e+00
8.7000000e+02 0.0000000e+00
8.7100000e+02 0.0000000e+00
8.7200000e+02 0.0000000e+00
8.7300000e+02 2.6518448e-05
8.7400000e+02 0.0000000e+00
8.7500000e+02 0.0000000e+00
8.7600000e+02 0.0000000e+00
8.7700000e+02 0.0000000e+00
8.7800000e+02 0.0000000e+00
8.7900000e+02 0.0000000e+00
8.8000000e+02 9.2830842e-04
8.8100000e+02 0.0000000e+00
8.8200000e+02 0.0000000e+00
8.8300000e+02 0.0000000e+00
8.8400000e+02 0.0000000e+00
8.8500000e+02 0.0000000e+00
8.8600000e+02 0.0000000e+00
8.8700000e+02 0.0000000e+00
8.8800000e+02 0.0000000e+00
8.8900000e+02 0.0000000e+00
8.9000000e+02 0.0000000e+00
8.9100000e+02 0.0000000e+00
8.9200000e+02 8.9723519e-04
8.9300000e+02 0.0000000e+00
8.9400000e+02 0.0000000e+00
8.9500000e+02 0.0000000e+00
8.9600000e+02 8.5444350e-04
8.9700000e+02 0.0000000e+00
8.9800000e+02 0.0000000e+00
8.9900000e+02 0.0000000e+00
9.0000000e+02 0.0000000e+00
9.0100000e+02 8.9633993e-04
9.0200000e+02 0.0000000e+00
9.0300000e+02 0.0000000e+00
9.0400000e+02 0.0000000e+00
9.0500000e+02 0.0000000e+00
9.0600000e+02 0.0000000e+00
9.0700000e+02 0.0000000e+00
9.0800000e+02 0.0000000e+00
9.0900000e+02 0.0000000e+00
9.1000000e+02 0.0000000e+00
9.1100000e+02 0.0000000e+00
9.1200000e+02 2.9952012e-05
9.1300000e+02 0.0000000e+00
9.1400000e+02 0.0000000e+00
9.1500000e+02 0.0000000e+00
9.1600000e+02 0.0000000e+00
9.1700000e+02 0.0000000e+00
9.1800000e+02 0.0000000e+00
9.1900000e+02 3.5635420e-05
9.2000000e+02 0.0000000e+00
9.2100000e+02 0.0000000e+00
9.2200000e+02 8.4129271e-04
9.2300000e+02 0.0000000e+00
9.2400000e+02 0.0000000e+00
9.2500000e+02 0.0000000e+00
9.2600000e+02 0.0000000e+00
9.2700000e+02 0.0000000e+00
9.2800000e+02 0.0000000e+00
9.2900000e+02 3.8746329e-05
9.3000000e+02 0.0000000e+00
9.3100000e+02 0.0000000e+00
9.3200000e+02 0.0000000e+00
9.3300000e+02 9.6097715e-04
9.3400000e+02 0.0000000e+00
9.3500000e+02 0.0000000e+00
9.3600000e+02 8.8659695e-04
9.3700000e+02 0.0000000e+00
9.3800000e+02 0.0000000e+00
9.3900000e+02 0.0000000e+00
9.4000000e+02 0.0000000e+00
9.4100000e+02 0.0000000e+00
9.4200000e+02 0.0000000e+00
9.4300000e+02 0.0000000e+00
9.4400000e+02 0.0000000e+00
9.4500000e+02 0.0000000e+00
9.4600000e+02 8.9701092e-04
9.4700000e+02 3.1946060e-05
9.4800000e+02 0.0000000e+00
9.4900000e+02 4.2638740e-05
9.5000000e+02 4.0099124e-05
9.5100000e+02 0.0000000e+00
9.5200000e+02 0.0000000e+00
9.5300000e+02 0.0000000e+00
9.5400000e+02 0.0000000e+00
9.5500000e+02 0.0000000e+00
9.5600000e+02 0.0000000e+00
9.5700000e+02 0.0000000e+00
9.5800000e+02 0.0000000e+00
9.5900000e+02 0.0000000e+00
9.6000000e+02 0.0000000e+00
9.6100000e+02 0.0000000e+00
9.6200000e+02 0.0000000e+00
9.6300000e+02 0.0000000e+00
9.6400000e+02 0.0000000e+00
9.6500000e+02 8.8661305e-04
9.6600000e+02 8.9227458e-04
9.6700000e+02 0.0000000e+00
9.6800000e+02 0.0000000e+00
9.6900000e+02 0.0000000e+00
9.7000000e+02 0.0000000e+00
9.7100000e+02 0.0000000e+00
9.7200000e+02 0.0000000e+00
9.7300000e+02 0.0000000e+00
9.7400000e+02 0.0000000e+00
9.7500000e+02 0.0000000e+00
9.7600000e+02 8.8356790e-04
9.7700000e+02 0.0000000e+00
9.7800000e+02 0.0000000e+00
9.7900000e+02 0.0000000e+00
9.8000000e+02 8.9005554e-04
9.8100000e+02 0.0000000e+00
9.8200000e+02 0.0000000e+00
9.8300000e+02 0.0000000e+00
9.8400000e+02 0.0000000e+00
9.8500000e+02 0.0000000e+00
9.8600000e+02 0.0000000e+00
9.8700000e+02 0.0000000e+00
9.8800000e+02 3.9205310e-05
9.8900000e+02 0.0000000e+00
9.9000000e+02 0.0000000e+00
9.9100000e+02 0.0000000e+00
9.9200000e+02 0.0000000e+00
9.9300000e+02 0.0000000e+00
9.9400000e+02 0.0000000e+00
9.9500000e+02 0.0000000e+00
9.9600000e+02 0.0000000e+00
9.9700000e+02 8.9007860e-04
9.9800000e+02 0.0000000e+00
9.9900000e+02 0.0000000e+00
1.0000000e+03 0.0000000e+00
1.0010000e+03 0.0000000e+00
1.0020000e+03 0.0000000e+00
1.0030000e+03 0.0000000e+00
1.0040000e+03 0.0000000e+00
1.0050000e+03 0.0000000e+00
1.0060000e+03 0.0000000e+00
1.0070000e+03 0.0000000e+00
1.0080000e+03 0.0000000e+00
1.0090000e+03 0.0000000e+00
1.0100000e+03 0.0000000e+00
1.0110000e+03 0.0000000e+00
1.0120000e+03 0.0000000e+00
1.0130000e+03 0.0000000e+00
1.0140000e+03 8.8344273e-04
1.0150000e+03 0.0000000e+00
1.0160000e+03 0.0000000e+00
1.0170000e+03 3.7357020e-05
1.0180000e+03 0.0000000e+00
1.0190000e+03 0.0000000e+00
1.0200000e+03 0.0000000e+00
1.0210000e+03 0.0000000e+00
1.0220000e+03 0.0000000e+00
1.0230000e+03 0.0000000e+00
1.0240000e+03 0.0000000e+00
1.0250000e+03 0.0000000e+00
1.0260000e+03 0.0000000e+00
1.0270000e+03 8.9411985e-04
1.0280000e+03 3.8384255e-05
1.0290000e+03 0.0000000e+00
1.0300000e+03 0.0000000e+00
1.0310000e+03 0.0000000e+00
1.0320000e+03 0.0000000e+00
1.0330000e+03 4.3958352e-05
1.0340000e+03 0.0000000e+00
1.0350000e+03 0.0000000e+00
1.0360000e+03 0.0000000e+00
1.0370000e+03 0.0000000e+00
1.0380000e+03 0.0000000e+00
1.0390000e+03 0.0000000e+00
1.0400000e+03 0.0000000e+00
1.0410000e+03 0.0000000e+00
1.0420000e+03 0.0000000e+00
1.0430000e+03 0.0000000e+00
1.0440000e+03 0.0000000e+00
1.0450000e+03 0.0000000e+00
1.0460000e+03 0.0000000e+00
1.0470000e+03 0.0000000e+00
1.0480000e+03 0.0000000e+00
1.0490000e+03 8.4913906e-04
1.0500000e+03 0.0000000e+00
1.0510000e+03 0.0000000e+00
1.0520000e+03 0.0000000e+00
1.0530000e+03 0.0000000e+00
1.0540000e+03 0.0000000e+00
1.0550000e+03 0.0000000e+00
1.0560000e+03 0.0000000e+00
1.0570000e+03 8.6265863e-04
1.0580000e+03 0.0000000e+00
1.0590000e+03 0.0000000e+00
1.0600000e+03 0.0000000e+00
1.0610000e+03 0.0000000e+00
1.0620000e+03 0.0000000e+00
1.0630000e+03 0.0000000e+00
1.0640000e+03 0.0000000e+00
1.0650000e+03 0.0000000e+00
1.0660000e+03 0.0000000e+00
1.0670000e+03 8.9220107e-04
1.0680000e+03 0.0000000e+00
1.0690000e+03 0.0000000e+00
1.0700000e+03 3.6816931e-05
1.0710000e+03 0.0000000e+00
1.0720000e+03 0.0000000e+00
1.0730000e+03 0.0000000e+00
1.0740000e+03 0.0000000e+00
1.0750000e+03 0.0000000e+00
1.0760000e+03 0.0000000e+00
1.0770000e+03 0.0000000e+00
1.0780000e+03 3.9603357e-05
1.0790000e+03 0.0000000e+00
1.0800000e+03 3.4419834e-05
1.0810000e+03 0.0000000e+00
1.0820000e+03 8.9362045e-04
1.0830000e+03 0.0000000e+00
1.0840000e+03 0.0000000e+00
1.0850000e+03 8.9052448e-04
1.0860000e+03 0.0000000e+00
1.0870000e+03 0.0000000e+00
1.0880000e+03 0.0000000e+00
1.0890000e+03 0.0000000e+00
1.0900000e+03 0.0000000e+00
1.0910000e+03 0.0000000e+00
1.0920000e+03 0.0000000e+00
1.0930000e+03 0.0000000e+00
1.0940000e+03 0.0000000e+00
1.0950000e+03 0.0000000e+00
1.0960000e+03 0.0000000e+00
1.0970000e+03 0.0000000e+00
1.0980000e+03 0.0000000e+00
1.0990000e+03 0.0000000e+00
1.1000000e+03 0.0000000e+00
