3.8000000e+02 0.0000000e+00
3.8100000e+02 0.0000000e+00
3.8200000e+02 3.6772835e-05
3.8300000e+02 0.0000000e+00
3.8400000e+02 3.9536958e-05
3.8500000e+02 0.0000000e+00
3.8600000e+02 2.8127945e-05
3.8700000e+02 0.0000000e+00
3.8800000e+02 0.0000000e+00
3.8900000e+02 0.0000000e+00
3.9000000e+02 0.0000000e+00
3.9100000e+02 0.0000000e+00
3.9200000e+02 0.0000000e+00
3.9300000e+02 0.0000000e+00
3.9400000e+02 3.7907732e-05
3.9500000e+02 0.0000000e+00
3.9600000e+02 0.0000000e+00
3.9700000e+02 0.0000000e+00
3.9800000e+02 0.0000000e+00
3.9900000e+02 0.0000000e+00
4.0000000e+02 0.0000000e+00
4.0100000e+02 2.8431286e-05
4.0200000e+02 0.0000000e+00
4.0300000e+02 8.6343141e-04
4.0400000e+02 0.0000000e+00
4.0500000e+02 1.7812107e-03
4.0600000e+02 0.0000000e+00
4.0700000e+02 0.0000000e+00
4.0800000e+02 3.1481885e-05
4.0900000e+02 0.0000000e+00
4.1000000e+02 0.0000000e+00
4.1100000e+02 0.0000000e+00
4.1200000e+02 0.0000000e+00
4.1300000e+02 0.0000000e+00
4.1400000e+02 0.0000000e+00
4.1500000e+02 0.0000000e+00
4.1600000e+02 0.0000000e+00
4.1700000e+02 0.0000000e+00
4.1800000e+02 0.0000000e+00
4.1900000e+02 0.0000000e+00
4.2000000e+02 2.5604632e-05
4.2100000e+02 0.0000000e+00
4.2200000e+02 0.0000000e+00
4.2300000e+02 0.0000000e+00
4.2400000e+02 8.8710178e-04
4.2500000e+02 0.0000000e+00
4.2600000e+02 0.0000000e+00
4.2700000e+02 8.7839205e-04
4.2800000e+02 0.0000000e+00
4.2900000e+02 0.0000000e+00
4.3000000e+02 8.5099607e-04
4.3100000e+02 0.0000000e+00
4.3200000e+02 0.0000000e+00
4.3300000e+02 0.0000000e+00
4.3400000e+02 0.0000000e+00
4.3500000e+02 0.0000000e+00
4.3600000e+02 0.0000000e+00
4.3700000e+02 0.0000000e+00
4.3800000e+02 1.7619719e-03
4.3900000e+02 0.0000000e+00
4.4000000e+02 0.0000000e+00
4.4100000e+02 0.0000000e+00
4.4200000e+02 0.0000000e+00
4.4300000e+02 8.5608465e-04
4.4400000e+02 0.0000000e+00
4.4500000e+02 8.9456436e-04
4.4600000e+02 0.0000000e+00
4.4700000e+02 0.0000000e+00
4.4800000e+02 8.8254868e-04
4.4900000e+02 0.0000000e+00
4.5000000e+02 0.0000000e+00
4.5100000e+02 3.1942621e-05
4.5200000e+02 0.0000000e+00
4.5300000e+02 8.8618327e-04
4.5400000e+02 0.0000000e+00
4.5500000e+02 9.1478076e-04
4.5600000e+02 0.0000000e+00
4.5700000e+02 0.0000000e+00
4.5800000e+02 0.0000000e+00
4.5900000e+02 0.0000000e+00
4.6000000e+02 0.0000000e+00
4.6100000e+02 0.0000000e+00
4.6200000e+02 0.0000000e+00
4.6300000e+02 0.0000000e+00
4.6400000e+02 8.6931562e-04
4.6500000e+02 0.0000000e+00
4.6600000e+02 8.6027930e-04
4.6700000e+02 8.6956181e-04
4.6800000e+02 0.0000000e+00
4.6900000e+02 0.0000000e+00
4.7000000e+02 8.8929953e-04
4.7100000e+02 0.0000000e+00
4.7200000e+02 1.7922969e-03
4.7300000e+02 8.5290074e-04
4.7400000e+02 0.0000000e+00
4.7500000e+02 0.0000000e+00
4.7600000e+02 0.0000000e+00
4.7700000e+02 8.9178935e-04
4.7800000e+02 0.0000000e+00
4.7900000e+02 0.0000000e+00
4.8000000e+02 0.0000000e+00
4.8100000e+02 0.0000000e+00
4.8200000e+02 2.0372487e-05
4.8300000e+02 0.0000000e+00
4.8400000e+02 0.0000000e+00
4.8500000e+02 0.0000000e+00
4.8600000e+02 0.0000000e+00
4.8700000e+02 0.0000000e+00
4.8800000e+02 0.0000000e+00
4.8900000e+02 0.0000000e+00
4.9000000e+02 1.7910287e-03
4.9100000e+02 2.2358553e-05
4.9200000e+02 0.0000000e+00
4.9300000e+02 0.0000000e+00
4.9400000e+02 0.0000000e+00
4.9500000e+02 0.0000000e+00
4.9600000e+02 8.8749371e-04
4.9700000e+02 0.0000000e+00
4.9800000e+02 0.0000000e+00
4.9900000e+02 8.9878071e-04
5.0000000e+02 0.0000000e+00
5.0100000e+02 0.0000000e+00
5.0200000e+02 0.0000000e+00
5.0300000e+02 0.0000000e+00
5.0400000e+02 0.0000000e+00
5.0500000e+02 0.0000000e+00
5.0600000e+02 0.0000000e+00
5.0700000e+02 0.0000000e+00
5.0800000e+02 0.0000000e+00
5.0900000e+02 2.0708552e-05
5.1000000e+02 8.9911400e-04
5.1100000e+02 0.0000000e+00
5.1200000e+02 0.0000000e+00
5.1300000e+02 0.0000000e+00
5.1400000e+02 2.8898856e-05
5.1500000e+02 0.0000000e+00
5.1600000e+02 0.0000000e+00
5.1700000e+02 0.0000000e+00
5.1800000e+02 0.0000000e+00
5.1900000e+02 0.0000000e+00
5.2000000e+02 8.9879495e-04
5.2100000e+02 0.0000000e+00
5.2200000e+02 0.0000000e+00
5.2300000e+02 0.0000000e+00
5.2400000e+02 0.0000000e+00
5.2500000e+02 0.0000000e+00
5.2600000e+02 0.0000000e+00
5.2700000e+02 1.6867116e-05
5.2800000e+02 0.0000000e+00
5.2900000e+02 0.0000000e+00
5.3000000e+02 0.0000000e+00
5.3100000e+02 9.0378144e-04
5.3200000e+02 1.4127777e-05
5.3300000e+02 0.0000000e+00
5.3400000e+02 0.0000000e+00
5.3500000e+02 0.0000000e+00
5.3600000e+02 9.1478076e-04
5.3700000e+02 0.0000000e+00
5.3800000e+02 0.0000000e+00
5.3900000e+02 1.7875914e-05
5.4000000e+02 9.0606737e-04
5.4100000e+02 1.5577699e-05
5.4200000e+02 0.0000000e+00
5.4300000e+02 0.0000000e+00
5.4400000e+02 0.0000000e+00
5.4500000e+02 0.0000000e+00
5.4600000e+02 0.0000000e+00
5.4700000e+02 0.0000000e+00
5.4800000e+02 0.0000000e+00
5.4900000e+02 0.0000000e+00
5.5000000e+02 0.0000000e+00
5.5100000e+02 0.0000000e+00
5.5200000e+02 0.0000000e+00
5.5300000e+02 7.3957054e-06
5.5400000e+02 0.0000000e+00
5.5500000e+02 0.0000000e+00
5.5600000e+02 9.0040988e-04
5.5700000e+02 0.0000000e+00
5.5800000e+02 8.9213831e-04
5.5900000e+02 8.9429139e-04
5.6000000e+02 0.0000000e+00
5.6100000e+02 9.0522051e-04
5.6200000e+02 0.0000000e+00
5.6300000e+02 0.0000000e+00
5.6400000e+02 0.0000000e+00
5.6500000e+02 0.0000000e+00
5.6600000e+02 9.1478076e-04
5.6700000e+02 1.7436367e-05
5.6800000e+02 0.0000000e+00
5.6900000e+02 0.0000000e+00
5.7000000e+02 0.0000000e+00
5.7100000e+02 1.5855378e-05
5.7200000e+02 0.0000000e+00
5.7300000e+02 0.0000000e+00
5.7400000e+02 0.0000000e+00
5.7500000e+02 0.0000000e+00
5.7600000e+02 0.0000000e+00
5.7700000e+02 0.0000000e+00
5.7800000e+02 9.0357598e-04
5.7900000e+02 3.5916746e-06
5.8000000e+02 1.8062319e-03
5.8100000e+02 0.0000000e+00
5.8200000e+02 0.0000000e+00
5.8300000e+02 0.0000000e+00
5.8400000e+02 0.0000000e+00
5.8500000e+02 1.2778158e-05
5.8600000e+02 8.3106938e-06
5.8700000e+02 9.1052390e-04
5.8800000e+02 0.0000000e+00
5.8900000e+02 0.0000000e+00
5.9000000e+02 0.0000000e+00
5.9100000e+02 0.0000000e+00
5.9200000e+02 0.0000000e+00
5.9300000e+02 0.0000000e+00
5.9400000e+02 0.0000000e+00
5.9500000e+02 9.0833593e-04
5.9600000e+02 0.0000000e+00
5.9700000e+02 0.0000000e+00
5.9800000e+02 0.0000000e+00
5.9900000e+02 0.0000000e+00
6.0000000e+02 0.0000000e+00
6.0100000e+02 9.0425340e-04
6.0200000e+02 0.0000000e+00
6.0300000e+02 0.0000000e+00
6.0400000e+02 0.0000000e+00
6.0500000e+02 0.0000000e+00
6.0600000e+02 0.0000000e+00
6.0700000e+02 0.0000000e+00
6.0800000e+02 9.0548250e-04
6.0900000e+02 0.0000000e+00
6.1000000e+02 0.0000000e+00
6.1100000e+02 1.8273380e-03
6.1200000e+02 0.0000000e+00
6.1300000e+02 0.0000000e+00
6.1400000e+02 0.0000000e+00
6.1500000e+02 0.0000000e+00
6.1600000e+02 9.1112719e-04
6.1700000e+02 0.0000000e+00
6.1800000e+02 9.1478076e-04
6.1900000e+02 2.5932553e-06
6.2000000e+02 0.0000000e+00
6.2100000e+02 0.0000000e+00
6.2200000e+02 0.0000000e+00
6.2300000e+02 9.1465947e-04
6.2400000e+02 0.0000000e+00
6.2500000e+02 0.0000000e+00
6.2600000e+02 0.0000000e+00
6.2700000e+02 0.0000000e+00
6.2800000e+02 0.0000000e+00
6.2900000e+02 0.0000000e+00
6.3000000e+02 1.9843227e-06
6.3100000e+02 0.0000000e+00
6.3200000e+02 9.1296498e-04
6.3300000e+02 0.0000000e+00
6.3400000e+02 0.0000000e+00
6.3500000e+02 0.0000000e+00
6.3600000e+02 9.1345594e-04
6.3700000e+02 0.0000000e+00
6.3800000e+02 0.0000000e+00
6.3900000e+02 9.1375308e-04
6.4000000e+02 0.0000000e+00
6.4100000e+02 0.0000000e+00
6.4200000e+02 0.0000000e+00
6.4300000e+02 0.0000000e+00
6.4400000e+02 0.0000000e+00
6.4500000e+02 7.3396739e-07
6.4600000e+02 5.1176066e-06
6.4700000e+02 9.1012878e-04
6.4800000e+02 9.1448216e-04
6.4900000e+02 0.0000000e+00
6.5000000e+02 0.0000000e+00
6.5100000e+02 7.8448806e-06
6.5200000e+02 0.0000000e+00
6.5300000e+02 2.7443423e-03
6.5400000e+02 9.1706070e-04
6.5500000e+02 2.7443423e-03
6.5600000e+02 2.7483521e-03
6.5700000e+02 2.7522898e-03
6.5800000e+02 3.6591230e-03
6.5900000e+02 7.3076190e-03
6.6000000e+02 6.4011674e-03
6.6100000e+02 5.4886845e-03
6.6200000e+02 6.3922715e-03
6.6300000e+02 7.3263077e-03
6.6400000e+02 1.0049938e-02
6.6500000e+02 1.0977692e-02
6.6600000e+02 1.5521076e-02
6.6700000e+02 2.1913649e-02
6.6800000e+02 3.0187765e-02
6.6900000e+02 4.7419061e-02
6.7000000e+02 7.4990149e-02
6.7100000e+02 1.1575572e-01
6.7200000e+02 1.8295176e-01
6.7300000e+02 2.8292669e-01
6.7400000e+02 4.0394432e-01
6.7500000e+02 5.4403573e-01
6.7600000e+02 6.7084209e-01
6.7700000e+02 7.5998474e-01
6.7800000e+02 8.2057045e-01
6.7900000e+02 8.5080133e-01
6.8000000e+02 8.6841883e-01
6.8100000e+02 8.7484831e-01
6.8200000e+02 8.8674105e-01
6.8300000e+02 8.8705110e-01
6.8400000e+02 9.1135948e-01
6.8500000e+02 9.1231122e-01
6.8600000e+02 8.9333303e-01
6.8700000e+02 9.0519016e-01
6.8800000e+02 9.3142485e-01
6.8900000e+02 9.3138211e-01
6.9000000e+02 9.5891854e-01
6.9100000e+02 9.8916651e-01
6.9200000e+02 1.0000000e+00
6.9300000e+02 9.4605559e-01
6.9400000e+02 8.6883990e-01
6.9500000e+02 7.5462659e-01
6.9600000e+02 5.9103785e-01
6.9700000e+02 4.3561485e-01
6.9800000e+02 3.0718989e-01
6.9900000e+02 2.0544388e-01
7.0000000e+02 1.4337017e-01
7.0100000e+02 9.9428638e-02
7.0200000e+02 7.3367241e-02
7.0300000e+02 5.3258101e-02
7.0400000e+02 4.4107305e-02
7.0500000e+02 3.4918143e-02
7.0600000e+02 2.8391497e-02
7.0700000e+02 2.5641243e-02
7.0800000e+02 2.1978957e-02
7.0900000e+02 1.9227719e-02
7.1000000e+02 1.7424999e-02
7.1100000e+02 1.5585182e-02
7.1200000e+02 1.5566005e-02
7.1300000e+02 1.1903157e-02
7.1400000e+02 1.1928268e-02
7.1500000e+02 8.2931444e-03
7.1600000e+02 7.3182461e-03
7.1700000e+02 7.3182461e-03
7.1800000e+02 5.5234360e-03
7.1900000e+02 7.3182461e-03
7.2000000e+02 6.3973874e-03
7.2100000e+02 6.3886202e-03
7.2200000e+02 6.4108786e-03
7.2300000e+02 6.3747914e-03
7.2400000e+02 5.4483205e-03
7.2500000e+02 5.4886845e-03
7.2600000e+02 5.4886845e-03
7.2700000e+02 3.6804007e-03
7.2800000e+02 5.4780415e-03
7.2900000e+02 4.5599648e-03
7.3000000e+02 3.6753361e-03
7.3100000e+02 4.6109438e-03
7.3200000e+02 4.6138500e-03
7.3300000e+02 6.3621096e-03
7.3400000e+02 6.3824890e-03
7.3500000e+02 6.4034653e-03
7.3600000e+02 6.3840406e-03
7.3700000e+02 6.4388788e-03
7.3800000e+02 6.4188039e-03
7.3900000e+02 6.4034653e-03
7.4000000e+02 6.4034653e-03
7.4100000e+02 6.4034653e-03
7.4200000e+02 5.5320502e-03
7.4300000e+02 6.4034653e-03
7.4400000e+02 5.4711246e-03
7.4500000e+02 4.5739038e-03
7.4600000e+02 2.7623458e-03
7.4700000e+02 2.7443423e-03
7.4800000e+02 2.7605670e-03
7.4900000e+02 9.5709434e-04
7.5000000e+02 1.8295615e-03
7.5100000e+02 9.2987520e-04
7.5200000e+02 9.3333253e-04
7.5300000e+02 2.7020190e-03
7.5400000e+02 1.8295615e-03
7.5500000e+02 9.6366320e-04
7.5600000e+02 9.1478076e-04
7.5700000e+02 2.6933594e-03
7.5800000e+02 2.7194462e-03
7.5900000e+02 1.8056915e-03
7.6000000e+02 3.5935161e-03
7.6100000e+02 4.5356576e-03
7.6200000e+02 5.4726272e-03
7.6300000e+02 7.2398650e-03
7.6400000e+02 4.6182891e-03
7.6500000e+02 8.1821301e-03
7.6600000e+02 1.0901665e-02
7.6700000e+02 1.2769369e-02
7.6800000e+02 1.4610497e-02
7.6900000e+02 1.6484426e-02
7.7000000e+02 1.6514228e-02
7.7100000e+02 1.6496133e-02
7.7200000e+02 1.3799779e-02
7.7300000e+02 1.1961790e-02
7.7400000e+02 7.3973441e-03
7.7500000e+02 5.5332451e-03
7.7600000e+02 3.6758789e-03
7.7700000e+02 5.4707874e-03
7.7800000e+02 6.4034653e-03
7.7900000e+02 5.4886845e-03
7.8000000e+02 2.7963583e-03
7.8100000e+02 2.7600047e-03
7.8200000e+02 9.4220976e-04
7.8300000e+02 1.8541714e-03
7.8400000e+02 2.0945625e-05
7.8500000e+02 3.4012533e-05
7.8600000e+02 8.8878629e-04
7.8700000e+02 0.0000000e+00
7.8800000e+02 0.0000000e+00
7.8900000e+02 0.0000000e+00
7.9000000e+02 0.0000000e+00
7.9100000e+02 9.3381411e-04
7.9200000e+02 0.0000000e+00
7.9300000e+02 8.8598162e-04
7.9400000e+02 0.0000000e+00
7.9500000e+02 0.0000000e+00
7.9600000e+02 0.0000000e+00
7.9700000e+02 0.0000000e+00
7.9800000e+02 8.8902813e-04
7.9900000e+02 0.0000000e+00
8.0000000e+02 0.0000000e+00
8.0100000e+02 8.9059152e-04
8.0200000e+02 8.9258534e-04
8.0300000e+02 0.0000000e+00
8.0400000e+02 0.0000000e+00
8.0500000e+02 0.0000000e+00
8.0600000e+02 0.0000000e+00
8.0700000e+02 0.0000000e+00
8.0800000e+02 0.0000000e+00
8.0900000e+02 0.0000000e+00
8.1000000e+02 2.2904335e-05
8.1100000e+02 0.0000000e+00
8.1200000e+02 0.0000000e+00
8.1300000e+02 0.0000000e+00
8.1400000e+02 0.0000000e+00
8.1500000e+02 0.0000000e+00
8.1600000e+02 0.0000000e+00
8.1700000e+02 0.0000000e+00
8.1800000e+02 8.4834276e-04
8.1900000e+02 0.0000000e+00
8.2000000e+02 0.0000000e+00
8.2100000e+02 0.0000000e+00
8.2200000e+02 0.0000000e+00
8.2300000e+02 0.0000000e+00
8.2400000e+02 0.0000000e+00
8.2500000e+02 0.0000000e+00
8.2600000e+02 0.0000000e+00
8.2700000e+02 0.0000000e+00
8.2800000e+02 0.0000000e+00
8.2900000e+02 0.0000000e+00
8.3000000e+02 2.3763486e-05
8.3100000e+02 8.5725876e-04
8.3200000e+02 0.0000000e+00
8.3300000e+02 0.0000000e+00
8.3400000e+02 0.0000000e+00
8.3500000e+02 0.0000000e+00
8.3600000e+02 0.0000000e+00
8.3700000e+02 0.0000000e+00
8.3800000e+02 9.1478076e-04
8.3900000e+02 0.0000000e+00
8.4000000e+02 0.0000000e+00
8.4100000e+02 0.0000000e+00
8.4200000e+02 0.0000000e+00
8.4300000e+02 0.0000000e+00
8.4400000e+02 0.0000000e+00
8.4500000e+02 0.0000000e+00
8.4600000e+02 0.0000000e+00
8.4700000e+02 0.0000000e+00
8.4800000e+02 3.5149645e-05
8.4900000e+02 8.8841331e-04
8.5000000e+02 0.0000000e+00
8.5100000e+02 8.4839907e-04
8.5200000e+02 0.0000000e+00
8.5300000e+02 0.0000000e+00
8.5400000e+02 0.0000000e+00
8.5500000e+02 0.0000000e+00
8.5600000e+02 0.0000000e+00
8.5700000e+02 0.0000000e+00
8.5800000e+02 0.0000000e+00
8.5900000e+02 0.0000000e+00
8.6000000e+02 0.0000000e+00
8.6100000e+02 0.0000000e+00
8.6200000e+02 0.0000000e+00
8.6300000e+02 0.0000000e+00
8.6400000e+02 0.0000000e+00
8.6500000e+02 0.0000000e+00
8.6600000e+02 0.0000000e+00
8.6700000e+02 3.1846924e-05
8.6800000e+02 0.0000000e+00
8.6900000e+02 0.0000000e+00
8.7000000e+02 0.0000000e+00
8.7100000e+02 2.6493291e-05
8.7200000e+02 0.0000000e+00
8.7300000e+02 0.0000000e+00
8.7400000e+02 0.0000000e+00
8.7500000e+02 0.0000000e+00
8.7600000e+02 0.0000000e+00
8.7700000e+02 8.8639532e-04
8.7800000e+02 0.0000000e+00
8.7900000e+02 0.0000000e+00
8.8000000e+02 0.0000000e+00
8.8100000e+02 0.0000000e+00
8.8200000e+02 0.0000000e+00
8.8300000e+02 0.0000000e+00
8.8400000e+02 0.0000000e+00
8.8500000e+02 0.0000000e+00
8.8600000e+02 0.0000000e+00
8.8700000e+02 8.7771232e-04
8.8800000e+02 0.0000000e+00
8.8900000e+02 0.0000000e+00
8.9000000e+02 0.0000000e+00
8.9100000e+02 0.0000000e+00
8.9200000e+02 0.0000000e+00
8.9300000e+02 0.0000000e+00
8.9400000e+02 0.0000000e+00
8.9500000e+02 0.0000000e+00
8.9600000e+02 0.0000000e+00
8.9700000e+02 0.0000000e+00
8.9800000e+02 0.0000000e+00
8.9900000e+02 0.0000000e+00
9.0000000e+02 8.8527615e-04
9.0100000e+02 0.0000000e+00
9.0200000e+02 0.0000000e+00
9.0300000e+02 0.0000000e+00
9.0400000e+02 0.0000000e+00
9.0500000e+02 9.1478076e-04
9.0600000e+02 8.8358381e-04
9.0700000e+02 9.1478076e-04
9.0800000e+02 0.0000000e+00
9.0900000e+02 8.8070440e-04
9.1000000e+02 0.0000000e+00
9.1100000e+02 0.0000000e+00
9.1200000e+02 0.0000000e+00
9.1300000e+02 8.4557136e-04
9.1400000e+02 3.8690080e-05
9.1500000e+02 0.0000000e+00
9.1600000e+02 0.0000000e+00
9.1700000e+02 0.0000000e+00
9.1800000e+02 0.0000000e+00
9.1900000e+02 9.4989688e-04
9.2000000e+02 1.7260148e-03
9.2100000e+02 0.0000000e+00
9.2200000e+02 8.7190692e-04
9.2300000e+02 0.0000000e+00
9.2400000e+02 0.0000000e+00
9.2500000e+02 0.0000000e+00
9.2600000e+02 0.0000000e+00
9.2700000e+02 0.0000000e+00
9.2800000e+02 0.0000000e+00
9.2900000e+02 0.0000000e+00
9.3000000e+02 0.0000000e+00
9.3100000e+02 0.0000000e+00
9.3200000e+02 0.0000000e+00
9.3300000e+02 0.0000000e+00
9.3400000e+02 0.0000000e+00
9.3500000e+02 8.2928511e-04
9.3600000e+02 0.0000000e+00
9.3700000e+02 0.0000000e+00
9.3800000e+02 3.3491802e-05
9.3900000e+02 1.7480250e-03
9.4000000e+02 0.0000000e+00
9.4100000e+02 0.0000000e+00
9.4200000e+02 0.0000000e+00
9.4300000e+02 8.3943342e-04
9.4400000e+02 8.3427218e-04
9.4500000e+02 4.2414317e-05
9.4600000e+02 0.0000000e+00
9.4700000e+02 0.0000000e+00
9.4800000e+02 0.0000000e+00
9.4900000e+02 0.0000000e+00
9.5000000e+02 0.0000000e+00
9.5100000e+02 0.0000000e+00
9.5200000e+02 8.5146356e-04
9.5300000e+02 0.0000000e+00
9.5400000e+02 0.0000000e+00
9.5500000e+02 3.8342336e-05
9.5600000e+02 4.3179290e-05
9.5700000e+02 8.8123633e-04
9.5800000e+02 0.0000000e+00
9.5900000e+02 0.0000000e+00
9.6000000e+02 0.0000000e+00
9.6100000e+02 0.0000000e+00
9.6200000e+02 0.0000000e+00
9.6300000e+02 0.0000000e+00
9.6400000e+02 0.0000000e+00
9.6500000e+02 8.3260522e-04
9.6600000e+02 0.0000000e+00
9.6700000e+02 0.0000000e+00
9.6800000e+02 0.0000000e+00
9.6900000e+02 0.0000000e+00
9.7000000e+02 0.0000000e+00
9.7100000e+02 8.8122294e-04
9.7200000e+02 0.0000000e+00
9.7300000e+02 0.0000000e+00
9.7400000e+02 0.0000000e+00
9.7500000e+02 0.0000000e+00
9.7600000e+02 0.0000000e+00
9.7700000e+02 0.0000000e+00
9.7800000e+02 0.0000000e+00
9.7900000e+02 0.0000000e+00
9.8000000e+02 0.0000000e+00
9.8100000e+02 0.0000000e+00
9.8200000e+02 0.0000000e+00
9.8300000e+02 3.7589706e-05
9.8400000e+02 0.0000000e+00
9.8500000e+02 0.0000000e+00
9.8600000e+02 0.0000000e+00
9.8700000e+02 0.0000000e+00
9.8800000e+02 3.8633996e-05
9.8900000e+02 0.0000000e+00
9.9000000e+02 0.0000000e+00
9.9100000e+02 8.7536585e-04
9.9200000e+02 0.0000000e+00
9.9300000e+02 0.0000000e+00
9.9400000e+02 0.0000000e+00
9.9500000e+02 8.8102261e-04
9.9600000e+02 0.0000000e+00
9.9700000e+02 0.0000000e+00
9.9800000e+02 0.0000000e+00
9.9900000e+02 0.0000000e+00
1.0000000e+03 0.0000000e+00
1.0010000e+03 0.0000000e+00
1.0020000e+03 0.0000000e+00
1.0030000e+03 8.7978639e-04
1.0040000e+03 0.0000000e+00
1.0050000e+03 0.0000000e+00
1.0060000e+03 0.0000000e+00
1.0070000e+03 0.0000000e+00
1.0080000e+03 0.0000000e+00
1.0090000e+03 0.0000000e+00
1.0100000e+03 4.4165511e-05
1.0110000e+03 0.0000000e+00
1.0120000e+03 0.0000000e+00
1.0130000e+03 0.0000000e+00
1.0140000e+03 0.0000000e+00
1.0150000e+03 0.0000000e+00
1.0160000e+03 0.0000000e+00
1.0170000e+03 0.0000000e+00
1.0180000e+03 0.0000000e+00
1.0190000e+03 0.0000000e+00
1.0200000e+03 0.0000000e+00
1.0210000e+03 0.0000000e+00
1.0220000e+03 8.7197625e-04
1.0230000e+03 0.0000000e+00
1.0240000e+03 3.7374695e-05
1.0250000e+03 0.0000000e+00
1.0260000e+03 0.0000000e+00
1.0270000e+03 8.4740004e-04
1.0280000e+03 0.0000000e+00
1.0290000e+03 0.0000000e+00
1.0300000e+03 0.0000000e+00
1.0310000e+03 8.4971258e-04
1.0320000e+03 0.0000000e+00
1.0330000e+03 0.0000000e+00
1.0340000e+03 0.0000000e+00
1.0350000e+03 8.3761902e-04
1.0360000e+03 0.0000000e+00
1.0370000e+03 0.0000000e+00
1.0380000e+03 0.0000000e+00
1.0390000e+03 0.0000000e+00
1.0400000e+03 4.0012165e-05
1.0410000e+03 0.0000000e+00
1.0420000e+03 0.0000000e+00
1.0430000e+03 0.0000000e+00
1.0440000e+03 0.0000000e+00
1.0450000e+03 0.0000000e+00
1.0460000e+03 0.0000000e+00
1.0470000e+03 0.0000000e+00
1.0480000e+03 0.0000000e+00
1.0490000e+03 0.0000000e+00
1.0500000e+03 0.0000000e+00
1.0510000e+03 0.0000000e+00
1.0520000e+03 8.4762868e-04
1.0530000e+03 1.7963383e-03
1.0540000e+03 0.0000000e+00
1.0550000e+03 4.1705104e-05
1.0560000e+03 0.0000000e+00
1.0570000e+03 0.0000000e+00
1.0580000e+03 0.0000000e+00
1.0590000e+03 0.0000000e+00
1.0600000e+03 0.0000000e+00
1.0610000e+03 8.7837833e-04
1.0620000e+03 8.7732910e-04
1.0630000e+03 0.0000000e+00
1.0640000e+03 1.7567703e-03
1.0650000e+03 0.0000000e+00
1.0660000e+03 0.0000000e+00
1.0670000e+03 0.0000000e+00
1.0680000e+03 0.0000000e+00
1.0690000e+03 0.0000000e+00
1.0700000e+03 0.0000000e+00
1.0710000e+03 0.0000000e+00
1.0720000e+03 0.0000000e+00
1.0730000e+03 0.0000000e+00
1.0740000e+03 8.7864808e-04
1.0750000e+03 0.0000000e+00
1.0760000e+03 0.0000000e+00
1.0770000e+03 3.4413083e-05
1.0780000e+03 8.7575452e-04
1.0790000e+03 8.8378134e-04
1.0800000e+03 0.0000000e+00
1.0810000e+03 0.0000000e+00
1.0820000e+03 0.0000000e+00
1.0830000e+03 0.0000000e+00
1.0840000e+03 0.0000000e+00
1.0850000e+03 3.7233338e-05
1.0860000e+03 0.0000000e+00
1.0870000e+03 1.7556869e-03
1.0880000e+03 0.0000000e+00
1.0890000e+03 0.0000000e+00
1.0900000e+03 0.0000000e+00
1.0910000e+03 8.5020973e-04
1.0920000e+03 0.0000000e+00
1.0930000e+03 3.9250034e-05
1.0940000e+03 0.0000000e+00
1.0950000e+03 0.0000000e+00
1.0960000e+03 0.0000000e+00
1.0970000e+03 0.0000000e+00
1.0980000e+03 0.0000000e+00
1.0990000e+03 0.0000000e+00
1.1000000e+03 8.8503108e-04
