4.3478261e+03 -1.1737300e-01
4.3482041e+03 -9.4531998e-02
4.3485822e+03 -5.7815999e-02
4.3489608e+03 -1.2755000e-02
4.3493390e+03 3.2210000e-02
4.3497173e+03 6.6995002e-02
4.3500956e+03 8.3446003e-02
4.3504740e+03 7.7843003e-02
4.3508530e+03 5.3381000e-02
4.3512315e+03 1.7976001e-02
4.3516101e+03 -1.8811001e-02
4.3519888e+03 -5.0567999e-02
4.3523675e+03 -7.5315997e-02
4.3527468e+03 -9.2935003e-02
4.3531256e+03 -1.0225700e-01
4.3535046e+03 -1.0087400e-01
4.3538836e+03 -8.8666998e-02
4.3542626e+03 -7.1214996e-02
4.3546422e+03 -5.8006998e-02
4.3550214e+03 -5.7530001e-02
4.3554007e+03 -6.9688998e-02
4.3557800e+03 -8.4876999e-02
4.3561594e+03 -8.8310003e-02
4.3565394e+03 -7.0070997e-02
4.3569189e+03 -3.1757001e-02
4.3572985e+03 1.3422000e-02
4.3576781e+03 4.8780002e-02
4.3580579e+03 6.3133001e-02
4.3584381e+03 5.6194998e-02
4.3588180e+03 3.6787000e-02
4.3591979e+03 1.6140001e-02
4.3595779e+03 2.4790000e-03
4.3599580e+03 -2.3600000e-03
4.3603385e+03 -1.4540000e-03
4.3607187e+03 4.0500000e-04
4.3610990e+03 -9.0500002e-04
4.3614793e+03 -7.4860002e-03
4.3618597e+03 -1.8191000e-02
4.3622406e+03 -2.8538000e-02
4.3626212e+03 -3.1709000e-02
4.3630017e+03 -2.2101000e-02
4.3633824e+03 6.6700001e-04
4.3637631e+03 3.0136000e-02
4.3641444e+03 5.3548001e-02
4.3645252e+03 5.8674000e-02
4.3649062e+03 3.8766000e-02
4.3652871e+03 -2.6219999e-03
4.3656682e+03 -5.2976001e-02
4.3660498e+03 -9.5438004e-02
4.3664310e+03 -1.1718200e-01
4.3668122e+03 -1.1477400e-01
4.3671935e+03 -9.4007999e-02
4.3675749e+03 -6.6494003e-02
4.3679569e+03 -4.1960999e-02
4.3683384e+03 -2.4032000e-02
4.3687200e+03 -9.1789998e-03
4.3691016e+03 7.8910002e-03
4.3694833e+03 2.8991001e-02
4.3698656e+03 4.9543001e-02
4.3702474e+03 6.1345000e-02
4.3706294e+03 5.8483999e-02
4.3710114e+03 4.2605001e-02
4.3713934e+03 2.2077000e-02
4.3717760e+03 8.2729999e-03
4.3721582e+03 8.4629999e-03
4.3725404e+03 2.2624999e-02
4.3729228e+03 4.3940000e-02
4.3733052e+03 6.3776001e-02
4.3736881e+03 7.5935997e-02
4.3740706e+03 7.8939997e-02
4.3744532e+03 7.3932998e-02
4.3748359e+03 6.2751003e-02
4.3752186e+03 4.6229001e-02
4.3756018e+03 2.5463000e-02
4.3759847e+03 4.0759998e-03
4.3763676e+03 -1.0561000e-02
4.3767506e+03 -9.9179996e-03
4.3771337e+03 1.2350000e-02
4.3775173e+03 5.7339001e-02
4.3779005e+03 1.1937600e-01
4.3782837e+03 1.8737300e-01
4.3786670e+03 2.4664401e-01
4.3790504e+03 2.8250200e-01
4.3794344e+03 2.8197700e-01
4.3798179e+03 2.3777400e-01
4.3802015e+03 1.5282600e-01
4.3805852e+03 4.1221999e-02
4.3809689e+03 -7.3003002e-02
4.3813531e+03 -1.6586700e-01
4.3817370e+03 -2.2008400e-01
4.3821209e+03 -2.3066901e-01
4.3825049e+03 -2.0315599e-01
4.3828890e+03 -1.4908300e-01
4.3832736e+03 -8.1229001e-02
4.3836578e+03 -1.1610000e-02
4.3840421e+03 4.8588999e-02
4.3844264e+03 8.9311004e-02
4.3848108e+03 1.0318700e-01
4.3851958e+03 8.7880999e-02
4.3855803e+03 4.9090002e-02
4.3859649e+03 -9.2899997e-04
4.3863496e+03 -4.6658002e-02
4.3867343e+03 -7.5315997e-02
4.3871196e+03 -8.0370001e-02
4.3875045e+03 -6.2488999e-02
4.3878894e+03 -2.8634001e-02
4.3882744e+03 1.2230000e-02
4.3886595e+03 5.0806001e-02
4.3890451e+03 7.9392999e-02
4.3894303e+03 9.2433996e-02
4.3898156e+03 8.5949004e-02
4.3902010e+03 5.9795000e-02
4.3905864e+03 1.9311000e-02
4.3909723e+03 -2.4223000e-02
4.3913579e+03 -5.7411000e-02
4.3917435e+03 -6.9665000e-02
4.3921292e+03 -5.8770001e-02
4.3925150e+03 -3.1495001e-02
4.3929013e+03 -2.1400000e-04
4.3932872e+03 2.2554001e-02
4.3936731e+03 3.0446000e-02
4.3940591e+03 2.4509000e-02
4.3944452e+03 1.1229000e-02
4.3948319e+03 -1.5020000e-03
4.3952181e+03 -7.9629999e-03
4.3956044e+03 -6.7940000e-03
4.3959908e+03 -1.1440000e-03
4.3963772e+03 2.7890000e-03
4.3967642e+03 -1.3110000e-03
4.3971507e+03 -1.6783999e-02
4.3975374e+03 -4.2033002e-02
4.3979241e+03 -7.0570998e-02
4.3983109e+03 -9.4913997e-02
4.3986982e+03 -1.0943400e-01
4.3990851e+03 -1.1248500e-01
4.3994721e+03 -1.0592900e-01
4.3998591e+03 -9.2529997e-02
4.4002462e+03 -7.3885001e-02
4.4006339e+03 -5.0044000e-02
4.4010211e+03 -2.0121999e-02
4.4014085e+03 1.4305000e-02
4.4017958e+03 4.8850998e-02
4.4021833e+03 7.7413999e-02
4.4025713e+03 9.6153997e-02
4.4029589e+03 1.0659600e-01
4.4033465e+03 1.1532300e-01
4.4037343e+03 1.2958001e-01
4.4041221e+03 1.5199099e-01
4.4045104e+03 1.7702501e-01
4.4048983e+03 1.9318999e-01
4.4052863e+03 1.8947101e-01
4.4056744e+03 1.6083699e-01
4.4060626e+03 1.1210400e-01
4.4064512e+03 5.4526001e-02
4.4068395e+03 7.6199998e-04
4.4072279e+03 -4.1508000e-02
4.4076163e+03 -7.0690997e-02
4.4080047e+03 -9.0407997e-02
4.4083938e+03 -1.0464100e-01
4.4087824e+03 -1.1558500e-01
4.4091711e+03 -1.2156900e-01
4.4095598e+03 -1.1854100e-01
4.4099487e+03 -1.0271000e-01
4.4103380e+03 -7.2240002e-02
4.4107270e+03 -2.9182000e-02
4.4111160e+03 2.1385999e-02
4.4115051e+03 7.2264001e-02
4.4118943e+03 1.1634800e-01
4.4122840e+03 1.4743800e-01
4.4126733e+03 1.6202900e-01
4.4130627e+03 1.5947799e-01
4.4134521e+03 1.4204900e-01
4.4138416e+03 1.1401100e-01
4.4142317e+03 8.0441996e-02
4.4146213e+03 4.6992000e-02
4.4150110e+03 1.8309999e-02
4.4154008e+03 -2.0500000e-03
4.4157907e+03 -1.2445000e-02
4.4161811e+03 -1.4209000e-02
4.4165711e+03 -1.1062000e-02
4.4169611e+03 -8.2250005e-03
4.4173513e+03 -9.4889998e-03
4.4177415e+03 -1.4853000e-02
4.4181322e+03 -2.0289000e-02
4.4185225e+03 -2.0145999e-02
4.4189129e+03 -1.1038000e-02
4.4193034e+03 5.0300001e-03
4.4196940e+03 2.1028001e-02
4.4200851e+03 2.9206000e-02
4.4204757e+03 2.6130000e-02
4.4208665e+03 1.5711000e-02
4.4212573e+03 6.7230002e-03
4.4216482e+03 7.8670001e-03
4.4220396e+03 2.1695999e-02
4.4224307e+03 4.3605998e-02
4.4228218e+03 6.4801998e-02
4.4232129e+03 7.8319997e-02
4.4236042e+03 8.1944004e-02
4.4239959e+03 7.8964002e-02
4.4243873e+03 7.4005000e-02
4.4247788e+03 7.0381001e-02
4.4251703e+03 6.9475003e-02
4.4255619e+03 7.2526000e-02
4.4259540e+03 8.1800997e-02
4.4263457e+03 9.9945001e-02
4.4267375e+03 1.2638500e-01
4.4271294e+03 1.5547200e-01
4.4275213e+03 1.7654800e-01
4.4279138e+03 1.7943300e-01
4.4283058e+03 1.5919200e-01
4.4286980e+03 1.1966200e-01
4.4290902e+03 7.1597002e-02
4.4294824e+03 2.8634001e-02
4.4298753e+03 2.5269999e-03
4.4302677e+03 -2.3799999e-04
4.4306602e+03 2.0623000e-02
4.4310527e+03 5.9199002e-02
4.4314453e+03 1.0528500e-01
4.4318385e+03 1.4684200e-01
4.4322313e+03 1.7442700e-01
4.4326241e+03 1.8463100e-01
4.4330170e+03 1.8057799e-01
4.4334100e+03 1.6994400e-01
4.4338035e+03 1.5962100e-01
4.4341966e+03 1.5203901e-01
4.4345898e+03 1.4441000e-01
4.4349831e+03 1.3227400e-01
4.4353764e+03 1.1308100e-01
4.4357702e+03 8.9501999e-02
4.4361637e+03 6.7447998e-02
4.4365572e+03 5.2809000e-02
4.4369508e+03 4.8517998e-02
4.4373445e+03 5.3619999e-02
4.4377387e+03 6.4492002e-02
4.4381325e+03 7.7724002e-02
4.4385264e+03 9.0980001e-02
4.4389204e+03 1.0263900e-01
4.4393144e+03 1.1134100e-01
4.4397089e+03 1.1591900e-01
4.4401031e+03 1.1582300e-01
4.4404973e+03 1.1096000e-01
4.4408916e+03 1.0130400e-01
4.4412860e+03 8.6450003e-02
4.4416809e+03 6.5802999e-02
4.4420754e+03 3.9291002e-02
4.4424700e+03 9.2259999e-03
4.4428647e+03 -1.9454001e-02
4.4432594e+03 -4.0530998e-02
4.4436547e+03 -4.8756000e-02
4.4440495e+03 -4.2723998e-02
4.4444444e+03 -2.5272001e-02
4.4448394e+03 -1.8830000e-03
4.4452345e+03 2.3317000e-02
4.4456301e+03 4.9066000e-02
4.4460253e+03 7.7652000e-02
4.4464206e+03 1.1193700e-01
4.4468160e+03 1.5158600e-01
4.4472114e+03 1.8942299e-01
4.4476074e+03 2.1424200e-01
4.4480029e+03 2.1440899e-01
4.4483986e+03 1.8534601e-01
4.4487943e+03 1.3289399e-01
4.4491901e+03 7.3027000e-02
4.4495864e+03 2.5010001e-02
4.4499823e+03 3.3370000e-03
4.4503783e+03 1.2397000e-02
4.4507743e+03 4.3582000e-02
4.4511705e+03 8.0752000e-02
4.4515671e+03 1.0688300e-01
4.4519634e+03 1.1320100e-01
4.4523598e+03 1.0194700e-01
4.4527562e+03 8.5925996e-02
4.4531526e+03 8.1706002e-02
4.4535497e+03 1.0149400e-01
4.4539463e+03 1.4784300e-01
4.4543430e+03 2.1100000e-01
4.4547397e+03 2.7313200e-01
4.4551366e+03 3.1306699e-01
4.4555340e+03 3.1645200e-01
4.4559309e+03 2.7992699e-01
4.4563280e+03 2.1428999e-01
4.4567251e+03 1.3980800e-01
4.4571223e+03 7.9774000e-02
4.4575200e+03 5.2404001e-02
4.4579174e+03 6.3538000e-02
4.4583148e+03 1.0719200e-01
4.4587122e+03 1.6846600e-01
4.4591098e+03 2.3074099e-01
4.4595079e+03 2.8104699e-01
4.4599055e+03 3.1301901e-01
4.4603033e+03 3.2751501e-01
4.4607011e+03 3.3023301e-01
4.4610990e+03 3.2968500e-01
4.4614975e+03 3.3318901e-01
4.4618955e+03 3.4461001e-01
4.4622936e+03 3.6320600e-01
4.4626918e+03 3.8466400e-01
4.4630900e+03 4.0290299e-01
4.4634889e+03 4.1329801e-01
4.4638873e+03 4.1458601e-01
4.4642857e+03 4.0855399e-01
4.4646842e+03 3.9899299e-01
4.4650829e+03 3.8957500e-01
4.4654820e+03 3.8196999e-01
4.4658808e+03 3.7622401e-01
4.4662796e+03 3.7131301e-01
4.4666785e+03 3.6618701e-01
4.4670774e+03 3.6113200e-01
4.4674770e+03 3.5750800e-01
4.4678761e+03 3.5605401e-01
4.4682752e+03 3.5595801e-01
4.4686745e+03 3.5502899e-01
4.4690738e+03 3.5202500e-01
4.4694737e+03 3.4904400e-01
4.4698732e+03 3.5109499e-01
4.4702727e+03 3.6358801e-01
4.4706723e+03 3.8731000e-01
4.4710720e+03 4.1754201e-01
4.4714722e+03 4.4536501e-01
4.4718720e+03 4.6360400e-01
4.4722719e+03 4.7042301e-01
4.4726719e+03 4.7018501e-01
4.4730719e+03 4.6942201e-01
4.4734725e+03 4.7247401e-01
4.4738727e+03 4.7886300e-01
4.4742729e+03 4.8480001e-01
4.4746733e+03 4.8756501e-01
4.4750736e+03 4.8832801e-01
4.4754746e+03 4.9173799e-01
4.4758751e+03 5.0222802e-01
4.4762757e+03 5.2020502e-01
4.4766764e+03 5.4152000e-01
4.4770772e+03 5.5978203e-01
4.4774785e+03 5.7082099e-01
4.4778794e+03 5.7458800e-01
4.4782803e+03 5.7458800e-01
4.4786814e+03 5.7420701e-01
4.4790825e+03 5.7437402e-01
4.4794842e+03 5.7430202e-01
4.4798854e+03 5.7339603e-01
4.4802867e+03 5.7365799e-01
4.4806881e+03 5.7895100e-01
4.4810896e+03 5.9246999e-01
4.4814916e+03 6.1509597e-01
4.4818932e+03 6.4561301e-01
4.4822949e+03 6.8178099e-01
4.4826967e+03 7.2147799e-01
4.4830985e+03 7.6224798e-01
4.4835009e+03 8.0113399e-01
4.4839029e+03 8.3503699e-01
4.4843049e+03 8.6221600e-01
4.4847071e+03 8.8381702e-01
4.4851092e+03 9.0410697e-01
4.4855120e+03 9.2875898e-01
4.4859143e+03 9.6173197e-01
4.4863167e+03 1.0038610e+00
4.4867192e+03 1.0517120e+00
4.4871218e+03 1.0992759e+00
4.4875249e+03 1.1385911e+00
4.4879276e+03 1.1613600e+00
4.4883303e+03 1.1629580e+00
4.4887332e+03 1.1447901e+00
4.4891361e+03 1.1159180e+00
4.4895396e+03 1.0889291e+00
4.4899426e+03 1.0751480e+00
4.4903458e+03 1.0802031e+00
4.4907490e+03 1.1021610e+00
4.4911522e+03 1.1347049e+00
4.4915561e+03 1.1715170e+00
4.4919595e+03 1.2098550e+00
4.4923630e+03 1.2508150e+00
4.4927665e+03 1.2972590e+00
4.4931702e+03 1.3502589e+00
4.4935744e+03 1.4077899e+00
4.4939782e+03 1.4656301e+00
4.4943820e+03 1.5187500e+00
4.4947859e+03 1.5640730e+00
4.4951899e+03 1.6022201e+00
4.4955945e+03 1.6370050e+00
4.4959987e+03 1.6740320e+00
4.4964029e+03 1.7170900e+00
4.4968072e+03 1.7668480e+00
4.4972115e+03 1.8196820e+00
4.4976165e+03 1.8694870e+00
4.4980210e+03 1.9108770e+00
4.4984256e+03 1.9397970e+00
4.4988302e+03 1.9567010e+00
4.4992349e+03 1.9660470e+00
4.4996402e+03 1.9761800e+00
4.5000451e+03 1.9980659e+00
4.5004500e+03 2.0414109e+00
4.5008551e+03 2.1113629e+00
4.5012602e+03 2.2038219e+00
4.5016658e+03 2.3075099e+00
4.5020711e+03 2.4069300e+00
4.5024764e+03 2.4903290e+00
4.5028817e+03 2.5547259e+00
4.5032872e+03 2.6060100e+00
4.5036932e+03 2.6551721e+00
4.5040988e+03 2.7119150e+00
4.5045045e+03 2.7815809e+00
4.5049103e+03 2.8652191e+00
4.5053161e+03 2.9612770e+00
4.5057225e+03 3.0683990e+00
4.5061284e+03 3.1828880e+00
4.5065345e+03 3.2993309e+00
4.5069406e+03 3.4102910e+00
4.5073468e+03 3.5103791e+00
4.5077535e+03 3.6008351e+00
4.5081599e+03 3.6884060e+00
4.5085663e+03 3.7836549e+00
4.5089728e+03 3.8930891e+00
4.5093793e+03 4.0156598e+00
4.5097864e+03 4.1444769e+00
4.5101931e+03 4.2708869e+00
4.5105999e+03 4.3916459e+00
4.5110068e+03 4.5083761e+00
4.5114137e+03 4.6270132e+00
4.5118212e+03 4.7533269e+00
4.5122282e+03 4.8900838e+00
4.5126354e+03 5.0394292e+00
4.5130426e+03 5.2011719e+00
4.5134499e+03 5.3761239e+00
4.5138577e+03 5.5633540e+00
4.5142652e+03 5.7604780e+00
4.5146727e+03 5.9652319e+00
4.5150803e+03 6.1752791e+00
4.5154879e+03 6.3926210e+00
4.5158962e+03 6.6180458e+00
4.5163040e+03 6.8516488e+00
4.5167118e+03 7.0902338e+00
4.5171198e+03 7.3283429e+00
4.5175278e+03 7.5656648e+00
4.5179364e+03 7.8054900e+00
4.5183446e+03 8.0571175e+00
4.5187528e+03 8.3284607e+00
4.5191611e+03 8.6201658e+00
4.5195695e+03 8.9268436e+00
4.5199785e+03 9.2352858e+00
4.5203870e+03 9.5376492e+00
4.5207957e+03 9.8302841e+00
4.5212043e+03 1.0118103e+01
4.5216131e+03 1.0411262e+01
4.5220224e+03 1.0719251e+01
4.5224314e+03 1.1054039e+01
4.5228403e+03 1.1422014e+01
4.5232494e+03 1.1827898e+01
4.5236585e+03 1.2269330e+01
4.5240682e+03 1.2735223e+01
4.5244775e+03 1.3211750e+01
4.5248869e+03 1.3681221e+01
4.5252963e+03 1.4137935e+01
4.5257058e+03 1.4585375e+01
4.5261159e+03 1.5037655e+01
4.5265255e+03 1.5511369e+01
4.5269353e+03 1.6013741e+01
4.5273451e+03 1.6545414e+01
4.5277549e+03 1.7097282e+01
4.5281654e+03 1.7663431e+01
4.5285754e+03 1.8244432e+01
4.5289855e+03 1.8845654e+01
4.5293957e+03 1.9476748e+01
4.5298059e+03 2.0137762e+01
4.5302167e+03 2.0825409e+01
4.5306271e+03 2.1529722e+01
4.5310376e+03 2.2242594e+01
4.5314482e+03 2.2964048e+01
4.5318588e+03 2.3696804e+01
4.5322700e+03 2.4448252e+01
4.5326807e+03 2.5218796e+01
4.5330916e+03 2.6004051e+01
4.5335025e+03 2.6797174e+01
4.5339135e+03 2.7592802e+01
4.5343250e+03 2.8395462e+01
4.5347362e+03 2.9213261e+01
4.5351474e+03 3.0056334e+01
4.5355587e+03 3.0927013e+01
4.5359700e+03 3.1817316e+01
4.5363820e+03 3.2715870e+01
4.5367935e+03 3.3612560e+01
4.5372051e+03 3.4508751e+01
4.5376167e+03 3.5412094e+01
4.5380285e+03 3.6330891e+01
4.5384408e+03 3.7266922e+01
4.5388527e+03 3.8213848e+01
4.5392646e+03 3.9160751e+01
4.5396767e+03 4.0097904e+01
4.5400888e+03 4.1018700e+01
4.5405015e+03 4.1920567e+01
4.5409137e+03 4.2803097e+01
4.5413261e+03 4.3666935e+01
4.5417385e+03 4.4517349e+01
4.5421510e+03 4.5361469e+01
4.5425640e+03 4.6209644e+01
4.5429767e+03 4.7069954e+01
4.5433894e+03 4.7943283e+01
4.5438022e+03 4.8825024e+01
4.5442150e+03 4.9701023e+01
4.5446285e+03 5.0558567e+01
4.5450415e+03 5.1385094e+01
4.5454545e+03 5.2174709e+01
4.5458677e+03 5.2930519e+01
4.5462809e+03 5.3658436e+01
4.5466948e+03 5.4369209e+01
4.5471081e+03 5.5066467e+01
4.5475216e+03 5.5749130e+01
4.5479351e+03 5.6410049e+01
4.5483487e+03 5.7039928e+01
4.5487629e+03 5.7638550e+01
4.5491767e+03 5.8209515e+01
4.5495905e+03 5.8764076e+01
4.5500044e+03 5.9309792e+01
4.5504184e+03 5.9845970e+01
4.5508330e+03 6.0367657e+01
4.5512471e+03 6.0865162e+01
4.5516614e+03 6.1338661e+01
4.5520756e+03 6.1793114e+01
4.5524900e+03 6.2241028e+01
4.5529050e+03 6.2694073e+01
4.5533195e+03 6.3154339e+01
4.5537341e+03 6.3618038e+01
4.5541487e+03 6.4072372e+01
4.5545635e+03 6.4506622e+01
4.5549788e+03 6.4912437e+01
4.5553937e+03 6.5284538e+01
4.5558087e+03 6.5621353e+01
4.5562237e+03 6.5921547e+01
4.5566388e+03 6.6193581e+01
4.5570545e+03 6.6453262e+01
4.5574698e+03 6.6722702e+01
4.5578851e+03 6.7018768e+01
4.5583006e+03 6.7343971e+01
4.5587161e+03 6.7687630e+01
4.5591321e+03 6.8029213e+01
4.5595478e+03 6.8353508e+01
4.5599635e+03 6.8657326e+01
4.5603793e+03 6.8948532e+01
4.5607952e+03 6.9241882e+01
4.5612117e+03 6.9544556e+01
4.5616277e+03 6.9857193e+01
4.5620438e+03 7.0171310e+01
4.5624600e+03 7.0477417e+01
4.5628762e+03 7.0772697e+01
4.5632931e+03 7.1057892e+01
4.5637095e+03 7.1342918e+01
4.5641260e+03 7.1632050e+01
4.5645425e+03 7.1923111e+01
4.5649592e+03 7.2201965e+01
4.5653764e+03 7.2446487e+01
4.5657932e+03 7.2641541e+01
4.5662100e+03 7.2780037e+01
4.5666270e+03 7.2874214e+01
4.5670440e+03 7.2941902e+01
4.5674616e+03 7.2997475e+01
4.5678788e+03 7.3048141e+01
4.5682960e+03 7.3082115e+01
4.5687133e+03 7.3090553e+01
4.5691307e+03 7.3061417e+01
4.5695487e+03 7.2992752e+01
4.5699663e+03 7.2888397e+01
4.5703839e+03 7.2745415e+01
4.5708016e+03 7.2565887e+01
4.5712194e+03 7.2340370e+01
4.5716378e+03 7.2069786e+01
4.5720557e+03 7.1758224e+01
4.5724737e+03 7.1410370e+01
4.5728918e+03 7.1033691e+01
4.5733100e+03 7.0615318e+01
4.5737287e+03 7.0144295e+01
4.5741470e+03 6.9601822e+01
4.5745654e+03 6.8978737e+01
4.5749839e+03 6.8281532e+01
4.5754024e+03 6.7518356e+01
4.5758216e+03 6.6710541e+01
4.5762403e+03 6.5864517e+01
4.5766590e+03 6.4984703e+01
4.5770779e+03 6.4068268e+01
4.5774968e+03 6.3109993e+01
4.5779163e+03 6.2117958e+01
4.5783354e+03 6.1096619e+01
4.5787546e+03 6.0056065e+01
4.5791738e+03 5.8994530e+01
4.5795931e+03 5.7900642e+01
4.5800130e+03 5.6763767e+01
4.5804325e+03 5.5572891e+01
4.5808520e+03 5.4334332e+01
4.5812717e+03 5.3059315e+01
4.5816914e+03 5.1764439e+01
4.5821116e+03 5.0462414e+01
4.5825315e+03 4.9156879e+01
4.5829514e+03 4.7849846e+01
4.5833714e+03 4.6539474e+01
4.5837915e+03 4.5225643e+01
4.5842122e+03 4.3908047e+01
4.5846324e+03 4.2584873e+01
4.5850527e+03 4.1254616e+01
4.5854731e+03 3.9918850e+01
4.5858936e+03 3.8584042e+01
4.5863146e+03 3.7262989e+01
4.5867353e+03 3.5970570e+01
4.5871560e+03 3.4719063e+01
4.5875767e+03 3.3516930e+01
4.5879976e+03 3.2362820e+01
4.5884190e+03 3.1252979e+01
4.5888400e+03 3.0176519e+01
4.5892611e+03 2.9121136e+01
4.5896823e+03 2.8077101e+01
4.5901035e+03 2.7036572e+01
4.5905254e+03 2.6005411e+01
4.5909468e+03 2.4991274e+01
4.5913682e+03 2.4009371e+01
4.5917898e+03 2.3071169e+01
4.5922114e+03 2.2179222e+01
4.5926336e+03 2.1333933e+01
4.5930554e+03 2.0525383e+01
4.5934773e+03 1.9751406e+01
4.5938992e+03 1.9009613e+01
4.5943212e+03 1.8301725e+01
4.5947438e+03 1.7630959e+01
4.5951660e+03 1.6989683e+01
4.5955882e+03 1.6370844e+01
4.5960106e+03 1.5759634e+01
4.5964330e+03 1.5147638e+01
4.5968560e+03 1.4535021e+01
4.5972785e+03 1.3928484e+01
4.5977011e+03 1.3346290e+01
4.5981239e+03 1.2800908e+01
4.5985467e+03 1.2303042e+01
4.5989700e+03 1.1850333e+01
4.5993930e+03 1.1429905e+01
4.5998160e+03 1.1028027e+01
4.6002391e+03 1.0629129e+01
4.6006623e+03 1.0232853e+01
4.6010861e+03 9.8444929e+00
4.6015094e+03 9.4760647e+00
4.6019328e+03 9.1356754e+00
4.6023563e+03 8.8198423e+00
4.6027799e+03 8.5203638e+00
4.6032040e+03 8.2234621e+00
4.6036278e+03 7.9234600e+00
4.6040516e+03 7.6217408e+00
4.6044754e+03 7.3246002e+00
4.6048994e+03 7.0397849e+00
4.6053240e+03 6.7681551e+00
4.6057481e+03 6.5108771e+00
4.6061723e+03 6.2678809e+00
4.6065965e+03 6.0436010e+00
4.6070209e+03 5.8451891e+00
4.6074458e+03 5.6748390e+00
4.6078703e+03 5.5298562e+00
4.6082949e+03 5.3990359e+00
4.6087196e+03 5.2712202e+00
4.6091443e+03 5.1379910e+00
4.6095697e+03 4.9955840e+00
4.6099946e+03 4.8435440e+00
4.6104195e+03 4.6775098e+00
4.6108446e+03 4.4936180e+00
4.6112697e+03 4.2905560e+00
4.6116955e+03 4.0770049e+00
4.6121208e+03 3.8713450e+00
4.6125461e+03 3.6930561e+00
4.6129716e+03 3.5546539e+00
4.6133971e+03 3.4520140e+00
4.6138232e+03 3.3690920e+00
4.6142489e+03 3.2864571e+00
4.6146747e+03 3.1920900e+00
4.6151005e+03 3.0871861e+00
4.6155264e+03 2.9815669e+00
4.6159529e+03 2.8863659e+00
4.6163790e+03 2.8066390e+00
4.6168052e+03 2.7387850e+00
4.6172314e+03 2.6755569e+00
4.6176577e+03 2.6102059e+00
4.6180846e+03 2.5418041e+00
4.6185111e+03 2.4727581e+00
4.6189376e+03 2.4068830e+00
4.6193643e+03 2.3449421e+00
4.6197910e+03 2.2839539e+00
4.6202183e+03 2.2209640e+00
4.6206451e+03 2.1548271e+00
4.6210721e+03 2.0895000e+00
4.6214991e+03 2.0317791e+00
4.6219262e+03 1.9862410e+00
4.6223539e+03 1.9523849e+00
4.6227812e+03 1.9227500e+00
4.6232085e+03 1.8869160e+00
4.6236359e+03 1.8361330e+00
4.6240634e+03 1.7677060e+00
4.6244915e+03 1.6855470e+00
4.6249192e+03 1.5965461e+00
4.6253469e+03 1.5093800e+00
4.6257747e+03 1.4315360e+00
4.6262026e+03 1.3700720e+00
4.6266311e+03 1.3303270e+00
4.6270591e+03 1.3132811e+00
4.6274873e+03 1.3148780e+00
4.6279155e+03 1.3247960e+00
4.6283438e+03 1.3313529e+00
4.6287727e+03 1.3250350e+00
4.6292011e+03 1.3016220e+00
4.6296296e+03 1.2616390e+00
4.6300582e+03 1.2070889e+00
4.6304869e+03 1.1407610e+00
4.6309162e+03 1.0674950e+00
4.6313450e+03 9.9682802e-01
4.6317740e+03 9.4211102e-01
4.6322030e+03 9.1493100e-01
4.6326321e+03 9.1984200e-01
4.6330617e+03 9.5028800e-01
4.6334910e+03 9.9246502e-01
4.6339203e+03 1.0300870e+00
4.6343497e+03 1.0513541e+00
4.6347792e+03 1.0521650e+00
4.6352093e+03 1.0345449e+00
4.6356389e+03 1.0038370e+00
4.6360686e+03 9.6564198e-01
4.6364984e+03 9.2532599e-01
4.6369283e+03 8.8708401e-01
4.6373588e+03 8.5411000e-01
4.6377888e+03 8.2826602e-01
4.6382189e+03 8.1081301e-01
4.6386491e+03 8.0208701e-01
4.6390794e+03 8.0072802e-01
4.6395103e+03 8.0351800e-01
4.6399407e+03 8.0656999e-01
4.6403712e+03 8.0645001e-01
4.6408018e+03 8.0149102e-01
4.6412325e+03 7.8978503e-01
4.6416638e+03 7.6756400e-01
4.6420946e+03 7.3027599e-01
4.6425255e+03 6.7608303e-01
4.6429565e+03 6.1042303e-01
4.6433876e+03 5.4719400e-01
4.6438193e+03 5.0394499e-01
4.6442505e+03 4.9219099e-01
4.6446818e+03 5.0859398e-01
4.6451132e+03 5.3663200e-01
4.6455447e+03 5.5372697e-01
4.6459768e+03 5.4538202e-01
4.6464084e+03 5.1007199e-01
4.6468401e+03 4.5886001e-01
4.6472719e+03 4.0698001e-01
4.6477038e+03 3.6711600e-01
4.6481363e+03 3.4501499e-01
4.6485683e+03 3.3950800e-01
4.6490005e+03 3.4499100e-01
4.6494327e+03 3.5512400e-01
4.6498649e+03 3.6537600e-01
4.6502978e+03 3.7436399e-01
4.6507303e+03 3.8533199e-01
4.6511628e+03 4.0385699e-01
4.6515954e+03 4.3358800e-01
4.6520281e+03 4.7132900e-01
4.6524614e+03 5.0718701e-01
4.6528942e+03 5.2707100e-01
4.6533271e+03 5.2139699e-01
4.6537601e+03 4.8887700e-01
4.6541932e+03 4.3795100e-01
4.6546269e+03 3.8342401e-01
4.6550602e+03 3.4019899e-01
4.6554935e+03 3.1807399e-01
4.6559269e+03 3.1731099e-01
4.6563604e+03 3.3020899e-01
4.6567945e+03 3.4356099e-01
4.6572281e+03 3.4506300e-01
4.6576619e+03 3.2822999e-01
4.6580957e+03 2.9520899e-01
4.6585296e+03 2.5553700e-01
4.6589641e+03 2.2146700e-01
4.6593981e+03 2.0339400e-01
4.6598322e+03 2.0601700e-01
4.6602665e+03 2.2859500e-01
4.6607008e+03 2.6485899e-01
4.6611357e+03 3.0403101e-01
4.6615701e+03 3.3268899e-01
4.6620047e+03 3.3800599e-01
4.6624393e+03 3.1433100e-01
4.6628740e+03 2.6547900e-01
4.6633093e+03 2.0482500e-01
4.6637442e+03 1.4913000e-01
4.6641791e+03 1.1188900e-01
4.6646141e+03 9.8155998e-02
4.6650492e+03 1.0461800e-01
4.6654850e+03 1.2364300e-01
4.6659202e+03 1.4712800e-01
4.6663556e+03 1.6851400e-01
4.6667910e+03 1.8217500e-01
4.6672265e+03 1.8398701e-01
4.6676626e+03 1.7244799e-01
4.6680983e+03 1.5003601e-01
4.6685341e+03 1.2164100e-01
4.6689699e+03 9.2220001e-02
4.6694058e+03 6.4324997e-02
4.6698424e+03 3.7717000e-02
4.6702785e+03 1.2183000e-02
4.6707146e+03 -9.7989999e-03
4.6711509e+03 -2.2005999e-02
4.6715872e+03 -1.7333001e-02
4.6720241e+03 8.2010003e-03
4.6724606e+03 5.1736001e-02
4.6728972e+03 1.0452200e-01
4.6733338e+03 1.5444700e-01
4.6737706e+03 1.9097300e-01
4.6742079e+03 2.0799600e-01
4.6746448e+03 2.0656499e-01
4.6750818e+03 1.9462100e-01
4.6755189e+03 1.8346301e-01
4.6759560e+03 1.8427300e-01
4.6763938e+03 2.0313200e-01
4.6768311e+03 2.3975299e-01
4.6772685e+03 2.8731799e-01
4.6777059e+03 3.3509699e-01
4.6781435e+03 3.7147900e-01
4.6785817e+03 3.8723901e-01
4.6790194e+03 3.7794101e-01
4.6794572e+03 3.4546801e-01
4.6798951e+03 2.9883301e-01
4.6803330e+03 2.5093499e-01
4.6807716e+03 2.1388499e-01
4.6812097e+03 1.9340500e-01
4.6816479e+03 1.8610901e-01
4.6820862e+03 1.8405899e-01
4.6825246e+03 1.8002900e-01
4.6829636e+03 1.7139900e-01
4.6834021e+03 1.5964501e-01
4.6838407e+03 1.4638899e-01
4.6842795e+03 1.3132000e-01
4.6847182e+03 1.1336800e-01
4.6851576e+03 9.4246000e-02
4.6855966e+03 7.9559997e-02
4.6860356e+03 7.6246001e-02
4.6864747e+03 8.6617000e-02
4.6869139e+03 1.0480800e-01
4.6873537e+03 1.1975700e-01
4.6877931e+03 1.2230800e-01
4.6882325e+03 1.0952900e-01
4.6886721e+03 8.4542997e-02
4.6891117e+03 5.3142998e-02
4.6895519e+03 1.9574000e-02
4.6899917e+03 -1.3327000e-02
4.6904315e+03 -4.1937001e-02
4.6908715e+03 -6.1058000e-02
4.6913115e+03 -6.4920999e-02
4.6917521e+03 -5.1498000e-02
4.6921923e+03 -2.4247000e-02
4.6926326e+03 8.5349996e-03
4.6930729e+03 3.8242001e-02
4.6935133e+03 5.8460001e-02
4.6939544e+03 6.5732002e-02
4.6943950e+03 5.9126999e-02
4.6948357e+03 4.0817000e-02
4.6952764e+03 1.7976001e-02
4.6957173e+03 1.0250000e-03
4.6961588e+03 -2.1400000e-04
4.6965998e+03 1.7999999e-02
4.6970409e+03 4.9185000e-02
4.6974820e+03 7.9607002e-02
4.6979233e+03 9.4199002e-02
4.6983652e+03 8.5997000e-02
4.6988066e+03 5.8816999e-02
4.6992481e+03 2.5558000e-02
4.6996897e+03 -4.5200001e-04
4.7001314e+03 -1.1777000e-02
4.7005737e+03 -1.0132000e-02
4.7010155e+03 -3.8139999e-03
4.7014575e+03 -2.4079999e-03
4.7018995e+03 -1.1920000e-02
4.7023416e+03 -3.1018000e-02
4.7027843e+03 -5.1975001e-02
4.7032265e+03 -6.4181998e-02
4.7036689e+03 -5.9080001e-02
4.7041113e+03 -3.3353999e-02
4.7045538e+03 9.5119998e-03
4.7049969e+03 6.0653001e-02
4.7054396e+03 1.0766900e-01
4.7058824e+03 1.3892600e-01
4.7063252e+03 1.4765200e-01
4.7067681e+03 1.3446800e-01
4.7072117e+03 1.0783600e-01
4.7076548e+03 7.9034999e-02
4.7080979e+03 5.8387998e-02
4.7085412e+03 4.9924001e-02
4.7089845e+03 5.1808000e-02
4.7094285e+03 5.8722001e-02
4.7098720e+03 6.5398000e-02
4.7103156e+03 6.8425998e-02
4.7107593e+03 6.5802999e-02
4.7112030e+03 5.5217002e-02
4.7116474e+03 3.3902999e-02
4.7120913e+03 1.0720000e-03
4.7125353e+03 -3.9863002e-02
4.7129794e+03 -8.1372000e-02
4.7134236e+03 -1.1363000e-01
4.7138684e+03 -1.2888899e-01
4.7143128e+03 -1.2340500e-01
4.7147572e+03 -9.9252999e-02
4.7152017e+03 -6.2894002e-02
4.7156463e+03 -2.2530001e-02
4.7160915e+03 1.5211000e-02
4.7165363e+03 4.7874000e-02
4.7169811e+03 7.5577997e-02
4.7174261e+03 9.7346000e-02
4.7178711e+03 1.0881400e-01
4.7183167e+03 1.0211400e-01
4.7187619e+03 7.0858002e-02
4.7192072e+03 1.7356001e-02
4.7196525e+03 -4.5347001e-02
4.7200980e+03 -9.5890999e-02
4.7205440e+03 -1.1701500e-01
4.7209896e+03 -1.0311600e-01
4.7214353e+03 -6.3442998e-02
4.7218811e+03 -1.4424000e-02
4.7223269e+03 2.8586000e-02
4.7227734e+03 5.8603000e-02
4.7232195e+03 7.5816996e-02
4.7236656e+03 8.3421998e-02
4.7241118e+03 8.3517998e-02
4.7245580e+03 7.6007001e-02
4.7250049e+03 6.1702002e-02
4.7254514e+03 4.4583999e-02
4.7258979e+03 3.1207999e-02
4.7263445e+03 2.8276000e-02
4.7267912e+03 3.9505001e-02
4.7272386e+03 6.4848997e-02
4.7276854e+03 1.0054100e-01
4.7281324e+03 1.3854501e-01
4.7285794e+03 1.6860899e-01
4.7290265e+03 1.7974301e-01
4.7294743e+03 1.6481800e-01
4.7299216e+03 1.2381000e-01
4.7303690e+03 6.5112002e-02
4.7308164e+03 2.2640000e-03
4.7312640e+03 -5.0997000e-02
4.7317122e+03 -8.5185997e-02
4.7321599e+03 -9.8180003e-02
4.7326077e+03 -9.2744000e-02
4.7330556e+03 -7.4290998e-02
4.7335035e+03 -4.7134999e-02
4.7339521e+03 -1.3899000e-02
4.7344003e+03 2.5105000e-02
4.7348485e+03 7.1501002e-02
4.7352968e+03 1.2619400e-01
4.7357452e+03 1.8682399e-01
4.7361942e+03 2.4602400e-01
4.7366428e+03 2.9244399e-01
4.7370914e+03 3.1416401e-01
4.7375402e+03 3.0496100e-01
4.7379890e+03 2.6659900e-01
4.7384384e+03 2.1018900e-01
4.7388874e+03 1.5003601e-01
4.7393365e+03 9.9014997e-02
4.7397857e+03 6.3919999e-02
4.7402349e+03 4.4225998e-02
4.7406848e+03 3.5262000e-02
4.7411342e+03 3.0636000e-02
4.7415837e+03 2.5962999e-02
4.7420333e+03 1.9884000e-02
4.7424829e+03 1.3852000e-02
4.7429332e+03 9.3459999e-03
4.7433831e+03 5.8410000e-03
4.7438330e+03 1.6600000e-04
4.7442830e+03 -1.0681000e-02
4.7447331e+03 -2.6582999e-02
4.7451839e+03 -4.2009000e-02
4.7456341e+03 -4.7754999e-02
4.7460845e+03 -3.6405999e-02
4.7465349e+03 -8.0580004e-03
4.7469854e+03 2.9420000e-02
4.7474366e+03 6.3776001e-02
4.7478873e+03 8.6568996e-02
4.7483381e+03 9.7346000e-02
4.7487889e+03 1.0247200e-01
4.7492399e+03 1.0869500e-01
4.7496915e+03 1.1889900e-01
4.7501426e+03 1.3010500e-01
4.7505938e+03 1.3751900e-01
4.7510451e+03 1.3883100e-01
4.7514965e+03 1.3549300e-01
4.7519485e+03 1.2953199e-01
4.7524001e+03 1.2013900e-01
4.7528517e+03 1.0356900e-01
4.7533034e+03 7.8176998e-02
4.7537552e+03 4.8374999e-02
4.7542077e+03 2.5296001e-02
4.7546597e+03 2.0718001e-02
4.7551117e+03 3.9409999e-02
4.7555639e+03 7.2622001e-02
4.7560161e+03 1.0159000e-01
4.7564690e+03 1.0592900e-01
4.7569214e+03 7.5149000e-02
4.7573739e+03 1.5640000e-02
4.7578265e+03 -5.2237000e-02
4.7582792e+03 -1.0387800e-01
4.7587325e+03 -1.2440600e-01
4.7591853e+03 -1.1460700e-01
4.7596383e+03 -9.0599000e-02
4.7600913e+03 -7.2264001e-02
4.7605444e+03 -7.1787000e-02
4.7609981e+03 -8.4996000e-02
4.7614514e+03 -9.6630998e-02
4.7619048e+03 -8.9644998e-02
