4.1666667e+03 -7.0524000e-02
4.1670138e+03 -9.6391998e-02
4.1673611e+03 -1.1830300e-01
4.1677088e+03 -1.3294201e-01
4.1680561e+03 -1.3716200e-01
4.1684035e+03 -1.2860200e-01
4.1687510e+03 -1.0621500e-01
4.1690985e+03 -7.3288999e-02
4.1694465e+03 -3.6858998e-02
4.1697941e+03 -5.7450002e-03
4.1701418e+03 1.3566000e-02
4.1704895e+03 2.1910001e-02
4.1708373e+03 2.7370000e-02
4.1711856e+03 4.1508000e-02
4.1715335e+03 7.1309999e-02
4.1718815e+03 1.1439300e-01
4.1722296e+03 1.5728401e-01
4.1725776e+03 1.8305700e-01
4.1729262e+03 1.7957599e-01
4.1732744e+03 1.4665100e-01
4.1736227e+03 9.5939003e-02
4.1739710e+03 4.5371000e-02
4.1743194e+03 1.0442000e-02
4.1746683e+03 -1.8830000e-03
4.1750168e+03 6.6990000e-03
4.1753653e+03 2.7656000e-02
4.1757140e+03 5.0234001e-02
4.1760626e+03 6.3346997e-02
4.1764118e+03 5.9103001e-02
4.1767606e+03 3.4832001e-02
4.1771094e+03 -5.1489999e-03
4.1774583e+03 -4.9185000e-02
4.1778073e+03 -8.2588002e-02
4.1781568e+03 -9.3530998e-02
4.1785059e+03 -7.9965003e-02
4.1788550e+03 -4.9376000e-02
4.1792042e+03 -1.6260000e-02
4.1795535e+03 5.7689999e-03
4.1799032e+03 8.4870001e-03
4.1802526e+03 -8.7259999e-03
4.1806020e+03 -3.9863002e-02
4.1809515e+03 -7.5792998e-02
4.1813011e+03 -1.0669200e-01
4.1816511e+03 -1.2676699e-01
4.1820008e+03 -1.3553999e-01
4.1823505e+03 -1.3737600e-01
4.1827003e+03 -1.3768600e-01
4.1830501e+03 -1.3935500e-01
4.1834004e+03 -1.3923600e-01
4.1837504e+03 -1.3029499e-01
4.1841004e+03 -1.0609600e-01
4.1844505e+03 -6.6137001e-02
4.1848006e+03 -1.6975001e-02
4.1851513e+03 3.1399000e-02
4.1855015e+03 7.0905000e-02
4.1858518e+03 9.9301003e-02
4.1862022e+03 1.1909000e-01
4.1865526e+03 1.3487300e-01
4.1869035e+03 1.4939301e-01
4.1872541e+03 1.6171899e-01
4.1876047e+03 1.6701201e-01
4.1879554e+03 1.5988301e-01
4.1883061e+03 1.3677999e-01
4.1886573e+03 9.9205002e-02
4.1890081e+03 5.3668000e-02
4.1893590e+03 9.1310004e-03
4.1897100e+03 -2.6296999e-02
4.1900610e+03 -4.8446000e-02
4.1904125e+03 -5.8460001e-02
4.1907636e+03 -6.1558999e-02
4.1911148e+03 -6.3157000e-02
4.1914661e+03 -6.6637002e-02
4.1918174e+03 -7.1214996e-02
4.1921692e+03 -7.4505001e-02
4.1925206e+03 -7.5101003e-02
4.1928721e+03 -7.5315997e-02
4.1932237e+03 -7.9870000e-02
4.1935753e+03 -9.3172997e-02
4.1939274e+03 -1.1386800e-01
4.1942791e+03 -1.3411000e-01
4.1946309e+03 -1.4176300e-01
4.1949827e+03 -1.2884100e-01
4.1953346e+03 -9.6892998e-02
4.1956870e+03 -5.8555000e-02
4.1960390e+03 -3.0088000e-02
4.1963911e+03 -2.3341000e-02
4.1967432e+03 -4.0149000e-02
4.1970954e+03 -7.3050998e-02
4.1974481e+03 -1.1107900e-01
4.1978004e+03 -1.4429000e-01
4.1981528e+03 -1.6636799e-01
4.1985052e+03 -1.7302001e-01
4.1988577e+03 -1.6024099e-01
4.1992107e+03 -1.2564600e-01
4.1995633e+03 -7.1001001e-02
4.1999160e+03 -4.8870002e-03
4.2002687e+03 5.9819002e-02
4.2006215e+03 1.0941000e-01
4.2009748e+03 1.3382401e-01
4.2013277e+03 1.2927000e-01
4.2016807e+03 9.8012999e-02
4.2020337e+03 4.7968999e-02
4.2023868e+03 -9.9419998e-03
4.2027404e+03 -6.3538000e-02
4.2030936e+03 -1.0321100e-01
4.2034468e+03 -1.2433500e-01
4.2038001e+03 -1.2738700e-01
4.2041535e+03 -1.1632400e-01
4.2045074e+03 -9.6726000e-02
4.2048609e+03 -7.3003002e-02
4.2052145e+03 -4.7945000e-02
4.2055681e+03 -2.4223000e-02
4.2059218e+03 -5.6260000e-03
4.2062759e+03 3.1940001e-03
4.2066297e+03 -1.9310000e-03
4.2069836e+03 -2.1886000e-02
4.2073375e+03 -5.3071000e-02
4.2076915e+03 -8.9693002e-02
4.2080460e+03 -1.2555100e-01
4.2084001e+03 -1.5625900e-01
4.2087542e+03 -1.7976700e-01
4.2091084e+03 -1.9376200e-01
4.2094627e+03 -1.9438200e-01
4.2098175e+03 -1.7752600e-01
4.2101719e+03 -1.4061899e-01
4.2105263e+03 -8.8453002e-02
4.2108808e+03 -3.1971000e-02
4.2112354e+03 1.5497000e-02
4.2115905e+03 4.4583999e-02
4.2119452e+03 5.1759999e-02
4.2122999e+03 3.8598999e-02
4.2126547e+03 8.0100000e-03
4.2130096e+03 -3.5333000e-02
4.2133650e+03 -8.3183996e-02
4.2137200e+03 -1.2362000e-01
4.2140750e+03 -1.4271700e-01
4.2144301e+03 -1.3170201e-01
4.2147853e+03 -9.3053997e-02
4.2151410e+03 -3.8456000e-02
4.2154963e+03 2.0670000e-02
4.2158516e+03 8.2658999e-02
4.2162070e+03 1.5501900e-01
4.2165625e+03 2.4187499e-01
4.2169184e+03 3.3314201e-01
4.2172740e+03 4.0507299e-01
4.2176297e+03 4.3213299e-01
4.2179854e+03 4.0163901e-01
4.2183412e+03 3.1762099e-01
4.2186974e+03 1.9838800e-01
4.2190533e+03 6.6900000e-02
4.2194093e+03 -5.4550000e-02
4.2197653e+03 -1.5108500e-01
4.2201214e+03 -2.1634100e-01
4.2204779e+03 -2.5079200e-01
4.2208341e+03 -2.5651401e-01
4.2211904e+03 -2.3574799e-01
4.2215467e+03 -1.9056700e-01
4.2219031e+03 -1.2545501e-01
4.2222599e+03 -4.7754999e-02
4.2226164e+03 3.5262000e-02
4.2229730e+03 1.1689600e-01
4.2233296e+03 1.9047201e-01
4.2236863e+03 2.4838400e-01
4.2240434e+03 2.8645900e-01
4.2244002e+03 3.0820301e-01
4.2247571e+03 3.2339001e-01
4.2251140e+03 3.3922100e-01
4.2254710e+03 3.5471901e-01
4.2258284e+03 3.5998800e-01
4.2261855e+03 3.4601599e-01
4.2265427e+03 3.1147000e-01
4.2268999e+03 2.6087701e-01
4.2272572e+03 2.0034300e-01
4.2276150e+03 1.3525400e-01
4.2279724e+03 7.0643000e-02
4.2283298e+03 1.2254000e-02
4.2286873e+03 -3.3925999e-02
4.2290449e+03 -6.5279000e-02
4.2294030e+03 -8.4256999e-02
4.2297607e+03 -9.9657997e-02
4.2301184e+03 -1.2264200e-01
4.2304763e+03 -1.5866700e-01
4.2308341e+03 -2.0399000e-01
4.2311925e+03 -2.4335299e-01
4.2315505e+03 -2.5842100e-01
4.2319086e+03 -2.3477000e-01
4.2322667e+03 -1.7237601e-01
4.2326249e+03 -8.8881999e-02
4.2329836e+03 -1.6307000e-02
4.2333419e+03 1.4472000e-02
4.2337003e+03 -9.2019998e-03
4.2340587e+03 -7.1883000e-02
4.2344172e+03 -1.3906901e-01
4.2347762e+03 -1.8076800e-01
4.2351348e+03 -1.8591800e-01
4.2354934e+03 -1.6720200e-01
4.2358522e+03 -1.4605500e-01
4.2362110e+03 -1.4040400e-01
4.2365702e+03 -1.5554400e-01
4.2369292e+03 -1.8682399e-01
4.2372881e+03 -2.2432800e-01
4.2376472e+03 -2.6066300e-01
4.2380063e+03 -2.9389799e-01
4.2383659e+03 -3.2405800e-01
4.2387251e+03 -3.4334600e-01
4.2390844e+03 -3.3218801e-01
4.2394437e+03 -2.6664701e-01
4.2398031e+03 -1.3861600e-01
4.2401630e+03 3.3925999e-02
4.2405225e+03 2.0918800e-01
4.2408821e+03 3.4437099e-01
4.2412417e+03 4.1239199e-01
4.2416015e+03 4.0938801e-01
4.2419617e+03 3.4940201e-01
4.2423215e+03 2.5236601e-01
4.2426814e+03 1.3873500e-01
4.2430413e+03 2.8108999e-02
4.2434013e+03 -5.9627999e-02
4.2437618e+03 -1.0917100e-01
4.2441220e+03 -1.2004300e-01
4.2444822e+03 -1.0869500e-01
4.2448424e+03 -9.8751999e-02
4.2452027e+03 -1.0194700e-01
4.2455636e+03 -1.1119800e-01
4.2459240e+03 -1.0848000e-01
4.2462845e+03 -8.4066004e-02
4.2466451e+03 -4.4321999e-02
4.2470057e+03 -8.1300000e-03
4.2473668e+03 8.0580004e-03
4.2477276e+03 2.8599999e-04
4.2480884e+03 -2.1648001e-02
4.2484492e+03 -4.2009000e-02
4.2488102e+03 -4.9256999e-02
4.2491716e+03 -4.5203999e-02
4.2495326e+03 -4.1866001e-02
4.2498938e+03 -5.1688999e-02
4.2502549e+03 -7.5935997e-02
4.2506162e+03 -1.0230500e-01
4.2509779e+03 -1.1203200e-01
4.2513393e+03 -9.3197003e-02
4.2517007e+03 -4.6730001e-02
4.2520622e+03 1.4686000e-02
4.2524237e+03 7.6103002e-02
4.2527858e+03 1.2621801e-01
4.2531474e+03 1.5988301e-01
4.2535091e+03 1.7719200e-01
4.2538709e+03 1.8053000e-01
4.2542328e+03 1.7318700e-01
4.2545951e+03 1.5752301e-01
4.2549571e+03 1.3482501e-01
4.2553191e+03 1.0602400e-01
4.2556812e+03 7.2287999e-02
4.2560434e+03 3.5381000e-02
4.2564061e+03 -1.8830000e-03
4.2567684e+03 -3.5333000e-02
4.2571307e+03 -5.6575999e-02
4.2574931e+03 -5.3596001e-02
4.2578556e+03 -1.8191000e-02
4.2582185e+03 4.8397999e-02
4.2585811e+03 1.3136800e-01
4.2589438e+03 2.1033201e-01
4.2593065e+03 2.6793399e-01
4.2596693e+03 2.9745099e-01
4.2600326e+03 3.0274299e-01
4.2603955e+03 2.9280099e-01
4.2607584e+03 2.7658901e-01
4.2611214e+03 2.5858799e-01
4.2614845e+03 2.3815601e-01
4.2618481e+03 2.1238300e-01
4.2622113e+03 1.7981499e-01
4.2625746e+03 1.4257400e-01
4.2629379e+03 1.0671600e-01
4.2633013e+03 8.0298997e-02
4.2636652e+03 6.9665000e-02
4.2640287e+03 7.4957997e-02
4.2643923e+03 9.1170996e-02
4.2647560e+03 1.1141300e-01
4.2651197e+03 1.3577899e-01
4.2654839e+03 1.7030200e-01
4.2658477e+03 2.1884400e-01
4.2662116e+03 2.7208301e-01
4.2665756e+03 3.0908501e-01
4.2669396e+03 3.1063500e-01
4.2673041e+03 2.7649400e-01
4.2676682e+03 2.2535300e-01
4.2680324e+03 1.8577500e-01
4.2683967e+03 1.7564200e-01
4.2687610e+03 1.9209300e-01
4.2691259e+03 2.1357501e-01
4.2694903e+03 2.1281201e-01
4.2698548e+03 1.7402101e-01
4.2702194e+03 1.0442700e-01
4.2705840e+03 2.9015001e-02
4.2709492e+03 -2.5129000e-02
4.2713139e+03 -4.4870000e-02
4.2716788e+03 -3.8695000e-02
4.2720437e+03 -2.9397000e-02
4.2724086e+03 -4.0387999e-02
4.2727741e+03 -7.7032998e-02
4.2731391e+03 -1.2202200e-01
4.2735043e+03 -1.4545900e-01
4.2738695e+03 -1.2772000e-01
4.2742347e+03 -6.8712004e-02
4.2746005e+03 2.0933000e-02
4.2749659e+03 1.3735200e-01
4.2753313e+03 2.8343201e-01
4.2756968e+03 4.4786900e-01
4.2760624e+03 5.9392399e-01
4.2764285e+03 6.7617798e-01
4.2767942e+03 6.7443800e-01
4.2771600e+03 6.0691798e-01
4.2775258e+03 5.1524597e-01
4.2778917e+03 4.3315801e-01
4.2782581e+03 3.7124100e-01
4.2786241e+03 3.2188800e-01
4.2789902e+03 2.7270299e-01
4.2793563e+03 2.1841501e-01
4.2797225e+03 1.6357800e-01
4.2800892e+03 1.2009100e-01
4.2804555e+03 9.8656997e-02
4.2808219e+03 1.0142300e-01
4.2811884e+03 1.1866000e-01
4.2815549e+03 1.3246500e-01
4.2819219e+03 1.2278500e-01
4.2822885e+03 7.8248002e-02
4.2826552e+03 4.5289998e-03
4.2830220e+03 -7.6007001e-02
4.2833888e+03 -1.3909300e-01
4.2837562e+03 -1.7311500e-01
4.2841231e+03 -1.8684800e-01
4.2844901e+03 -1.9731501e-01
4.2848572e+03 -2.1350300e-01
4.2852244e+03 -2.2943000e-01
4.2855920e+03 -2.3288700e-01
4.2859593e+03 -2.1712700e-01
4.2863266e+03 -1.8784900e-01
4.2866940e+03 -1.5733200e-01
4.2870615e+03 -1.3518301e-01
4.2874294e+03 -1.1975700e-01
4.2877970e+03 -1.0061200e-01
4.2881647e+03 -6.8020001e-02
4.2885324e+03 -2.3317000e-02
4.2889001e+03 1.8739000e-02
4.2892684e+03 3.9338998e-02
4.2896363e+03 3.0015999e-02
4.2900043e+03 5.2399997e-04
4.2903723e+03 -2.5820000e-02
4.2907404e+03 -2.6512001e-02
4.2911090e+03 4.5530000e-03
4.2914772e+03 5.1569000e-02
4.2918455e+03 8.4328003e-02
4.2922138e+03 8.0227003e-02
4.2925822e+03 3.9625000e-02
4.2929512e+03 -1.2207000e-02
4.2933197e+03 -4.6753000e-02
4.2936883e+03 -4.9424000e-02
4.2940569e+03 -2.4819000e-02
4.2944257e+03 1.5711000e-02
4.2947949e+03 6.3180000e-02
4.2951637e+03 1.1088800e-01
4.2955326e+03 1.4801000e-01
4.2959016e+03 1.6238600e-01
4.2962707e+03 1.5017900e-01
4.2966402e+03 1.1928000e-01
4.2970094e+03 8.4686004e-02
4.2973786e+03 5.8031000e-02
4.2977479e+03 4.2247001e-02
4.2981172e+03 3.4141000e-02
4.2984871e+03 3.1470999e-02
4.2988566e+03 3.6835000e-02
4.2992261e+03 5.5622999e-02
4.2995957e+03 8.6259000e-02
4.2999654e+03 1.1706300e-01
4.3003356e+03 1.3027100e-01
4.3007054e+03 1.1446400e-01
4.3010753e+03 6.9569997e-02
4.3014452e+03 2.8130000e-03
4.3018152e+03 -7.7581003e-02
4.3021857e+03 -1.5809500e-01
4.3025558e+03 -2.1691300e-01
4.3029260e+03 -2.3312500e-01
4.3032962e+03 -1.9924600e-01
4.3036665e+03 -1.3256000e-01
4.3040374e+03 -6.1606999e-02
4.3044078e+03 -8.6059999e-03
4.3047783e+03 2.3722000e-02
4.3051489e+03 4.8089001e-02
4.3055195e+03 8.0704004e-02
4.3058906e+03 1.2979500e-01
4.3062614e+03 1.9147301e-01
4.3066322e+03 2.5045800e-01
4.3070031e+03 2.8779501e-01
4.3073740e+03 2.9211000e-01
4.3077455e+03 2.6533601e-01
4.3081166e+03 2.2277801e-01
4.3084877e+03 1.8217500e-01
4.3088589e+03 1.5554400e-01
4.3092302e+03 1.4553000e-01
4.3096020e+03 1.4960700e-01
4.3099734e+03 1.6462800e-01
4.3103448e+03 1.8651401e-01
4.3107164e+03 2.0890200e-01
4.3110879e+03 2.2430401e-01
4.3114600e+03 2.2742701e-01
4.3118318e+03 2.1753301e-01
4.3122035e+03 1.9941300e-01
4.3125754e+03 1.8081599e-01
4.3129473e+03 1.7223300e-01
4.3133197e+03 1.8427300e-01
4.3136917e+03 2.1951100e-01
4.3140638e+03 2.6831600e-01
4.3144360e+03 3.0906200e-01
4.3148082e+03 3.2312801e-01
4.3151810e+03 3.0539000e-01
4.3155533e+03 2.6769599e-01
4.3159258e+03 2.2971600e-01
4.3162983e+03 2.0852000e-01
4.3166708e+03 2.1083300e-01
4.3170439e+03 2.3195700e-01
4.3174165e+03 2.5737199e-01
4.3177893e+03 2.6726699e-01
4.3181621e+03 2.4790700e-01
4.3185350e+03 1.9898400e-01
4.3189084e+03 1.3677999e-01
4.3192814e+03 8.3540998e-02
4.3196544e+03 5.6384999e-02
4.3200276e+03 5.6862000e-02
4.3204008e+03 7.2240002e-02
4.3207745e+03 8.3803996e-02
4.3211478e+03 7.7413999e-02
4.3215212e+03 5.0544001e-02
4.3218946e+03 1.3232000e-02
4.3222681e+03 -1.7403999e-02
4.3226422e+03 -2.7871000e-02
4.3230158e+03 -1.4305000e-02
4.3233895e+03 1.5449000e-02
4.3237633e+03 4.7635999e-02
4.3241372e+03 6.9403000e-02
4.3245115e+03 7.6555997e-02
4.3248855e+03 7.4625000e-02
4.3252595e+03 7.5268000e-02
4.3256336e+03 8.9216001e-02
4.3260078e+03 1.2071100e-01
4.3263825e+03 1.6529500e-01
4.3267568e+03 2.1252599e-01
4.3271311e+03 2.5112599e-01
4.3275055e+03 2.7229699e-01
4.3278800e+03 2.7432400e-01
4.3282550e+03 2.6292801e-01
4.3286296e+03 2.4971899e-01
4.3290043e+03 2.4449800e-01
4.3293791e+03 2.4890800e-01
4.3297539e+03 2.5517899e-01
4.3301292e+03 2.5069699e-01
4.3305042e+03 2.2644900e-01
4.3308792e+03 1.8208000e-01
4.3312542e+03 1.2488300e-01
4.3316294e+03 6.4944997e-02
4.3320050e+03 1.1205000e-02
4.3323803e+03 -3.2067001e-02
4.3327556e+03 -6.4015001e-02
4.3331310e+03 -8.5162997e-02
4.3335065e+03 -9.5200002e-02
4.3338825e+03 -9.2363000e-02
4.3342581e+03 -7.4957997e-02
4.3346337e+03 -4.3416001e-02
4.3350094e+03 -1.3350000e-03
4.3353852e+03 4.5012999e-02
4.3357615e+03 8.9597002e-02
4.3361375e+03 1.2829299e-01
4.3365134e+03 1.6016901e-01
4.3368895e+03 1.8625200e-01
4.3372656e+03 2.0706600e-01
4.3376422e+03 2.2089399e-01
4.3380185e+03 2.2428000e-01
4.3383948e+03 2.1405201e-01
4.3387712e+03 1.9180700e-01
4.3391476e+03 1.6448399e-01
4.3395246e+03 1.4379001e-01
4.3399011e+03 1.4133400e-01
4.3402778e+03 1.6298200e-01
4.3406545e+03 2.0482500e-01
4.3410312e+03 2.5191301e-01
4.3414085e+03 2.8426600e-01
4.3417854e+03 2.8514799e-01
4.3421624e+03 2.5105399e-01
4.3425394e+03 1.9192600e-01
4.3429165e+03 1.2748200e-01
4.3432941e+03 7.7009000e-02
4.3436714e+03 5.4120999e-02
4.3440487e+03 6.3252002e-02
4.3444260e+03 9.8562002e-02
4.3448034e+03 1.4650799e-01
4.3451814e+03 1.8904200e-01
4.3455589e+03 2.1247800e-01
4.3459365e+03 2.1212099e-01
4.3463142e+03 1.9390500e-01
4.3466920e+03 1.6982500e-01
4.3470703e+03 1.5180101e-01
4.3474481e+03 1.4572100e-01
4.3478261e+03 1.5113300e-01
4.3482041e+03 1.6436499e-01
4.3485822e+03 1.8208000e-01
4.3489608e+03 2.0279799e-01
4.3493390e+03 2.2573400e-01
4.3497173e+03 2.4898000e-01
4.3500956e+03 2.6922199e-01
4.3504740e+03 2.8381300e-01
4.3508530e+03 2.9201499e-01
4.3512315e+03 2.9425600e-01
4.3516101e+03 2.9213399e-01
4.3519888e+03 2.8791401e-01
4.3523675e+03 2.8471899e-01
4.3527468e+03 2.8746101e-01
4.3531256e+03 3.0095500e-01
4.3535046e+03 3.2620400e-01
4.3538836e+03 3.5734099e-01
4.3542626e+03 3.8285199e-01
4.3546422e+03 3.9258000e-01
4.3550214e+03 3.8428301e-01
4.3554007e+03 3.6640099e-01
4.3557800e+03 3.5252500e-01
4.3561594e+03 3.5405099e-01
4.3565394e+03 3.7326801e-01
4.3569189e+03 4.0340400e-01
4.3572985e+03 4.3251500e-01
4.3576781e+03 4.5065799e-01
4.3580579e+03 4.5390099e-01
4.3584381e+03 4.4624799e-01
4.3588180e+03 4.3644899e-01
4.3591979e+03 4.3377799e-01
4.3595779e+03 4.4448301e-01
4.3599580e+03 4.6906400e-01
4.3603385e+03 5.0272900e-01
4.3607187e+03 5.3698999e-01
4.3610990e+03 5.6409800e-01
4.3614793e+03 5.7985699e-01
4.3618597e+03 5.8472103e-01
4.3622406e+03 5.8162200e-01
4.3626212e+03 5.7322901e-01
4.3630017e+03 5.5866200e-01
4.3633824e+03 5.3513002e-01
4.3637631e+03 5.0029701e-01
4.3641444e+03 4.5649999e-01
4.3645252e+03 4.1234401e-01
4.3649062e+03 3.8039601e-01
4.3652871e+03 3.7026399e-01
4.3656682e+03 3.8220799e-01
4.3660498e+03 4.0614599e-01
4.3664310e+03 4.2595801e-01
4.3668122e+03 4.3027401e-01
4.3671935e+03 4.1797099e-01
4.3675749e+03 3.9970800e-01
4.3679569e+03 3.9026701e-01
4.3683384e+03 4.0063801e-01
4.3687200e+03 4.3184701e-01
4.3691016e+03 4.7712299e-01
4.3694833e+03 5.2707100e-01
4.3698656e+03 5.7492203e-01
4.3702474e+03 6.1700302e-01
4.3706294e+03 6.5050101e-01
4.3710114e+03 6.7202997e-01
4.3713934e+03 6.7822897e-01
4.3717760e+03 6.6890699e-01
4.3721582e+03 6.4768702e-01
4.3725404e+03 6.2103200e-01
4.3729228e+03 5.9599799e-01
4.3733052e+03 5.7795000e-01
4.3736881e+03 5.7125002e-01
4.3740706e+03 5.8033401e-01
4.3744532e+03 6.0727501e-01
4.3748359e+03 6.4930898e-01
4.3752186e+03 6.9544297e-01
4.3756018e+03 7.2968000e-01
4.3759847e+03 7.3821503e-01
4.3763676e+03 7.1799701e-01
4.3767506e+03 6.8046999e-01
4.3771337e+03 6.4556497e-01
4.3775173e+03 6.3171297e-01
4.3779005e+03 6.4473099e-01
4.3782837e+03 6.7739397e-01
4.3786670e+03 7.1477801e-01
4.3790504e+03 7.4524802e-01
4.3794344e+03 7.6417899e-01
4.3798179e+03 7.7319098e-01
4.3802015e+03 7.7524102e-01
4.3805852e+03 7.7168900e-01
4.3809689e+03 7.6284403e-01
4.3813531e+03 7.5113702e-01
4.3817370e+03 7.4283999e-01
4.3821209e+03 7.4601102e-01
4.3825049e+03 7.6537102e-01
4.3828890e+03 7.9984599e-01
4.3832736e+03 8.4245199e-01
4.3836578e+03 8.8484198e-01
4.3840421e+03 9.2003298e-01
4.3844264e+03 9.4578201e-01
4.3848108e+03 9.6452200e-01
4.3851958e+03 9.8185498e-01
4.3855803e+03 1.0039560e+00
4.3859649e+03 1.0323280e+00
4.3863496e+03 1.0615340e+00
4.3867343e+03 1.0811321e+00
4.3871196e+03 1.0825390e+00
4.3875045e+03 1.0663270e+00
4.3878894e+03 1.0458230e+00
4.3882744e+03 1.0416030e+00
4.3886595e+03 1.0710230e+00
4.3890451e+03 1.1355630e+00
4.3894303e+03 1.2201070e+00
4.3898156e+03 1.2988321e+00
4.3902010e+03 1.3521190e+00
4.3905864e+03 1.3744830e+00
4.3909723e+03 1.3764610e+00
4.3913579e+03 1.3762950e+00
4.3917435e+03 1.3891450e+00
4.3921292e+03 1.4203780e+00
4.3925150e+03 1.4655350e+00
4.3929013e+03 1.5162700e+00
4.3932872e+03 1.5656230e+00
4.3936731e+03 1.6113991e+00
4.3940591e+03 1.6547670e+00
4.3944452e+03 1.6973250e+00
4.3948319e+03 1.7401210e+00
4.3952181e+03 1.7843720e+00
4.3956044e+03 1.8333910e+00
4.3959908e+03 1.8930190e+00
4.3963772e+03 1.9689790e+00
4.3967642e+03 2.0632501e+00
4.3971507e+03 2.1695609e+00
4.3975374e+03 2.2741070e+00
4.3979241e+03 2.3595331e+00
4.3983109e+03 2.4140110e+00
4.3986982e+03 2.4366369e+00
4.3990851e+03 2.4389980e+00
4.3994721e+03 2.4407859e+00
4.3998591e+03 2.4623151e+00
4.4002462e+03 2.5157211e+00
4.4006339e+03 2.6015279e+00
4.4010211e+03 2.7082679e+00
4.4014085e+03 2.8183219e+00
4.4017958e+03 2.9153819e+00
4.4021833e+03 2.9907219e+00
4.4025713e+03 3.0473700e+00
4.4029589e+03 3.0974381e+00
4.4033465e+03 3.1575439e+00
4.4037343e+03 3.2382720e+00
4.4041221e+03 3.3421750e+00
4.4045104e+03 3.4631960e+00
4.4048983e+03 3.5923240e+00
4.4052863e+03 3.7235489e+00
4.4056744e+03 3.8540599e+00
4.4060626e+03 3.9844270e+00
4.4064512e+03 4.1139359e+00
4.4068395e+03 4.2401552e+00
4.4072279e+03 4.3582668e+00
4.4076163e+03 4.4611449e+00
4.4080047e+03 4.5459499e+00
4.4083938e+03 4.6142101e+00
4.4087824e+03 4.6759839e+00
4.4091711e+03 4.7496791e+00
4.4095598e+03 4.8556080e+00
4.4099487e+03 5.0104370e+00
4.4103380e+03 5.2161689e+00
4.4107270e+03 5.4610491e+00
4.4111160e+03 5.7223082e+00
4.4115051e+03 5.9768429e+00
4.4118943e+03 6.2112799e+00
4.4122840e+03 6.4219470e+00
4.4126733e+03 6.6175928e+00
4.4130627e+03 6.8104501e+00
4.4134521e+03 7.0153952e+00
4.4138416e+03 7.2434902e+00
4.4142317e+03 7.4969530e+00
4.4146213e+03 7.7718730e+00
4.4150110e+03 8.0547333e+00
4.4154008e+03 8.3342791e+00
4.4157907e+03 8.6035252e+00
4.4161811e+03 8.8665237e+00
4.4165711e+03 9.1371288e+00
4.4169611e+03 9.4284773e+00
4.4173513e+03 9.7522020e+00
4.4177415e+03 1.0108661e+01
4.4181322e+03 1.0493373e+01
4.4185225e+03 1.0900616e+01
4.4189129e+03 1.1324930e+01
4.4193034e+03 1.1765670e+01
4.4196940e+03 1.2217712e+01
4.4200851e+03 1.2676882e+01
4.4204757e+03 1.3135886e+01
4.4208665e+03 1.3590002e+01
4.4212573e+03 1.4043545e+01
4.4216482e+03 1.4502835e+01
4.4220396e+03 1.4982557e+01
4.4224307e+03 1.5492820e+01
4.4228218e+03 1.6041183e+01
4.4232129e+03 1.6629601e+01
4.4236042e+03 1.7250322e+01
4.4239959e+03 1.7896198e+01
4.4243873e+03 1.8554306e+01
4.4247788e+03 1.9218325e+01
4.4251703e+03 1.9886850e+01
4.4255619e+03 2.0563555e+01
4.4259540e+03 2.1259689e+01
4.4263457e+03 2.1982168e+01
4.4267375e+03 2.2739624e+01
4.4271294e+03 2.3534130e+01
4.4275213e+03 2.4365854e+01
4.4279138e+03 2.5235390e+01
4.4283058e+03 2.6137756e+01
4.4286980e+03 2.7071524e+01
4.4290902e+03 2.8029322e+01
4.4294824e+03 2.9006599e+01
4.4298753e+03 2.9999399e+01
4.4302677e+03 3.1002760e+01
4.4306602e+03 3.2015514e+01
4.4310527e+03 3.3029842e+01
4.4314453e+03 3.4041000e+01
4.4318385e+03 3.5045265e+01
4.4322313e+03 3.6046955e+01
4.4326241e+03 3.7060738e+01
4.4330170e+03 3.8104008e+01
4.4334100e+03 3.9193607e+01
4.4338035e+03 4.0335060e+01
4.4341966e+03 4.1522861e+01
4.4345898e+03 4.2743565e+01
4.4349831e+03 4.3980885e+01
4.4353764e+03 4.5221565e+01
4.4357702e+03 4.6456787e+01
4.4361637e+03 4.7681164e+01
4.4365572e+03 4.8891449e+01
4.4369508e+03 5.0086067e+01
4.4373445e+03 5.1265476e+01
4.4377387e+03 5.2433537e+01
4.4381325e+03 5.3593014e+01
4.4385264e+03 5.4746746e+01
4.4389204e+03 5.5892323e+01
4.4393144e+03 5.7022453e+01
4.4397089e+03 5.8129669e+01
4.4401031e+03 5.9204029e+01
4.4404973e+03 6.0244442e+01
4.4408916e+03 6.1251877e+01
4.4412860e+03 6.2232471e+01
4.4416809e+03 6.3192822e+01
4.4420754e+03 6.4132378e+01
4.4424700e+03 6.5053246e+01
4.4428647e+03 6.5948036e+01
4.4432594e+03 6.6814354e+01
4.4436547e+03 6.7649223e+01
4.4440495e+03 6.8447014e+01
4.4444444e+03 6.9207428e+01
4.4448394e+03 6.9919846e+01
4.4452345e+03 7.0582817e+01
4.4456301e+03 7.1194359e+01
4.4460253e+03 7.1760963e+01
4.4464206e+03 7.2298553e+01
4.4468160e+03 7.2817039e+01
4.4472114e+03 7.3329163e+01
4.4476074e+03 7.3828247e+01
4.4480029e+03 7.4300858e+01
4.4483986e+03 7.4726799e+01
4.4487943e+03 7.5083061e+01
4.4491901e+03 7.5359772e+01
4.4495864e+03 7.5550148e+01
4.4499823e+03 7.5664162e+01
4.4503783e+03 7.5717285e+01
4.4507743e+03 7.5728920e+01
4.4511705e+03 7.5722816e+01
4.4515671e+03 7.5712898e+01
4.4519634e+03 7.5713921e+01
4.4523598e+03 7.5726959e+01
4.4527562e+03 7.5747231e+01
4.4531526e+03 7.5763847e+01
4.4535497e+03 7.5757530e+01
4.4539463e+03 7.5714325e+01
4.4543430e+03 7.5621582e+01
4.4547397e+03 7.5482681e+01
4.4551366e+03 7.5313972e+01
4.4555340e+03 7.5137878e+01
4.4559309e+03 7.4977425e+01
4.4563280e+03 7.4836990e+01
4.4567251e+03 7.4708580e+01
4.4571223e+03 7.4570892e+01
4.4575200e+03 7.4403282e+01
4.4579174e+03 7.4197510e+01
4.4583148e+03 7.3954987e+01
4.4587122e+03 7.3689148e+01
4.4591098e+03 7.3410629e+01
4.4595079e+03 7.3128937e+01
4.4599055e+03 7.2850250e+01
4.4603033e+03 7.2578644e+01
4.4607011e+03 7.2320648e+01
4.4610990e+03 7.2075417e+01
4.4614975e+03 7.1838211e+01
4.4618955e+03 7.1594139e+01
4.4622936e+03 7.1324493e+01
4.4626918e+03 7.1017357e+01
4.4630900e+03 7.0667648e+01
4.4634889e+03 7.0285507e+01
4.4638873e+03 6.9883301e+01
4.4642857e+03 6.9474266e+01
4.4646842e+03 6.9064804e+01
4.4650829e+03 6.8652390e+01
4.4654820e+03 6.8233917e+01
4.4658808e+03 6.7802116e+01
4.4662796e+03 6.7355415e+01
4.4666785e+03 6.6893051e+01
4.4670774e+03 6.6414711e+01
4.4674770e+03 6.5920570e+01
4.4678761e+03 6.5405083e+01
4.4682752e+03 6.4865685e+01
4.4686745e+03 6.4296722e+01
4.4690738e+03 6.3695930e+01
4.4694737e+03 6.3064907e+01
4.4698732e+03 6.2405609e+01
4.4702727e+03 6.1727547e+01
4.4706723e+03 6.1035797e+01
4.4710720e+03 6.0337948e+01
4.4714722e+03 5.9636688e+01
4.4718720e+03 5.8929085e+01
4.4722719e+03 5.8212040e+01
4.4726719e+03 5.7477070e+01
4.4730719e+03 5.6723000e+01
4.4734725e+03 5.5949139e+01
4.4738727e+03 5.5156708e+01
4.4742729e+03 5.4345871e+01
4.4746733e+03 5.3511642e+01
4.4750736e+03 5.2653004e+01
4.4754746e+03 5.1770351e+01
4.4758751e+03 5.0870632e+01
4.4762757e+03 4.9961090e+01
4.4766764e+03 4.9042297e+01
4.4770772e+03 4.8109077e+01
4.4774785e+03 4.7149063e+01
4.4778794e+03 4.6156097e+01
4.4782803e+03 4.5133350e+01
4.4786814e+03 4.4094585e+01
4.4790825e+03 4.3057228e+01
4.4794842e+03 4.2033241e+01
4.4798854e+03 4.1027187e+01
4.4802867e+03 4.0036819e+01
4.4806881e+03 3.9057423e+01
4.4810896e+03 3.8086391e+01
4.4814916e+03 3.7123775e+01
4.4818932e+03 3.6171127e+01
4.4822949e+03 3.5230160e+01
4.4826967e+03 3.4298897e+01
4.4830985e+03 3.3372593e+01
4.4835009e+03 3.2444405e+01
4.4839029e+03 3.1507635e+01
4.4843049e+03 3.0561876e+01
4.4847071e+03 2.9611349e+01
4.4851092e+03 2.8668093e+01
4.4855120e+03 2.7744293e+01
4.4859143e+03 2.6847219e+01
4.4863167e+03 2.5980257e+01
4.4867192e+03 2.5139475e+01
4.4871218e+03 2.4325466e+01
4.4875249e+03 2.3538494e+01
4.4879276e+03 2.2781944e+01
4.4883303e+03 2.2058153e+01
4.4887332e+03 2.1362734e+01
4.4891361e+03 2.0690130e+01
4.4895396e+03 2.0028257e+01
4.4899426e+03 1.9369101e+01
4.4903458e+03 1.8708109e+01
4.4907490e+03 1.8045591e+01
4.4911522e+03 1.7391085e+01
4.4915561e+03 1.6754007e+01
4.4919595e+03 1.6148376e+01
4.4923630e+03 1.5582251e+01
4.4927665e+03 1.5057492e+01
4.4931702e+03 1.4570260e+01
4.4935744e+03 1.4107799e+01
4.4939782e+03 1.3660454e+01
4.4943820e+03 1.3217782e+01
4.4947859e+03 1.2776446e+01
4.4951899e+03 1.2338829e+01
4.4955945e+03 1.1909651e+01
4.4959987e+03 1.1498475e+01
4.4964029e+03 1.1109304e+01
4.4968072e+03 1.0745239e+01
4.4972115e+03 1.0402441e+01
4.4976165e+03 1.0073065e+01
4.4980210e+03 9.7509861e+00
4.4984256e+03 9.4299068e+00
4.4988302e+03 9.1134071e+00
4.4992349e+03 8.8073254e+00
4.4996402e+03 8.5204124e+00
4.5000451e+03 8.2578650e+00
4.5004500e+03 8.0157986e+00
4.5008551e+03 7.7858682e+00
4.5012602e+03 7.5546260e+00
4.5016658e+03 7.3136091e+00
4.5020711e+03 7.0603600e+00
4.5024764e+03 6.8001742e+00
4.5028817e+03 6.5438738e+00
4.5032872e+03 6.3006401e+00
4.5036932e+03 6.0788860e+00
4.5040988e+03 5.8820720e+00
4.5045045e+03 5.7113400e+00
4.5049103e+03 5.5649748e+00
4.5053161e+03 5.4364438e+00
4.5057225e+03 5.3166151e+00
4.5061284e+03 5.1933999e+00
4.5065345e+03 5.0571442e+00
4.5069406e+03 4.9021721e+00
4.5073468e+03 4.7282691e+00
4.5077535e+03 4.5420880e+00
4.5081599e+03 4.3529510e+00
4.5085663e+03 4.1734452e+00
4.5089728e+03 4.0149922e+00
4.5093793e+03 3.8855309e+00
4.5097864e+03 3.7866349e+00
4.5101931e+03 3.7120340e+00
4.5105999e+03 3.6514990e+00
4.5110068e+03 3.5948751e+00
4.5114137e+03 3.5370340e+00
4.5118212e+03 3.4779069e+00
4.5122282e+03 3.4176340e+00
4.5126354e+03 3.3536429e+00
4.5130426e+03 3.2789230e+00
4.5134499e+03 3.1879179e+00
4.5138577e+03 3.0809870e+00
4.5142652e+03 2.9676909e+00
4.5146727e+03 2.8622620e+00
4.5150803e+03 2.7754300e+00
4.5154879e+03 2.7086251e+00
4.5158962e+03 2.6532409e+00
4.5163040e+03 2.5977371e+00
4.5167118e+03 2.5355330e+00
4.5171198e+03 2.4671791e+00
4.5175278e+03 2.3993731e+00
4.5179364e+03 2.3366680e+00
4.5183446e+03 2.2773740e+00
4.5187528e+03 2.2133350e+00
4.5191611e+03 2.1356101e+00
4.5195695e+03 2.0411489e+00
4.5199785e+03 1.9364589e+00
4.5203870e+03 1.8354890e+00
4.5207957e+03 1.7526619e+00
4.5212043e+03 1.6966580e+00
4.5216131e+03 1.6659729e+00
4.5220224e+03 1.6512150e+00
4.5224314e+03 1.6410350e+00
4.5228403e+03 1.6279930e+00
4.5232494e+03 1.6109940e+00
4.5236585e+03 1.5924211e+00
4.5240682e+03 1.5727040e+00
4.5244775e+03 1.5482180e+00
4.5248869e+03 1.5120500e+00
4.5252963e+03 1.4602180e+00
4.5257058e+03 1.3940810e+00
4.5261159e+03 1.3222210e+00
4.5265255e+03 1.2557260e+00
4.5269353e+03 1.2028210e+00
4.5273451e+03 1.1662000e+00
4.5277549e+03 1.1430500e+00
4.5281654e+03 1.1287920e+00
4.5285754e+03 1.1192790e+00
4.5289855e+03 1.1117690e+00
4.5293957e+03 1.1047601e+00
4.5298059e+03 1.0971780e+00
4.5302167e+03 1.0884759e+00
4.5306271e+03 1.0776510e+00
4.5310376e+03 1.0627500e+00
4.5314482e+03 1.0413400e+00
4.5318588e+03 1.0115139e+00
4.5322700e+03 9.7415400e-01
4.5326807e+03 9.3390900e-01
4.5330916e+03 8.9838499e-01
4.5335025e+03 8.7406600e-01
4.5339135e+03 8.6307502e-01
4.5343250e+03 8.6226398e-01
4.5347362e+03 8.6488700e-01
4.5351474e+03 8.6584002e-01
4.5355587e+03 8.6424297e-01
4.5359700e+03 8.6355197e-01
4.5363820e+03 8.6841500e-01
4.5367935e+03 8.8148099e-01
4.5372051e+03 9.0062600e-01
4.5376167e+03 9.2012799e-01
4.5380285e+03 9.3216801e-01
4.5384408e+03 9.3028498e-01
4.5388527e+03 9.1109198e-01
4.5392646e+03 8.7525803e-01
4.5396767e+03 8.2712102e-01
4.5400888e+03 7.7385902e-01
4.5405015e+03 7.2383797e-01
4.5409137e+03 6.8387902e-01
4.5413261e+03 6.5789199e-01
4.5417385e+03 6.4558899e-01
4.5421510e+03 6.4325303e-01
4.5425640e+03 6.4647102e-01
4.5429767e+03 6.5145397e-01
4.5433894e+03 6.5550798e-01
4.5438022e+03 6.5562701e-01
4.5442150e+03 6.4749700e-01
4.5446285e+03 6.2649202e-01
4.5450415e+03 5.8984703e-01
4.5454545e+03 5.3996998e-01
4.5458677e+03 4.8456100e-01
4.5462809e+03 4.3447000e-01
4.5466948e+03 3.9997101e-01
4.5471081e+03 3.8609499e-01
4.5475216e+03 3.9227000e-01
4.5479351e+03 4.1239199e-01
4.5483487e+03 4.3809399e-01
4.5487629e+03 4.6048099e-01
4.5491767e+03 4.7259301e-01
4.5495905e+03 4.7118601e-01
4.5500044e+03 4.5723900e-01
4.5504184e+03 4.3585300e-01
4.5508330e+03 4.1396600e-01
4.5512471e+03 3.9820600e-01
4.5516614e+03 3.9234099e-01
4.5520756e+03 3.9651299e-01
4.5524900e+03 4.0709901e-01
4.5529050e+03 4.1854301e-01
4.5533195e+03 4.2641100e-01
4.5537341e+03 4.2870000e-01
4.5541487e+03 4.2707899e-01
4.5545635e+03 4.2433700e-01
4.5549788e+03 4.2130899e-01
4.5553937e+03 4.1470501e-01
4.5558087e+03 3.9787200e-01
4.5562237e+03 3.6494699e-01
4.5566388e+03 3.1688201e-01
4.5570545e+03 2.6228401e-01
4.5574698e+03 2.1469501e-01
4.5578851e+03 1.8413000e-01
4.5583006e+03 1.7230500e-01
4.5587161e+03 1.7235200e-01
4.5591321e+03 1.7509399e-01
4.5595478e+03 1.7507000e-01
4.5599635e+03 1.7406900e-01
4.5603793e+03 1.7795500e-01
4.5607952e+03 1.9152100e-01
4.5612117e+03 2.1352699e-01
4.5616277e+03 2.3782200e-01
4.5620438e+03 2.5694299e-01
4.5624600e+03 2.6683801e-01
4.5628762e+03 2.6869699e-01
4.5632931e+03 2.6724300e-01
4.5637095e+03 2.6712400e-01
4.5641260e+03 2.7089101e-01
4.5645425e+03 2.7763799e-01
4.5649592e+03 2.8419399e-01
4.5653764e+03 2.8736499e-01
4.5657932e+03 2.8490999e-01
4.5662100e+03 2.7663699e-01
4.5666270e+03 2.6347601e-01
4.5670440e+03 2.4700101e-01
4.5674616e+03 2.2892900e-01
4.5678788e+03 2.1116699e-01
4.5682960e+03 1.9583701e-01
4.5687133e+03 1.8548900e-01
4.5691307e+03 1.8198401e-01
4.5695487e+03 1.8637100e-01
4.5699663e+03 1.9817300e-01
4.5703839e+03 2.1610200e-01
4.5708016e+03 2.3856100e-01
4.5712194e+03 2.6435801e-01
4.5716378e+03 2.9141900e-01
4.5720557e+03 3.1638101e-01
4.5724737e+03 3.3481100e-01
4.5728918e+03 3.4282199e-01
4.5733100e+03 3.3945999e-01
4.5737287e+03 3.2820699e-01
4.5741470e+03 3.1523699e-01
4.5745654e+03 3.0598599e-01
4.5749839e+03 3.0109799e-01
4.5754024e+03 2.9609200e-01
4.5758216e+03 2.8431401e-01
4.5762403e+03 2.6268899e-01
4.5766590e+03 2.3415001e-01
4.5770779e+03 2.0756701e-01
4.5774968e+03 1.9204600e-01
4.5779163e+03 1.9280900e-01
4.5783354e+03 2.0747100e-01
4.5787546e+03 2.2881000e-01
4.5791738e+03 2.4805000e-01
4.5795931e+03 2.5842100e-01
4.5800130e+03 2.5663301e-01
4.5804325e+03 2.4161300e-01
4.5808520e+03 2.1357501e-01
4.5812717e+03 1.7437901e-01
4.5816914e+03 1.2869801e-01
4.5821116e+03 8.5377000e-02
4.5825315e+03 5.4907002e-02
4.5829514e+03 4.6324000e-02
4.5833714e+03 6.1917000e-02
4.5837915e+03 9.5725000e-02
4.5842122e+03 1.3511100e-01
4.5846324e+03 1.6624901e-01
4.5850527e+03 1.7981499e-01
4.5854731e+03 1.7418800e-01
4.5858936e+03 1.5532900e-01
4.5863146e+03 1.3320400e-01
4.5867353e+03 1.1832700e-01
4.5871560e+03 1.1706300e-01
4.5875767e+03 1.3022400e-01
4.5879976e+03 1.5208700e-01
4.5884190e+03 1.7273401e-01
4.5888400e+03 1.8231800e-01
4.5892611e+03 1.7523700e-01
4.5896823e+03 1.5335000e-01
4.5901035e+03 1.2478800e-01
4.5905254e+03 1.0087400e-01
4.5909468e+03 8.9883000e-02
4.5913682e+03 9.3984000e-02
4.5917898e+03 1.0876600e-01
4.5922114e+03 1.2626600e-01
4.5926336e+03 1.3890199e-01
4.5930554e+03 1.4216800e-01
4.5934773e+03 1.3597000e-01
4.5938992e+03 1.2423900e-01
4.5943212e+03 1.1365400e-01
4.5947438e+03 1.0972000e-01
4.5951660e+03 1.1410700e-01
4.5955882e+03 1.2316700e-01
4.5960106e+03 1.3008100e-01
4.5964330e+03 1.2776799e-01
4.5968560e+03 1.1301000e-01
4.5972785e+03 8.7021999e-02
4.5977011e+03 5.4120999e-02
4.5981239e+03 1.9764001e-02
4.5985467e+03 -1.1229000e-02
4.5989700e+03 -3.3617001e-02
4.5993930e+03 -4.1841999e-02
4.5998160e+03 -3.2448001e-02
4.6002391e+03 -7.1040001e-03
4.6006623e+03 2.5510000e-02
4.6010861e+03 5.4072998e-02
4.6015094e+03 6.9475003e-02
4.6019328e+03 7.0547998e-02
4.6023563e+03 6.3847996e-02
4.6027799e+03 5.9413001e-02
4.6032040e+03 6.4467996e-02
4.6036278e+03 8.0609001e-02
4.6040516e+03 1.0337800e-01
4.6044754e+03 1.2500200e-01
4.6048994e+03 1.3847300e-01
4.6053240e+03 1.3875900e-01
4.6057481e+03 1.2440600e-01
4.6061723e+03 9.8681003e-02
4.6065965e+03 7.0427999e-02
4.6070209e+03 5.1259000e-02
4.6074458e+03 5.1116001e-02
4.6078703e+03 7.2598003e-02
4.6082949e+03 1.0716900e-01
4.6087196e+03 1.3871101e-01
4.6091443e+03 1.5037000e-01
4.6095697e+03 1.3577899e-01
4.6099946e+03 1.0230500e-01
4.6104195e+03 7.0834003e-02
4.6108446e+03 6.3037001e-02
4.6112697e+03 9.0599000e-02
4.6116955e+03 1.4550599e-01
4.6121208e+03 2.0413300e-01
4.6125461e+03 2.3777400e-01
4.6129716e+03 2.2702201e-01
4.6133971e+03 1.7223300e-01
4.6138232e+03 9.2077002e-02
4.6142489e+03 1.5187000e-02
4.6146747e+03 -3.4832001e-02
4.6151005e+03 -4.7469001e-02
4.6155264e+03 -2.8610000e-02
4.6159529e+03 5.7450002e-03
4.6163790e+03 3.7884001e-02
4.6168052e+03 5.6694999e-02
4.6172314e+03 6.0749002e-02
4.6176577e+03 5.6457002e-02
4.6180846e+03 5.2880999e-02
4.6185111e+03 5.5741999e-02
4.6189376e+03 6.5135002e-02
4.6193643e+03 7.5602002e-02
4.6197910e+03 7.9846002e-02
4.6202183e+03 7.2884001e-02
4.6206451e+03 5.5146001e-02
4.6210721e+03 3.0303000e-02
4.6214991e+03 3.2180001e-03
4.6219262e+03 -2.3007000e-02
4.6223539e+03 -4.7230002e-02
4.6227812e+03 -6.8902001e-02
4.6232085e+03 -8.4733002e-02
4.6236359e+03 -8.9763999e-02
4.6240634e+03 -7.9654999e-02
4.6244915e+03 -5.5050001e-02
4.6249192e+03 -2.2338999e-02
4.6253469e+03 8.5589997e-03
4.6257747e+03 3.0611999e-02
4.6262026e+03 4.2557001e-02
4.6266311e+03 4.7968999e-02
4.6270591e+03 4.9066000e-02
4.6274873e+03 4.2939000e-02
4.6279155e+03 2.2291999e-02
4.6283438e+03 -1.7499000e-02
4.6287727e+03 -7.2192997e-02
4.6292011e+03 -1.2609901e-01
4.6296296e+03 -1.5945400e-01
4.6300582e+03 -1.5766600e-01
4.6304869e+03 -1.2025800e-01
4.6309162e+03 -5.9962001e-02
4.6313450e+03 4.1240002e-03
4.6317740e+03 5.6028001e-02
4.6322030e+03 8.9192003e-02
4.6326321e+03 1.0511800e-01
4.6330617e+03 1.0895700e-01
4.6334910e+03 1.0414100e-01
4.6339203e+03 9.0813003e-02
4.6343497e+03 6.8140000e-02
4.6347792e+03 3.8527999e-02
4.6352093e+03 9.2019998e-03
4.6356389e+03 -9.5840003e-03
4.6360686e+03 -1.0943000e-02
4.6364984e+03 4.4820001e-03
4.6369283e+03 2.7441001e-02
4.6373588e+03 4.5418002e-02
4.6377888e+03 4.9017999e-02
4.6382189e+03 3.8504001e-02
4.6386491e+03 2.2934999e-02
4.6390794e+03 1.4901000e-02
4.6395103e+03 2.1505000e-02
4.6399407e+03 4.0555000e-02
4.6403712e+03 6.1820999e-02
4.6408018e+03 7.3932998e-02
4.6412325e+03 7.1382001e-02
4.6416638e+03 5.8054000e-02
4.6420946e+03 4.4369001e-02
4.6425255e+03 4.0649999e-02
4.6429565e+03 5.0806001e-02
4.6433876e+03 6.9379002e-02
4.6438193e+03 8.4804997e-02
4.6442505e+03 8.5662998e-02
4.6446818e+03 6.7948997e-02
4.6451132e+03 3.7384000e-02
4.6455447e+03 7.6770000e-03
4.6459768e+03 -7.3670000e-03
4.6464084e+03 -3.5700001e-04
4.6468401e+03 2.4676001e-02
4.6472719e+03 5.5027001e-02
4.6477038e+03 7.5507000e-02
4.6481363e+03 7.6699004e-02
4.6485683e+03 6.0153000e-02
4.6490005e+03 3.6501002e-02
4.6494327e+03 1.8739000e-02
4.6498649e+03 1.4042000e-02
4.6502978e+03 2.0741999e-02
4.6507303e+03 3.0422000e-02
4.6511628e+03 3.5356998e-02
4.6515954e+03 3.3307001e-02
4.6520281e+03 2.9110000e-02
4.6524614e+03 3.1113001e-02
4.6528942e+03 4.5394000e-02
4.6533271e+03 7.1239002e-02
4.6537601e+03 1.0151800e-01
4.6541932e+03 1.2559800e-01
4.6546269e+03 1.3523100e-01
4.6550602e+03 1.2807800e-01
4.6554935e+03 1.0867100e-01
4.6559269e+03 8.6832002e-02
4.6563604e+03 7.1834996e-02
4.6567945e+03 6.7924999e-02
4.6572281e+03 7.2549999e-02
4.6576619e+03 7.9631001e-02
4.6580957e+03 8.6044997e-02
4.6585296e+03 9.4913997e-02
4.6589641e+03 1.1379700e-01
4.6593981e+03 1.4786699e-01
4.6598322e+03 1.9299901e-01
4.6602665e+03 2.3581900e-01
4.6607008e+03 2.5956601e-01
4.6611357e+03 2.5475001e-01
4.6615701e+03 2.2351700e-01
4.6620047e+03 1.7876600e-01
4.6624393e+03 1.3441999e-01
4.6628740e+03 9.9825002e-02
4.6633093e+03 7.7771999e-02
4.6637442e+03 6.7138001e-02
4.6641791e+03 6.5707996e-02
4.6646141e+03 7.0214003e-02
4.6650492e+03 7.5553998e-02
4.6654850e+03 7.4767999e-02
4.6659202e+03 6.2084001e-02
4.6663556e+03 3.7955999e-02
4.6667910e+03 1.0061000e-02
4.6672265e+03 -1.0013000e-02
4.6676626e+03 -1.4185000e-02
4.6680983e+03 -2.2410001e-03
4.6685341e+03 1.8143000e-02
4.6689699e+03 3.7002001e-02
4.6694058e+03 4.7063001e-02
4.6698424e+03 4.6753000e-02
4.6702785e+03 3.8123000e-02
4.6707146e+03 2.5296001e-02
4.6711509e+03 1.2540000e-02
4.6715872e+03 3.7430001e-03
4.6720241e+03 2.2410001e-03
4.6724606e+03 9.2019998e-03
4.6728972e+03 2.1862000e-02
4.6733338e+03 3.2972999e-02
4.6737706e+03 3.4928001e-02
4.6742079e+03 2.4723999e-02
4.6746448e+03 7.5810002e-03
4.6750818e+03 -5.1730000e-03
4.6755189e+03 -2.8609999e-03
4.6759560e+03 1.6689001e-02
4.6763938e+03 4.4369001e-02
4.6768311e+03 6.4467996e-02
4.6772685e+03 6.3467003e-02
4.6777059e+03 3.9338998e-02
4.6781435e+03 1.0960000e-03
4.6785817e+03 -3.6024999e-02
4.6790194e+03 -6.1893001e-02
4.6794572e+03 -7.5769000e-02
4.6798951e+03 -8.5234001e-02
4.6803330e+03 -9.8298997e-02
4.6807716e+03 -1.1754000e-01
4.6812097e+03 -1.3718601e-01
4.6816479e+03 -1.4860600e-01
4.6820862e+03 -1.4505300e-01
4.6825246e+03 -1.2598000e-01
4.6829636e+03 -9.6035004e-02
4.6834021e+03 -6.0915001e-02
4.6838407e+03 -2.3889000e-02
4.6842795e+03 1.5568000e-02
4.6847182e+03 5.9675999e-02
4.6851576e+03 1.0886100e-01
4.6855966e+03 1.5933500e-01
4.6860356e+03 2.0351399e-01
4.6864747e+03 2.3171900e-01
4.6869139e+03 2.3727401e-01
4.6873537e+03 2.1855800e-01
4.6877931e+03 1.8095900e-01
4.6882325e+03 1.3420500e-01
4.6886721e+03 8.8238001e-02
4.6891117e+03 4.8898999e-02
4.6895519e+03 1.6307000e-02
4.6899917e+03 -1.3208000e-02
4.6904315e+03 -4.2532999e-02
4.6908715e+03 -7.0500001e-02
4.6913115e+03 -9.1623999e-02
4.6917521e+03 -9.9086002e-02
4.6921923e+03 -8.9550003e-02
4.6926326e+03 -6.5182999e-02
4.6930729e+03 -3.3068001e-02
4.6935133e+03 -2.1450000e-03
4.6939544e+03 2.0647001e-02
4.6943950e+03 3.2090999e-02
4.6948357e+03 3.3353999e-02
4.6952764e+03 2.9206000e-02
4.6957173e+03 2.5892001e-02
4.6961588e+03 2.9348999e-02
4.6965998e+03 4.3225002e-02
4.6970409e+03 6.5851003e-02
4.6974820e+03 9.0980001e-02
4.6979233e+03 1.0964800e-01
4.6983652e+03 1.1546600e-01
4.6988066e+03 1.0836100e-01
4.6992481e+03 9.4746999e-02
4.6996897e+03 8.3564997e-02
4.7001314e+03 8.0132000e-02
4.7005737e+03 8.1324004e-02
4.7010155e+03 7.7771999e-02
4.7014575e+03 5.9533000e-02
4.7018995e+03 2.3483999e-02
4.7023416e+03 -2.3078000e-02
4.7027843e+03 -6.5398000e-02
4.7032265e+03 -8.8357002e-02
4.7036689e+03 -8.4471002e-02
4.7041113e+03 -5.6051999e-02
4.7045538e+03 -1.3136000e-02
4.7049969e+03 3.3259001e-02
4.7054396e+03 7.5673997e-02
4.7058824e+03 1.1146000e-01
4.7063252e+03 1.3966499e-01
4.7067681e+03 1.5792800e-01
4.7072117e+03 1.6112299e-01
4.7076548e+03 1.4405200e-01
4.7080979e+03 1.0559500e-01
4.7085412e+03 5.2857000e-02
4.7089845e+03 -1.2150001e-03
4.7094285e+03 -4.1650999e-02
4.7098720e+03 -6.0415000e-02
4.7103156e+03 -5.8936998e-02
4.7107593e+03 -4.7348998e-02
4.7112030e+03 -3.6692001e-02
4.7116474e+03 -3.2520000e-02
4.7120913e+03 -3.2067001e-02
4.7125353e+03 -2.7060000e-02
4.7129794e+03 -1.0848000e-02
4.7134236e+03 1.6140001e-02
4.7138684e+03 4.5728002e-02
4.7143128e+03 6.7066997e-02
4.7147572e+03 7.1787000e-02
4.7152017e+03 5.8150001e-02
4.7156463e+03 3.0136000e-02
4.7160915e+03 -4.6009999e-03
4.7165363e+03 -3.8242001e-02
4.7169811e+03 -6.4253002e-02
4.7174261e+03 -7.8653999e-02
4.7178711e+03 -8.0012999e-02
4.7183167e+03 -6.9117002e-02
4.7187619e+03 -4.9495000e-02
4.7192072e+03 -2.5844000e-02
4.7196525e+03 -3.2899999e-03
4.7200980e+03 1.3637000e-02
4.7205440e+03 2.2648999e-02
4.7209896e+03 2.4150999e-02
4.7214353e+03 2.0670000e-02
4.7218811e+03 1.5853999e-02
4.7223269e+03 1.2302000e-02
4.7227734e+03 9.7510004e-03
4.7232195e+03 5.0780000e-03
4.7236656e+03 -4.5770002e-03
4.7241118e+03 -1.8429000e-02
4.7245580e+03 -3.1113001e-02
4.7250049e+03 -3.5475999e-02
4.7254514e+03 -2.7918000e-02
4.7258979e+03 -1.3017000e-02
4.7263445e+03 -2.5740000e-03
4.7267912e+03 -8.7019997e-03
4.7272386e+03 -3.5928998e-02
4.7276854e+03 -7.7413999e-02
4.7281324e+03 -1.1842200e-01
4.7285794e+03 -1.4474300e-01
4.7290265e+03 -1.4982200e-01
4.7294743e+03 -1.3751900e-01
4.7299216e+03 -1.1737300e-01
4.7303690e+03 -9.9349000e-02
4.7308164e+03 -8.8404998e-02
4.7312640e+03 -8.5424997e-02
4.7317122e+03 -8.8953003e-02
4.7321599e+03 -9.6344002e-02
4.7326077e+03 -1.0373500e-01
4.7330556e+03 -1.0528500e-01
4.7335035e+03 -9.5844001e-02
4.7339521e+03 -7.3909000e-02
4.7344003e+03 -4.3845002e-02
4.7348485e+03 -1.3971000e-02
4.7352968e+03 7.9150004e-03
4.7357452e+03 1.9764001e-02
4.7361942e+03 2.6535001e-02
4.7366428e+03 3.6334001e-02
4.7370914e+03 5.5670001e-02
4.7375402e+03 8.5878000e-02
4.7379890e+03 1.2419200e-01
4.7384384e+03 1.6574800e-01
4.7388874e+03 2.0582600e-01
4.7393365e+03 2.3980100e-01
4.7397857e+03 2.6442999e-01
4.7402349e+03 2.7923501e-01
4.7406848e+03 2.8696001e-01
4.7411342e+03 2.9218099e-01
4.7415837e+03 2.9819000e-01
4.7420333e+03 3.0395901e-01
4.7424829e+03 3.0410200e-01
4.7429332e+03 2.9325399e-01
4.7433831e+03 2.7008000e-01
4.7438330e+03 2.3953900e-01
4.7442830e+03 2.0868701e-01
4.7447331e+03 1.8167400e-01
4.7451839e+03 1.5671200e-01
4.7456341e+03 1.2834001e-01
4.7460845e+03 9.2433996e-02
4.7465349e+03 5.0234001e-02
4.7469854e+03 7.1999999e-03
4.7474366e+03 -2.9372999e-02
4.7478873e+03 -5.4478001e-02
4.7483381e+03 -6.6757001e-02
4.7487889e+03 -6.7590997e-02
4.7492399e+03 -5.9746999e-02
4.7496915e+03 -4.6873000e-02
4.7501426e+03 -3.3831000e-02
4.7505938e+03 -2.5653001e-02
4.7510451e+03 -2.5415000e-02
4.7514965e+03 -3.0636000e-02
4.7519485e+03 -3.3854999e-02
4.7524001e+03 -2.5939001e-02
4.7528517e+03 -2.2880000e-03
4.7533034e+03 3.2329001e-02
4.7537552e+03 6.5779001e-02
4.7542077e+03 8.3947003e-02
4.7546597e+03 7.9940997e-02
4.7551117e+03 5.6791000e-02
4.7555639e+03 2.6272999e-02
4.7560161e+03 4.5200001e-04
4.7564690e+03 -1.4233000e-02
4.7569214e+03 -1.8763000e-02
4.7573739e+03 -1.7069999e-02
4.7578265e+03 -1.1253000e-02
4.7582792e+03 5.2399997e-04
4.7587325e+03 2.1051999e-02
4.7591853e+03 4.9853001e-02
4.7596383e+03 8.1324004e-02
4.7600913e+03 1.0759800e-01
4.7605444e+03 1.2216500e-01
4.7609981e+03 1.2378600e-01
4.7614514e+03 1.1622900e-01
4.7619048e+03 1.0573800e-01
