3.8000000e+02 0.0000000e+00
3.8100000e+02 0.0000000e+00
3.8200000e+02 8.5154771e-04
3.8300000e+02 8.5029703e-04
3.8400000e+02 1.7360792e-03
3.8500000e+02 8.6196694e-04
3.8600000e+02 -2.7280263e-05
3.8700000e+02 8.5754519e-04
3.8800000e+02 8.8721233e-04
3.8900000e+02 0.0000000e+00
3.9000000e+02 3.7387336e-05
3.9100000e+02 8.8721233e-04
3.9200000e+02 2.9533708e-05
3.9300000e+02 6.5435960e-05
3.9400000e+02 3.6765320e-05
3.9500000e+02 8.8721233e-04
3.9600000e+02 1.7744247e-03
3.9700000e+02 8.8721233e-04
3.9800000e+02 2.5688096e-05
3.9900000e+02 8.8721233e-04
4.0000000e+02 -8.1423449e-04
4.0100000e+02 8.8721233e-04
4.0200000e+02 8.5387222e-04
4.0300000e+02 8.8721233e-04
4.0400000e+02 0.0000000e+00
4.0500000e+02 8.8721233e-04
4.0600000e+02 8.5667428e-04
4.0700000e+02 3.8233454e-05
4.0800000e+02 0.0000000e+00
4.0900000e+02 2.3790386e-05
4.1000000e+02 3.1831378e-05
4.1100000e+02 2.5698100e-05
4.1200000e+02 0.0000000e+00
4.1300000e+02 0.0000000e+00
4.1400000e+02 0.0000000e+00
4.1500000e+02 0.0000000e+00
4.1600000e+02 8.5999375e-04
4.1700000e+02 8.6439179e-04
4.1800000e+02 8.8721233e-04
4.1900000e+02 8.5850585e-04
4.2000000e+02 0.0000000e+00
4.2100000e+02 0.0000000e+00
4.2200000e+02 3.3068922e-05
4.2300000e+02 9.1684309e-04
4.2400000e+02 2.6844822e-05
4.2500000e+02 0.0000000e+00
4.2600000e+02 2.2339764e-05
4.2700000e+02 3.5292079e-05
4.2800000e+02 1.7408030e-03
4.2900000e+02 3.2285400e-05
4.3000000e+02 0.0000000e+00
4.3100000e+02 8.8721233e-04
4.3200000e+02 0.0000000e+00
4.3300000e+02 2.9545768e-05
4.3400000e+02 9.1687318e-04
4.3500000e+02 0.0000000e+00
4.3600000e+02 0.0000000e+00
4.3700000e+02 0.0000000e+00
4.3800000e+02 1.7088720e-03
4.3900000e+02 0.0000000e+00
4.4000000e+02 8.6613620e-04
4.4100000e+02 2.3230970e-05
4.4200000e+02 0.0000000e+00
4.4300000e+02 5.6927202e-05
4.4400000e+02 3.1590087e-05
4.4500000e+02 8.6760519e-04
4.4600000e+02 2.3327794e-05
4.4700000e+02 9.1481714e-04
4.4800000e+02 0.0000000e+00
4.4900000e+02 0.0000000e+00
4.5000000e+02 0.0000000e+00
4.5100000e+02 0.0000000e+00
4.5200000e+02 -8.6529624e-04
4.5300000e+02 2.7735652e-05
4.5400000e+02 1.8672254e-05
4.5500000e+02 2.5294906e-05
4.5600000e+02 8.5550222e-04
4.5700000e+02 8.8721233e-04
4.5800000e+02 8.5602592e-04
4.5900000e+02 8.6299723e-04
4.6000000e+02 3.1600209e-05
4.6100000e+02 0.0000000e+00
4.6200000e+02 0.0000000e+00
4.6300000e+02 8.5969432e-04
4.6400000e+02 8.8721233e-04
4.6500000e+02 8.8721233e-04
4.6600000e+02 8.8721233e-04
4.6700000e+02 8.8721233e-04
4.6800000e+02 1.7313878e-05
4.6900000e+02 8.5900762e-04
4.7000000e+02 2.4713306e-05
4.7100000e+02 2.1036042e-05
4.7200000e+02 8.6914156e-04
4.7300000e+02 0.0000000e+00
4.7400000e+02 9.1462780e-04
4.7500000e+02 2.5255763e-05
4.7600000e+02 8.6361108e-04
4.7700000e+02 0.0000000e+00
4.7800000e+02 8.6579098e-04
4.7900000e+02 8.6680982e-04
4.8000000e+02 8.8721233e-04
4.8100000e+02 8.8721233e-04
4.8200000e+02 8.6745380e-04
4.8300000e+02 0.0000000e+00
4.8400000e+02 0.0000000e+00
4.8500000e+02 1.7301565e-03
4.8600000e+02 8.6352205e-04
4.8700000e+02 1.7488941e-03
4.8800000e+02 2.7776443e-05
4.8900000e+02 8.8721233e-04
4.9000000e+02 1.8685794e-05
4.9100000e+02 8.6552759e-04
4.9200000e+02 0.0000000e+00
4.9300000e+02 2.8720641e-05
4.9400000e+02 8.8721233e-04
4.9500000e+02 2.3118740e-05
4.9600000e+02 8.7397998e-04
4.9700000e+02 1.8396994e-05
4.9800000e+02 2.4177725e-05
4.9900000e+02 0.0000000e+00
5.0000000e+02 0.0000000e+00
5.0100000e+02 1.3507248e-05
5.0200000e+02 8.6687777e-04
5.0300000e+02 0.0000000e+00
5.0400000e+02 8.6635984e-04
5.0500000e+02 0.0000000e+00
5.0600000e+02 8.8721233e-04
5.0700000e+02 8.7087162e-04
5.0800000e+02 5.1371373e-05
5.0900000e+02 8.8721233e-04
5.1000000e+02 1.5194612e-05
5.1100000e+02 0.0000000e+00
5.1200000e+02 0.0000000e+00
5.1300000e+02 8.8721233e-04
5.1400000e+02 1.7463967e-03
5.1500000e+02 8.7645417e-04
5.1600000e+02 8.6440311e-04
5.1700000e+02 2.0282231e-05
5.1800000e+02 1.8353027e-05
5.1900000e+02 8.7058594e-04
5.2000000e+02 1.5504045e-05
5.2100000e+02 1.7317027e-03
5.2200000e+02 9.0101854e-04
5.2300000e+02 0.0000000e+00
5.2400000e+02 8.7349739e-04
5.2500000e+02 8.8721233e-04
5.2600000e+02 1.5218888e-05
5.2700000e+02 8.8721233e-04
5.2800000e+02 8.6909314e-04
5.2900000e+02 8.6662725e-04
5.3000000e+02 0.0000000e+00
5.3100000e+02 0.0000000e+00
5.3200000e+02 -1.3702013e-05
5.3300000e+02 1.7460502e-05
5.3400000e+02 8.8721233e-04
5.3500000e+02 8.7636244e-04
5.3600000e+02 8.5579647e-04
5.3700000e+02 8.8721233e-04
5.3800000e+02 8.7604284e-04
5.3900000e+02 0.0000000e+00
5.4000000e+02 0.0000000e+00
5.4100000e+02 8.8721233e-04
5.4200000e+02 7.3402132e-06
5.4300000e+02 1.4913012e-05
5.4400000e+02 8.7959585e-04
5.4500000e+02 8.8721233e-04
5.4600000e+02 8.7738305e-04
5.4700000e+02 8.6872465e-04
5.4800000e+02 1.3436611e-05
5.4900000e+02 8.2581813e-06
5.5000000e+02 0.0000000e+00
5.5100000e+02 8.8721233e-04
5.5200000e+02 1.0634829e-05
5.5300000e+02 8.8003951e-04
5.5400000e+02 1.8770126e-05
5.5500000e+02 8.7105508e-04
5.5600000e+02 1.7604869e-03
5.5700000e+02 0.0000000e+00
5.5800000e+02 0.0000000e+00
5.5900000e+02 8.6734044e-04
5.6000000e+02 9.5095847e-06
5.6100000e+02 0.0000000e+00
5.6200000e+02 8.7777700e-04
5.6300000e+02 1.0221330e-05
5.6400000e+02 0.0000000e+00
5.6500000e+02 8.9989711e-04
5.6600000e+02 1.4441343e-05
5.6700000e+02 1.6910893e-05
5.6800000e+02 4.8751850e-06
5.6900000e+02 7.9811214e-06
5.7000000e+02 8.9862254e-04
5.7100000e+02 1.5377550e-05
5.7200000e+02 8.8218531e-04
5.7300000e+02 0.0000000e+00
5.7400000e+02 8.8721233e-04
5.7500000e+02 0.0000000e+00
5.7600000e+02 8.7519411e-04
5.7700000e+02 0.0000000e+00
5.7800000e+02 0.0000000e+00
5.7900000e+02 8.8372890e-04
5.8000000e+02 0.0000000e+00
5.8100000e+02 0.0000000e+00
5.8200000e+02 0.0000000e+00
5.8300000e+02 0.0000000e+00
5.8400000e+02 0.0000000e+00
5.8500000e+02 0.0000000e+00
5.8600000e+02 8.9527257e-04
5.8700000e+02 8.8308376e-04
5.8800000e+02 6.0770158e-07
5.8900000e+02 1.7499909e-03
5.9000000e+02 8.7751014e-04
5.9100000e+02 1.7670542e-03
5.9200000e+02 0.0000000e+00
5.9300000e+02 8.8721233e-04
5.9400000e+02 0.0000000e+00
5.9500000e+02 3.1252990e-06
5.9600000e+02 8.8721233e-04
5.9700000e+02 0.0000000e+00
5.9800000e+02 4.8590513e-06
5.9900000e+02 8.8104567e-04
6.0000000e+02 0.0000000e+00
6.0100000e+02 1.7642146e-03
6.0200000e+02 8.8721233e-04
6.0300000e+02 0.0000000e+00
6.0400000e+02 0.0000000e+00
6.0500000e+02 9.0799333e-06
6.0600000e+02 8.8721233e-04
6.0700000e+02 8.8331108e-04
6.0800000e+02 0.0000000e+00
6.0900000e+02 8.8721233e-04
6.1000000e+02 7.0511117e-06
6.1100000e+02 1.0782737e-06
6.1200000e+02 1.7613291e-03
6.1300000e+02 8.8675079e-04
6.1400000e+02 8.7935670e-04
6.1500000e+02 8.8721233e-04
6.1600000e+02 3.5434623e-06
6.1700000e+02 8.8721233e-04
6.1800000e+02 8.8721233e-04
6.1900000e+02 2.5151033e-06
6.2000000e+02 0.0000000e+00
6.2100000e+02 1.7639932e-03
6.2200000e+02 1.7695139e-03
6.2300000e+02 8.8709470e-04
6.2400000e+02 0.0000000e+00
6.2500000e+02 2.9657382e-06
6.2600000e+02 0.0000000e+00
6.2700000e+02 8.8721233e-04
6.2800000e+02 3.4697529e-06
6.2900000e+02 8.8415256e-04
6.3000000e+02 8.8528781e-04
6.3100000e+02 3.9014527e-07
6.3200000e+02 0.0000000e+00
6.3300000e+02 0.0000000e+00
6.3400000e+02 0.0000000e+00
6.3500000e+02 8.8721233e-04
6.3600000e+02 0.0000000e+00
6.3700000e+02 0.0000000e+00
6.3800000e+02 8.8271398e-04
6.3900000e+02 8.8621563e-04
6.4000000e+02 0.0000000e+00
6.4100000e+02 0.0000000e+00
6.4200000e+02 1.7629919e-03
6.4300000e+02 8.8605675e-04
6.4400000e+02 8.8721233e-04
6.4500000e+02 1.7737128e-03
6.4600000e+02 8.8721233e-04
6.4700000e+02 0.0000000e+00
6.4800000e+02 0.0000000e+00
6.4900000e+02 0.0000000e+00
6.5000000e+02 8.7948932e-04
6.5100000e+02 3.8042311e-06
6.5200000e+02 2.6592763e-03
6.5300000e+02 8.8721233e-04
6.5400000e+02 1.7722134e-03
6.5500000e+02 1.7710110e-03
6.5600000e+02 2.6655260e-03
6.5700000e+02 4.4283537e-03
6.5800000e+02 3.5417995e-03
6.5900000e+02 3.5436959e-03
6.6000000e+02 2.6605227e-03
6.6100000e+02 3.5452859e-03
6.6200000e+02 8.8721233e-04
6.6300000e+02 0.0000000e+00
6.6400000e+02 8.8721233e-04
6.6500000e+02 4.4352782e-03
6.6600000e+02 2.6323506e-03
6.6700000e+02 4.4111547e-03
6.6800000e+02 3.5454972e-03
6.6900000e+02 5.2851077e-03
6.7000000e+02 4.4353545e-03
6.7100000e+02 6.1704145e-03
6.7200000e+02 5.3231588e-03
6.7300000e+02 6.2042550e-03
6.7400000e+02 4.4245683e-03
6.7500000e+02 3.5512400e-03
6.7600000e+02 3.5488493e-03
6.7700000e+02 6.1765864e-03
6.7800000e+02 7.0967778e-03
6.7900000e+02 5.3173232e-03
6.8000000e+02 4.4307202e-03
6.8100000e+02 5.3157539e-03
6.8200000e+02 5.3144483e-03
6.8300000e+02 5.3137489e-03
6.8400000e+02 6.1912631e-03
6.8500000e+02 6.2012959e-03
6.8600000e+02 6.1935300e-03
6.8700000e+02 7.0831665e-03
6.8800000e+02 7.9687228e-03
6.8900000e+02 5.3259520e-03
6.9000000e+02 4.4083833e-03
6.9100000e+02 5.3129104e-03
6.9200000e+02 6.1849821e-03
6.9300000e+02 7.0653401e-03
6.9400000e+02 7.0654806e-03
6.9500000e+02 7.0877386e-03
6.9600000e+02 7.0588059e-03
6.9700000e+02 7.9662966e-03
6.9800000e+02 9.7071960e-03
6.9900000e+02 7.9849110e-03
7.0000000e+02 8.8506450e-03
7.0100000e+02 9.6964372e-03
7.0200000e+02 9.7465348e-03
7.0300000e+02 9.7388340e-03
7.0400000e+02 9.7319262e-03
7.0500000e+02 8.8552613e-03
7.0600000e+02 8.8628974e-03
7.0700000e+02 9.7394183e-03
7.0800000e+02 8.8642936e-03
7.0900000e+02 8.8553224e-03
7.1000000e+02 8.8635566e-03
7.1100000e+02 8.8556799e-03
7.1200000e+02 9.7307586e-03
7.1300000e+02 9.7486606e-03
7.1400000e+02 8.8370934e-03
7.1500000e+02 8.8429704e-03
7.1600000e+02 7.9626705e-03
7.1700000e+02 7.9775453e-03
7.1800000e+02 8.8047150e-03
7.1900000e+02 7.9731655e-03
7.2000000e+02 8.8544391e-03
7.2100000e+02 8.8289302e-03
7.2200000e+02 7.9705312e-03
7.2300000e+02 7.9571012e-03
7.2400000e+02 7.9457634e-03
7.2500000e+02 7.9508692e-03
7.2600000e+02 7.9526129e-03
7.2700000e+02 7.0770622e-03
7.2800000e+02 7.9642664e-03
7.2900000e+02 7.0976987e-03
7.3000000e+02 7.9534620e-03
7.3100000e+02 7.0797368e-03
7.3200000e+02 7.9461686e-03
7.3300000e+02 7.9247469e-03
7.3400000e+02 8.8110909e-03
7.3500000e+02 7.9451081e-03
7.3600000e+02 8.8344447e-03
7.3700000e+02 7.9505648e-03
7.3800000e+02 6.2104863e-03
7.3900000e+02 6.1983376e-03
7.4000000e+02 5.3232740e-03
7.4100000e+02 4.4360617e-03
7.4200000e+02 5.2952348e-03
7.4300000e+02 4.4132409e-03
7.4400000e+02 4.4020002e-03
7.4500000e+02 4.4251729e-03
7.4600000e+02 4.4186007e-03
7.4700000e+02 4.4263257e-03
7.4800000e+02 4.4203259e-03
7.4900000e+02 4.4155425e-03
7.5000000e+02 3.5380162e-03
7.5100000e+02 4.4067826e-03
7.5200000e+02 4.4000763e-03
7.5300000e+02 4.3950139e-03
7.5400000e+02 5.2553442e-03
7.5500000e+02 5.2521601e-03
7.5600000e+02 5.2498601e-03
7.5700000e+02 5.2738276e-03
7.5800000e+02 4.4360617e-03
7.5900000e+02 4.4129110e-03
7.6000000e+02 4.3936418e-03
7.6100000e+02 3.5303025e-03
7.6200000e+02 3.5021291e-03
7.6300000e+02 3.5235097e-03
7.6400000e+02 3.5058016e-03
7.6500000e+02 3.5323950e-03
7.6600000e+02 3.4999009e-03
7.6700000e+02 3.5124202e-03
7.6800000e+02 3.4984264e-03
7.6900000e+02 4.4182433e-03
7.7000000e+02 4.3893395e-03
7.7100000e+02 4.4068883e-03
7.7200000e+02 4.3982042e-03
7.7300000e+02 4.4135478e-03
7.7400000e+02 5.2721311e-03
7.7500000e+02 5.2944622e-03
7.7600000e+02 6.1617335e-03
7.7700000e+02 7.0629832e-03
7.7800000e+02 6.1927566e-03
7.7900000e+02 7.0627447e-03
7.8000000e+02 5.3232740e-03
7.8100000e+02 5.2928932e-03
7.8200000e+02 3.5488493e-03
7.8300000e+02 4.4121934e-03
7.8400000e+02 4.4360617e-03
7.8500000e+02 3.5488493e-03
7.8600000e+02 4.4108506e-03
7.8700000e+02 4.4360617e-03
7.8800000e+02 3.5765805e-03
7.8900000e+02 3.5284306e-03
7.9000000e+02 3.5488493e-03
7.9100000e+02 2.6616370e-03
7.9200000e+02 1.7508133e-03
7.9300000e+02 9.1514356e-04
7.9400000e+02 9.0496844e-04
7.9500000e+02 1.7540785e-03
7.9600000e+02 4.4744712e-05
7.9700000e+02 2.4305032e-05
7.9800000e+02 8.6223580e-04
7.9900000e+02 0.0000000e+00
8.0000000e+02 0.0000000e+00
8.0100000e+02 8.6375207e-04
8.0200000e+02 0.0000000e+00
8.0300000e+02 1.8964940e-05
8.0400000e+02 2.8770310e-05
8.0500000e+02 8.8721233e-04
8.0600000e+02 1.7535726e-03
8.0700000e+02 8.5851675e-04
8.0800000e+02 8.6430812e-04
8.0900000e+02 2.9693328e-05
8.1000000e+02 2.2214075e-05
8.1100000e+02 0.0000000e+00
8.1200000e+02 1.8917539e-05
8.1300000e+02 2.2904883e-05
8.1400000e+02 8.6061352e-04
8.1500000e+02 8.5852908e-04
8.1600000e+02 8.8721233e-04
8.1700000e+02 0.0000000e+00
8.1800000e+02 3.2217888e-05
8.1900000e+02 8.5500694e-04
8.2000000e+02 0.0000000e+00
8.2100000e+02 0.0000000e+00
8.2200000e+02 8.8721233e-04
8.2300000e+02 8.6229089e-04
8.2400000e+02 8.6619220e-04
8.2500000e+02 8.5774871e-04
8.2600000e+02 0.0000000e+00
8.2700000e+02 3.2008911e-05
8.2800000e+02 8.8721233e-04
8.2900000e+02 8.5559342e-04
8.3000000e+02 0.0000000e+00
8.3100000e+02 8.5931809e-04
8.3200000e+02 3.2108657e-05
8.3300000e+02 8.6522561e-04
8.3400000e+02 1.7500269e-03
8.3500000e+02 2.5879073e-05
8.3600000e+02 1.7477803e-03
8.3700000e+02 8.6002468e-04
8.3800000e+02 8.8721233e-04
8.3900000e+02 0.0000000e+00
8.4000000e+02 4.6961675e-05
8.4100000e+02 8.8721233e-04
8.4200000e+02 8.5632508e-04
8.4300000e+02 0.0000000e+00
8.4400000e+02 0.0000000e+00
8.4500000e+02 0.0000000e+00
8.4600000e+02 8.8721233e-04
8.4700000e+02 1.7159941e-03
8.4800000e+02 8.5312198e-04
8.4900000e+02 2.6104914e-03
8.5000000e+02 1.7448221e-03
8.5100000e+02 2.6938276e-03
8.5200000e+02 1.8788495e-03
8.5300000e+02 1.8461731e-03
8.5400000e+02 3.5728143e-03
8.5500000e+02 3.5727216e-03
8.5600000e+02 2.7703726e-03
8.5700000e+02 9.2201367e-04
8.5800000e+02 1.7412687e-03
8.5900000e+02 1.7152127e-03
8.6000000e+02 2.6140995e-05
8.6100000e+02 8.8721233e-04
8.6200000e+02 0.0000000e+00
8.6300000e+02 8.5056844e-04
8.6400000e+02 8.8721233e-04
8.6500000e+02 3.5082432e-05
8.6600000e+02 0.0000000e+00
8.6700000e+02 0.0000000e+00
8.6800000e+02 8.5308177e-04
8.6900000e+02 2.5517481e-03
8.7000000e+02 0.0000000e+00
8.7100000e+02 8.8721233e-04
8.7200000e+02 8.6174786e-04
8.7300000e+02 8.6186785e-04
8.7400000e+02 0.0000000e+00
8.7500000e+02 8.5236805e-04
8.7600000e+02 8.5565229e-04
8.7700000e+02 0.0000000e+00
8.7800000e+02 8.8721233e-04
8.7900000e+02 3.0516081e-05
8.8000000e+02 0.0000000e+00
8.8100000e+02 1.7132018e-03
8.8200000e+02 -7.8161979e-04
8.8300000e+02 2.7027784e-05
8.8400000e+02 3.0560410e-05
8.8500000e+02 3.3334561e-05
8.8600000e+02 8.8721233e-04
8.8700000e+02 3.5951317e-05
8.8800000e+02 8.5104133e-04
8.8900000e+02 8.8721233e-04
8.9000000e+02 3.4337796e-05
8.9100000e+02 3.2262511e-05
8.9200000e+02 0.0000000e+00
8.9300000e+02 3.8442968e-05
8.9400000e+02 8.8721233e-04
8.9500000e+02 0.0000000e+00
8.9600000e+02 9.2250980e-04
8.9700000e+02 1.7459339e-03
8.9800000e+02 8.5395046e-04
8.9900000e+02 0.0000000e+00
9.0000000e+02 1.7171938e-03
9.0100000e+02 8.8721233e-04
9.0200000e+02 0.0000000e+00
9.0300000e+02 8.5414665e-04
9.0400000e+02 3.3335610e-05
9.0500000e+02 6.4221280e-05
9.0600000e+02 -8.2669878e-04
9.0700000e+02 8.5923666e-04
9.0800000e+02 8.4964597e-04
9.0900000e+02 3.3049408e-05
9.1000000e+02 2.8327860e-05
9.1100000e+02 8.5194683e-04
9.1200000e+02 0.0000000e+00
9.1300000e+02 0.0000000e+00
9.1400000e+02 0.0000000e+00
9.1500000e+02 0.0000000e+00
9.1600000e+02 0.0000000e+00
9.1700000e+02 0.0000000e+00
9.1800000e+02 0.0000000e+00
9.1900000e+02 9.2127018e-04
9.2000000e+02 8.8721233e-04
9.2100000e+02 3.1493480e-05
9.2200000e+02 0.0000000e+00
9.2300000e+02 7.5683173e-05
9.2400000e+02 8.5395477e-04
9.2500000e+02 8.8721233e-04
9.2600000e+02 1.7393051e-03
9.2700000e+02 1.7338854e-03
9.2800000e+02 2.6616370e-03
9.2900000e+02 3.5118183e-03
9.3000000e+02 5.2426125e-03
9.3100000e+02 3.6074200e-03
9.3200000e+02 5.2927061e-03
9.3300000e+02 5.3232740e-03
9.3400000e+02 5.3232740e-03
9.3500000e+02 6.1690268e-03
9.3600000e+02 4.4360617e-03
9.3700000e+02 3.5856631e-03
9.3800000e+02 6.1455214e-03
9.3900000e+02 4.4360617e-03
9.4000000e+02 4.4701601e-03
9.4100000e+02 5.3232740e-03
9.4200000e+02 5.3232740e-03
9.4300000e+02 5.3232740e-03
9.4400000e+02 4.4751028e-03
9.4500000e+02 5.3644101e-03
9.4600000e+02 6.1506624e-03
9.4700000e+02 5.3232740e-03
9.4800000e+02 5.3232740e-03
9.4900000e+02 6.1697352e-03
9.5000000e+02 4.4360617e-03
9.5100000e+02 6.9935698e-03
9.5200000e+02 5.4153875e-03
9.5300000e+02 6.2104863e-03
9.5400000e+02 7.0658034e-03
9.5500000e+02 2.7360106e-03
9.5600000e+02 3.5488493e-03
9.5700000e+02 2.7267040e-03
9.5800000e+02 2.7314618e-03
9.5900000e+02 1.7744247e-03
9.6000000e+02 1.8123737e-03
9.6100000e+02 2.5865363e-03
9.6200000e+02 1.7744247e-03
9.6300000e+02 9.2142787e-04
9.6400000e+02 1.7744247e-03
9.6500000e+02 1.7744247e-03
9.6600000e+02 6.8877260e-05
9.6700000e+02 1.7744247e-03
9.6800000e+02 3.4311742e-05
9.6900000e+02 1.7356591e-03
9.7000000e+02 1.7324557e-03
9.7100000e+02 6.5092995e-05
9.7200000e+02 6.8398459e-05
9.7300000e+02 8.8721233e-04
9.7400000e+02 0.0000000e+00
9.7500000e+02 8.5369139e-04
9.7600000e+02 1.7316648e-03
9.7700000e+02 8.8721233e-04
9.7800000e+02 9.2248018e-04
9.7900000e+02 1.7318657e-03
9.8000000e+02 2.5885181e-03
9.8100000e+02 9.2905642e-04
9.8200000e+02 2.6286541e-03
9.8300000e+02 1.7744247e-03
9.8400000e+02 9.2608313e-04
9.8500000e+02 9.6701000e-04
9.8600000e+02 1.7346467e-03
9.8700000e+02 3.5096583e-03
9.8800000e+02 3.4739099e-03
9.8900000e+02 2.6616370e-03
9.9000000e+02 3.5064880e-03
9.9100000e+02 4.4360617e-03
9.9200000e+02 4.4996236e-03
9.9300000e+02 5.2858564e-03
9.9400000e+02 5.3232740e-03
9.9500000e+02 5.3560148e-03
9.9600000e+02 4.4360617e-03
9.9700000e+02 5.2867366e-03
9.9800000e+02 6.1738766e-03
9.9900000e+02 6.9544167e-03
1.0000000e+03 7.1312427e-03
1.0010000e+03 9.6306765e-03
1.0020000e+03 1.1378986e-02
1.0030000e+03 1.1499821e-02
1.0040000e+03 1.7503474e-02
1.0050000e+03 1.7612257e-02
1.0060000e+03 2.2735812e-02
1.0070000e+03 3.1378062e-02
1.0080000e+03 3.8409353e-02
1.0090000e+03 5.2114629e-02
1.0100000e+03 6.7831858e-02
1.0110000e+03 9.2839764e-02
1.0120000e+03 1.3129841e-01
1.0130000e+03 1.8531707e-01
1.0140000e+03 2.5319151e-01
1.0150000e+03 3.2584942e-01
1.0160000e+03 4.2442968e-01
1.0170000e+03 5.2596686e-01
1.0180000e+03 6.1544520e-01
1.0190000e+03 6.9218167e-01
1.0200000e+03 7.8008229e-01
1.0210000e+03 8.4095100e-01
1.0220000e+03 9.1472062e-01
1.0230000e+03 9.5946457e-01
1.0240000e+03 9.7367066e-01
1.0250000e+03 1.0000000e+00
1.0260000e+03 9.8982898e-01
1.0270000e+03 9.8670583e-01
1.0280000e+03 9.6594057e-01
1.0290000e+03 9.3298342e-01
1.0300000e+03 9.3385655e-01
1.0310000e+03 9.0910124e-01
1.0320000e+03 8.8286196e-01
1.0330000e+03 8.5825556e-01
1.0340000e+03 8.1856036e-01
1.0350000e+03 7.8573924e-01
1.0360000e+03 7.4336799e-01
1.0370000e+03 6.8880565e-01
1.0380000e+03 6.2406813e-01
1.0390000e+03 5.6843926e-01
1.0400000e+03 5.0524388e-01
1.0410000e+03 4.2940371e-01
1.0420000e+03 3.6667673e-01
1.0430000e+03 2.9674962e-01
1.0440000e+03 2.3195101e-01
1.0450000e+03 1.6962674e-01
1.0460000e+03 1.1732276e-01
1.0470000e+03 8.3244558e-02
1.0480000e+03 5.7773439e-02
1.0490000e+03 4.1492748e-02
1.0500000e+03 2.8043735e-02
1.0510000e+03 2.0686834e-02
1.0520000e+03 1.6100079e-02
1.0530000e+03 1.0807658e-02
1.0540000e+03 8.0779265e-03
1.0550000e+03 7.1381469e-03
1.0560000e+03 6.2471556e-03
1.0570000e+03 5.3546457e-03
1.0580000e+03 2.7368451e-03
1.0590000e+03 1.7744247e-03
1.0600000e+03 3.5150650e-03
1.0610000e+03 9.5782310e-04
1.0620000e+03 2.5526680e-03
1.0630000e+03 9.2330582e-04
1.0640000e+03 1.7391259e-03
1.0650000e+03 3.2685844e-05
1.0660000e+03 9.2708292e-04
1.0670000e+03 8.8721233e-04
1.0680000e+03 8.4721671e-04
1.0690000e+03 8.5451584e-04
1.0700000e+03 8.8721233e-04
1.0710000e+03 0.0000000e+00
1.0720000e+03 0.0000000e+00
1.0730000e+03 3.6850286e-05
1.0740000e+03 8.5216857e-04
1.0750000e+03 8.8721233e-04
1.0760000e+03 3.8761221e-05
1.0770000e+03 0.0000000e+00
1.0780000e+03 8.4936221e-04
1.0790000e+03 8.5714713e-04
1.0800000e+03 8.5431626e-04
1.0810000e+03 3.3137902e-05
1.0820000e+03 3.3152334e-05
1.0830000e+03 8.8721233e-04
1.0840000e+03 0.0000000e+00
1.0850000e+03 0.0000000e+00
1.0860000e+03 1.7434591e-03
1.0870000e+03 8.5138820e-04
1.0880000e+03 8.4760777e-04
1.0890000e+03 -2.9972863e-05
1.0900000e+03 0.0000000e+00
1.0910000e+03 -3.1312537e-05
1.0920000e+03 1.7444986e-03
1.0930000e+03 1.6982903e-03
1.0940000e+03 8.5239168e-04
1.0950000e+03 2.8891105e-05
1.0960000e+03 1.7062710e-03
1.0970000e+03 3.7298512e-05
1.0980000e+03 2.8401634e-05
1.0990000e+03 0.0000000e+00
1.1000000e+03 1.7167184e-03
