3.0e+003    0.0001774
3.01e+003    0.0003547
3.02e+003    0.0005326
3.03e+003    0.001065
3.04e+003    0.001065
3.05e+003    0.0008874
3.06e+003    0.0005326
3.07e+003    0.00071
3.08e+003    0.0008874
3.09e+003    0.0003547
3.1e+003    0.00071
3.11e+003    0.00142
3.12e+003    0.0008874
3.13e+003    0
3.14e+003    0.0008874
3.15e+003    0.001065
3.16e+003    0.00071
3.17e+003    0.0008874
3.18e+003    0.0008874
3.19e+003    0.001065
3.2e+003    0.0003547
3.21e+003    0.00142
3.22e+003    0.00071
3.23e+003    0.0008874
3.24e+003    0.001242
3.25e+003    0.001065
3.26e+003    0.00071
3.27e+003    0.001065
3.28e+003    0.0005326
3.29e+003    0.001065
3.3e+003    0.001242
3.31e+003    0.001065
3.32e+003    0.001597
3.33e+003    0.002129
3.34e+003    0.00142
3.35e+003    0.002485
3.36e+003    0.002839
3.37e+003    0.003549
3.38e+003    0.004081
3.39e+003    0.005146
3.4e+003    0.005856
3.41e+003    0.007986
3.42e+003    0.009228
3.43e+003    0.01225
3.44e+003    0.01562
3.45e+003    0.0197
3.46e+003    0.02609
3.47e+003    0.03283
3.48e+003    0.04348
3.49e+003    0.05643
3.5e+003    0.07507
3.51e+003    0.09246
3.52e+003    0.1278
3.53e+003    0.1656
3.54e+003    0.2144
3.55e+003    0.2701
3.56e+003    0.3214
3.57e+003    0.3862
3.58e+003    0.4387
3.59e+003    0.4664
3.6e+003    0.5084
3.61e+003    0.5443
3.62e+003    0.5675
3.63e+003    0.5872
3.64e+003    0.5991
3.65e+003    0.6101
3.66e+003    0.6234
3.67e+003    0.6382
3.68e+003    0.6582
3.69e+003    0.6735
3.7e+003    0.7045
3.71e+003    0.7246
3.72e+003    0.7556
3.73e+003    0.7815
3.74e+003    0.8046
3.75e+003    0.8303
3.76e+003    0.8445
3.77e+003    0.8765
3.78e+003    0.8983
3.79e+003    0.9205
3.8e+003    0.9439
3.81e+003    0.9565
3.82e+003    0.9755
3.83e+003    0.9856
3.84e+003    0.9918
3.85e+003    0.9995
3.86e+003    1
3.87e+003    0.9945
3.88e+003    0.975
3.89e+003    0.9507
3.9e+003    0.9015
3.91e+003    0.8605
3.92e+003    0.7785
3.93e+003    0.7042
3.94e+003    0.647
3.95e+003    0.5517
3.96e+003    0.4823
3.97e+003    0.416
3.98e+003    0.3693
3.99e+003    0.2969
4.0e+003    0.2522
4.01e+003    0.2142
4.02e+003    0.1787
4.03e+003    0.1526
4.04e+003    0.1311
4.05e+003    0.1079
4.06e+003    0.09441
4.07e+003    0.07737
4.08e+003    0.06957
4.09e+003    0.05714
4.1e+003    0.05146
4.11e+003    0.04241
4.12e+003    0.03744
4.13e+003    0.0339
4.14e+003    0.0291
4.15e+003    0.02591
4.16e+003    0.02183
4.17e+003    0.01988
4.18e+003    0.01686
4.19e+003    0.01562
4.2e+003    0.01455
4.21e+003    0.01225
4.22e+003    0.01136
4.23e+003    0.01012
4.24e+003    0.01029
4.25e+003    0.007454
4.26e+003    0.007276
4.27e+003    0.006389
4.28e+003    0.004791
4.29e+003    0.003372
4.3e+003    0.00142
4.31e+003    0.001242
4.32e+003    0.0003547
4.33e+003    0.001242
4.34e+003    0.0003547
4.35e+003    0.00071
4.36e+003    0.0005326
4.37e+003    0.0008874
4.38e+003    0.0001774
4.39e+003    0.0005326
4.4e+003    0.0005326
4.41e+003    0.0001774
4.42e+003    0.0008874
4.43e+003    0.001597
4.44e+003    0.001775
4.45e+003    0.002307
4.46e+003    0.002485
4.47e+003    0.00142
4.48e+003    0.001775
4.49e+003    0.001597
