5.8823529e+03 1.8989290e-03
5.8830449e+03 1.7545180e-03
5.8837374e+03 1.6519190e-03
5.8844297e+03 1.6048870e-03
5.8851226e+03 1.6150990e-03
5.8858152e+03 1.6751901e-03
5.8865080e+03 1.7711450e-03
5.8872013e+03 1.8872940e-03
5.8878944e+03 2.0119890e-03
5.8885881e+03 2.1331189e-03
5.8892815e+03 2.2435689e-03
5.8899751e+03 2.3399920e-03
5.8906693e+03 2.4183739e-03
5.8913632e+03 2.4746701e-03
5.8920577e+03 2.5072061e-03
5.8927519e+03 2.5145679e-03
5.8934463e+03 2.4984200e-03
5.8941413e+03 2.4644590e-03
5.8948360e+03 2.4205160e-03
5.8955314e+03 2.3739629e-03
5.8962264e+03 2.3326301e-03
5.8969216e+03 2.3017570e-03
5.8976174e+03 2.2818029e-03
5.8983130e+03 2.2704070e-03
5.8990091e+03 2.2628061e-03
5.8997050e+03 2.2542579e-03
5.9004011e+03 2.2390559e-03
5.9010977e+03 2.2148280e-03
5.9017941e+03 2.1815740e-03
5.9024910e+03 2.1407199e-03
5.9031877e+03 2.0948839e-03
5.9038846e+03 2.0478531e-03
5.9045820e+03 2.0015391e-03
5.9052792e+03 1.9599770e-03
5.9059770e+03 1.9241041e-03
5.9066745e+03 1.8956020e-03
5.9073722e+03 1.8758870e-03
5.9080705e+03 1.8654370e-03
5.9087685e+03 1.8644900e-03
5.9094671e+03 1.8704280e-03
5.9101655e+03 1.8813560e-03
5.9108640e+03 1.8941771e-03
5.9115631e+03 1.9058230e-03
5.9122619e+03 1.9129460e-03
5.9129614e+03 1.9124680e-03
5.9136606e+03 1.9048670e-03
5.9143599e+03 1.8901430e-03
5.9150598e+03 1.8716130e-03
5.9157595e+03 1.8528540e-03
5.9164598e+03 1.8388380e-03
5.9171598e+03 1.8340860e-03
5.9178599e+03 1.8421650e-03
5.9185607e+03 1.8647290e-03
5.9192612e+03 1.9008321e-03
5.9199623e+03 1.9471460e-03
5.9206631e+03 1.9989291e-03
5.9213641e+03 2.0492780e-03
5.9220657e+03 2.0917959e-03
5.9227670e+03 2.1207661e-03
5.9234690e+03 2.1328800e-03
5.9241706e+03 2.1269419e-03
5.9248724e+03 2.1046170e-03
5.9255749e+03 2.0711340e-03
5.9262770e+03 2.0324120e-03
5.9269798e+03 1.9951230e-03
5.9276823e+03 1.9647190e-03
5.9283849e+03 1.9454820e-03
5.9290882e+03 1.9426330e-03
5.9297912e+03 1.9599770e-03
5.9304948e+03 1.9996359e-03
5.9311981e+03 2.0635331e-03
5.9319016e+03 2.1523561e-03
5.9326057e+03 2.2637520e-03
5.9333095e+03 2.3927221e-03
5.9340139e+03 2.5297699e-03
5.9347181e+03 2.6634920e-03
5.9354224e+03 2.7810649e-03
5.9361274e+03 2.8710831e-03
5.9368320e+03 2.9254761e-03
5.9375373e+03 2.9387751e-03
5.9382423e+03 2.9150259e-03
5.9389474e+03 2.8615789e-03
5.9396532e+03 2.7874811e-03
5.9403587e+03 2.7045859e-03
5.9410648e+03 2.6235939e-03
5.9417706e+03 2.5520960e-03
5.9424767e+03 2.4948530e-03
5.9431833e+03 2.4549549e-03
5.9438896e+03 2.4316730e-03
5.9445965e+03 2.4252681e-03
5.9453032e+03 2.4357180e-03
5.9460101e+03 2.4616099e-03
5.9467175e+03 2.5007911e-03
5.9474247e+03 2.5494860e-03
5.9481325e+03 2.6029220e-03
5.9488400e+03 2.6549441e-03
5.9495477e+03 2.6976920e-03
5.9502559e+03 2.7240620e-03
5.9509640e+03 2.7271500e-03
5.9516726e+03 2.7041079e-03
5.9523810e+03 2.6539881e-03
5.9530895e+03 2.5791731e-03
5.9537986e+03 2.4841640e-03
5.9545075e+03 2.3770509e-03
5.9552169e+03 2.2658941e-03
5.9559261e+03 2.1599571e-03
5.9566355e+03 2.0682749e-03
5.9573455e+03 1.9977340e-03
5.9580552e+03 1.9540300e-03
5.9587655e+03 1.9409690e-03
5.9594756e+03 1.9585430e-03
5.9601858e+03 2.0048660e-03
5.9608966e+03 2.0758761e-03
5.9616072e+03 2.1649480e-03
5.9623183e+03 2.2632841e-03
5.9630292e+03 2.3613709e-03
5.9637403e+03 2.4506811e-03
5.9644520e+03 2.5231261e-03
5.9651634e+03 2.5732350e-03
5.9658754e+03 2.5962780e-03
5.9665871e+03 2.5910470e-03
5.9672990e+03 2.5604139e-03
5.9680115e+03 2.5114799e-03
5.9687238e+03 2.4525840e-03
5.9694367e+03 2.3941461e-03
5.9701493e+03 2.3473641e-03
5.9708620e+03 2.3219511e-03
5.9715754e+03 2.3238440e-03
5.9722885e+03 2.3559120e-03
5.9730022e+03 2.4164810e-03
5.9737157e+03 2.5029329e-03
5.9744293e+03 2.6102939e-03
5.9751435e+03 2.7314241e-03
5.9758574e+03 2.8615789e-03
5.9765720e+03 2.9955390e-03
5.9772863e+03 3.1299780e-03
5.9780008e+03 3.2608409e-03
5.9787159e+03 3.3864931e-03
5.9794307e+03 3.5035880e-03
5.9801461e+03 3.6116571e-03
5.9808612e+03 3.7111780e-03
5.9815766e+03 3.8047519e-03
5.9822925e+03 3.8954869e-03
5.9830082e+03 3.9895400e-03
5.9837244e+03 4.0912032e-03
5.9844405e+03 4.2023500e-03
5.9851566e+03 4.3201619e-03
5.9858734e+03 4.4389209e-03
5.9865900e+03 4.5500780e-03
5.9873071e+03 4.6424670e-03
5.9880240e+03 4.7056470e-03
5.9887410e+03 4.7332020e-03
5.9894586e+03 4.7236979e-03
5.9901760e+03 4.6799942e-03
5.9908940e+03 4.6099308e-03
5.9916117e+03 4.5251432e-03
5.9923296e+03 4.4391602e-03
5.9930482e+03 4.3624421e-03
5.9937664e+03 4.3030572e-03
5.9944852e+03 4.2648232e-03
5.9952038e+03 4.2498601e-03
5.9959226e+03 4.2546121e-03
5.9966420e+03 4.2743268e-03
5.9973611e+03 4.3016332e-03
5.9980808e+03 4.3303738e-03
5.9988002e+03 4.3536550e-03
5.9995199e+03 4.3674330e-03
6.0002401e+03 4.3671941e-03
6.0009601e+03 4.3524699e-03
6.0016806e+03 4.3246751e-03
6.0024010e+03 4.2866701e-03
6.0031214e+03 4.2422591e-03
6.0038425e+03 4.1959449e-03
6.0045634e+03 4.1515240e-03
6.0052848e+03 4.1137571e-03
6.0060060e+03 4.0854951e-03
6.0067274e+03 4.0681609e-03
6.0074493e+03 4.0622228e-03
6.0081710e+03 4.0664971e-03
6.0088933e+03 4.0793181e-03
6.0096154e+03 4.0976088e-03
6.0103376e+03 4.1180411e-03
6.0110604e+03 4.1377558e-03
6.0117830e+03 4.1548512e-03
6.0125062e+03 4.1672038e-03
6.0132291e+03 4.1750441e-03
6.0139522e+03 4.1790791e-03
6.0146759e+03 4.1812211e-03
6.0153993e+03 4.1831140e-03
6.0161234e+03 4.1862018e-03
6.0168472e+03 4.1923779e-03
6.0175711e+03 4.1995011e-03
6.0182957e+03 4.2063948e-03
6.0190200e+03 4.2109080e-03
6.0197449e+03 4.2106691e-03
6.0204696e+03 4.2025899e-03
6.0211944e+03 4.1850158e-03
6.0219199e+03 4.1581779e-03
6.0226451e+03 4.1218372e-03
6.0233709e+03 4.0774252e-03
6.0240964e+03 4.0275450e-03
6.0248221e+03 3.9757621e-03
6.0255484e+03 3.9251740e-03
6.0262745e+03 3.8788610e-03
6.0270011e+03 3.8375279e-03
6.0277275e+03 3.8019030e-03
6.0284541e+03 3.7712699e-03
6.0291813e+03 3.7444220e-03
6.0299083e+03 3.7199650e-03
6.0306358e+03 3.6974009e-03
6.0313631e+03 3.6774459e-03
6.0320905e+03 3.6620051e-03
6.0328186e+03 3.6529789e-03
6.0335464e+03 3.6520329e-03
6.0342749e+03 3.6612980e-03
6.0350030e+03 3.6802960e-03
6.0357314e+03 3.7087970e-03
6.0364603e+03 3.7472709e-03
6.0371890e+03 3.7971509e-03
6.0379183e+03 3.8579600e-03
6.0386473e+03 3.9327759e-03
6.0393766e+03 4.0197051e-03
6.0401064e+03 4.1132891e-03
6.0408360e+03 4.2049699e-03
6.0415662e+03 4.2833518e-03
6.0422961e+03 4.3332232e-03
6.0430262e+03 4.3434440e-03
6.0437569e+03 4.3113758e-03
6.0444873e+03 4.2424980e-03
6.0452184e+03 4.1512852e-03
6.0459492e+03 4.0610381e-03
6.0466802e+03 3.9983261e-03
6.0474118e+03 3.9871689e-03
6.0481431e+03 4.0427470e-03
6.0488751e+03 4.1662580e-03
6.0496068e+03 4.3484252e-03
6.0503386e+03 4.5728809e-03
6.0510711e+03 4.8165750e-03
6.0518033e+03 5.0531351e-03
6.0525362e+03 5.2680881e-03
6.0532688e+03 5.4526362e-03
6.0540015e+03 5.6027449e-03
6.0547349e+03 5.7200789e-03
6.0554680e+03 5.8100969e-03
6.0562017e+03 5.8749402e-03
6.0569352e+03 5.9157950e-03
6.0576688e+03 5.9321830e-03
6.0584031e+03 5.9207762e-03
6.0591371e+03 5.8787358e-03
6.0598717e+03 5.8067702e-03
6.0606061e+03 5.7082041e-03
6.0613406e+03 5.5918172e-03
6.0620757e+03 5.4692631e-03
6.0628106e+03 5.3538322e-03
6.0635461e+03 5.2600089e-03
6.0642814e+03 5.2011129e-03
6.0650168e+03 5.1863790e-03
6.0657528e+03 5.2182078e-03
6.0664886e+03 5.2930228e-03
6.0672250e+03 5.4018088e-03
6.0679612e+03 5.5312570e-03
6.0686975e+03 5.6614121e-03
6.0694344e+03 5.7742330e-03
6.0701711e+03 5.8545079e-03
6.0709084e+03 5.8913282e-03
6.0716454e+03 5.8801612e-03
6.0723826e+03 5.8233961e-03
6.0731205e+03 5.7331398e-03
6.0738580e+03 5.6255488e-03
6.0745962e+03 5.5179582e-03
6.0753341e+03 5.4262760e-03
6.0760722e+03 5.3628581e-03
6.0768110e+03 5.3353021e-03
6.0775494e+03 5.3438498e-03
6.0782885e+03 5.3828121e-03
6.0790274e+03 5.4426640e-03
6.0797664e+03 5.5127279e-03
6.0805060e+03 5.5818451e-03
6.0812453e+03 5.6400341e-03
6.0819853e+03 5.6811268e-03
6.0827251e+03 5.7022669e-03
6.0834650e+03 5.7041701e-03
6.0842055e+03 5.6880112e-03
6.0849458e+03 5.6561921e-03
6.0856866e+03 5.6131962e-03
6.0864273e+03 5.5628470e-03
6.0871681e+03 5.5103572e-03
6.0879095e+03 5.4611838e-03
6.0886507e+03 5.4212851e-03
6.0893925e+03 5.3961109e-03
6.0901340e+03 5.3906422e-03
6.0908757e+03 5.4068002e-03
6.0916180e+03 5.4443278e-03
6.0923601e+03 5.5003748e-03
6.0931028e+03 5.5711558e-03
6.0938452e+03 5.6507229e-03
6.0945878e+03 5.7321931e-03
6.0953311e+03 5.8089108e-03
6.0960740e+03 5.8768429e-03
6.0968176e+03 5.9319441e-03
6.0975610e+03 5.9723202e-03
6.0983045e+03 5.9984508e-03
6.0990486e+03 6.0129361e-03
6.0997925e+03 6.0207760e-03
6.1005370e+03 6.0286159e-03
6.1012813e+03 6.0435790e-03
6.1020257e+03 6.0727880e-03
6.1027707e+03 6.1238538e-03
6.1035155e+03 6.2000938e-03
6.1042610e+03 6.2991371e-03
6.1050061e+03 6.4141001e-03
6.1057514e+03 6.5342830e-03
6.1064974e+03 6.6454411e-03
6.1072431e+03 6.7330771e-03
6.1079894e+03 6.7829578e-03
6.1087355e+03 6.7879488e-03
6.1094817e+03 6.7473329e-03
6.1102286e+03 6.6653951e-03
6.1109752e+03 6.5528131e-03
6.1117225e+03 6.4259749e-03
6.1124694e+03 6.3043670e-03
6.1132166e+03 6.2036598e-03
6.1139644e+03 6.1352602e-03
6.1147119e+03 6.1058030e-03
6.1154601e+03 6.1148279e-03
6.1162080e+03 6.1549661e-03
6.1169560e+03 6.2131640e-03
6.1177047e+03 6.2770508e-03
6.1184532e+03 6.3350112e-03
6.1192022e+03 6.3796612e-03
6.1199510e+03 6.4086411e-03
6.1207000e+03 6.4269211e-03
6.1214497e+03 6.4456901e-03
6.1221990e+03 6.4772801e-03
6.1229490e+03 6.5347608e-03
6.1236987e+03 6.6269110e-03
6.1244486e+03 6.7587299e-03
6.1251992e+03 6.9285538e-03
6.1259494e+03 7.1271192e-03
6.1267003e+03 7.3408862e-03
6.1274510e+03 7.5553609e-03
6.1282018e+03 7.7546332e-03
6.1289533e+03 7.9249348e-03
6.1297045e+03 8.0539053e-03
6.1304563e+03 8.1363209e-03
6.1312078e+03 8.1714783e-03
6.1319596e+03 8.1626913e-03
6.1327120e+03 8.1170853e-03
6.1334641e+03 8.0434550e-03
6.1342168e+03 7.9522505e-03
6.1349693e+03 7.8539150e-03
6.1357220e+03 7.7574821e-03
6.1364753e+03 7.6703131e-03
6.1372283e+03 7.5983470e-03
6.1379820e+03 7.5451490e-03
6.1387354e+03 7.5133201e-03
6.1394890e+03 7.5026308e-03
6.1402432e+03 7.5126030e-03
6.1409972e+03 7.5403969e-03
6.1417518e+03 7.5826771e-03
6.1425061e+03 7.6354062e-03
6.1432607e+03 7.6950188e-03
6.1440158e+03 7.7570141e-03
6.1447707e+03 7.8187687e-03
6.1455262e+03 7.8783818e-03
6.1462815e+03 7.9341996e-03
6.1470369e+03 7.9866899e-03
6.1477930e+03 8.0349073e-03
6.1485489e+03 8.0795567e-03
6.1493053e+03 8.1201727e-03
6.1500615e+03 8.1569832e-03
6.1508179e+03 8.1921387e-03
6.1515749e+03 8.2282424e-03
6.1523316e+03 8.2714669e-03
6.1530890e+03 8.3294269e-03
6.1538462e+03 8.4108869e-03
6.1546035e+03 8.5230013e-03
6.1553614e+03 8.6716861e-03
6.1561191e+03 8.8583659e-03
6.1568774e+03 9.0792561e-03
6.1576355e+03 9.3260370e-03
6.1583937e+03 9.5865969e-03
6.1591526e+03 9.8473849e-03
6.1599112e+03 1.0092503e-02
6.1606705e+03 1.0307456e-02
6.1614295e+03 1.0482500e-02
6.1621886e+03 1.0612426e-02
6.1629484e+03 1.0695550e-02
6.1637080e+03 1.0735926e-02
6.1644682e+03 1.0742342e-02
6.1652281e+03 1.0726901e-02
6.1659882e+03 1.0701726e-02
6.1667490e+03 1.0677498e-02
6.1675095e+03 1.0663492e-02
6.1682706e+03 1.0667287e-02
6.1690315e+03 1.0693647e-02
6.1697925e+03 1.0743527e-02
6.1705542e+03 1.0816689e-02
6.1713156e+03 1.0911220e-02
6.1720777e+03 1.1025694e-02
6.1728395e+03 1.1157991e-02
6.1736015e+03 1.1303827e-02
6.1743641e+03 1.1461537e-02
6.1751265e+03 1.1628273e-02
6.1758895e+03 1.1802132e-02
6.1766523e+03 1.1982885e-02
6.1774152e+03 1.2172185e-02
6.1781788e+03 1.2372174e-02
6.1789421e+03 1.2589498e-02
6.1797060e+03 1.2826776e-02
6.1804697e+03 1.3083290e-02
6.1812336e+03 1.3354778e-02
6.1819981e+03 1.3631954e-02
6.1827624e+03 1.3900344e-02
6.1835273e+03 1.4142134e-02
6.1842919e+03 1.4343309e-02
6.1850567e+03 1.4492472e-02
6.1858222e+03 1.4583914e-02
6.1865874e+03 1.4620256e-02
6.1873532e+03 1.4611948e-02
6.1881188e+03 1.4573225e-02
6.1888846e+03 1.4520734e-02
6.1896510e+03 1.4469908e-02
6.1904171e+03 1.4433098e-02
6.1911839e+03 1.4420745e-02
6.1919505e+03 1.4439035e-02
6.1927172e+03 1.4489862e-02
6.1934845e+03 1.4574649e-02
6.1942516e+03 1.4692701e-02
6.1950194e+03 1.4842571e-02
6.1957869e+03 1.5020703e-02
6.1965545e+03 1.5223074e-02
6.1973229e+03 1.5443008e-02
6.1980909e+03 1.5675064e-02
6.1988596e+03 1.5913051e-02
6.1996280e+03 1.6150568e-02
6.2003966e+03 1.6382625e-02
6.2011659e+03 1.6605886e-02
6.2019349e+03 1.6820122e-02
6.2027046e+03 1.7025102e-02
6.2034739e+03 1.7222242e-02
6.2042435e+03 1.7414629e-02
6.2050137e+03 1.7604399e-02
6.2057837e+03 1.7797027e-02
6.2065543e+03 1.7996298e-02
6.2073246e+03 1.8206030e-02
6.2080952e+03 1.8430239e-02
6.2088664e+03 1.8671790e-02
6.2096373e+03 1.8932348e-02
6.2104088e+03 1.9210003e-02
6.2111801e+03 1.9501435e-02
6.2119516e+03 1.9801185e-02
6.2127238e+03 2.0102588e-02
6.2134956e+03 2.0399719e-02
6.2142681e+03 2.0684974e-02
6.2150404e+03 2.0953365e-02
6.2158128e+03 2.1204898e-02
6.2165859e+03 2.1440990e-02
6.2173588e+03 2.1665437e-02
6.2181323e+03 2.1883717e-02
6.2189055e+03 2.2100572e-02
6.2196789e+03 2.2322647e-02
6.2204529e+03 2.2554455e-02
6.2212267e+03 2.2797441e-02
6.2220012e+03 2.3050390e-02
6.2227754e+03 2.3309754e-02
6.2235497e+03 2.3572216e-02
6.2243248e+03 2.3833951e-02
6.2250995e+03 2.4091423e-02
6.2258749e+03 2.4342954e-02
6.2266501e+03 2.4588540e-02
6.2274254e+03 2.4832236e-02
6.2282014e+03 2.5079964e-02
6.2289771e+03 2.5338141e-02
6.2297535e+03 2.5611522e-02
6.2305296e+03 2.5904616e-02
6.2313059e+03 2.6220277e-02
6.2320829e+03 2.6558490e-02
6.2328595e+03 2.6914766e-02
6.2336369e+03 2.7282208e-02
6.2344140e+03 2.7652970e-02
6.2351912e+03 2.8020879e-02
6.2359692e+03 2.8379288e-02
6.2367468e+03 2.8721785e-02
6.2375251e+03 2.9046709e-02
6.2383032e+03 2.9354997e-02
6.2390814e+03 2.9652137e-02
6.2398603e+03 2.9945940e-02
6.2406389e+03 3.0244973e-02
6.2414182e+03 3.0559914e-02
6.2421973e+03 3.0900748e-02
6.2429765e+03 3.1276260e-02
6.2437563e+03 3.1691205e-02
6.2445359e+03 3.2146990e-02
6.2453162e+03 3.2641977e-02
6.2460962e+03 3.3170685e-02
6.2468764e+03 3.3725519e-02
6.2476572e+03 3.4294613e-02
6.2484378e+03 3.4867257e-02
6.2492190e+03 3.5433732e-02
6.2500000e+03 3.5985950e-02
6.2507812e+03 3.6519654e-02
6.2515630e+03 3.7031736e-02
6.2523445e+03 3.7522919e-02
6.2531268e+03 3.7997473e-02
6.2539087e+03 3.8462058e-02
6.2546908e+03 3.8924497e-02
6.2554736e+03 3.9391693e-02
6.2562562e+03 3.9868377e-02
6.2570394e+03 4.0359560e-02
6.2578223e+03 4.0867850e-02
6.2586054e+03 4.1393708e-02
6.2593892e+03 4.1935001e-02
6.2601727e+03 4.2486992e-02
6.2609569e+03 4.3047052e-02
6.2617408e+03 4.3613289e-02
6.2625249e+03 4.4182375e-02
6.2633096e+03 4.4750985e-02
6.2640941e+03 4.5317460e-02
6.2648793e+03 4.5881566e-02
6.2656642e+03 4.6444472e-02
6.2664492e+03 4.7005959e-02
6.2672350e+03 4.7564834e-02
6.2680205e+03 4.8121806e-02
6.2688066e+03 4.8677593e-02
6.2695925e+03 4.9235519e-02
6.2703785e+03 4.9795579e-02
6.2711653e+03 5.0360154e-02
6.2719517e+03 5.0933514e-02
6.2727389e+03 5.1520891e-02
6.2735257e+03 5.2129406e-02
6.2743128e+03 5.2762378e-02
6.2751005e+03 5.3423386e-02
6.2758879e+03 5.4114319e-02
6.2766761e+03 5.4836135e-02
6.2774639e+03 5.5589050e-02
6.2782519e+03 5.6367151e-02
6.2790407e+03 5.7166632e-02
6.2798291e+03 5.7982739e-02
6.2806182e+03 5.8812134e-02
6.2814070e+03 5.9651993e-02
6.2821961e+03 6.0497306e-02
6.2829858e+03 6.1346907e-02
6.2837752e+03 6.2201954e-02
6.2845653e+03 6.3064374e-02
6.2853551e+03 6.3936301e-02
6.2861451e+03 6.4817004e-02
6.2869358e+03 6.5707684e-02
6.2877263e+03 6.6609055e-02
6.2885174e+03 6.7524672e-02
6.2893082e+03 6.8452887e-02
6.2900992e+03 6.9391310e-02
6.2908909e+03 7.0338286e-02
6.2916823e+03 7.1294054e-02
6.2924744e+03 7.2260022e-02
6.2932662e+03 7.3232889e-02
6.2940582e+03 7.4210972e-02
6.2948509e+03 7.5194761e-02
6.2956433e+03 7.6185919e-02
6.2964364e+03 7.7186324e-02
6.2972292e+03 7.8194343e-02
6.2980222e+03 7.9209015e-02
6.2988159e+03 8.0231279e-02
6.2996093e+03 8.1262566e-02
6.3004034e+03 8.2304075e-02
6.3011972e+03 8.3353177e-02
6.3019912e+03 8.4407039e-02
6.3027859e+03 8.5465886e-02
6.3035803e+03 8.6531848e-02
6.3043754e+03 8.7604471e-02
6.3051702e+03 8.8681363e-02
6.3059652e+03 8.9763246e-02
6.3067609e+03 9.0852968e-02
6.3075564e+03 9.1956466e-02
6.3083525e+03 9.3078487e-02
6.3091483e+03 9.4223313e-02
6.3099443e+03 9.5397346e-02
6.3107410e+03 9.6608922e-02
6.3115374e+03 9.7867981e-02
6.3123345e+03 9.9173129e-02
6.3131313e+03 1.0052150e-01
6.3139283e+03 1.0190884e-01
6.3147260e+03 1.0332990e-01
6.3155235e+03 1.0478016e-01
6.3163216e+03 1.0624753e-01
6.3171194e+03 1.0772298e-01
6.3179174e+03 1.0920032e-01
6.3187161e+03 1.1067720e-01
6.3195146e+03 1.1215644e-01
6.3203137e+03 1.1363948e-01
6.3211125e+03 1.1513251e-01
6.3219116e+03 1.1664524e-01
6.3227113e+03 1.1818861e-01
6.3235107e+03 1.1977071e-01
6.3243108e+03 1.2139104e-01
6.3251107e+03 1.2304700e-01
6.3259107e+03 1.2473383e-01
6.3267115e+03 1.2644728e-01
6.3275119e+03 1.2818255e-01
6.3283131e+03 1.2993494e-01
6.3291139e+03 1.3169944e-01
6.3299150e+03 1.3348295e-01
6.3307167e+03 1.3528949e-01
6.3315182e+03 1.3711005e-01
6.3323204e+03 1.3893180e-01
6.3331222e+03 1.4073999e-01
6.3339243e+03 1.4251043e-01
6.3347271e+03 1.4423598e-01
6.3355296e+03 1.4591521e-01
6.3363327e+03 1.4756525e-01
6.3371356e+03 1.4922523e-01
6.3379387e+03 1.5095434e-01
6.3387425e+03 1.5282312e-01
6.3395460e+03 1.5488333e-01
6.3403502e+03 1.5716466e-01
6.3411541e+03 1.5967283e-01
6.3419582e+03 1.6238715e-01
6.3427630e+03 1.6526131e-01
6.3435675e+03 1.6820960e-01
6.3443727e+03 1.7114149e-01
6.3451777e+03 1.7398480e-01
6.3459828e+03 1.7668509e-01
6.3467886e+03 1.7921013e-01
6.3475942e+03 1.8154752e-01
6.3484004e+03 1.8371983e-01
6.3492063e+03 1.8577838e-01
6.3500125e+03 1.8778682e-01
6.3508194e+03 1.8980213e-01
6.3516259e+03 1.9187088e-01
6.3524332e+03 1.9403180e-01
6.3532402e+03 1.9631030e-01
6.3540473e+03 1.9871134e-01
6.3548552e+03 2.0122615e-01
6.3556628e+03 2.0383479e-01
6.3564711e+03 2.0651609e-01
6.3572791e+03 2.0926034e-01
6.3580873e+03 2.1205734e-01
6.3588962e+03 2.1487640e-01
6.3597048e+03 2.1769595e-01
6.3605141e+03 2.2049458e-01
6.3613232e+03 2.2325261e-01
6.3621324e+03 2.2597548e-01
6.3629423e+03 2.2867271e-01
6.3637520e+03 2.3138633e-01
6.3645623e+03 2.3418520e-01
6.3653724e+03 2.3715249e-01
6.3661826e+03 2.4037036e-01
6.3669936e+03 2.4389485e-01
6.3678043e+03 2.4775328e-01
6.3686157e+03 2.5192288e-01
6.3694268e+03 2.5635111e-01
6.3702380e+03 2.6095557e-01
6.3710500e+03 2.6562893e-01
6.3718618e+03 2.7025858e-01
6.3726742e+03 2.7476496e-01
6.3734863e+03 2.7910462e-01
6.3742986e+03 2.8325802e-01
6.3751117e+03 2.8723142e-01
6.3759244e+03 2.9105827e-01
6.3767379e+03 2.9479107e-01
6.3775510e+03 2.9849440e-01
6.3783644e+03 3.0220228e-01
6.3791785e+03 3.0594027e-01
6.3799922e+03 3.0973220e-01
6.3808067e+03 3.1359896e-01
6.3816209e+03 3.1756428e-01
6.3824353e+03 3.2163244e-01
6.3832505e+03 3.2581368e-01
6.3840653e+03 3.3013549e-01
6.3848808e+03 3.3463761e-01
6.3856960e+03 3.3935893e-01
6.3865115e+03 3.4429878e-01
6.3873276e+03 3.4944549e-01
6.3881435e+03 3.5477439e-01
6.3889601e+03 3.6025104e-01
6.3897764e+03 3.6582860e-01
6.3905928e+03 3.7143657e-01
6.3914100e+03 3.7701106e-01
6.3922270e+03 3.8251883e-01
6.3930446e+03 3.8794249e-01
6.3938619e+03 3.9327732e-01
6.3946794e+03 3.9852688e-01
6.3954977e+03 4.0370068e-01
6.3963156e+03 4.0882388e-01
6.3971343e+03 4.1390982e-01
6.3979527e+03 4.1894132e-01
6.3987712e+03 4.2388830e-01
6.3995905e+03 4.2872009e-01
6.4004095e+03 4.3340340e-01
6.4012292e+03 4.3794423e-01
6.4020487e+03 4.4236699e-01
6.4028683e+03 4.4673777e-01
6.4036886e+03 4.5116410e-01
6.4045087e+03 4.5578828e-01
6.4053294e+03 4.6078610e-01
6.4061499e+03 4.6626866e-01
6.4069706e+03 4.7233528e-01
6.4077920e+03 4.7901395e-01
6.4086131e+03 4.8628813e-01
6.4094349e+03 4.9413231e-01
6.4102564e+03 5.0248098e-01
6.4110781e+03 5.1128376e-01
6.4119006e+03 5.2053094e-01
6.4127227e+03 5.3021586e-01
6.4135456e+03 5.4031408e-01
6.4143682e+03 5.5076355e-01
6.4151910e+03 5.6145531e-01
6.4160145e+03 5.7218844e-01
6.4168377e+03 5.8274359e-01
6.4176616e+03 5.9289575e-01
6.4184852e+03 6.0243410e-01
6.4193091e+03 6.1118442e-01
6.4201336e+03 6.1910415e-01
6.4209579e+03 6.2623006e-01
6.4217829e+03 6.3265389e-01
6.4226076e+03 6.3851482e-01
6.4234325e+03 6.4397889e-01
6.4242581e+03 6.4919877e-01
6.4250834e+03 6.5435857e-01
6.4259095e+03 6.5964538e-01
6.4267352e+03 6.6523057e-01
6.4275612e+03 6.7129719e-01
6.4283879e+03 6.7803001e-01
6.4292142e+03 6.8555123e-01
6.4300414e+03 6.9390249e-01
6.4308682e+03 7.0301926e-01
6.4316952e+03 7.1271747e-01
6.4325229e+03 7.2273970e-01
6.4333504e+03 7.3279756e-01
6.4341786e+03 7.4259549e-01
6.4350064e+03 7.5189042e-01
6.4358345e+03 7.6057357e-01
6.4366633e+03 7.6862127e-01
6.4374919e+03 7.7608424e-01
6.4383211e+03 7.8307623e-01
6.4391500e+03 7.8975987e-01
6.4399792e+03 7.9624313e-01
6.4408091e+03 8.0260688e-01
6.4416387e+03 8.0892074e-01
6.4424690e+03 8.1523389e-01
6.4432990e+03 8.2157058e-01
6.4441292e+03 8.2797021e-01
6.4449601e+03 8.3444226e-01
6.4457908e+03 8.4103876e-01
6.4466222e+03 8.4779990e-01
6.4474533e+03 8.5473937e-01
6.4482846e+03 8.6183560e-01
6.4491166e+03 8.6902499e-01
6.4499483e+03 8.7624615e-01
6.4507807e+03 8.8341653e-01
6.4516129e+03 8.9043534e-01
6.4524453e+03 8.9719504e-01
6.4532784e+03 9.0359509e-01
6.4541112e+03 9.0959996e-01
6.4549447e+03 9.1520011e-01
6.4557779e+03 9.2041498e-01
6.4566114e+03 9.2527884e-01
6.4574455e+03 9.2984152e-01
6.4582794e+03 9.3418688e-01
6.4591140e+03 9.3838090e-01
6.4599483e+03 9.4245523e-01
6.4607828e+03 9.4641179e-01
6.4616181e+03 9.5025975e-01
6.4624530e+03 9.5402151e-01
6.4632887e+03 9.5769495e-01
6.4641241e+03 9.6128047e-01
6.4649597e+03 9.6475434e-01
6.4657960e+03 9.6813065e-01
6.4666321e+03 9.7142714e-01
6.4674688e+03 9.7463882e-01
6.4683053e+03 9.7772461e-01
6.4691420e+03 9.8061776e-01
6.4699794e+03 9.8329127e-01
6.4708165e+03 9.8571748e-01
6.4716544e+03 9.8787367e-01
6.4724919e+03 9.8974669e-01
6.4733297e+03 9.9132901e-01
6.4741682e+03 9.9268878e-01
6.4750064e+03 9.9388278e-01
6.4758453e+03 9.9496084e-01
6.4766839e+03 9.9595606e-01
6.4775228e+03 9.9687856e-01
6.4783624e+03 9.9774718e-01
6.4792017e+03 9.9854094e-01
6.4800417e+03 9.9921167e-01
6.4808814e+03 9.9969929e-01
6.4817213e+03 9.9996036e-01
6.4825620e+03 1.0000000e+00
6.4834024e+03 9.9983281e-01
6.4842435e+03 9.9950528e-01
6.4850843e+03 9.9905372e-01
6.4859253e+03 9.9853361e-01
6.4867671e+03 9.9800181e-01
6.4876086e+03 9.9747026e-01
6.4884508e+03 9.9689209e-01
6.4892927e+03 9.9616247e-01
6.4901348e+03 9.9517989e-01
6.4909776e+03 9.9384052e-01
6.4918202e+03 9.9204612e-01
6.4926635e+03 9.8972583e-01
6.4935065e+03 9.8686182e-01
6.4943497e+03 9.8353946e-01
6.4951937e+03 9.7989196e-01
6.4960373e+03 9.7608554e-01
6.4968817e+03 9.7230095e-01
6.4977258e+03 9.6871853e-01
6.4985701e+03 9.6549970e-01
6.4994152e+03 9.6273339e-01
6.5002599e+03 9.6043086e-01
6.5011054e+03 9.5854479e-01
6.5019506e+03 9.5698452e-01
6.5027960e+03 9.5563591e-01
6.5036421e+03 9.5437777e-01
6.5044880e+03 9.5311683e-01
6.5053346e+03 9.5179033e-01
6.5061809e+03 9.5036972e-01
6.5070274e+03 9.4886291e-01
6.5078746e+03 9.4730604e-01
6.5087216e+03 9.4572014e-01
6.5095693e+03 9.4411856e-01
6.5104167e+03 9.4250131e-01
6.5112643e+03 9.4084990e-01
6.5121126e+03 9.3912411e-01
6.5129607e+03 9.3727458e-01
6.5138095e+03 9.3523902e-01
6.5146580e+03 9.3297410e-01
6.5155067e+03 9.3045193e-01
6.5163562e+03 9.2766160e-01
6.5172053e+03 9.2461592e-01
6.5180552e+03 9.2136174e-01
6.5189048e+03 9.1797692e-01
6.5197546e+03 9.1455120e-01
6.5206052e+03 9.1118276e-01
6.5214555e+03 9.0796798e-01
6.5223065e+03 9.0498930e-01
6.5231572e+03 9.0229827e-01
6.5240081e+03 8.9990747e-01
6.5248598e+03 8.9779401e-01
6.5257112e+03 8.9591193e-01
6.5265633e+03 8.9420307e-01
6.5274151e+03 8.9259744e-01
6.5282672e+03 8.9103699e-01
6.5291200e+03 8.8949263e-01
6.5299725e+03 8.8795900e-01
6.5308257e+03 8.8644248e-01
6.5316786e+03 8.8495278e-01
6.5325318e+03 8.8351458e-01
6.5333857e+03 8.8213772e-01
6.5342393e+03 8.8082808e-01
6.5350937e+03 8.7957680e-01
6.5359477e+03 8.7836480e-01
6.5368020e+03 8.7716913e-01
6.5376570e+03 8.7596756e-01
6.5385117e+03 8.7473720e-01
6.5393672e+03 8.7346601e-01
6.5402224e+03 8.7214875e-01
6.5410778e+03 8.7078565e-01
6.5419339e+03 8.6938030e-01
6.5427897e+03 8.6794621e-01
6.5436463e+03 8.6650115e-01
6.5445026e+03 8.6506248e-01
6.5453591e+03 8.6364931e-01
6.5462164e+03 8.6227691e-01
6.5470734e+03 8.6095256e-01
6.5479311e+03 8.5966831e-01
6.5487885e+03 8.5840589e-01
6.5496461e+03 8.5713875e-01
6.5505045e+03 8.5584241e-01
6.5513626e+03 8.5449713e-01
6.5522214e+03 8.5309029e-01
6.5530799e+03 8.5162842e-01
6.5539387e+03 8.5014176e-01
6.5547982e+03 8.4867322e-01
6.5556574e+03 8.4726739e-01
6.5565174e+03 8.4596723e-01
6.5573770e+03 8.4481007e-01
6.5582369e+03 8.4380656e-01
6.5590976e+03 8.4294909e-01
6.5599579e+03 8.4221923e-01
6.5608190e+03 8.4158719e-01
6.5616798e+03 8.4101480e-01
6.5625408e+03 8.4046185e-01
6.5634026e+03 8.3987874e-01
6.5642640e+03 8.3923316e-01
6.5651263e+03 8.3849168e-01
6.5659882e+03 8.3762020e-01
6.5668503e+03 8.3658534e-01
6.5677132e+03 8.3535385e-01
6.5685758e+03 8.3390689e-01
6.5694392e+03 8.3223552e-01
6.5703022e+03 8.3033919e-01
6.5711655e+03 8.2822859e-01
6.5720295e+03 8.2592946e-01
6.5728933e+03 8.2349324e-01
6.5737578e+03 8.2098794e-01
6.5746220e+03 8.1848001e-01
6.5754864e+03 8.1603456e-01
6.5763515e+03 8.1371665e-01
6.5772164e+03 8.1159043e-01
6.5780820e+03 8.0969858e-01
6.5789474e+03 8.0804861e-01
6.5798129e+03 8.0661184e-01
6.5806792e+03 8.0535233e-01
6.5815452e+03 8.0421889e-01
6.5824120e+03 8.0313700e-01
6.5832785e+03 8.0201691e-01
6.5841452e+03 8.0075616e-01
6.5850126e+03 7.9927266e-01
6.5858798e+03 7.9749531e-01
6.5867477e+03 7.9536265e-01
6.5876153e+03 7.9282314e-01
6.5884831e+03 7.8985679e-01
6.5893517e+03 7.8651214e-01
6.5902200e+03 7.8285843e-01
6.5910891e+03 7.7899069e-01
6.5919578e+03 7.7501589e-01
6.5928268e+03 7.7103156e-01
6.5936965e+03 7.6713800e-01
6.5945660e+03 7.6338452e-01
6.5954362e+03 7.5976765e-01
6.5963061e+03 7.5624979e-01
6.5971762e+03 7.5277710e-01
6.5980471e+03 7.4931151e-01
6.5989177e+03 7.4580789e-01
6.5997890e+03 7.4225682e-01
6.6006601e+03 7.3865372e-01
6.6015313e+03 7.3501498e-01
6.6024034e+03 7.3137361e-01
6.6032751e+03 7.2774440e-01
6.6041476e+03 7.2408569e-01
6.6050198e+03 7.2032511e-01
6.6058922e+03 7.1638781e-01
6.6067654e+03 7.1219689e-01
6.6076383e+03 7.0767671e-01
6.6085120e+03 7.0277178e-01
6.6093853e+03 6.9746214e-01
6.6102589e+03 6.9180238e-01
6.6111333e+03 6.8587995e-01
6.6120073e+03 6.7980617e-01
6.6128821e+03 6.7370629e-01
6.6137566e+03 6.6769952e-01
6.6146314e+03 6.6189229e-01
6.6155069e+03 6.5633535e-01
6.6163821e+03 6.5102905e-01
6.6172580e+03 6.4592743e-01
6.6181337e+03 6.4094937e-01
6.6190096e+03 6.3600099e-01
6.6198862e+03 6.3098913e-01
6.6207626e+03 6.2584835e-01
6.6216397e+03 6.2053967e-01
6.6225166e+03 6.1505806e-01
6.6233936e+03 6.0944247e-01
6.6242714e+03 6.0374922e-01
6.6251490e+03 5.9803796e-01
6.6260272e+03 5.9233421e-01
6.6269052e+03 5.8664525e-01
6.6277835e+03 5.8094800e-01
6.6286624e+03 5.7516521e-01
6.6295411e+03 5.6919926e-01
6.6304206e+03 5.6291556e-01
6.6312997e+03 5.5619198e-01
6.6321791e+03 5.4892474e-01
6.6330593e+03 5.4103994e-01
6.6339391e+03 5.3250909e-01
6.6348197e+03 5.2339017e-01
6.6357001e+03 5.1382446e-01
6.6365806e+03 5.0401032e-01
6.6374619e+03 4.9418479e-01
6.6383430e+03 4.8460367e-01
6.6392248e+03 4.7552130e-01
6.6401062e+03 4.6713272e-01
6.6409880e+03 4.5954743e-01
6.6418705e+03 4.5278040e-01
6.6427526e+03 4.4677314e-01
6.6436356e+03 4.4141313e-01
6.6445183e+03 4.3653077e-01
6.6454012e+03 4.3194959e-01
6.6462848e+03 4.2752632e-01
6.6471682e+03 4.2315438e-01
6.6480523e+03 4.1875371e-01
6.6489362e+03 4.1426489e-01
6.6498202e+03 4.0967062e-01
6.6507051e+03 4.0493268e-01
6.6515896e+03 4.0003866e-01
6.6524749e+03 3.9496794e-01
6.6533599e+03 3.8969940e-01
6.6542452e+03 3.8422918e-01
6.6551312e+03 3.7858224e-01
6.6560169e+03 3.7280467e-01
6.6569034e+03 3.6695585e-01
6.6577896e+03 3.6110348e-01
6.6586760e+03 3.5531878e-01
6.6595632e+03 3.4967685e-01
6.6604501e+03 3.4423631e-01
6.6613378e+03 3.3901858e-01
6.6622252e+03 3.3401248e-01
6.6631128e+03 3.2919091e-01
6.6640012e+03 3.2451186e-01
6.6648893e+03 3.1991616e-01
6.6657781e+03 3.1530529e-01
6.6666667e+03 3.1060746e-01
6.6675555e+03 3.0577141e-01
6.6684450e+03 3.0078191e-01
6.6693343e+03 2.9566252e-01
6.6702243e+03 2.9046568e-01
6.6711141e+03 2.8528830e-01
6.6720041e+03 2.8026369e-01
6.6728948e+03 2.7550766e-01
6.6737853e+03 2.7109179e-01
6.6746765e+03 2.6702860e-01
6.6755674e+03 2.6327372e-01
6.6764586e+03 2.5970528e-01
6.6773505e+03 2.5618127e-01
6.6782422e+03 2.5254989e-01
6.6791346e+03 2.4868055e-01
6.6800267e+03 2.4448840e-01
6.6809191e+03 2.3996989e-01
6.6818122e+03 2.3520748e-01
6.6827051e+03 2.3031656e-01
6.6835987e+03 2.2544061e-01
6.6844920e+03 2.2072355e-01
6.6853855e+03 2.1628129e-01
6.6862799e+03 2.1220767e-01
6.6871739e+03 2.0851430e-01
6.6880687e+03 2.0516962e-01
6.6889632e+03 2.0212063e-01
6.6898580e+03 1.9930036e-01
6.6907535e+03 1.9663353e-01
6.6916487e+03 1.9403370e-01
6.6925447e+03 1.9144669e-01
6.6934404e+03 1.8884020e-01
6.6943364e+03 1.8620947e-01
6.6952331e+03 1.8356378e-01
6.6961295e+03 1.8090837e-01
6.6970267e+03 1.7826529e-01
6.6979236e+03 1.7565501e-01
6.6988208e+03 1.7309316e-01
6.6997187e+03 1.7057858e-01
6.7006163e+03 1.6809559e-01
6.7015148e+03 1.6562140e-01
6.7024129e+03 1.6313840e-01
6.7033112e+03 1.6063239e-01
6.7042104e+03 1.5808716e-01
6.7051092e+03 1.5549326e-01
6.7060088e+03 1.5285543e-01
6.7069081e+03 1.5019263e-01
6.7078077e+03 1.4754219e-01
6.7087080e+03 1.4493237e-01
6.7096080e+03 1.4239357e-01
6.7105089e+03 1.3995858e-01
6.7114094e+03 1.3765989e-01
6.7123102e+03 1.3552083e-01
6.7132117e+03 1.3353473e-01
6.7141130e+03 1.3167901e-01
6.7150150e+03 1.2991998e-01
6.7159167e+03 1.2821747e-01
6.7168187e+03 1.2652731e-01
6.7177215e+03 1.2479203e-01
6.7186239e+03 1.2297384e-01
6.7195272e+03 1.2106041e-01
6.7204301e+03 1.1906102e-01
6.7213333e+03 1.1699914e-01
6.7222373e+03 1.1490378e-01
6.7231409e+03 1.1282315e-01
6.7240454e+03 1.1080878e-01
6.7249496e+03 1.0890652e-01
6.7258540e+03 1.0714582e-01
6.7267592e+03 1.0553997e-01
6.7276640e+03 1.0408995e-01
6.7285697e+03 1.0278147e-01
6.7294751e+03 1.0158961e-01
6.7303807e+03 1.0047828e-01
6.7312871e+03 9.9410884e-02
6.7321932e+03 9.8354176e-02
6.7331001e+03 9.7283937e-02
6.7340067e+03 9.6185900e-02
6.7349136e+03 9.5046781e-02
6.7358212e+03 9.3863711e-02
6.7367285e+03 9.2640273e-02
6.7376367e+03 9.1384530e-02
6.7385445e+03 9.0109788e-02
6.7394525e+03 8.8823877e-02
6.7403614e+03 8.7537020e-02
6.7412699e+03 8.6262032e-02
6.7421793e+03 8.5013174e-02
6.7430883e+03 8.3801135e-02
6.7439976e+03 8.2630657e-02
6.7449077e+03 8.1502222e-02
6.7458175e+03 8.0417491e-02
6.7467281e+03 7.9375990e-02
6.7476383e+03 7.8371532e-02
6.7485488e+03 7.7393681e-02
6.7494602e+03 7.6431744e-02
6.7503712e+03 7.5478829e-02
6.7512830e+03 7.4531861e-02
6.7521945e+03 7.3585123e-02
6.7531062e+03 7.2634824e-02
6.7540188e+03 7.1680486e-02
6.7549310e+03 7.0724487e-02
6.7558440e+03 6.9773711e-02
6.7567568e+03 6.8830781e-02
6.7576697e+03 6.7900188e-02
6.7585835e+03 6.6988364e-02
6.7594970e+03 6.6104099e-02
6.7604113e+03 6.5256640e-02
6.7613252e+03 6.4448848e-02
6.7622394e+03 6.3681915e-02
6.7631544e+03 6.2955596e-02
6.7640692e+03 6.2269181e-02
6.7649847e+03 6.1617907e-02
6.7658999e+03 6.0988020e-02
6.7668153e+03 6.0365729e-02
6.7677316e+03 5.9735835e-02
6.7686475e+03 5.9086233e-02
6.7695643e+03 5.8409076e-02
6.7704807e+03 5.7697713e-02
6.7713974e+03 5.6956910e-02
6.7723149e+03 5.6199711e-02
6.7732321e+03 5.5445597e-02
6.7741501e+03 5.4712385e-02
6.7750678e+03 5.4015994e-02
6.7759857e+03 5.3370189e-02
6.7769044e+03 5.2782811e-02
6.7778229e+03 5.2252438e-02
6.7787421e+03 5.1772416e-02
6.7796610e+03 5.1329687e-02
6.7805802e+03 5.0909046e-02
6.7815002e+03 5.0498150e-02
6.7824199e+03 5.0081544e-02
6.7833403e+03 4.9643569e-02
6.7842605e+03 4.9171146e-02
6.7851809e+03 4.8652180e-02
6.7861022e+03 4.8076678e-02
6.7870231e+03 4.7442280e-02
6.7879448e+03 4.6750627e-02
6.7888663e+03 4.6013143e-02
6.7897879e+03 4.5249060e-02
6.7907104e+03 4.4483073e-02
6.7916326e+03 4.3742497e-02
6.7925556e+03 4.3052282e-02
6.7934783e+03 4.2432360e-02
6.7944012e+03 4.1891776e-02
6.7953249e+03 4.1430756e-02
6.7962484e+03 4.1041709e-02
6.7971726e+03 4.0708713e-02
6.7980965e+03 4.0411107e-02
6.7990207e+03 4.0129416e-02
6.7999457e+03 3.9848901e-02
6.8008704e+03 3.9558429e-02
6.8017959e+03 3.9249890e-02
6.8027211e+03 3.8921650e-02
6.8036465e+03 3.8575348e-02
6.8045728e+03 3.8217179e-02
6.8054987e+03 3.7851878e-02
6.8064255e+03 3.7483968e-02
6.8073519e+03 3.7116293e-02
6.8082786e+03 3.6751941e-02
6.8092062e+03 3.6390685e-02
6.8101334e+03 3.6029190e-02
6.8110614e+03 3.5662223e-02
6.8119891e+03 3.5285994e-02
6.8129171e+03 3.4899086e-02
6.8138458e+03 3.4500770e-02
6.8147743e+03 3.4093667e-02
6.8157036e+03 3.3682533e-02
6.8166326e+03 3.3274245e-02
6.8175618e+03 3.2877591e-02
6.8184919e+03 3.2498993e-02
6.8194216e+03 3.2141771e-02
6.8203522e+03 3.1805210e-02
6.8212824e+03 3.1485993e-02
6.8222129e+03 3.1177934e-02
6.8231442e+03 3.0873911e-02
6.8240752e+03 3.0566093e-02
6.8250071e+03 3.0248299e-02
6.8259386e+03 2.9919341e-02
6.8268703e+03 2.9582063e-02
6.8278029e+03 2.9240752e-02
6.8287352e+03 2.8899917e-02
6.8296683e+03 2.8564792e-02
6.8306011e+03 2.8241292e-02
6.8315341e+03 2.7933950e-02
6.8324680e+03 2.7642040e-02
6.8334016e+03 2.7364854e-02
6.8343359e+03 2.7100271e-02
6.8352700e+03 2.6845887e-02
6.8362043e+03 2.6599823e-02
6.8371395e+03 2.6358979e-02
6.8380743e+03 2.6124552e-02
6.8390099e+03 2.5896538e-02
6.8399453e+03 2.5676126e-02
6.8408809e+03 2.5466403e-02
6.8418173e+03 2.5268545e-02
6.8427534e+03 2.5085662e-02
6.8436903e+03 2.4918925e-02
6.8446270e+03 2.4769763e-02
6.8455638e+03 2.4637464e-02
6.8465016e+03 2.4519902e-02
6.8474389e+03 2.4413496e-02
6.8483772e+03 2.4313737e-02
6.8493151e+03 2.4216358e-02
6.8502532e+03 2.4116129e-02
6.8511922e+03 2.4007341e-02
6.8521309e+03 2.3884548e-02
6.8530704e+03 2.3744412e-02
6.8540096e+03 2.3586223e-02
6.8549490e+03 2.3409992e-02
6.8558893e+03 2.3217604e-02
6.8568293e+03 2.3013102e-02
6.8577701e+03 2.2802901e-02
6.8587106e+03 2.2593886e-02
6.8596513e+03 2.2393897e-02
6.8605929e+03 2.2207685e-02
6.8615341e+03 2.2039047e-02
6.8624762e+03 2.1890132e-02
6.8634180e+03 2.1760924e-02
6.8643600e+03 2.1647863e-02
6.8653029e+03 2.1545013e-02
6.8662454e+03 2.1446450e-02
6.8671888e+03 2.1345742e-02
6.8681319e+03 2.1236248e-02
6.8690752e+03 2.1112738e-02
6.8700194e+03 2.0971186e-02
6.8709632e+03 2.0809432e-02
6.8719079e+03 2.0628689e-02
6.8728522e+03 2.0430831e-02
6.8737969e+03 2.0218967e-02
6.8747423e+03 1.9998554e-02
6.8756875e+03 1.9775294e-02
6.8766334e+03 1.9554881e-02
6.8775791e+03 1.9342061e-02
6.8785250e+03 1.9140407e-02
6.8794718e+03 1.8953010e-02
6.8804182e+03 1.8781763e-02
6.8813655e+03 1.8626900e-02
6.8823125e+03 1.8487481e-02
6.8832597e+03 1.8361839e-02
6.8842077e+03 1.8247593e-02
6.8851555e+03 1.8141896e-02
6.8861041e+03 1.8041426e-02
6.8870523e+03 1.7942863e-02
6.8880009e+03 1.7842393e-02
6.8889502e+03 1.7737880e-02
6.8898993e+03 1.7626256e-02
6.8908492e+03 1.7505594e-02
6.8917988e+03 1.7373297e-02
6.8927486e+03 1.7228179e-02
6.8936993e+03 1.7069044e-02
6.8946496e+03 1.6896132e-02
6.8956008e+03 1.6710628e-02
6.8965517e+03 1.6513726e-02
6.8975029e+03 1.6307570e-02
6.8984549e+03 1.6096652e-02
6.8994065e+03 1.5885027e-02
6.9003591e+03 1.5675772e-02
6.9013112e+03 1.5472465e-02
6.9022637e+03 1.5278413e-02
6.9032170e+03 1.5095290e-02
6.9041700e+03 1.4923802e-02
6.9051238e+03 1.4763481e-02
6.9060773e+03 1.4613372e-02
6.9070311e+03 1.4471332e-02
6.9079857e+03 1.4335240e-02
6.9089401e+03 1.4202465e-02
6.9098952e+03 1.4070646e-02
6.9108500e+03 1.3938827e-02
6.9118051e+03 1.3806291e-02
6.9127611e+03 1.3673048e-02
6.9137167e+03 1.3541458e-02
6.9146732e+03 1.3412728e-02
6.9156293e+03 1.3289696e-02
6.9165857e+03 1.3176167e-02
6.9175430e+03 1.3074743e-02
6.9185000e+03 1.2988521e-02
6.9194577e+03 1.2921067e-02
6.9204152e+03 1.2873090e-02
6.9213730e+03 1.2844120e-02
6.9223316e+03 1.2832474e-02
6.9232898e+03 1.2835333e-02
6.9242490e+03 1.2848155e-02
6.9252078e+03 1.2865489e-02
6.9261668e+03 1.2882115e-02
6.9271267e+03 1.2892566e-02
6.9280863e+03 1.2892805e-02
6.9290468e+03 1.2879266e-02
6.9300069e+03 1.2850296e-02
6.9309673e+03 1.2807300e-02
6.9319286e+03 1.2753624e-02
6.9328895e+03 1.2692586e-02
6.9338513e+03 1.2628211e-02
6.9348128e+03 1.2563607e-02
6.9357745e+03 1.2501144e-02
6.9367371e+03 1.2441999e-02
6.9376993e+03 1.2385474e-02
6.9386625e+03 1.2328710e-02
6.9396253e+03 1.2270521e-02
6.9405883e+03 1.2209005e-02
6.9415522e+03 1.2143922e-02
6.9425159e+03 1.2075752e-02
6.9434803e+03 1.2007352e-02
6.9444444e+03 1.1942030e-02
6.9454088e+03 1.1883124e-02
6.9463741e+03 1.1834678e-02
6.9473391e+03 1.1801425e-02
6.9483048e+03 1.1782656e-02
6.9492703e+03 1.1776958e-02
6.9502361e+03 1.1778143e-02
6.9512027e+03 1.1775294e-02
6.9521690e+03 1.1752969e-02
6.9531361e+03 1.1694302e-02
6.9541029e+03 1.1579588e-02
6.9550700e+03 1.1399075e-02
6.9560380e+03 1.1152293e-02
6.9570056e+03 1.0848508e-02
6.9579741e+03 1.0508870e-02
6.9589422e+03 1.0168743e-02
6.9599107e+03 9.8668607e-03
6.9608800e+03 9.6343346e-03
6.9618489e+03 9.4951438e-03
6.9628188e+03 9.4602369e-03
6.9637883e+03 9.5236460e-03
6.9647581e+03 9.6649686e-03
6.9657287e+03 9.8547470e-03
6.9666991e+03 1.0062338e-02
6.9676702e+03 1.0261610e-02
6.9686411e+03 1.0433098e-02
6.9696123e+03 1.0564917e-02
6.9705843e+03 1.0653988e-02
6.9715559e+03 1.0705293e-02
6.9725285e+03 1.0723344e-02
6.9735007e+03 1.0713362e-02
6.9744732e+03 1.0681304e-02
6.9754465e+03 1.0631185e-02
6.9764196e+03 1.0565395e-02
6.9773935e+03 1.0487730e-02
6.9783671e+03 1.0401747e-02
6.9793409e+03 1.0310773e-02
6.9803156e+03 1.0217906e-02
6.9812900e+03 1.0125757e-02
6.9822653e+03 1.0035739e-02
6.9832402e+03 9.9485703e-03
6.9842154e+03 9.8651974e-03
6.9851915e+03 9.7868154e-03
6.9861673e+03 9.7148493e-03
6.9871439e+03 9.6526258e-03
6.9881202e+03 9.6029844e-03
6.9890968e+03 9.5666433e-03
6.9900742e+03 9.5433611e-03
6.9910513e+03 9.5312474e-03
6.9920293e+03 9.5260274e-03
6.9930070e+03 9.5229391e-03
6.9939849e+03 9.5153376e-03
6.9949637e+03 9.4987107e-03
6.9959422e+03 9.4697308e-03
6.9969216e+03 9.4267447e-03
6.9979006e+03 9.3687950e-03
6.9988799e+03 9.2968289e-03
6.9998601e+03 9.2115533e-03
7.0008400e+03 9.1134664e-03
7.0018207e+03 9.0037333e-03
7.0028011e+03 8.8825943e-03
7.0037818e+03 8.7514920e-03
7.0047634e+03 8.6101703e-03
7.0057446e+03 8.4614847e-03
7.0067267e+03 8.3066244e-03
7.0077085e+03 8.1498604e-03
7.0086905e+03 7.9957163e-03
7.0096735e+03 7.8508267e-03
7.0106561e+03 7.7197258e-03
7.0116396e+03 7.6092761e-03
7.0126227e+03 7.5214002e-03
7.0136062e+03 7.4584591e-03
7.0145905e+03 7.4202139e-03
7.0155745e+03 7.4035879e-03
7.0165593e+03 7.4052508e-03
7.0175439e+03 7.4199750e-03
7.0185287e+03 7.4434858e-03
7.0195144e+03 7.4722269e-03
7.0204997e+03 7.5035770e-03
7.0214860e+03 7.5358851e-03
7.0224719e+03 7.5696162e-03
7.0234581e+03 7.6045240e-03
7.0244452e+03 7.6403869e-03
7.0254319e+03 7.6764901e-03
7.0264196e+03 7.7104610e-03
7.0274069e+03 7.7396701e-03
7.0283945e+03 7.7591459e-03
7.0293829e+03 7.7653220e-03
7.0303711e+03 7.7548721e-03
7.0313601e+03 7.7256630e-03
7.0323488e+03 7.6767290e-03
7.0333378e+03 7.6097539e-03
7.0343276e+03 7.5280438e-03
7.0353172e+03 7.4363630e-03
7.0363076e+03 7.3394608e-03
7.0372977e+03 7.2430279e-03
7.0382880e+03 7.1515860e-03
7.0392793e+03 7.0691691e-03
7.0402702e+03 6.9986279e-03
7.0412620e+03 6.9413851e-03
7.0422535e+03 6.8988670e-03
7.0432453e+03 6.8720290e-03
7.0442379e+03 6.8611000e-03
7.0452303e+03 6.8670381e-03
7.0462235e+03 6.8898411e-03
7.0472163e+03 6.9302181e-03
7.0482095e+03 6.9867531e-03
7.0492036e+03 7.0575238e-03
7.0501973e+03 7.1387552e-03
7.0511919e+03 7.2242599e-03
7.0521862e+03 7.3066861e-03
7.0531807e+03 7.3772278e-03
7.0541762e+03 7.4278158e-03
7.0551713e+03 7.4506188e-03
7.0561673e+03 7.4401689e-03
7.0571630e+03 7.3914742e-03
7.0581590e+03 7.3052621e-03
7.0591558e+03 7.1850792e-03
7.0601524e+03 7.0361551e-03
7.0611498e+03 6.8667992e-03
7.0621469e+03 6.6877198e-03
7.0631443e+03 6.5095769e-03
7.0641425e+03 6.3435580e-03
7.0651405e+03 6.1979620e-03
7.0661393e+03 6.0801501e-03
7.0671378e+03 5.9956019e-03
7.0681366e+03 5.9476141e-03
7.0691363e+03 5.9362170e-03
7.0701356e+03 5.9585422e-03
7.0711359e+03 6.0086618e-03
7.0721358e+03 6.0789650e-03
7.0731360e+03 6.1606742e-03
7.0741371e+03 6.2426119e-03
7.0751378e+03 6.3138711e-03
7.0761395e+03 6.3656438e-03
7.0771408e+03 6.3901111e-03
7.0781425e+03 6.3817929e-03
7.0791450e+03 6.3380888e-03
7.0801471e+03 6.2599559e-03
7.0811502e+03 6.1518769e-03
7.0821530e+03 6.0217222e-03
7.0831560e+03 5.8787358e-03
7.0841599e+03 5.7340958e-03
7.0851635e+03 5.5996571e-03
7.0861680e+03 5.4865968e-03
7.0871722e+03 5.4046591e-03
7.0881767e+03 5.3597689e-03
7.0891820e+03 5.3552561e-03
7.0901871e+03 5.3904029e-03
7.0911930e+03 5.4607149e-03
7.0921986e+03 5.5578561e-03
7.0932045e+03 5.6697209e-03
7.0942112e+03 5.7837372e-03
7.0952177e+03 5.8877622e-03
7.0962251e+03 5.9706559e-03
7.0972321e+03 6.0233860e-03
7.0982394e+03 6.0414369e-03
7.0992476e+03 6.0248100e-03
7.1002555e+03 5.9775501e-03
7.1012643e+03 5.9077162e-03
7.1022727e+03 5.8267242e-03
7.1032815e+03 5.7466780e-03
7.1042911e+03 5.6787459e-03
7.1053004e+03 5.6307688e-03
7.1063107e+03 5.6063118e-03
7.1073205e+03 5.6058341e-03
7.1083307e+03 5.6243632e-03
7.1093418e+03 5.6531038e-03
7.1103526e+03 5.6797029e-03
7.1113642e+03 5.6925239e-03
7.1123755e+03 5.6820740e-03
7.1133871e+03 5.6428830e-03
7.1143997e+03 5.5730580e-03
7.1154119e+03 5.4780501e-03
7.1164250e+03 5.3673699e-03
7.1174377e+03 5.2540712e-03
7.1184508e+03 5.1509929e-03
7.1194647e+03 5.0697620e-03
7.1204784e+03 5.0186962e-03
7.1214929e+03 5.0011231e-03
7.1225071e+03 5.0144228e-03
7.1235216e+03 5.0512329e-03
7.1245370e+03 5.1022982e-03
7.1255521e+03 5.1569310e-03
7.1265681e+03 5.2053859e-03
7.1275837e+03 5.2405330e-03
7.1285997e+03 5.2578771e-03
7.1296166e+03 5.2585839e-03
7.1306331e+03 5.2462309e-03
7.1316505e+03 5.2267550e-03
7.1326676e+03 5.2089430e-03
7.1336850e+03 5.2034841e-03
7.1347033e+03 5.2184472e-03
7.1357213e+03 5.2611940e-03
7.1367402e+03 5.3343559e-03
7.1377587e+03 5.4379120e-03
7.1387776e+03 5.5666431e-03
7.1397974e+03 5.7089119e-03
7.1408168e+03 5.8511910e-03
7.1418371e+03 5.9780180e-03
7.1428571e+03 6.0756369e-03
