8.8e+003    0.009686
8.825e+003    0.001128
8.85e+003    0
8.875e+003    0.0002819
8.9e+003    0.0006582
8.925e+003    0.0003759
8.95e+003    0
8.975e+003    0.000188
9.0e+003    0
9.025e+003    0
9.05e+003    0.000188
9.075e+003    0.0003759
9.1e+003    0.0002819
9.125e+003    0.0009401
9.15e+003    0.0009401
9.175e+003    0.001222
9.2e+003    0.001222
9.225e+003    0.001316
9.25e+003    0.001975
9.275e+003    0.001881
9.3e+003    0.002163
9.325e+003    0.002069
9.35e+003    0.002539
9.375e+003    0.002539
9.4e+003    0.002821
9.425e+003    0.002915
9.45e+003    0.002821
9.475e+003    0.003103
9.5e+003    0.003667
9.525e+003    0.003573
9.55e+003    0.003855
9.575e+003    0.004326
9.6e+003    0.004984
9.625e+003    0.004984
9.65e+003    0.005736
9.675e+003    0.006018
9.7e+003    0.006959
9.725e+003    0.007711
9.75e+003    0.008181
9.775e+003    0.00978
9.8e+003    0.01016
9.825e+003    0.01166
9.85e+003    0.01232
9.875e+003    0.01486
9.9e+003    0.01627
9.925e+003    0.01956
9.95e+003    0.02031
9.975e+003    0.0253
10.0e+003    0.02784
10.03e+003    0.0331
10.05e+003    0.03912
10.08e+003    0.04457
10.1e+003    0.05379
10.13e+003    0.05906
10.15e+003    0.0741
10.17e+003    0.07805
10.2e+003    0.09695
10.23e+003    0.1067
10.25e+003    0.1248
10.27e+003    0.151
10.3e+003    0.1648
10.33e+003    0.2035
10.35e+003    0.2167
10.38e+003    0.2585
10.4e+003    0.2728
10.43e+003    0.2899
10.45e+003    0.2955
10.47e+003    0.306
10.5e+003    0.38
10.53e+003    0.4389
10.55e+003    0.5764
10.57e+003    0.7097
10.6e+003    0.8172
10.63e+003    0.9188
10.65e+003    0.9568
10.68e+003    0.9957
10.7e+003    1
10.73e+003    0.9805
10.75e+003    0.9625
10.77e+003    0.913
10.8e+003    0.862
10.82e+003    0.8252
10.85e+003    0.772
10.88e+003    0.7514
10.9e+003    0.7175
10.92e+003    0.6924
10.95e+003    0.6912
10.97e+003    0.6684
11.0e+003    0.6672
11.02e+003    0.6672
11.05e+003    0.6483
11.07e+003    0.6499
11.1e+003    0.6338
11.12e+003    0.6114
11.15e+003    0.5963
11.18e+003    0.5691
11.2e+003    0.5412
11.22e+003    0.515
11.25e+003    0.4897
11.28e+003    0.4543
11.3e+003    0.4264
11.32e+003    0.3961
11.35e+003    0.3564
11.37e+003    0.3268
11.4e+003    0.2826
11.42e+003    0.2469
11.45e+003    0.2195
11.47e+003    0.1746
11.5e+003    0.1516
11.52e+003    0.13
11.55e+003    0.1011
11.58e+003    0.0868
11.6e+003    0.07109
11.63e+003    0.05727
11.65e+003    0.04852
11.67e+003    0.03809
11.7e+003    0.03066
11.73e+003    0.02586
11.75e+003    0.01994
11.78e+003    0.01608
11.8e+003    0.01439
11.82e+003    0.01147
11.85e+003    0.009121
11.87e+003    0.008933
11.9e+003    0.007617
11.92e+003    0.005736
11.95e+003    0.005266
11.97e+003    0.004702
12.0e+003    0.003949
12.02e+003    0.003385
12.05e+003    0.002821
12.07e+003    0.002727
12.1e+003    0.002163
12.12e+003    0.001787
12.15e+003    0.001599
12.17e+003    0.001881
12.2e+003    0.001599
12.22e+003    0.001034
12.25e+003    0.001128
12.27e+003    0.001222
12.3e+003    0.001034
12.32e+003    0.0007522
12.35e+003    0.001034
12.37e+003    0.001128
12.4e+003    0.001316
12.42e+003    0.001504
12.45e+003    0.001881
12.47e+003    0.002445
12.5e+003    0.002915
12.52e+003    0.003291
12.55e+003    0.003197
12.57e+003    0.003197
12.6e+003    0.003573
12.62e+003    0.003761
12.65e+003    0.004138
12.67e+003    0.004702
12.7e+003    0.005172
12.72e+003    0.00536
12.75e+003    0.00536
12.77e+003    0.005736
12.8e+003    0.00583
12.82e+003    0.005548
12.85e+003    0.00536
12.87e+003    0.005266
12.9e+003    0.00536
12.92e+003    0.005454
12.95e+003    0.00536
12.97e+003    0.005642
13.0e+003    0.005736
13.02e+003    0.005924
13.05e+003    0.0063
13.07e+003    0.006488
13.1e+003    0.006582
13.12e+003    0.007053
13.15e+003    0.007053
13.17e+003    0.007147
13.2e+003    0.007523
13.22e+003    0.007147
13.25e+003    0.007805
13.27e+003    0.007993
13.3e+003    0.007993
13.32e+003    0.008087
13.35e+003    0.008369
13.37e+003    0.008275
13.4e+003    0.008369
13.42e+003    0.008275
13.45e+003    0.008275
13.47e+003    0.008181
13.5e+003    0.008275
13.52e+003    0.007711
13.55e+003    0.007711
13.57e+003    0.007335
13.6e+003    0.007147
13.62e+003    0.007147
13.65e+003    0.006959
13.67e+003    0.006488
13.7e+003    0.006582
13.72e+003    0.006488
13.75e+003    0.006488
13.77e+003    0.006488
