1.3513514e+04 4.5871001e-02
1.3517167e+04 4.3701999e-02
1.3520823e+04 4.6920002e-02
1.3524479e+04 5.6552000e-02
1.3528138e+04 7.0023000e-02
1.3531800e+04 8.3278999e-02
1.3535463e+04 9.3649998e-02
1.3539129e+04 1.0337800e-01
1.3542795e+04 1.1725400e-01
1.3546464e+04 1.3811500e-01
1.3550136e+04 1.6252901e-01
1.3553809e+04 1.8119800e-01
1.3557484e+04 1.8296200e-01
1.3561160e+04 1.6271999e-01
1.3564840e+04 1.2495500e-01
1.3568521e+04 8.3470002e-02
1.3572204e+04 5.3119000e-02
1.3575890e+04 4.3368001e-02
1.3579576e+04 5.3309999e-02
1.3583265e+04 7.4720003e-02
1.3586957e+04 9.8513998e-02
1.3590650e+04 1.2207000e-01
1.3594345e+04 1.4905900e-01
1.3598041e+04 1.8460700e-01
1.3601741e+04 2.2866701e-01
1.3605442e+04 2.7334601e-01
1.3609146e+04 3.0522299e-01
1.3612851e+04 3.1192300e-01
1.3616557e+04 2.8834301e-01
1.3620267e+04 2.3918100e-01
1.3623978e+04 1.7735900e-01
1.3627692e+04 1.1823100e-01
1.3631407e+04 7.3742002e-02
1.3635124e+04 4.7254000e-02
1.3638843e+04 3.4356002e-02
1.3642565e+04 2.5939001e-02
1.3646288e+04 1.5521000e-02
1.3650014e+04 4.1000000e-03
1.3653741e+04 1.0960000e-03
1.3657470e+04 1.7499000e-02
1.3661202e+04 5.8269002e-02
1.3664936e+04 1.1625200e-01
1.3668672e+04 1.7514201e-01
1.3672409e+04 2.1760400e-01
1.3676149e+04 2.3345900e-01
1.3679891e+04 2.2435100e-01
1.3683635e+04 2.0079599e-01
1.3687381e+04 1.7700100e-01
1.3691128e+04 1.6298200e-01
1.3694878e+04 1.6195700e-01
1.3698630e+04 1.7104100e-01
1.3702384e+04 1.8494099e-01
1.3706141e+04 1.9867399e-01
1.3709898e+04 2.0980801e-01
1.3713659e+04 2.1767600e-01
1.3717421e+04 2.2335000e-01
1.3721186e+04 2.2900100e-01
1.3724952e+04 2.3777400e-01
1.3728720e+04 2.5386801e-01
1.3732491e+04 2.8097600e-01
1.3736264e+04 3.1909901e-01
1.3740039e+04 3.6194301e-01
1.3743816e+04 3.9699000e-01
1.3747594e+04 4.1158101e-01
1.3751375e+04 4.0028000e-01
1.3755158e+04 3.7002501e-01
1.3758944e+04 3.3688501e-01
1.3762731e+04 3.1907499e-01
1.3766519e+04 3.2632300e-01
1.3770311e+04 3.5622099e-01
1.3774105e+04 3.9682299e-01
1.3777900e+04 4.3506601e-01
1.3781698e+04 4.6267501e-01
1.3785497e+04 4.7750399e-01
1.3789299e+04 4.8093700e-01
1.3793103e+04 4.7450000e-01
1.3796910e+04 4.6033800e-01
1.3800718e+04 4.4240901e-01
1.3804527e+04 4.2548099e-01
1.3808340e+04 4.1303599e-01
1.3812155e+04 4.0435699e-01
1.3815971e+04 3.9496401e-01
1.3819790e+04 3.8037300e-01
1.3823610e+04 3.6170399e-01
1.3827433e+04 3.4568301e-01
1.3831259e+04 3.4067601e-01
1.3835086e+04 3.4861499e-01
1.3838915e+04 3.6208600e-01
1.3842746e+04 3.6682999e-01
1.3846580e+04 3.5085601e-01
1.3850416e+04 3.1011099e-01
1.3854253e+04 2.5184101e-01
1.3858094e+04 1.9137800e-01
1.3861935e+04 1.4798599e-01
1.3865779e+04 1.3773400e-01
1.3869626e+04 1.6694000e-01
1.3873474e+04 2.3055001e-01
1.3877325e+04 3.1270900e-01
1.3881177e+04 3.9379501e-01
1.3885032e+04 4.5661899e-01
1.3888889e+04 4.9281099e-01
1.3892748e+04 5.0315797e-01
1.3896610e+04 4.9421701e-01
1.3900472e+04 4.7419000e-01
1.3904338e+04 4.5053899e-01
1.3908206e+04 4.3034500e-01
1.3912076e+04 4.2092800e-01
1.3915948e+04 4.2545700e-01
1.3919821e+04 4.4069201e-01
1.3923698e+04 4.5804900e-01
1.3927577e+04 4.6942201e-01
1.3931457e+04 4.7280699e-01
1.3935340e+04 4.7359401e-01
1.3939225e+04 4.7988799e-01
1.3943112e+04 4.9500400e-01
1.3947001e+04 5.1207501e-01
1.3950893e+04 5.1865500e-01
1.3954787e+04 5.0444603e-01
1.3958682e+04 4.7082901e-01
1.3962580e+04 4.3094099e-01
1.3966480e+04 4.0564501e-01
1.3970383e+04 4.1181999e-01
1.3974288e+04 4.5618999e-01
1.3978194e+04 5.3303200e-01
1.3982103e+04 6.2618202e-01
1.3986014e+04 7.1601802e-01
1.3989927e+04 7.8606600e-01
1.3993843e+04 8.2969600e-01
1.3997760e+04 8.5051000e-01
1.4001680e+04 8.6002302e-01
1.4005602e+04 8.7058502e-01
1.4009527e+04 8.8918197e-01
1.4013453e+04 9.1454899e-01
1.4017381e+04 9.4048899e-01
1.4021312e+04 9.6096897e-01
1.4025245e+04 9.7725302e-01
1.4029181e+04 9.9770999e-01
1.4033119e+04 1.0343070e+00
1.4037057e+04 1.0943170e+00
1.4040999e+04 1.1749260e+00
1.4044944e+04 1.2637130e+00
1.4048890e+04 1.3415329e+00
1.4052839e+04 1.3924119e+00
1.4056789e+04 1.4083860e+00
1.4060742e+04 1.3935080e+00
1.4064698e+04 1.3615130e+00
1.4068655e+04 1.3324730e+00
1.4072615e+04 1.3269180e+00
1.4076576e+04 1.3596530e+00
1.4080540e+04 1.4364480e+00
1.4084507e+04 1.5495300e+00
1.4088476e+04 1.6803260e+00
1.4092447e+04 1.8060440e+00
1.4096419e+04 1.9107810e+00
1.4100395e+04 1.9935360e+00
1.4104372e+04 2.0675890e+00
1.4108352e+04 2.1504159e+00
1.4112335e+04 2.2517200e+00
1.4116318e+04 2.3640389e+00
1.4120305e+04 2.4687049e+00
1.4124294e+04 2.5471210e+00
1.4128285e+04 2.5947330e+00
1.4132279e+04 2.6256320e+00
1.4136273e+04 2.6629920e+00
1.4140271e+04 2.7304881e+00
1.4144272e+04 2.8360600e+00
1.4148274e+04 2.9759641e+00
1.4152279e+04 3.1360860e+00
1.4156285e+04 3.3008571e+00
1.4160294e+04 3.4599299e+00
1.4164306e+04 3.6057711e+00
1.4168320e+04 3.7377350e+00
1.4172336e+04 3.8568010e+00
1.4176353e+04 3.9681189e+00
1.4180374e+04 4.0791512e+00
1.4184397e+04 4.1947360e+00
1.4188422e+04 4.3223138e+00
1.4192450e+04 4.4666762e+00
1.4196479e+04 4.6380281e+00
1.4200511e+04 4.8490038e+00
1.4204545e+04 5.1092620e+00
1.4208582e+04 5.4248571e+00
1.4212621e+04 5.7842011e+00
1.4216661e+04 6.1718702e+00
1.4220705e+04 6.5658088e+00
1.4224751e+04 6.9514031e+00
1.4228799e+04 7.3299398e+00
1.4232850e+04 7.7092171e+00
1.4236902e+04 8.1111660e+00
1.4240957e+04 8.5486650e+00
1.4245014e+04 9.0313673e+00
1.4249074e+04 9.5568409e+00
1.4253136e+04 1.0108351e+01
1.4257199e+04 1.0674142e+01
1.4261266e+04 1.1238121e+01
1.4265335e+04 1.1806249e+01
1.4269407e+04 1.2396597e+01
1.4273480e+04 1.3036847e+01
1.4277555e+04 1.3760900e+01
1.4281634e+04 1.4579296e+01
1.4285714e+04 1.5493941e+01
1.4289797e+04 1.6481352e+01
1.4293883e+04 1.7514944e+01
1.4297969e+04 1.8579865e+01
1.4302059e+04 1.9669437e+01
1.4306152e+04 2.0806789e+01
1.4310246e+04 2.2008181e+01
1.4314343e+04 2.3292160e+01
1.4318442e+04 2.4659967e+01
1.4322543e+04 2.6096462e+01
1.4326648e+04 2.7593088e+01
1.4330754e+04 2.9141951e+01
1.4334863e+04 3.0760502e+01
1.4338973e+04 3.2465458e+01
1.4343086e+04 3.4263683e+01
1.4347202e+04 3.6143566e+01
1.4351321e+04 3.8069294e+01
1.4355441e+04 4.0008450e+01
1.4359563e+04 4.1944122e+01
1.4363688e+04 4.3889641e+01
1.4367816e+04 4.5882988e+01
1.4371946e+04 4.7957684e+01
1.4376079e+04 5.0121689e+01
1.4380212e+04 5.2338909e+01
1.4384350e+04 5.4540516e+01
1.4388489e+04 5.6656479e+01
1.4392631e+04 5.8653210e+01
1.4396776e+04 6.0549904e+01
1.4400921e+04 6.2415146e+01
1.4405070e+04 6.4313004e+01
1.4409222e+04 6.6270256e+01
1.4413376e+04 6.8241524e+01
1.4417532e+04 7.0132111e+01
1.4421690e+04 7.1857765e+01
1.4425851e+04 7.3372055e+01
1.4430014e+04 7.4714348e+01
1.4434180e+04 7.5953957e+01
1.4438349e+04 7.7164604e+01
1.4442518e+04 7.8371140e+01
1.4446691e+04 7.9534462e+01
1.4450867e+04 8.0594826e+01
1.4455045e+04 8.1489227e+01
1.4459225e+04 8.2211235e+01
1.4463407e+04 8.2799339e+01
1.4467592e+04 8.3309937e+01
1.4471780e+04 8.3796051e+01
1.4475970e+04 8.4252907e+01
1.4480163e+04 8.4657410e+01
1.4484356e+04 8.4963562e+01
1.4488554e+04 8.5147118e+01
1.4492754e+04 8.5222557e+01
1.4496956e+04 8.5216690e+01
1.4501161e+04 8.5185837e+01
1.4505366e+04 8.5150528e+01
1.4509576e+04 8.5119698e+01
1.4513788e+04 8.5074211e+01
1.4518003e+04 8.4977814e+01
1.4522220e+04 8.4814430e+01
1.4526438e+04 8.4568115e+01
1.4530659e+04 8.4258530e+01
1.4534884e+04 8.3901428e+01
1.4539110e+04 8.3509727e+01
1.4543340e+04 8.3091019e+01
1.4547570e+04 8.2623650e+01
1.4551804e+04 8.2099030e+01
1.4556041e+04 8.1501511e+01
1.4560280e+04 8.0837273e+01
1.4564521e+04 8.0117676e+01
1.4568764e+04 7.9331161e+01
1.4573011e+04 7.8452850e+01
1.4577259e+04 7.7423599e+01
1.4581511e+04 7.6216789e+01
1.4585765e+04 7.4852539e+01
1.4590020e+04 7.3406197e+01
1.4594279e+04 7.1969818e+01
1.4598540e+04 7.0580147e+01
1.4602804e+04 6.9198753e+01
1.4607070e+04 6.7714783e+01
1.4611338e+04 6.6017914e+01
1.4615609e+04 6.4081497e+01
1.4619883e+04 6.1972046e+01
1.4624159e+04 5.9835194e+01
1.4628438e+04 5.7790897e+01
1.4632718e+04 5.5885242e+01
1.4637002e+04 5.4064751e+01
1.4641288e+04 5.2222633e+01
1.4645577e+04 5.0273251e+01
1.4649869e+04 4.8199749e+01
1.4654161e+04 4.6069359e+01
1.4658458e+04 4.3987083e+01
1.4662757e+04 4.2034267e+01
1.4667058e+04 4.0215347e+01
1.4671362e+04 3.8466286e+01
1.4675667e+04 3.6688278e+01
1.4679976e+04 3.4826683e+01
1.4684288e+04 3.2896042e+01
1.4688602e+04 3.0988836e+01
1.4692919e+04 2.9215527e+01
1.4697236e+04 2.7641678e+01
1.4701558e+04 2.6261019e+01
1.4705882e+04 2.4995588e+01
1.4710209e+04 2.3757887e+01
1.4714538e+04 2.2496080e+01
1.4718869e+04 2.1213984e+01
1.4723204e+04 1.9969248e+01
1.4727541e+04 1.8816780e+01
1.4731880e+04 1.7790007e+01
1.4736222e+04 1.6867924e+01
1.4740566e+04 1.5990900e+01
1.4744913e+04 1.5107989e+01
1.4749263e+04 1.4193081e+01
1.4753615e+04 1.3286900e+01
1.4757970e+04 1.2449097e+01
1.4762326e+04 1.1738228e+01
1.4766686e+04 1.1169099e+01
1.4771049e+04 1.0703301e+01
1.4775414e+04 1.0280728e+01
1.4779782e+04 9.8336926e+00
1.4784151e+04 9.3334665e+00
1.4788524e+04 8.7932816e+00
1.4792899e+04 8.2594395e+00
1.4797278e+04 7.7874179e+00
1.4801658e+04 7.4016800e+00
1.4806040e+04 7.0935240e+00
1.4810426e+04 6.8213930e+00
1.4814815e+04 6.5422769e+00
1.4819206e+04 6.2400341e+00
1.4823600e+04 5.9224362e+00
1.4827995e+04 5.6217670e+00
1.4832394e+04 5.3594108e+00
1.4836795e+04 5.1407571e+00
1.4841199e+04 4.9460411e+00
1.4845606e+04 4.7449818e+00
1.4850014e+04 4.5194860e+00
1.4854426e+04 4.2690272e+00
1.4858841e+04 4.0160170e+00
1.4863258e+04 3.7870159e+00
1.4867678e+04 3.6002631e+00
1.4872099e+04 3.4579270e+00
1.4876525e+04 3.3467760e+00
1.4880952e+04 3.2500260e+00
1.4885383e+04 3.1544919e+00
1.4889816e+04 3.0527830e+00
1.4894250e+04 2.9427049e+00
1.4898689e+04 2.8297901e+00
1.4903130e+04 2.7288430e+00
1.4907573e+04 2.6418440e+00
1.4912020e+04 2.5513411e+00
1.4916467e+04 2.4419060e+00
1.4920919e+04 2.3267500e+00
1.4925373e+04 2.2322891e+00
1.4929830e+04 2.1552801e+00
1.4934290e+04 2.0626781e+00
1.4938751e+04 1.9710770e+00
1.4943216e+04 1.9656180e+00
1.4947683e+04 2.0720949e+00
1.4952153e+04 2.1495581e+00
1.4956626e+04 1.9435160e+00
1.4961101e+04 1.3907900e+00
1.4965579e+04 7.4925399e-01
1.4970060e+04 4.1196299e-01
1.4974544e+04 5.2335203e-01
1.4979030e+04 8.8589102e-01
1.4983518e+04 1.1690609e+00
1.4988009e+04 1.2517210e+00
1.4992504e+04 1.2146940e+00
1.4997001e+04 1.1814110e+00
1.5001501e+04 1.1714220e+00
1.5006002e+04 1.1388770e+00
1.5010507e+04 1.0724061e+00
1.5015015e+04 9.9856800e-01
1.5019526e+04 9.3397999e-01
1.5024039e+04 8.7137198e-01
1.5028554e+04 8.0459100e-01
1.5033072e+04 7.4720299e-01
1.5037594e+04 7.1310902e-01
1.5042118e+04 6.9467998e-01
1.5046645e+04 6.7145801e-01
1.5051173e+04 6.2768400e-01
1.5055706e+04 5.6464601e-01
1.5060241e+04 4.9605301e-01
1.5064779e+04 4.4372001e-01
1.5069319e+04 4.2386001e-01
1.5073861e+04 4.3752101e-01
1.5078407e+04 4.7099501e-01
1.5082956e+04 5.0806898e-01
1.5087508e+04 5.3791898e-01
1.5092062e+04 5.6033099e-01
1.5096618e+04 5.8135903e-01
1.5101178e+04 6.0641700e-01
1.5105740e+04 6.3474101e-01
1.5110306e+04 6.5920299e-01
1.5114874e+04 6.6721398e-01
1.5119443e+04 6.4794999e-01
1.5124017e+04 5.9564102e-01
1.5128593e+04 5.1340997e-01
1.5133172e+04 4.1501501e-01
1.5137754e+04 3.2064900e-01
1.5142337e+04 2.5191301e-01
1.5146925e+04 2.2151400e-01
1.5151515e+04 2.2761799e-01
1.5156108e+04 2.5286600e-01
1.5160704e+04 2.7263099e-01
1.5165301e+04 2.6800600e-01
1.5169903e+04 2.3541400e-01
1.5174507e+04 1.8968500e-01
1.5179114e+04 1.5618800e-01
1.5183724e+04 1.5902500e-01
1.5188335e+04 2.0587400e-01
1.5192950e+04 2.8524300e-01
1.5197568e+04 3.6995399e-01
1.5202189e+04 4.3280101e-01
1.5206813e+04 4.5697600e-01
1.5211438e+04 4.4090700e-01
1.5216068e+04 3.9439201e-01
1.5220700e+04 3.3140099e-01
1.5225335e+04 2.6526400e-01
1.5229973e+04 2.0661300e-01
1.5234612e+04 1.6376901e-01
1.5239256e+04 1.4283600e-01
1.5243902e+04 1.4770000e-01
1.5248552e+04 1.7912300e-01
1.5253204e+04 2.3205200e-01
1.5257857e+04 2.9392201e-01
1.5262515e+04 3.4613600e-01
1.5267176e+04 3.7176600e-01
1.5271839e+04 3.6475599e-01
1.5276505e+04 3.3195001e-01
1.5281173e+04 2.8893900e-01
1.5285845e+04 2.4969500e-01
1.5290520e+04 2.2113299e-01
1.5295198e+04 2.0141600e-01
1.5299878e+04 1.8353400e-01
1.5304560e+04 1.5959699e-01
1.5309246e+04 1.2602800e-01
1.5313936e+04 8.6544998e-02
1.5318628e+04 5.2452002e-02
1.5323323e+04 3.7407000e-02
1.5328019e+04 4.9543001e-02
1.5332720e+04 8.5473001e-02
1.5337423e+04 1.2953199e-01
1.5342130e+04 1.5969200e-01
1.5346839e+04 1.5618800e-01
1.5351550e+04 1.1270000e-01
1.5356265e+04 3.9291002e-02
1.5360983e+04 -3.7693001e-02
1.5365704e+04 -8.8620000e-02
1.5370428e+04 -9.3792997e-02
1.5375153e+04 -5.2641999e-02
1.5379883e+04 1.7333001e-02
1.5384615e+04 9.1314003e-02
