1.1111111e+04 2.4096940e-03
1.1113581e+04 2.1363930e-03
1.1116052e+04 1.8001980e-03
1.1118523e+04 1.4823270e-03
1.1120996e+04 1.2350460e-03
1.1123471e+04 1.0886750e-03
1.1125946e+04 1.0579010e-03
1.1128422e+04 1.1416150e-03
1.1130899e+04 1.3126500e-03
1.1133378e+04 1.5065341e-03
1.1135857e+04 1.6339089e-03
1.1138338e+04 1.6153570e-03
1.1140820e+04 1.4228290e-03
1.1143303e+04 1.1085829e-03
1.1145787e+04 7.7894499e-04
1.1148272e+04 5.5948697e-04
1.1150758e+04 5.3008000e-04
1.1153246e+04 7.0428400e-04
1.1155734e+04 1.0262260e-03
1.1158223e+04 1.4033760e-03
1.1160714e+04 1.7395710e-03
1.1163206e+04 1.9578910e-03
1.1165699e+04 2.0092470e-03
1.1168193e+04 1.8830020e-03
1.1170688e+04 1.6130990e-03
1.1173184e+04 1.2714760e-03
1.1175682e+04 9.4636402e-04
1.1178180e+04 7.0632400e-04
1.1180679e+04 5.6242902e-04
1.1183180e+04 4.8030799e-04
1.1185682e+04 4.0948999e-04
1.1188185e+04 3.3596699e-04
1.1190690e+04 3.0293499e-04
1.1193194e+04 3.8868000e-04
1.1195701e+04 6.4614299e-04
1.1198208e+04 1.0635559e-03
1.1200717e+04 1.5585730e-03
1.1203227e+04 2.0336821e-03
1.1205737e+04 2.4241740e-03
1.1208249e+04 2.7241679e-03
1.1210762e+04 2.9644361e-03
1.1213277e+04 3.1630839e-03
1.1215792e+04 3.2952030e-03
1.1218308e+04 3.3033451e-03
1.1220826e+04 3.1291409e-03
1.1223345e+04 2.7691941e-03
1.1225865e+04 2.2773470e-03
1.1228386e+04 1.7517840e-03
1.1230907e+04 1.2852730e-03
1.1233431e+04 9.3301298e-04
1.1235955e+04 7.0202502e-04
1.1238481e+04 5.6582602e-04
1.1241008e+04 4.9139198e-04
1.1243535e+04 4.5836001e-04
1.1246064e+04 4.6605599e-04
1.1248594e+04 5.2465202e-04
1.1251125e+04 6.4749998e-04
1.1253658e+04 8.4025500e-04
1.1256191e+04 1.1090290e-03
1.1258725e+04 1.4468090e-03
1.1261261e+04 1.8226031e-03
1.1263798e+04 2.1771209e-03
1.1266336e+04 2.4248580e-03
1.1268875e+04 2.4967960e-03
1.1271416e+04 2.3719170e-03
1.1273957e+04 2.1006470e-03
1.1276500e+04 1.7814190e-03
1.1279044e+04 1.5205690e-03
1.1281588e+04 1.3861820e-03
1.1284134e+04 1.3888960e-03
1.1286682e+04 1.4999770e-03
1.1289230e+04 1.6739530e-03
1.1291780e+04 1.8766720e-03
1.1294330e+04 2.0755390e-03
1.1296882e+04 2.2241790e-03
1.1299435e+04 2.2633120e-03
1.1301989e+04 2.1411481e-03
1.1304545e+04 1.8563080e-03
1.1307101e+04 1.4818810e-03
1.1309658e+04 1.1497570e-03
1.1312217e+04 9.9772005e-04
1.1314777e+04 1.0861791e-03
1.1317338e+04 1.3680760e-03
1.1319900e+04 1.6997450e-03
1.1322464e+04 1.9273449e-03
1.1325028e+04 1.9669440e-03
1.1327594e+04 1.8529110e-03
1.1330161e+04 1.6907020e-03
1.1332729e+04 1.5934180e-03
1.1335298e+04 1.6149110e-03
1.1337868e+04 1.7379870e-03
1.1340440e+04 1.9035930e-03
1.1343013e+04 2.0558489e-03
1.1345586e+04 2.1639981e-03
1.1348161e+04 2.2214651e-03
1.1350738e+04 2.2359451e-03
1.1353315e+04 2.2237231e-03
1.1355894e+04 2.2033590e-03
1.1358473e+04 2.1959010e-03
1.1361054e+04 2.2042701e-03
1.1363636e+04 2.2105989e-03
1.1366220e+04 2.2006449e-03
1.1368804e+04 2.1888791e-03
1.1371389e+04 2.2291511e-03
1.1373976e+04 2.3750770e-03
1.1376564e+04 2.6264379e-03
1.1379154e+04 2.8981529e-03
1.1381744e+04 3.0621749e-03
1.1384335e+04 3.0223581e-03
1.1386928e+04 2.7958881e-03
1.1389522e+04 2.5149011e-03
1.1392117e+04 2.3599220e-03
1.1394713e+04 2.4574341e-03
1.1397310e+04 2.7972450e-03
1.1399909e+04 3.2605859e-03
1.1402509e+04 3.6850220e-03
1.1405110e+04 3.9628390e-03
1.1407712e+04 4.0734741e-03
1.1410315e+04 4.0716622e-03
1.1412919e+04 4.0264172e-03
1.1415525e+04 3.9813998e-03
1.1418132e+04 3.9438419e-03
1.1420740e+04 3.8981410e-03
1.1423349e+04 3.8221229e-03
1.1425960e+04 3.6958780e-03
1.1428571e+04 3.5037959e-03
1.1431184e+04 3.2443029e-03
1.1433799e+04 2.9443000e-03
1.1436413e+04 2.6517741e-03
1.1439030e+04 2.4268881e-03
1.1441648e+04 2.3128651e-03
1.1444267e+04 2.3178379e-03
1.1446887e+04 2.4171621e-03
1.1449507e+04 2.5757561e-03
1.1452130e+04 2.7671540e-03
1.1454754e+04 2.9784711e-03
1.1457379e+04 3.1902329e-03
1.1460005e+04 3.3626240e-03
1.1462631e+04 3.4381871e-03
1.1465260e+04 3.3728059e-03
1.1467890e+04 3.1556161e-03
1.1470521e+04 2.8386461e-03
1.1473153e+04 2.5411390e-03
1.1475786e+04 2.4056230e-03
1.1478420e+04 2.5397821e-03
1.1481056e+04 2.9409120e-03
1.1483693e+04 3.4814009e-03
1.1486332e+04 3.9594509e-03
1.1488970e+04 4.2212131e-03
1.1491611e+04 4.2282250e-03
1.1494253e+04 4.0816162e-03
1.1496896e+04 3.9300350e-03
1.1499540e+04 3.8635239e-03
1.1502185e+04 3.8578690e-03
1.1504832e+04 3.8284520e-03
1.1507480e+04 3.7411221e-03
1.1510129e+04 3.6827540e-03
1.1512780e+04 3.8060581e-03
1.1515430e+04 4.2119320e-03
1.1518083e+04 4.8248251e-03
1.1520737e+04 5.4049031e-03
1.1523393e+04 5.6519662e-03
1.1526049e+04 5.3673540e-03
1.1528706e+04 4.5732451e-03
1.1531365e+04 3.4931679e-03
1.1534025e+04 2.4520061e-03
1.1536687e+04 1.7124231e-03
1.1539350e+04 1.3972650e-03
1.1542013e+04 1.4554060e-03
1.1544678e+04 1.7354910e-03
1.1547344e+04 2.0642281e-03
1.1550012e+04 2.3268899e-03
1.1552681e+04 2.4877519e-03
1.1555350e+04 2.5741709e-03
1.1558021e+04 2.6286959e-03
1.1560694e+04 2.6768830e-03
1.1563367e+04 2.7246231e-03
1.1566042e+04 2.7753050e-03
1.1568718e+04 2.8438561e-03
1.1571395e+04 2.9495091e-03
1.1574074e+04 3.0947521e-03
1.1576754e+04 3.2581000e-03
1.1579435e+04 3.4019949e-03
1.1582117e+04 3.5040239e-03
1.1584801e+04 3.5802701e-03
1.1587486e+04 3.6940649e-03
1.1590172e+04 3.9137509e-03
1.1592859e+04 4.2743809e-03
1.1595547e+04 4.7379499e-03
1.1598237e+04 5.2035511e-03
1.1600928e+04 5.5472138e-03
1.1603620e+04 5.6827301e-03
1.1606314e+04 5.6058099e-03
1.1609008e+04 5.3935922e-03
1.1611704e+04 5.1716571e-03
1.1614402e+04 5.0460859e-03
1.1617101e+04 5.0589819e-03
1.1619800e+04 5.1748171e-03
1.1622501e+04 5.3078472e-03
1.1625203e+04 5.3689391e-03
1.1627907e+04 5.3049051e-03
1.1630612e+04 5.1119220e-03
1.1633318e+04 4.8252800e-03
1.1636025e+04 4.5089941e-03
1.1638734e+04 4.2291270e-03
1.1641444e+04 4.0436122e-03
1.1644155e+04 3.9863721e-03
1.1646867e+04 4.0533380e-03
1.1649580e+04 4.2071878e-03
1.1652295e+04 4.3836501e-03
1.1655012e+04 4.5345579e-03
1.1657729e+04 4.6451930e-03
1.1660448e+04 4.7460920e-03
1.1663167e+04 4.8890761e-03
1.1665889e+04 5.1184888e-03
1.1668611e+04 5.4325080e-03
1.1671335e+04 5.7906508e-03
1.1674061e+04 6.1234492e-03
1.1676786e+04 6.3607758e-03
1.1679514e+04 6.4555728e-03
1.1682243e+04 6.3820411e-03
1.1684973e+04 6.1496962e-03
1.1687705e+04 5.7976642e-03
1.1690437e+04 5.4024169e-03
1.1693171e+04 5.0610220e-03
1.1695906e+04 4.8612538e-03
1.1698643e+04 4.8460900e-03
1.1701381e+04 4.9951850e-03
1.1704120e+04 5.2429219e-03
1.1706860e+04 5.5116951e-03
1.1709602e+04 5.7569360e-03
1.1712345e+04 5.9763938e-03
1.1715089e+04 6.1888401e-03
1.1717834e+04 6.4069312e-03
1.1720581e+04 6.6259340e-03
1.1723329e+04 6.8302280e-03
1.1726079e+04 7.0125828e-03
1.1728830e+04 7.1797748e-03
1.1731581e+04 7.3437970e-03
1.1734334e+04 7.5053321e-03
1.1737089e+04 7.6489998e-03
1.1739845e+04 7.7492250e-03
1.1742602e+04 7.7908551e-03
1.1745360e+04 7.7899438e-03
1.1748120e+04 7.7949259e-03
1.1750881e+04 7.8673186e-03
1.1753644e+04 8.0616586e-03
1.1756408e+04 8.3960509e-03
1.1759172e+04 8.8424264e-03
1.1761938e+04 9.3263499e-03
1.1764706e+04 9.7460318e-03
1.1767475e+04 1.0011190e-02
1.1770245e+04 1.0077473e-02
1.1773016e+04 9.9693332e-03
1.1775789e+04 9.7682076e-03
1.1778563e+04 9.5944498e-03
1.1781339e+04 9.5550893e-03
1.1784115e+04 9.7050862e-03
1.1786893e+04 1.0030188e-02
1.1789672e+04 1.0447611e-02
1.1792453e+04 1.0851227e-02
1.1795235e+04 1.1151676e-02
1.1798018e+04 1.1321126e-02
1.1800802e+04 1.1393301e-02
1.1803588e+04 1.1446688e-02
1.1806375e+04 1.1555065e-02
1.1809164e+04 1.1756645e-02
1.1811954e+04 1.2045555e-02
1.1814744e+04 1.2397132e-02
1.1817537e+04 1.2794637e-02
1.1820331e+04 1.3241240e-02
1.1823126e+04 1.3739199e-02
1.1825923e+04 1.4265207e-02
1.1828720e+04 1.4746427e-02
1.1831519e+04 1.5085336e-02
1.1834320e+04 1.5198002e-02
1.1837121e+04 1.5071083e-02
1.1839925e+04 1.4778330e-02
1.1842728e+04 1.4459547e-02
1.1845534e+04 1.4262721e-02
1.1848341e+04 1.4267693e-02
1.1851150e+04 1.4460458e-02
1.1853960e+04 1.4732848e-02
1.1856770e+04 1.4956604e-02
1.1859582e+04 1.5051620e-02
1.1862396e+04 1.5039408e-02
1.1865211e+04 1.5029226e-02
1.1868028e+04 1.5155243e-02
1.1870845e+04 1.5486010e-02
1.1873664e+04 1.5978312e-02
1.1876485e+04 1.6491426e-02
1.1879306e+04 1.6869923e-02
1.1882130e+04 1.7037800e-02
1.1884953e+04 1.7039610e-02
1.1887779e+04 1.7015403e-02
1.1890606e+04 1.7111102e-02
1.1893435e+04 1.7415397e-02
1.1896265e+04 1.7914940e-02
1.1899095e+04 1.8541856e-02
1.1901928e+04 1.9213790e-02
1.1904762e+04 1.9881655e-02
1.1907597e+04 2.0531651e-02
1.1910434e+04 2.1164898e-02
1.1913271e+04 2.1781188e-02
1.1916110e+04 2.2373486e-02
1.1918951e+04 2.2941126e-02
1.1921793e+04 2.3495412e-02
1.1924637e+04 2.4049709e-02
1.1927481e+04 2.4624132e-02
1.1930327e+04 2.5236122e-02
1.1933174e+04 2.5905572e-02
1.1936023e+04 2.6643798e-02
1.1938873e+04 2.7434055e-02
1.1941724e+04 2.8224546e-02
1.1944577e+04 2.8921818e-02
1.1947431e+04 2.9444896e-02
1.1950287e+04 2.9748058e-02
1.1953144e+04 2.9862981e-02
1.1956002e+04 2.9890815e-02
1.1958861e+04 2.9966606e-02
1.1961722e+04 3.0219086e-02
1.1964585e+04 3.0723838e-02
1.1967449e+04 3.1491928e-02
1.1970313e+04 3.2457754e-02
1.1973180e+04 3.3505701e-02
1.1976048e+04 3.4508858e-02
1.1978917e+04 3.5378758e-02
1.1981788e+04 3.6113586e-02
1.1984659e+04 3.6785752e-02
1.1987533e+04 3.7508138e-02
1.1990408e+04 3.8366500e-02
1.1993284e+04 3.9376453e-02
1.1996162e+04 4.0488422e-02
1.1999040e+04 4.1619636e-02
1.2001920e+04 4.2701971e-02
1.2004802e+04 4.3711457e-02
1.2007685e+04 4.4654436e-02
1.2010570e+04 4.5553297e-02
1.2013455e+04 4.6418212e-02
1.2016342e+04 4.7265265e-02
1.2019231e+04 4.8116613e-02
1.2022121e+04 4.9015928e-02
1.2025012e+04 5.0027445e-02
1.2027904e+04 5.1203005e-02
1.2030799e+04 5.2574933e-02
1.2033694e+04 5.4122649e-02
1.2036591e+04 5.5781003e-02
1.2039490e+04 5.7464238e-02
1.2042389e+04 5.9092272e-02
1.2045290e+04 6.0638860e-02
1.2048193e+04 6.2119611e-02
1.2051097e+04 6.3594937e-02
1.2054002e+04 6.5119803e-02
1.2056908e+04 6.6708021e-02
1.2059817e+04 6.8341941e-02
1.2062726e+04 6.9972001e-02
1.2065637e+04 7.1599595e-02
1.2068550e+04 7.3282830e-02
1.2071463e+04 7.5148188e-02
1.2074378e+04 7.7316709e-02
1.2077295e+04 7.9820760e-02
1.2080213e+04 8.2588598e-02
1.2083132e+04 8.5442632e-02
1.2086052e+04 8.8206410e-02
1.2088975e+04 9.0781033e-02
1.2091898e+04 9.3178973e-02
1.2094824e+04 9.5519885e-02
1.2097750e+04 9.7923249e-02
1.2100677e+04 1.0047526e-01
1.2103607e+04 1.0317885e-01
1.2106538e+04 1.0598176e-01
1.2109470e+04 1.0883964e-01
1.2112403e+04 1.1171427e-01
1.2115338e+04 1.1464794e-01
1.2118274e+04 1.1770198e-01
1.2121212e+04 1.2097275e-01
1.2124151e+04 1.2453854e-01
1.2127092e+04 1.2841497e-01
1.2130034e+04 1.3259184e-01
1.2132977e+04 1.3698885e-01
1.2135922e+04 1.4154693e-01
1.2138869e+04 1.4620911e-01
1.2141817e+04 1.5093189e-01
1.2144765e+04 1.5568683e-01
1.2147716e+04 1.6039082e-01
1.2150668e+04 1.6500661e-01
1.2153622e+04 1.6950724e-01
1.2156577e+04 1.7396691e-01
1.2159533e+04 1.7853767e-01
1.2162491e+04 1.8335187e-01
1.2165450e+04 1.8853144e-01
1.2168411e+04 1.9406056e-01
1.2171373e+04 1.9990078e-01
1.2174336e+04 2.0599142e-01
1.2177301e+04 2.1229608e-01
1.2180268e+04 2.1883878e-01
1.2183236e+04 2.2558960e-01
1.2186206e+04 2.3254199e-01
1.2189176e+04 2.3965436e-01
1.2192148e+04 2.4693415e-01
1.2195122e+04 2.5446051e-01
1.2198097e+04 2.6229528e-01
1.2201074e+04 2.7050263e-01
1.2204051e+04 2.7899846e-01
1.2207031e+04 2.8764722e-01
1.2210012e+04 2.9629734e-01
1.2212995e+04 3.0486760e-01
1.2215979e+04 3.1344557e-01
1.2218963e+04 3.2215858e-01
1.2221950e+04 3.3118087e-01
1.2224939e+04 3.4059885e-01
1.2227929e+04 3.5041571e-01
1.2230920e+04 3.6061919e-01
1.2233912e+04 3.7115687e-01
1.2236906e+04 3.8203546e-01
1.2239902e+04 3.9320049e-01
1.2242899e+04 4.0456301e-01
1.2245898e+04 4.1598663e-01
1.2248897e+04 4.2733538e-01
1.2251899e+04 4.3861127e-01
1.2254902e+04 4.4992131e-01
1.2257907e+04 4.6147817e-01
1.2260913e+04 4.7344974e-01
1.2263919e+04 4.8583874e-01
1.2266928e+04 4.9851122e-01
1.2269939e+04 5.1123530e-01
1.2272951e+04 5.2387720e-01
1.2275964e+04 5.3641981e-01
1.2278978e+04 5.4896492e-01
1.2281994e+04 5.6162405e-01
1.2285012e+04 5.7441843e-01
1.2288032e+04 5.8727759e-01
1.2291052e+04 6.0010254e-01
1.2294074e+04 6.1285079e-01
1.2297098e+04 6.2558794e-01
1.2300123e+04 6.3843739e-01
1.2303150e+04 6.5148270e-01
1.2306178e+04 6.6470379e-01
1.2309207e+04 6.7792583e-01
1.2312238e+04 6.9091862e-01
1.2315271e+04 7.0348316e-01
1.2318305e+04 7.1556497e-01
1.2321341e+04 7.2729808e-01
1.2324377e+04 7.3889971e-01
1.2327416e+04 7.5059307e-01
1.2330456e+04 7.6243180e-01
1.2333498e+04 7.7427399e-01
1.2336541e+04 7.8588104e-01
1.2339585e+04 7.9698569e-01
1.2342631e+04 8.0754143e-01
1.2345679e+04 8.1763613e-01
1.2348728e+04 8.2747829e-01
1.2351779e+04 8.3720803e-01
1.2354830e+04 8.4678012e-01
1.2357884e+04 8.5608298e-01
1.2360939e+04 8.6493284e-01
1.2363996e+04 8.7332165e-01
1.2367055e+04 8.8134462e-01
1.2370113e+04 8.8914907e-01
1.2373175e+04 8.9685035e-01
1.2376238e+04 9.0436560e-01
1.2379302e+04 9.1157371e-01
1.2382368e+04 9.1828310e-01
1.2385434e+04 9.2439729e-01
1.2388503e+04 9.2994702e-01
1.2391574e+04 9.3501866e-01
1.2394646e+04 9.3983036e-01
1.2397719e+04 9.4451541e-01
1.2400793e+04 9.4917685e-01
1.2403870e+04 9.5376050e-01
1.2406948e+04 9.5808691e-01
1.2410027e+04 9.6199703e-01
1.2413109e+04 9.6536195e-01
1.2416190e+04 9.6831644e-01
1.2419275e+04 9.7110534e-01
1.2422360e+04 9.7402042e-01
1.2425448e+04 9.7719145e-01
1.2428536e+04 9.8045635e-01
1.2431626e+04 9.8350996e-01
1.2434718e+04 9.8601037e-01
1.2437811e+04 9.8783433e-01
1.2440906e+04 9.8913246e-01
1.2444002e+04 9.9021822e-01
1.2447099e+04 9.9145216e-01
1.2450199e+04 9.9298447e-01
1.2453300e+04 9.9475908e-01
1.2456403e+04 9.9652427e-01
1.2459507e+04 9.9799299e-01
1.2462612e+04 9.9901652e-01
1.2465719e+04 9.9957758e-01
1.2468828e+04 9.9983662e-01
1.2471938e+04 9.9994457e-01
1.2475050e+04 1.0000000e+00
1.2478163e+04 9.9998939e-01
1.2481278e+04 9.9982446e-01
1.2484395e+04 9.9947488e-01
1.2487513e+04 9.9898779e-01
1.2490632e+04 9.9853235e-01
1.2493753e+04 9.9828780e-01
1.2496876e+04 9.9833804e-01
1.2500000e+04 9.9863487e-01
1.2503126e+04 9.9895972e-01
1.2506254e+04 9.9908781e-01
1.2509382e+04 9.9884528e-01
1.2512512e+04 9.9821633e-01
1.2515645e+04 9.9731767e-01
1.2518778e+04 9.9627990e-01
1.2521914e+04 9.9521160e-01
1.2525050e+04 9.9407792e-01
1.2528188e+04 9.9280983e-01
1.2531328e+04 9.9134421e-01
1.2534470e+04 9.8970920e-01
1.2537613e+04 9.8804289e-01
1.2540757e+04 9.8646349e-01
1.2543903e+04 9.8502618e-01
1.2547051e+04 9.8361403e-01
1.2550201e+04 9.8199725e-01
1.2553352e+04 9.7995406e-01
1.2556504e+04 9.7731632e-01
1.2559658e+04 9.7410667e-01
1.2562814e+04 9.7041571e-01
1.2565972e+04 9.6644747e-01
1.2569131e+04 9.6241897e-01
1.2572290e+04 9.5847744e-01
1.2575453e+04 9.5473266e-01
1.2578616e+04 9.5110714e-01
1.2581782e+04 9.4746536e-01
1.2584949e+04 9.4357061e-01
1.2588116e+04 9.3921906e-01
1.2591287e+04 9.3434876e-01
1.2594458e+04 9.2896712e-01
1.2597632e+04 9.2323059e-01
1.2600807e+04 9.1721570e-01
1.2603982e+04 9.1095585e-01
1.2607161e+04 9.0438938e-01
1.2610340e+04 8.9738810e-01
1.2613522e+04 8.8990450e-01
1.2616705e+04 8.8190347e-01
1.2619889e+04 8.7348819e-01
1.2623075e+04 8.6479032e-01
1.2626263e+04 8.5593247e-01
1.2629452e+04 8.4701312e-01
1.2632643e+04 8.3799332e-01
1.2635835e+04 8.2881832e-01
1.2639029e+04 8.1935304e-01
1.2642225e+04 8.0951655e-01
1.2645423e+04 7.9931146e-01
1.2648622e+04 7.8877288e-01
1.2651821e+04 7.7802098e-01
1.2655024e+04 7.6709580e-01
1.2658228e+04 7.5602961e-01
1.2661433e+04 7.4481052e-01
1.2664641e+04 7.3341900e-01
1.2667849e+04 7.2188300e-01
1.2671059e+04 7.1022159e-01
1.2674271e+04 6.9849747e-01
1.2677485e+04 6.8674427e-01
1.2680700e+04 6.7497855e-01
1.2683916e+04 6.6319048e-01
1.2687135e+04 6.5132046e-01
1.2690355e+04 6.3929594e-01
1.2693577e+04 6.2704158e-01
1.2696801e+04 6.1453450e-01
1.2700025e+04 6.0183394e-01
1.2703252e+04 5.8906513e-01
1.2706480e+04 5.7637954e-01
1.2709710e+04 5.6389344e-01
1.2712942e+04 5.5163616e-01
1.2716175e+04 5.3958535e-01
1.2719410e+04 5.2769685e-01
1.2722646e+04 5.1595193e-01
1.2725885e+04 5.0436795e-01
1.2729125e+04 4.9292961e-01
1.2732365e+04 4.8160329e-01
1.2735609e+04 4.7032240e-01
1.2738854e+04 4.5906100e-01
1.2742100e+04 4.4786927e-01
1.2745348e+04 4.3681693e-01
1.2748597e+04 4.2599443e-01
1.2751849e+04 4.1540226e-01
1.2755102e+04 4.0500101e-01
1.2758357e+04 3.9474186e-01
1.2761613e+04 3.8459811e-01
1.2764871e+04 3.7464052e-01
1.2768131e+04 3.6491713e-01
1.2771392e+04 3.5548285e-01
1.2774655e+04 3.4631982e-01
1.2777920e+04 3.3736360e-01
1.2781186e+04 3.2857639e-01
1.2784454e+04 3.1990045e-01
1.2787724e+04 3.1136051e-01
1.2790995e+04 3.0297375e-01
1.2794269e+04 2.9478493e-01
1.2797542e+04 2.8683433e-01
1.2800819e+04 2.7910909e-01
1.2804097e+04 2.7161801e-01
1.2807377e+04 2.6431900e-01
1.2810659e+04 2.5721794e-01
1.2813941e+04 2.5033614e-01
1.2817226e+04 2.4369934e-01
1.2820513e+04 2.3735394e-01
1.2823801e+04 2.3125628e-01
1.2827091e+04 2.2535814e-01
1.2830382e+04 2.1956840e-01
1.2833675e+04 2.1383432e-01
1.2836970e+04 2.0816287e-01
1.2840267e+04 2.0255390e-01
1.2843566e+04 1.9705442e-01
1.2846865e+04 1.9166082e-01
1.2850167e+04 1.8639120e-01
1.2853470e+04 1.8126321e-01
1.2856776e+04 1.7627798e-01
1.2860083e+04 1.7146808e-01
1.2863390e+04 1.6683374e-01
1.2866701e+04 1.6241276e-01
1.2870013e+04 1.5822615e-01
1.2873327e+04 1.5426829e-01
1.2876642e+04 1.5050158e-01
1.2879958e+04 1.4680570e-01
1.2883277e+04 1.4308017e-01
1.2886598e+04 1.3926756e-01
1.2889920e+04 1.3543501e-01
1.2893244e+04 1.3175656e-01
1.2896569e+04 1.2839529e-01
1.2899897e+04 1.2544419e-01
1.2903226e+04 1.2280757e-01
1.2906557e+04 1.2029788e-01
1.2909889e+04 1.1768524e-01
1.2913223e+04 1.1483187e-01
1.2916559e+04 1.1175680e-01
1.2919897e+04 1.0858558e-01
1.2923236e+04 1.0550824e-01
1.2926577e+04 1.0265487e-01
1.2929919e+04 1.0007255e-01
1.2933264e+04 9.7723030e-02
1.2936611e+04 9.5512427e-02
1.2939959e+04 9.3363360e-02
1.2943309e+04 9.1207944e-02
1.2946659e+04 8.9016572e-02
1.2950013e+04 8.6782441e-02
1.2953368e+04 8.4524088e-02
1.2956725e+04 8.2303755e-02
1.2960083e+04 8.0196321e-02
1.2963443e+04 7.8283221e-02
1.2966805e+04 7.6584138e-02
1.2970169e+04 7.5030997e-02
1.2973534e+04 7.3505901e-02
1.2976902e+04 7.1883522e-02
1.2980270e+04 7.0126526e-02
1.2983640e+04 6.8279043e-02
1.2987013e+04 6.6450104e-02
1.2990387e+04 6.4744465e-02
1.2993763e+04 6.3202858e-02
1.2997140e+04 6.1812378e-02
1.3000520e+04 6.0513072e-02
1.3003901e+04 5.9263088e-02
1.3007284e+04 5.8045227e-02
1.3010669e+04 5.6870352e-02
1.3014055e+04 5.5754300e-02
1.3017443e+04 5.4686673e-02
1.3020833e+04 5.3653196e-02
1.3024225e+04 5.2637599e-02
1.3027619e+04 5.1648695e-02
1.3031013e+04 5.0705045e-02
1.3034411e+04 4.9805731e-02
1.3037810e+04 4.8925657e-02
1.3041210e+04 4.8001233e-02
1.3044613e+04 4.6979979e-02
1.3048016e+04 4.5843337e-02
1.3051422e+04 4.4630684e-02
1.3054830e+04 4.3418705e-02
1.3058240e+04 4.2273019e-02
1.3061651e+04 4.1228462e-02
1.3065064e+04 4.0275756e-02
1.3068479e+04 3.9385948e-02
1.3071895e+04 3.8532343e-02
1.3075314e+04 3.7693206e-02
1.3078734e+04 3.6867879e-02
1.3082156e+04 3.6079884e-02
1.3085579e+04 3.5374913e-02
1.3089005e+04 3.4796186e-02
1.3092433e+04 3.4348451e-02
1.3095862e+04 3.3988506e-02
1.3099292e+04 3.3628549e-02
1.3102725e+04 3.3196200e-02
1.3106160e+04 3.2660466e-02
1.3109596e+04 3.2056399e-02
1.3113035e+04 3.1459570e-02
1.3116474e+04 3.0941255e-02
1.3119916e+04 3.0545553e-02
1.3123360e+04 3.0275196e-02
1.3126805e+04 3.0111630e-02
1.3130253e+04 3.0003252e-02
1.3133701e+04 2.9862309e-02
1.3137152e+04 2.9579729e-02
1.3140604e+04 2.9056888e-02
1.3144059e+04 2.8272733e-02
1.3147516e+04 2.7303509e-02
1.3150973e+04 2.6312575e-02
1.3154433e+04 2.5476838e-02
1.3157895e+04 2.4923678e-02
1.3161358e+04 2.4673913e-02
1.3164824e+04 2.4655351e-02
1.3168290e+04 2.4733409e-02
1.3171760e+04 2.4768027e-02
1.3175231e+04 2.4654223e-02
1.3178703e+04 2.4337489e-02
1.3182178e+04 2.3830706e-02
1.3185654e+04 2.3206729e-02
1.3189132e+04 2.2575514e-02
1.3192612e+04 2.2034351e-02
1.3196094e+04 2.1638876e-02
1.3199578e+04 2.1382542e-02
1.3203063e+04 2.1207882e-02
1.3206550e+04 2.1040693e-02
1.3210040e+04 2.0824859e-02
1.3213531e+04 2.0545220e-02
1.3217024e+04 2.0216266e-02
1.3220518e+04 1.9867631e-02
1.3224015e+04 1.9507911e-02
1.3227513e+04 1.9127818e-02
1.3231014e+04 1.8709049e-02
1.3234516e+04 1.8246381e-02
1.3238019e+04 1.7769467e-02
1.3241525e+04 1.7343676e-02
1.3245033e+04 1.7037125e-02
1.3248543e+04 1.6882820e-02
1.3252054e+04 1.6856356e-02
1.3255567e+04 1.6891645e-02
1.3259082e+04 1.6915405e-02
1.3262599e+04 1.6887346e-02
1.3266119e+04 1.6801829e-02
1.3269639e+04 1.6666314e-02
1.3273161e+04 1.6481243e-02
1.3276686e+04 1.6236451e-02
1.3280212e+04 1.5930802e-02
1.3283741e+04 1.5595279e-02
1.3287271e+04 1.5292572e-02
1.3290802e+04 1.5086693e-02
1.3294336e+04 1.5003434e-02
1.3297872e+04 1.5013616e-02
1.3301410e+04 1.5048460e-02
1.3304950e+04 1.5045747e-02
1.3308490e+04 1.4969956e-02
1.3312034e+04 1.4820861e-02
1.3315579e+04 1.4625382e-02
1.3319126e+04 1.4409776e-02
1.3322676e+04 1.4183087e-02
1.3326226e+04 1.3932182e-02
1.3329779e+04 1.3634447e-02
1.3333333e+04 1.3281285e-02
1.3336890e+04 1.2905273e-02
1.3340449e+04 1.2571336e-02
1.3344008e+04 1.2349620e-02
1.3347571e+04 1.2276315e-02
1.3351135e+04 1.2329483e-02
1.3354701e+04 1.2442377e-02
1.3358269e+04 1.2553696e-02
1.3361838e+04 1.2638530e-02
1.3365410e+04 1.2710477e-02
1.3368984e+04 1.2767261e-02
1.3372560e+04 1.2750066e-02
1.3376137e+04 1.2543732e-02
1.3379716e+04 1.2051657e-02
1.3383297e+04 1.1274742e-02
1.3386881e+04 1.0354398e-02
1.3390466e+04 9.5186597e-03
1.3394053e+04 8.9865401e-03
1.3397642e+04 8.8569066e-03
1.3401233e+04 9.0661738e-03
1.3404826e+04 9.4410563e-03
1.3408421e+04 9.7849471e-03
1.3412018e+04 9.9863000e-03
1.3415615e+04 1.0031772e-02
1.3419216e+04 9.9847149e-03
1.3422819e+04 9.9163922e-03
1.3426423e+04 9.8643526e-03
1.3430030e+04 9.8218229e-03
1.3433637e+04 9.7720511e-03
1.3437248e+04 9.7139115e-03
1.3440860e+04 9.6745398e-03
1.3444475e+04 9.6853953e-03
1.3448091e+04 9.7439922e-03
1.3451708e+04 9.8068956e-03
1.3455328e+04 9.8109674e-03
1.3458950e+04 9.7093843e-03
1.3462574e+04 9.4910553e-03
1.3466200e+04 9.1677560e-03
1.3469827e+04 8.7621091e-03
1.3473457e+04 8.2942406e-03
1.3477089e+04 7.7847438e-03
1.3480723e+04 7.2763748e-03
1.3484359e+04 6.8372409e-03
1.3487995e+04 6.5383771e-03
1.3491635e+04 6.4334059e-03
1.3495277e+04 6.5295519e-03
1.3498920e+04 6.7933528e-03
1.3502566e+04 7.1539832e-03
1.3506212e+04 7.5241118e-03
1.3509862e+04 7.8159627e-03
1.3513514e+04 7.9585016e-03
1.3517167e+04 7.9462789e-03
1.3520823e+04 7.8336131e-03
1.3524479e+04 7.7100820e-03
1.3528138e+04 7.6372330e-03
1.3531800e+04 7.6139271e-03
1.3535463e+04 7.5772800e-03
1.3539129e+04 7.4734390e-03
1.3542795e+04 7.2985520e-03
1.3546464e+04 7.1186922e-03
1.3550136e+04 7.0161992e-03
1.3553809e+04 7.0250239e-03
1.3557484e+04 7.0926729e-03
1.3561160e+04 7.1214060e-03
1.3564840e+04 7.0318091e-03
1.3568521e+04 6.8085068e-03
1.3572204e+04 6.4856638e-03
1.3575890e+04 6.0996981e-03
1.3579576e+04 5.6571658e-03
1.3583265e+04 5.1467670e-03
1.3586957e+04 4.5834272e-03
1.3590650e+04 4.0603508e-03
1.3594345e+04 3.7345651e-03
1.3598041e+04 3.7716681e-03
1.3601741e+04 4.2374958e-03
1.3605442e+04 5.0417869e-03
1.3609146e+04 5.9435898e-03
1.3612851e+04 6.6655232e-03
1.3616557e+04 7.0331660e-03
1.3620267e+04 7.0395051e-03
1.3623978e+04 6.8349820e-03
1.3627692e+04 6.6051241e-03
1.3631407e+04 6.4625861e-03
1.3635124e+04 6.3886079e-03
1.3638843e+04 6.2999208e-03
1.3642565e+04 6.1465269e-03
1.3646288e+04 5.9874770e-03
1.3650014e+04 5.9551289e-03
1.3653741e+04 6.1632660e-03
1.3657470e+04 6.5972009e-03
1.3661202e+04 7.1003591e-03
1.3664936e+04 7.4329390e-03
1.3668672e+04 7.4069188e-03
1.3672409e+04 6.9607720e-03
1.3676149e+04 6.1861160e-03
1.3679891e+04 5.2669011e-03
1.3683635e+04 4.4035581e-03
1.3687381e+04 3.7592279e-03
1.3691128e+04 3.4142081e-03
1.3694878e+04 3.3671509e-03
1.3698630e+04 3.5280031e-03
1.3702384e+04 3.7513040e-03
1.3706141e+04 3.8823041e-03
1.3709898e+04 3.8157839e-03
1.3713659e+04 3.5494959e-03
1.3717421e+04 3.1709981e-03
1.3721186e+04 2.7995131e-03
1.3724952e+04 2.5081071e-03
1.3728720e+04 2.3029109e-03
1.3732491e+04 2.1502001e-03
1.3736264e+04 2.0468051e-03
1.3740039e+04 2.0603749e-03
1.3743816e+04 2.3010990e-03
1.3747594e+04 2.8266611e-03
1.3751375e+04 3.5750701e-03
1.3755158e+04 4.3542432e-03
1.3758944e+04 4.9114712e-03
1.3762731e+04 5.0406582e-03
1.3766519e+04 4.6933792e-03
1.3770311e+04 3.9816182e-03
1.3774105e+04 3.1377380e-03
1.3777900e+04 2.4194201e-03
1.3781698e+04 2.0300569e-03
1.3785497e+04 2.0793821e-03
1.3789299e+04 2.5565210e-03
1.3793103e+04 3.3456581e-03
1.3796910e+04 4.2368229e-03
1.3800718e+04 4.9884012e-03
1.3804527e+04 5.3974451e-03
1.3808340e+04 5.3788931e-03
1.3812155e+04 5.0356858e-03
1.3815971e+04 4.6121608e-03
1.3819790e+04 4.3947431e-03
1.3823610e+04 4.5289020e-03
1.3827433e+04 4.9499408e-03
1.3831259e+04 5.4116980e-03
1.3835086e+04 5.6684772e-03
1.3838915e+04 5.6103361e-03
1.3842746e+04 5.3345500e-03
1.3846580e+04 5.0494829e-03
1.3850416e+04 4.9347770e-03
1.3854253e+04 5.0309310e-03
1.3858094e+04 5.2415649e-03
1.3861935e+04 5.4146391e-03
1.3865779e+04 5.4456312e-03
1.3869626e+04 5.3239120e-03
1.3873474e+04 5.0856839e-03
1.3877325e+04 4.7594439e-03
1.3881177e+04 4.3458729e-03
1.3885032e+04 3.8409019e-03
1.3888889e+04 3.2918151e-03
1.3892748e+04 2.8076540e-03
1.3896610e+04 2.5203291e-03
1.3900472e+04 2.5044910e-03
1.3904338e+04 2.7309619e-03
1.3908206e+04 3.0791420e-03
1.3912076e+04 3.4024410e-03
1.3915948e+04 3.6234839e-03
1.3919821e+04 3.7549289e-03
1.3923698e+04 3.8574131e-03
1.3927577e+04 3.9655631e-03
1.3931457e+04 4.0513072e-03
1.3935340e+04 4.0483661e-03
1.3939225e+04 3.9221211e-03
1.3943112e+04 3.7099030e-03
1.3947001e+04 3.5087781e-03
1.3950893e+04 3.4128509e-03
1.3954787e+04 3.4504090e-03
1.3958682e+04 3.5734850e-03
1.3962580e+04 3.6884099e-03
1.3966480e+04 3.7092289e-03
1.3970383e+04 3.5963350e-03
1.3974288e+04 3.3508581e-03
1.3978194e+04 3.0065209e-03
1.3982103e+04 2.6273390e-03
1.3986014e+04 2.2974829e-03
1.3989927e+04 2.1178420e-03
1.3993843e+04 2.1628679e-03
1.3997760e+04 2.4449839e-03
1.4001680e+04 2.9094650e-03
1.4005602e+04 3.4456551e-03
1.4009527e+04 3.9343331e-03
1.4013453e+04 4.2927051e-03
1.4017381e+04 4.5019812e-03
1.4021312e+04 4.6074069e-03
1.4025245e+04 4.6856841e-03
1.4029181e+04 4.7940509e-03
1.4033119e+04 4.9424730e-03
1.4037057e+04 5.0798012e-03
1.4040999e+04 5.1209750e-03
1.4044944e+04 4.9929172e-03
1.4048890e+04 4.6736989e-03
1.4052839e+04 4.2074150e-03
1.4056789e+04 3.6741570e-03
1.4060742e+04 3.1467909e-03
1.4064698e+04 2.6635409e-03
1.4068655e+04 2.2336771e-03
1.4072615e+04 1.8522370e-03
1.4076576e+04 1.5255410e-03
1.4080540e+04 1.2694350e-03
1.4084507e+04 1.0979460e-03
1.4088476e+04 1.0101600e-03
1.4092447e+04 9.8822103e-04
1.4096419e+04 1.0183119e-03
1.4100395e+04 1.0970440e-03
1.4104372e+04 1.2352740e-03
1.4108352e+04 1.4472640e-03
1.4112335e+04 1.7357190e-03
1.4116318e+04 2.0934071e-03
1.4120305e+04 2.4983799e-03
1.4124294e+04 2.8988270e-03
1.4128285e+04 3.2096859e-03
1.4132279e+04 3.3277799e-03
1.4136273e+04 3.1737119e-03
1.4140271e+04 2.7569721e-03
1.4144272e+04 2.2001991e-03
1.4148274e+04 1.7090261e-03
1.4152279e+04 1.4836841e-03
1.4156285e+04 1.5950029e-03
1.4160294e+04 1.9569891e-03
1.4164306e+04 2.3465711e-03
1.4168320e+04 2.5431791e-03
1.4172336e+04 2.4262141e-03
1.4176353e+04 2.0345829e-03
1.4180374e+04 1.5248670e-03
1.4184397e+04 1.0934190e-03
1.4188422e+04 8.8301400e-04
1.4192450e+04 9.3142799e-04
1.4196479e+04 1.1864040e-03
1.4200511e+04 1.5454500e-03
1.4204545e+04 1.9126460e-03
1.4208582e+04 2.2207811e-03
1.4212621e+04 2.4497381e-03
1.4216661e+04 2.6148991e-03
1.4220705e+04 2.7544859e-03
1.4224751e+04 2.9144371e-03
1.4228799e+04 3.1180580e-03
1.4232850e+04 3.3354759e-03
1.4236902e+04 3.4908999e-03
1.4240957e+04 3.4881860e-03
1.4245014e+04 3.2612700e-03
1.4249074e+04 2.8379729e-03
1.4253136e+04 2.3420451e-03
1.4257199e+04 1.9533650e-03
1.4261266e+04 1.8067650e-03
1.4265335e+04 1.9205600e-03
1.4269407e+04 2.1694261e-03
1.4273480e+04 2.3501960e-03
1.4277555e+04 2.2893320e-03
1.4281634e+04 1.9366250e-03
1.4285714e+04 1.4038220e-03
