500  0.00
501  0.00
502  0.00
503  0.0027
504  0.0022
505  0.0027
506  0.0033
507  0.0033
508  0.0027
509  0.0033
510  0.0039
511  0.0055
512  0.0067
513  0.0095
514  0.0123
515  0.0162
516  0.0257
517  0.0357
518  0.0536
519  0.0850
520  0.1308
521  0.2024
522  0.2885
523  0.4121
524  0.5234
525  0.6107
526  0.6728
527  0.6974
528  0.6985
529  0.6627
530  0.6375
531  0.6152
532  0.5760
533  0.5760
534  0.5671
535  0.5497
536  0.5553
537  0.5408
538  0.5850
539  0.6068
540  0.6325
541  0.7086
542  0.7639
543  0.8338
544  0.8713
545  0.8803
546  0.9166
547  0.8920
548  0.8870
549  0.8680
550  0.8428
551  0.8596
552  0.8506
553  0.8394
554  0.8266
555  0.7852
556  0.7969
557  0.7902
558  0.7992
559  0.8573
560  0.8601
561  0.9116
562  0.9362
563  0.9345
564  0.9642
565  0.9312
566  0.9742
567  0.9692
568  0.9390
569  0.9809
570  0.9742
571  0.9658
572  0.9155
573  0.8361
574  0.7516
575  0.6336
576  0.5139
577  0.4060
578  0.3081
579  0.2416
580  0.1812
581  0.1364
582  0.0995
583  0.0727
584  0.0564
585  0.0425
586  0.0329
587  0.0262
588  0.0212
589  0.0167
590  0.0128
591  0.0106
592  0.0089
593  0.0067
594  0.0050
595  0.0050
596  0.0039
597  0.0027
598  0.00
599  0.00
600  0.00
