10.0e+003    0.00E+00
10.0020004e+003    1.54E-01
10.0040016e+003    1.55E-01
10.0060036e+003    1.57E-01
10.0080064e+003    1.57E-01
10.01001e+003    1.55E-01
10.0120144e+003    1.53E-01
10.0140196e+003    1.52E-01
10.0160256e+003    1.53E-01
10.0180325e+003    1.57E-01
10.0200401e+003    1.62E-01
10.0220485e+003    1.72E-01
10.0240577e+003    1.87E-01
10.0260678e+003    2.10E-01
10.0280786e+003    2.40E-01
10.0300903e+003    2.73E-01
10.0321027e+003    3.01E-01
10.034116e+003    3.19E-01
10.0361301e+003    3.25E-01
10.038145e+003    3.26E-01
10.0401606e+003    3.32E-01
10.0421771e+003    3.45E-01
10.0441945e+003    3.60E-01
10.0462126e+003    3.66E-01
10.0482315e+003    3.54E-01
10.0502513e+003    3.22E-01
10.0522718e+003    2.75E-01
10.0542932e+003    2.25E-01
10.0563154e+003    1.85E-01
10.0583384e+003    1.59E-01
10.0603622e+003    1.49E-01
10.0623868e+003    1.55E-01
10.0644122e+003    1.74E-01
10.0664385e+003    2.05E-01
10.0684656e+003    2.42E-01
10.0704935e+003    2.78E-01
10.0725222e+003    3.05E-01
10.0745517e+003    3.18E-01
10.076582e+003    3.15E-01
10.0786132e+003    3.01E-01
10.0806452e+003    2.83E-01
10.082678e+003    2.67E-01
10.0847116e+003    2.57E-01
10.086746e+003    2.52E-01
10.0887813e+003    2.51E-01
10.0908174e+003    2.49E-01
10.0928543e+003    2.45E-01
10.094892e+003    2.38E-01
10.0969305e+003    2.32E-01
10.0989699e+003    2.32E-01
10.1010101e+003    2.40E-01
10.1030511e+003    2.56E-01
10.105093e+003    2.79E-01
10.1071356e+003    3.03E-01
10.1091791e+003    3.25E-01
10.1112235e+003    3.44E-01
10.1132686e+003    3.62E-01
10.1153146e+003    3.81E-01
10.1173614e+003    4.02E-01
10.119409e+003    4.21E-01
10.1214575e+003    4.36E-01
10.1235068e+003    4.43E-01
10.1255569e+003    4.40E-01
10.1276079e+003    4.27E-01
10.1296596e+003    4.07E-01
10.1317123e+003    3.85E-01
10.1337657e+003    3.69E-01
10.13582e+003    3.62E-01
10.1378751e+003    3.64E-01
10.139931e+003    3.70E-01
10.1419878e+003    3.75E-01
10.1440454e+003    3.74E-01
10.1461039e+003    3.70E-01
10.1481632e+003    3.65E-01
10.1502233e+003    3.64E-01
10.1522843e+003    3.69E-01
10.1543461e+003    3.76E-01
10.1564087e+003    3.85E-01
10.1584722e+003    3.95E-01
10.1605365e+003    4.05E-01
10.1626016e+003    4.15E-01
10.1646676e+003    4.19E-01
10.1667344e+003    4.11E-01
10.1688021e+003    3.91E-01
10.1708706e+003    3.61E-01
10.17294e+003    3.32E-01
10.1750102e+003    3.14E-01
10.1770812e+003    3.17E-01
10.1791531e+003    3.38E-01
10.1812258e+003    3.73E-01
10.1832994e+003    4.11E-01
10.1853738e+003    4.41E-01
10.1874491e+003    4.60E-01
10.1895252e+003    4.66E-01
10.1916021e+003    4.65E-01
10.1936799e+003    4.62E-01
10.1957586e+003    4.62E-01
10.1978381e+003    4.64E-01
10.1999184e+003    4.63E-01
10.2019996e+003    4.53E-01
10.2040816e+003    4.30E-01
10.2061645e+003    3.99E-01
10.2082483e+003    3.70E-01
10.2103329e+003    3.55E-01
10.2124183e+003    3.59E-01
10.2145046e+003    3.80E-01
10.2165917e+003    4.08E-01
10.2186797e+003    4.34E-01
10.2207686e+003    4.51E-01
10.2228583e+003    4.60E-01
10.2249489e+003    4.67E-01
10.2270403e+003    4.75E-01
10.2291326e+003    4.83E-01
10.2312257e+003    4.85E-01
10.2333197e+003    4.75E-01
10.2354145e+003    4.51E-01
10.2375102e+003    4.18E-01
10.2396068e+003    3.89E-01
10.2417042e+003    3.74E-01
10.2438025e+003    3.81E-01
10.2459016e+003    4.12E-01
10.2480016e+003    4.58E-01
10.2501025e+003    5.07E-01
10.2522042e+003    5.46E-01
10.2543068e+003    5.66E-01
10.2564103e+003    5.67E-01
10.2585146e+003    5.56E-01
10.2606197e+003    5.38E-01
10.2627258e+003    5.21E-01
10.2648327e+003    5.05E-01
10.2669405e+003    4.90E-01
10.2690491e+003    4.72E-01
10.2711586e+003    4.49E-01
10.273269e+003    4.24E-01
10.2753802e+003    4.04E-01
10.2774923e+003    3.96E-01
10.2796053e+003    4.07E-01
10.2817191e+003    4.37E-01
10.2838338e+003    4.80E-01
10.2859494e+003    5.26E-01
10.2880658e+003    5.65E-01
10.2901832e+003    5.93E-01
10.2923014e+003    6.10E-01
10.2944204e+003    6.21E-01
10.2965404e+003    6.29E-01
10.2986612e+003    6.30E-01
10.3007829e+003    6.23E-01
10.3029054e+003    6.08E-01
10.3050289e+003    5.90E-01
10.3071532e+003    5.77E-01
10.3092784e+003    5.78E-01
10.3114044e+003    5.90E-01
10.3135314e+003    6.08E-01
10.3156592e+003    6.23E-01
10.3177879e+003    6.29E-01
10.3199174e+003    6.31E-01
10.3220479e+003    6.33E-01
10.3241792e+003    6.38E-01
10.3263114e+003    6.45E-01
10.3284445e+003    6.51E-01
10.3305785e+003    6.53E-01
10.3327134e+003    6.54E-01
10.3348491e+003    6.61E-01
10.3369857e+003    6.80E-01
10.3391232e+003    7.10E-01
10.3412616e+003    7.46E-01
10.3434009e+003    7.75E-01
10.3455411e+003    7.86E-01
10.3476821e+003    7.76E-01
10.3498241e+003    7.51E-01
10.3519669e+003    7.22E-01
10.3541106e+003    6.99E-01
10.3562552e+003    6.90E-01
10.3584007e+003    6.96E-01
10.360547e+003    7.13E-01
10.3626943e+003    7.40E-01
10.3648425e+003    7.70E-01
10.3669915e+003    8.03E-01
10.3691414e+003    8.34E-01
10.3712923e+003    8.64E-01
10.373444e+003    8.93E-01
10.3755966e+003    9.24E-01
10.3777501e+003    9.57E-01
10.3799045e+003    9.90E-01
10.3820598e+003    1.02E+00
10.384216e+003    1.03E+00
10.3863731e+003    1.03E+00
10.3885311e+003    1.02E+00
10.3906899e+003    1.01E+00
10.3928497e+003    9.86E-01
10.3950104e+003    9.68E-01
10.397172e+003    9.56E-01
10.3993344e+003    9.51E-01
10.4014978e+003    9.57E-01
10.4036621e+003    9.76E-01
10.4058273e+003    1.00E+00
10.4079933e+003    1.03E+00
10.4101603e+003    1.06E+00
10.4123282e+003    1.07E+00
10.414497e+003    1.06E+00
10.4166667e+003    1.04E+00
10.4188373e+003    1.02E+00
10.4210088e+003    9.97E-01
10.4231812e+003    9.88E-01
10.4253545e+003    9.93E-01
10.4275287e+003    1.01E+00
10.4297038e+003    1.05E+00
10.4318798e+003    1.09E+00
10.4340568e+003    1.14E+00
10.4362346e+003    1.19E+00
10.4384134e+003    1.23E+00
10.440593e+003    1.26E+00
10.4427736e+003    1.27E+00
10.4449551e+003    1.25E+00
10.4471375e+003    1.20E+00
10.4493208e+003    1.15E+00
10.451505e+003    1.11E+00
10.4536902e+003    1.08E+00
10.4558762e+003    1.07E+00
10.4580632e+003    1.09E+00
10.460251e+003    1.12E+00
10.4624398e+003    1.17E+00
10.4646296e+003    1.22E+00
10.4668202e+003    1.28E+00
10.4690117e+003    1.35E+00
10.4712042e+003    1.40E+00
10.4733976e+003    1.45E+00
10.4755919e+003    1.50E+00
10.4777871e+003    1.54E+00
10.4799832e+003    1.57E+00
10.4821803e+003    1.59E+00
10.4843783e+003    1.62E+00
10.4865772e+003    1.64E+00
10.488777e+003    1.67E+00
10.4909778e+003    1.71E+00
10.4931794e+003    1.74E+00
10.495382e+003    1.78E+00
10.4975856e+003    1.80E+00
10.49979e+003    1.81E+00
10.5019954e+003    1.79E+00
10.5042017e+003    1.76E+00
10.5064089e+003    1.73E+00
10.5086171e+003    1.71E+00
10.5108262e+003    1.71E+00
10.5130362e+003    1.74E+00
10.5152471e+003    1.79E+00
10.517459e+003    1.84E+00
10.5196718e+003    1.90E+00
10.5218855e+003    1.95E+00
10.5241002e+003    1.97E+00
10.5263158e+003    1.99E+00
10.5285323e+003    2.00E+00
10.5307498e+003    2.02E+00
10.5329682e+003    2.04E+00
10.5351875e+003    2.08E+00
10.5374078e+003    2.11E+00
10.539629e+003    2.16E+00
10.5418511e+003    2.20E+00
10.5440742e+003    2.24E+00
10.5462982e+003    2.28E+00
10.5485232e+003    2.33E+00
10.5507491e+003    2.38E+00
10.5529759e+003    2.43E+00
10.5552037e+003    2.48E+00
10.5574324e+003    2.53E+00
10.5596621e+003    2.60E+00
10.5618927e+003    2.66E+00
10.5641242e+003    2.71E+00
10.5663567e+003    2.75E+00
10.5685902e+003    2.76E+00
10.5708245e+003    2.75E+00
10.5730598e+003    2.73E+00
10.5752961e+003    2.71E+00
10.5775333e+003    2.71E+00
10.5797715e+003    2.73E+00
10.5820106e+003    2.77E+00
10.5842506e+003    2.85E+00
10.5864916e+003    2.94E+00
10.5887336e+003    3.05E+00
10.5909765e+003    3.14E+00
10.5932203e+003    3.23E+00
10.5954651e+003    3.29E+00
10.5977109e+003    3.33E+00
10.5999576e+003    3.35E+00
10.6022053e+003    3.35E+00
10.6044539e+003    3.36E+00
10.6067034e+003    3.38E+00
10.608954e+003    3.43E+00
10.6112054e+003    3.50E+00
10.6134579e+003    3.61E+00
10.6157113e+003    3.72E+00
10.6179656e+003    3.83E+00
10.6202209e+003    3.92E+00
10.6224772e+003    3.99E+00
10.6247344e+003    4.04E+00
10.6269926e+003    4.10E+00
10.6292517e+003    4.16E+00
10.6315118e+003    4.23E+00
10.6337729e+003    4.31E+00
10.6360349e+003    4.39E+00
10.6382979e+003    4.46E+00
10.6405618e+003    4.52E+00
10.6428267e+003    4.58E+00
10.6450926e+003    4.63E+00
10.6473595e+003    4.69E+00
10.6496273e+003    4.76E+00
10.651896e+003    4.84E+00
10.6541658e+003    4.94E+00
10.6564365e+003    5.07E+00
10.6587082e+003    5.23E+00
10.6609808e+003    5.40E+00
10.6632544e+003    5.58E+00
10.665529e+003    5.74E+00
10.6678046e+003    5.88E+00
10.6700811e+003    6.00E+00
10.6723586e+003    6.09E+00
10.6746371e+003    6.18E+00
10.6769165e+003    6.26E+00
10.6791969e+003    6.35E+00
10.6814783e+003    6.46E+00
10.6837607e+003    6.57E+00
10.686044e+003    6.69E+00
10.6883283e+003    6.79E+00
10.6906136e+003    6.87E+00
10.6928999e+003    6.94E+00
10.6951872e+003    7.00E+00
10.6974754e+003    7.08E+00
10.6997646e+003    7.20E+00
10.7020548e+003    7.35E+00
10.704346e+003    7.53E+00
10.7066381e+003    7.71E+00
10.7089312e+003    7.89E+00
10.7112254e+003    8.05E+00
10.7135205e+003    8.20E+00
10.7158165e+003    8.35E+00
10.7181136e+003    8.50E+00
10.7204117e+003    8.66E+00
10.7227107e+003    8.85E+00
10.7250107e+003    9.05E+00
10.7273117e+003    9.25E+00
10.7296137e+003    9.46E+00
10.7319167e+003    9.67E+00
10.7342207e+003    9.86E+00
10.7365257e+003    1.01E+01
10.7388316e+003    1.03E+01
10.7411386e+003    1.05E+01
10.7434465e+003    1.07E+01
10.7457554e+003    1.10E+01
10.7480653e+003    1.12E+01
10.7503763e+003    1.15E+01
10.7526882e+003    1.17E+01
10.7550011e+003    1.19E+01
10.757315e+003    1.21E+01
10.7596299e+003    1.23E+01
10.7619458e+003    1.25E+01
10.7642626e+003    1.28E+01
10.7665805e+003    1.30E+01
10.7688994e+003    1.33E+01
10.7712193e+003    1.35E+01
10.7735402e+003    1.38E+01
10.7758621e+003    1.40E+01
10.778185e+003    1.43E+01
10.7805088e+003    1.46E+01
10.7828337e+003    1.49E+01
10.7851596e+003    1.52E+01
10.7874865e+003    1.55E+01
10.7898144e+003    1.58E+01
10.7921433e+003    1.62E+01
10.7944732e+003    1.65E+01
10.7968041e+003    1.69E+01
10.7991361e+003    1.72E+01
10.801469e+003    1.76E+01
10.8038029e+003    1.79E+01
10.8061379e+003    1.83E+01
10.8084738e+003    1.87E+01
10.8108108e+003    1.91E+01
10.8131488e+003    1.95E+01
10.8154878e+003    1.99E+01
10.8178278e+003    2.03E+01
10.8201688e+003    2.07E+01
10.8225108e+003    2.11E+01
10.8248539e+003    2.16E+01
10.8271979e+003    2.20E+01
10.829543e+003    2.25E+01
10.8318891e+003    2.29E+01
10.8342362e+003    2.34E+01
10.8365843e+003    2.38E+01
10.8389334e+003    2.43E+01
10.8412836e+003    2.47E+01
10.8436348e+003    2.52E+01
10.845987e+003    2.57E+01
10.8483402e+003    2.61E+01
10.8506944e+003    2.67E+01
10.8530497e+003    2.72E+01
10.855406e+003    2.78E+01
10.8577633e+003    2.84E+01
10.8601216e+003    2.90E+01
10.862481e+003    2.96E+01
10.8648414e+003    3.02E+01
10.8672028e+003    3.08E+01
10.8695652e+003    3.14E+01
10.8719287e+003    3.20E+01
10.8742932e+003    3.26E+01
10.8766587e+003    3.32E+01
10.8790252e+003    3.38E+01
10.8813928e+003    3.45E+01
10.8837614e+003    3.52E+01
10.8861311e+003    3.59E+01
10.8885017e+003    3.66E+01
10.8908734e+003    3.73E+01
10.8932462e+003    3.80E+01
10.89562e+003    3.87E+01
10.8979948e+003    3.94E+01
10.9003706e+003    4.00E+01
10.9027475e+003    4.07E+01
10.9051254e+003    4.14E+01
10.9075044e+003    4.21E+01
10.9098844e+003    4.29E+01
10.9122654e+003    4.37E+01
10.9146475e+003    4.45E+01
10.9170306e+003    4.53E+01
10.9194147e+003    4.62E+01
10.9217999e+003    4.70E+01
10.9241861e+003    4.77E+01
10.9265734e+003    4.85E+01
10.9289617e+003    4.93E+01
10.9313511e+003    5.01E+01
10.9337415e+003    5.09E+01
10.936133e+003    5.17E+01
10.9385255e+003    5.25E+01
10.940919e+003    5.34E+01
10.9433136e+003    5.42E+01
10.9457093e+003    5.51E+01
10.948106e+003    5.60E+01
10.9505037e+003    5.69E+01
10.9529025e+003    5.78E+01
10.9553024e+003    5.87E+01
10.9577033e+003    5.96E+01
10.9601052e+003    6.05E+01
10.9625082e+003    6.13E+01
10.9649123e+003    6.22E+01
10.9673174e+003    6.30E+01
10.9697236e+003    6.38E+01
10.9721308e+003    6.47E+01
10.9745391e+003    6.55E+01
10.9769484e+003    6.64E+01
10.9793588e+003    6.73E+01
10.9817703e+003    6.81E+01
10.9841828e+003    6.90E+01
10.9865964e+003    6.98E+01
10.989011e+003    7.07E+01
10.9914267e+003    7.16E+01
10.9938434e+003    7.24E+01
10.9962613e+003    7.32E+01
10.9986802e+003    7.39E+01
11.0011001e+003    7.46E+01
11.0035211e+003    7.54E+01
11.0059432e+003    7.61E+01
11.0083664e+003    7.68E+01
11.0107906e+003    7.76E+01
11.0132159e+003    7.83E+01
11.0156422e+003    7.90E+01
11.0180696e+003    7.97E+01
11.0204981e+003    8.04E+01
11.0229277e+003    8.11E+01
11.0253583e+003    8.17E+01
11.02779e+003    8.24E+01
11.0302228e+003    8.30E+01
11.0326567e+003    8.37E+01
11.0350916e+003    8.43E+01
11.0375276e+003    8.49E+01
11.0399647e+003    8.55E+01
11.0424028e+003    8.61E+01
11.0448421e+003    8.66E+01
11.0472824e+003    8.72E+01
11.0497238e+003    8.77E+01
11.0521662e+003    8.82E+01
11.0546098e+003    8.87E+01
11.0570544e+003    8.91E+01
11.0595001e+003    8.95E+01
11.0619469e+003    8.99E+01
11.0643948e+003    9.03E+01
11.0668437e+003    9.06E+01
11.0692938e+003    9.09E+01
11.0717449e+003    9.12E+01
11.0741971e+003    9.15E+01
11.0766504e+003    9.19E+01
11.0791048e+003    9.22E+01
11.0815603e+003    9.26E+01
11.0840168e+003    9.29E+01
11.0864745e+003    9.33E+01
11.0889332e+003    9.35E+01
11.0913931e+003    9.37E+01
11.093854e+003    9.39E+01
11.096316e+003    9.40E+01
11.0987791e+003    9.42E+01
11.1012433e+003    9.43E+01
11.1037086e+003    9.45E+01
11.106175e+003    9.46E+01
11.1086425e+003    9.47E+01
11.1111111e+003    9.48E+01
11.1135808e+003    9.49E+01
11.1160516e+003    9.50E+01
11.1185235e+003    9.51E+01
11.1209964e+003    9.53E+01
11.1234705e+003    9.54E+01
11.1259457e+003    9.55E+01
11.128422e+003    9.55E+01
11.1308994e+003    9.55E+01
11.1333779e+003    9.54E+01
11.1358575e+003    9.54E+01
11.1383382e+003    9.53E+01
11.14082e+003    9.52E+01
11.1433029e+003    9.52E+01
11.1457869e+003    9.52E+01
11.148272e+003    9.51E+01
11.1507583e+003    9.51E+01
11.1532456e+003    9.51E+01
11.155734e+003    9.50E+01
11.1582236e+003    9.50E+01
11.1607143e+003    9.49E+01
11.1632061e+003    9.48E+01
11.165699e+003    9.46E+01
11.168193e+003    9.45E+01
11.1706881e+003    9.43E+01
11.1731844e+003    9.41E+01
11.1756817e+003    9.39E+01
11.1781802e+003    9.37E+01
11.1806798e+003    9.35E+01
11.1831805e+003    9.32E+01
11.1856823e+003    9.29E+01
11.1881853e+003    9.27E+01
11.1906893e+003    9.24E+01
11.1931945e+003    9.21E+01
11.1957009e+003    9.18E+01
11.1982083e+003    9.16E+01
11.2007168e+003    9.13E+01
11.2032265e+003    9.09E+01
11.2057373e+003    9.05E+01
11.2082493e+003    9.01E+01
11.2107623e+003    8.96E+01
11.2132765e+003    8.92E+01
11.2157918e+003    8.88E+01
11.2183083e+003    8.83E+01
11.2208259e+003    8.79E+01
11.2233446e+003    8.75E+01
11.2258644e+003    8.70E+01
11.2283854e+003    8.65E+01
11.2309075e+003    8.60E+01
11.2334307e+003    8.54E+01
11.2359551e+003    8.48E+01
11.2384806e+003    8.42E+01
11.2410072e+003    8.36E+01
11.243535e+003    8.30E+01
11.2460639e+003    8.24E+01
11.2485939e+003    8.17E+01
11.2511251e+003    8.11E+01
11.2536574e+003    8.04E+01
11.2561909e+003    7.96E+01
11.2587255e+003    7.88E+01
11.2612613e+003    7.81E+01
11.2637982e+003    7.72E+01
11.2663362e+003    7.64E+01
11.2688754e+003    7.56E+01
11.2714157e+003    7.47E+01
11.2739572e+003    7.38E+01
11.2764998e+003    7.29E+01
11.2790435e+003    7.20E+01
11.2815884e+003    7.11E+01
11.2841345e+003    7.03E+01
11.2866817e+003    6.94E+01
11.2892301e+003    6.85E+01
11.2917796e+003    6.75E+01
11.2943302e+003    6.65E+01
11.2968821e+003    6.55E+01
11.299435e+003    6.45E+01
11.3019892e+003    6.35E+01
11.3045444e+003    6.24E+01
11.3071009e+003    6.14E+01
11.3096584e+003    6.04E+01
11.3122172e+003    5.93E+01
11.3147771e+003    5.83E+01
11.3173382e+003    5.74E+01
11.3199004e+003    5.64E+01
11.3224638e+003    5.53E+01
11.3250283e+003    5.43E+01
11.327594e+003    5.33E+01
11.3301609e+003    5.23E+01
11.3327289e+003    5.12E+01
11.3352981e+003    5.02E+01
11.3378685e+003    4.91E+01
11.34044e+003    4.80E+01
11.3430127e+003    4.70E+01
11.3455866e+003    4.60E+01
11.3481616e+003    4.50E+01
11.3507378e+003    4.40E+01
11.3533152e+003    4.31E+01
11.3558937e+003    4.21E+01
11.3584734e+003    4.12E+01
11.3610543e+003    4.03E+01
11.3636364e+003    3.93E+01
11.3662196e+003    3.84E+01
11.368804e+003    3.75E+01
11.3713896e+003    3.65E+01
11.3739763e+003    3.56E+01
11.3765643e+003    3.47E+01
11.3791534e+003    3.38E+01
11.3817437e+003    3.30E+01
11.3843352e+003    3.21E+01
11.3869278e+003    3.13E+01
11.3895216e+003    3.06E+01
11.3921167e+003    2.98E+01
11.3947129e+003    2.91E+01
11.3973102e+003    2.84E+01
11.3999088e+003    2.77E+01
11.4025086e+003    2.70E+01
11.4051095e+003    2.64E+01
11.4077116e+003    2.57E+01
11.4103149e+003    2.50E+01
11.4129194e+003    2.44E+01
11.4155251e+003    2.38E+01
11.418132e+003    2.32E+01
11.4207401e+003    2.26E+01
11.4233493e+003    2.20E+01
11.4259598e+003    2.14E+01
11.4285714e+003    2.08E+01
11.4311843e+003    2.03E+01
11.4337983e+003    1.98E+01
11.4364135e+003    1.93E+01
11.43903e+003    1.88E+01
11.4416476e+003    1.83E+01
11.4442664e+003    1.79E+01
11.4468864e+003    1.74E+01
11.4495077e+003    1.70E+01
11.4521301e+003    1.65E+01
11.4547537e+003    1.61E+01
11.4573786e+003    1.56E+01
11.4600046e+003    1.52E+01
11.4626318e+003    1.47E+01
11.4652603e+003    1.43E+01
11.4678899e+003    1.40E+01
11.4705208e+003    1.36E+01
11.4731528e+003    1.33E+01
11.4757861e+003    1.29E+01
11.4784206e+003    1.26E+01
11.4810563e+003    1.23E+01
11.4836932e+003    1.20E+01
11.4863313e+003    1.18E+01
11.4889706e+003    1.15E+01
11.4916111e+003    1.12E+01
11.4942529e+003    1.09E+01
11.4968958e+003    1.07E+01
11.49954e+003    1.04E+01
11.5021854e+003    1.01E+01
11.504832e+003    9.86E+00
11.5074799e+003    9.61E+00
11.5101289e+003    9.37E+00
11.5127792e+003    9.13E+00
11.5154307e+003    8.91E+00
11.5180834e+003    8.70E+00
11.5207373e+003    8.51E+00
11.5233925e+003    8.33E+00
11.5260489e+003    8.15E+00
11.5287065e+003    7.97E+00
11.5313653e+003    7.78E+00
11.5340254e+003    7.59E+00
11.5366867e+003    7.39E+00
11.5393492e+003    7.19E+00
11.5420129e+003    7.01E+00
11.5446779e+003    6.85E+00
11.5473441e+003    6.71E+00
11.5500116e+003    6.58E+00
11.5526802e+003    6.45E+00
11.5553501e+003    6.33E+00
11.5580213e+003    6.19E+00
11.5606936e+003    6.05E+00
11.5633673e+003    5.89E+00
11.5660421e+003    5.74E+00
11.5687182e+003    5.59E+00
11.5713955e+003    5.46E+00
11.5740741e+003    5.35E+00
11.5767539e+003    5.25E+00
11.5794349e+003    5.16E+00
11.5821172e+003    5.07E+00
11.5848007e+003    5.00E+00
11.5874855e+003    4.93E+00
11.5901715e+003    4.86E+00
11.5928588e+003    4.80E+00
11.5955473e+003    4.73E+00
11.5982371e+003    4.65E+00
11.6009281e+003    4.56E+00
11.6036203e+003    4.45E+00
11.6063138e+003    4.34E+00
11.6090086e+003    4.23E+00
11.6117046e+003    4.11E+00
11.6144019e+003    4.00E+00
11.6171004e+003    3.90E+00
11.6198001e+003    3.81E+00
11.6225012e+003    3.73E+00
11.6252034e+003    3.66E+00
11.627907e+003    3.60E+00
11.6306118e+003    3.53E+00
11.6333178e+003    3.47E+00
11.6360251e+003    3.41E+00
11.6387337e+003    3.35E+00
11.6414435e+003    3.31E+00
11.6441546e+003    3.28E+00
11.646867e+003    3.25E+00
11.6495806e+003    3.21E+00
11.6522955e+003    3.15E+00
11.6550117e+003    3.09E+00
11.6577291e+003    3.01E+00
11.6604478e+003    2.93E+00
11.6631677e+003    2.85E+00
11.6658889e+003    2.78E+00
11.6686114e+003    2.73E+00
11.6713352e+003    2.69E+00
11.6740602e+003    2.66E+00
11.6767865e+003    2.63E+00
11.6795141e+003    2.61E+00
11.682243e+003    2.58E+00
11.6849731e+003    2.55E+00
11.6877045e+003    2.51E+00
11.6904372e+003    2.49E+00
11.6931712e+003    2.46E+00
11.6959064e+003    2.42E+00
11.698643e+003    2.37E+00
11.7013808e+003    2.30E+00
11.7041199e+003    2.21E+00
11.7068602e+003    2.12E+00
11.7096019e+003    2.03E+00
11.7123448e+003    1.96E+00
11.715089e+003    1.93E+00
11.7178345e+003    1.95E+00
11.7205813e+003    1.99E+00
11.7233294e+003    2.03E+00
11.7260788e+003    2.06E+00
11.7288295e+003    2.05E+00
11.7315814e+003    2.01E+00
11.7343347e+003    1.97E+00
11.7370892e+003    1.94E+00
11.739845e+003    1.91E+00
11.7426022e+003    1.90E+00
11.7453606e+003    1.88E+00
11.7481203e+003    1.85E+00
11.7508813e+003    1.81E+00
11.7536436e+003    1.78E+00
11.7564072e+003    1.75E+00
11.7591722e+003    1.75E+00
11.7619384e+003    1.74E+00
11.7647059e+003    1.74E+00
11.7674747e+003    1.72E+00
11.7702448e+003    1.68E+00
11.7730162e+003    1.63E+00
11.775789e+003    1.58E+00
11.778563e+003    1.53E+00
11.7813384e+003    1.50E+00
11.784115e+003    1.49E+00
11.786893e+003    1.49E+00
11.7896722e+003    1.49E+00
11.7924528e+003    1.49E+00
11.7952347e+003    1.47E+00
11.7980179e+003    1.45E+00
11.8008025e+003    1.41E+00
11.8035883e+003    1.38E+00
11.8063754e+003    1.35E+00
11.8091639e+003    1.33E+00
11.8119537e+003    1.33E+00
11.8147448e+003    1.34E+00
11.8175372e+003    1.36E+00
11.820331e+003    1.36E+00
11.823126e+003    1.35E+00
11.8259224e+003    1.33E+00
11.8287201e+003    1.31E+00
11.8315192e+003    1.29E+00
11.8343195e+003    1.28E+00
11.8371212e+003    1.28E+00
11.8399242e+003    1.26E+00
11.8427286e+003    1.23E+00
11.8455342e+003    1.19E+00
11.8483412e+003    1.12E+00
11.8511496e+003    1.06E+00
11.8539592e+003    1.02E+00
11.8567702e+003    1.00E+00
11.8595825e+003    1.00E+00
11.8623962e+003    1.02E+00
11.8652112e+003    1.05E+00
11.8680275e+003    1.07E+00
11.8708452e+003    1.09E+00
11.8736642e+003    1.11E+00
11.8764846e+003    1.14E+00
11.8793062e+003    1.17E+00
11.8821293e+003    1.19E+00
11.8849536e+003    1.20E+00
11.8877794e+003    1.18E+00
11.8906064e+003    1.13E+00
11.8934348e+003    1.05E+00
11.8962646e+003    9.67E-01
11.8990957e+003    8.97E-01
11.9019281e+003    8.60E-01
11.9047619e+003    8.62E-01
11.907597e+003    9.00E-01
11.9104335e+003    9.57E-01
11.9132714e+003    1.02E+00
11.9161106e+003    1.06E+00
11.9189511e+003    1.08E+00
11.921793e+003    1.07E+00
11.9246363e+003    1.05E+00
11.9274809e+003    1.02E+00
11.9303269e+003    9.85E-01
11.9331742e+003    9.61E-01
11.9360229e+003    9.44E-01
11.938873e+003    9.26E-01
11.9417244e+003    9.02E-01
11.9445772e+003    8.64E-01
11.9474313e+003    8.15E-01
11.9502868e+003    7.66E-01
11.9531437e+003    7.29E-01
11.9560019e+003    7.16E-01
11.9588615e+003    7.25E-01
11.9617225e+003    7.48E-01
11.9645848e+003    7.72E-01
11.9674485e+003    7.85E-01
11.9703136e+003    7.82E-01
11.9731801e+003    7.63E-01
11.9760479e+003    7.36E-01
11.9789171e+003    7.06E-01
11.9817877e+003    6.84E-01
11.9846596e+003    6.78E-01
11.987533e+003    6.94E-01
11.9904077e+003    7.31E-01
11.9932838e+003    7.82E-01
11.9961612e+003    8.28E-01
11.9990401e+003    8.51E-01
12.0019203e+003    8.37E-01
12.0048019e+003    7.83E-01
12.0076849e+003    7.02E-01
12.0105693e+003    6.18E-01
12.0134551e+003    5.58E-01
12.0163422e+003    5.37E-01
12.0192308e+003    5.58E-01
12.0221207e+003    6.05E-01
12.025012e+003    6.53E-01
12.0279047e+003    6.77E-01
12.0307988e+003    6.66E-01
12.0336943e+003    6.23E-01
12.0365912e+003    5.67E-01
12.0394895e+003    5.21E-01
12.0423892e+003    4.97E-01
12.0452903e+003    4.97E-01
12.0481928e+003    5.13E-01
12.0510966e+003    5.33E-01
12.0540019e+003    5.51E-01
12.0569086e+003    5.65E-01
12.0598167e+003    5.78E-01
12.0627262e+003    5.98E-01
12.0656371e+003    6.28E-01
12.0685494e+003    6.70E-01
12.0714631e+003    7.17E-01
12.0743782e+003    7.59E-01
12.0772947e+003    7.80E-01
12.0802126e+003    7.65E-01
12.0831319e+003    7.08E-01
12.0860527e+003    6.19E-01
12.0889749e+003    5.18E-01
12.0918984e+003    4.29E-01
12.0948234e+003    3.69E-01
12.0977498e+003    3.45E-01
12.1006776e+003    3.52E-01
12.1036069e+003    3.80E-01
12.1065375e+003    4.16E-01
12.1094696e+003    4.50E-01
12.1124031e+003    4.72E-01
12.115338e+003    4.80E-01
12.1182744e+003    4.73E-01
12.1212121e+003    4.57E-01
12.1241513e+003    4.37E-01
12.1270919e+003    4.16E-01
12.130034e+003    3.97E-01
12.1329774e+003    3.82E-01
12.1359223e+003    3.73E-01
12.1388687e+003    3.75E-01
12.1418164e+003    3.90E-01
12.1447656e+003    4.17E-01
12.1477162e+003    4.48E-01
12.1506683e+003    4.76E-01
12.1536218e+003    4.94E-01
12.1565767e+003    4.97E-01
12.1595331e+003    4.82E-01
12.1624909e+003    4.48E-01
12.1654501e+003    4.04E-01
12.1684108e+003    3.60E-01
12.1713729e+003    3.32E-01
12.1743365e+003    3.30E-01
12.1773015e+003    3.51E-01
12.180268e+003    3.86E-01
12.1832359e+003    4.17E-01
12.1862052e+003    4.31E-01
12.189176e+003    4.26E-01
12.1921483e+003    4.07E-01
12.195122e+003    3.84E-01
12.1980971e+003    3.66E-01
12.2010737e+003    3.51E-01
12.2040517e+003    3.36E-01
12.2070313e+003    3.13E-01
12.2100122e+003    2.82E-01
12.2129946e+003    2.43E-01
12.2159785e+003    2.03E-01
12.2189638e+003    1.69E-01
12.2219506e+003    1.49E-01
12.2249389e+003    1.47E-01
12.2279286e+003    1.70E-01
12.2309198e+003    2.18E-01
12.2339124e+003    2.85E-01
12.2369065e+003    3.56E-01
12.2399021e+003    4.13E-01
12.2428991e+003    4.38E-01
12.2458976e+003    4.21E-01
12.2488976e+003    3.70E-01
12.251899e+003    3.05E-01
12.254902e+003    2.50E-01
12.2579063e+003    2.21E-01
12.2609122e+003    2.18E-01
12.2639195e+003    2.26E-01
12.2669284e+003    2.29E-01
12.2699387e+003    2.17E-01
12.2729504e+003    1.95E-01
12.2759637e+003    1.80E-01
12.2789784e+003    1.85E-01
12.2819946e+003    2.11E-01
12.2850123e+003    2.45E-01
12.2880315e+003    2.67E-01
12.2910521e+003    2.64E-01
12.2940743e+003    2.35E-01
12.2970979e+003    1.97E-01
12.300123e+003    1.70E-01
12.3031496e+003    1.69E-01
12.3061777e+003    1.91E-01
12.3092073e+003    2.22E-01
12.3122384e+003    2.41E-01
12.3152709e+003    2.38E-01
12.318305e+003    2.16E-01
12.3213406e+003    1.89E-01
12.3243776e+003    1.75E-01
12.3274162e+003    1.82E-01
12.3304562e+003    2.01E-01
12.3334978e+003    2.19E-01
12.3365408e+003    2.21E-01
12.3395854e+003    2.07E-01
12.3426314e+003    1.89E-01
12.345679e+003    1.81E-01
12.3487281e+003    1.94E-01
12.3517787e+003    2.23E-01
12.3548307e+003    2.54E-01
12.3578843e+003    2.70E-01
12.3609394e+003    2.62E-01
12.363996e+003    2.34E-01
12.3670542e+003    2.00E-01
12.3701138e+003    1.75E-01
12.373175e+003    1.67E-01
12.3762376e+003    1.74E-01
12.3793018e+003    1.86E-01
12.3823675e+003    1.94E-01
12.3854347e+003    1.95E-01
12.3885035e+003    1.89E-01
12.3915737e+003    1.80E-01
12.3946455e+003    1.73E-01
12.3977188e+003    1.72E-01
12.4007937e+003    1.77E-01
12.40387e+003    1.88E-01
12.4069479e+003    2.04E-01
12.4100273e+003    2.24E-01
12.4131082e+003    2.46E-01
12.4161907e+003    2.68E-01
12.4192747e+003    2.89E-01
12.4223602e+003    3.05E-01
12.4254473e+003    3.15E-01
12.4285359e+003    3.17E-01
12.4316261e+003    3.11E-01
12.4347177e+003    3.02E-01
12.4378109e+003    2.93E-01
12.4409057e+003    2.84E-01
12.444002e+003    2.71E-01
12.4470998e+003    2.44E-01
12.4501992e+003    1.97E-01
12.4533001e+003    1.32E-01
12.4564026e+003    5.77E-02
12.4595066e+003    -9.04E-03
12.4626122e+003    -5.23E-02
12.4657193e+003    -6.22E-02
12.4688279e+003    -3.85E-02
12.4719381e+003    9.44E-03
12.4750499e+003    6.59E-02
12.4781632e+003    1.14E-01
12.4812781e+003    1.43E-01
12.4843945e+003    1.50E-01
12.4875125e+003    1.44E-01
12.490632e+003    1.33E-01
12.4937531e+003    1.26E-01
12.4968758e+003    1.25E-01
12.5e+003    0.00E+00
