3.16e+003    0
3.17e+003    0.0002536
3.18e+003    0.0006585
3.19e+003    0.001214
3.2e+003    0.00177
3.21e+003    0.002422
3.22e+003    0.003074
3.23e+003    0.004022
3.24e+003    0.005266
3.25e+003    0.006511
3.26e+003    0.006982
3.27e+003    0.007453
3.28e+003    0.008159
3.29e+003    0.009101
3.3e+003    0.01004
3.31e+003    0.0124
3.32e+003    0.01475
3.33e+003    0.01858
3.34e+003    0.02389
3.35e+003    0.02919
3.36e+003    0.03765
3.37e+003    0.0461
3.38e+003    0.05865
3.39e+003    0.07529
3.4e+003    0.09193
3.41e+003    0.117
3.42e+003    0.1421
3.43e+003    0.1728
3.44e+003    0.2092
3.45e+003    0.2455
3.46e+003    0.2996
3.47e+003    0.3537
3.48e+003    0.4028
3.49e+003    0.4467
3.5e+003    0.4907
3.51e+003    0.5326
3.52e+003    0.5744
3.53e+003    0.6103
3.54e+003    0.6402
3.55e+003    0.6702
3.56e+003    0.7072
3.57e+003    0.7443
3.58e+003    0.7717
3.59e+003    0.7892
3.6e+003    0.8068
3.61e+003    0.8086
3.62e+003    0.8104
3.63e+003    0.8195
3.64e+003    0.8359
3.65e+003    0.8524
3.66e+003    0.8566
3.67e+003    0.8608
3.68e+003    0.8796
3.69e+003    0.9128
3.7e+003    0.9461
3.71e+003    0.9454
3.72e+003    0.9446
3.73e+003    0.9554
3.74e+003    0.9777
3.75e+003    1
3.76e+003    0.9858
3.77e+003    0.9717
3.78e+003    0.9612
3.79e+003    0.9544
3.8e+003    0.9476
3.81e+003    0.9522
3.82e+003    0.9569
3.83e+003    0.9636
3.84e+003    0.9725
3.85e+003    0.9814
3.86e+003    0.9596
3.87e+003    0.9378
3.88e+003    0.8921
3.89e+003    0.8225
3.9e+003    0.7529
3.91e+003    0.6778
3.92e+003    0.6028
3.93e+003    0.5277
3.94e+003    0.4526
3.95e+003    0.3775
3.96e+003    0.3058
3.97e+003    0.234
3.98e+003    0.1761
3.99e+003    0.1321
4.0e+003    0.08819
4.01e+003    0.07062
4.02e+003    0.05304
4.03e+003    0.04099
4.04e+003    0.03445
4.05e+003    0.02792
4.06e+003    0.02478
4.07e+003    0.02164
4.08e+003    0.01826
4.09e+003    0.01465
4.1e+003    0.01104
4.11e+003    0.01068
4.12e+003    0.01031
4.13e+003    0.01015
4.14e+003    0.01017
4.15e+003    0.01019
4.16e+003    0.009796
4.17e+003    0.009397
4.18e+003    0.008721
4.19e+003    0.007767
4.2e+003    0.006813
4.21e+003    0.005026
4.22e+003    0.003238
4.23e+003    0.002023
4.24e+003    0.001383
4.25e+003    0.000743
4.26e+003    0.001335
4.27e+003    0.001927
4.28e+003    0.002259
4.29e+003    0.002331
4.3e+003    0.002403
4.31e+003    0.002114
4.32e+003    0.001824
4.33e+003    0.001804
4.34e+003    0.001851
4.35e+003    0.001998
4.36e+003    0.00195
4.37e+003    0.001901
4.38e+003    0.00198
4.39e+003    0.002185
4.4e+003    0.00239
4.41e+003    0.002246
4.42e+003    0.002101
4.43e+003    0.001581
4.44e+003    0.0006934
4.45e+003    0.0004171
4.46e+003    0.0007409
4.47e+003    0.0004029
4.48e+003    0.0004029
