11.1111111e+003    0.00E+00
11.1135808e+003    1.72E-01
11.1160516e+003    1.35E-01
11.1185235e+003    1.06E-01
11.1209964e+003    9.47E-02
11.1234705e+003    1.00E-01
11.1259457e+003    1.15E-01
11.128422e+003    1.29E-01
11.1308994e+003    1.34E-01
11.1333779e+003    1.28E-01
11.1358575e+003    1.16E-01
11.1383382e+003    1.09E-01
11.14082e+003    1.14E-01
11.1433029e+003    1.30E-01
11.1457869e+003    1.54E-01
11.148272e+003    1.73E-01
11.1507583e+003    1.81E-01
11.1532456e+003    1.74E-01
11.155734e+003    1.55E-01
11.1582236e+003    1.32E-01
11.1607143e+003    1.14E-01
11.1632061e+003    1.11E-01
11.165699e+003    1.23E-01
11.168193e+003    1.46E-01
11.1706881e+003    1.72E-01
11.1731844e+003    1.91E-01
11.1756817e+003    1.96E-01
11.1781802e+003    1.89E-01
11.1806798e+003    1.75E-01
11.1831805e+003    1.63E-01
11.1856823e+003    1.60E-01
11.1881853e+003    1.71E-01
11.1906893e+003    1.91E-01
11.1931945e+003    2.11E-01
11.1957009e+003    2.22E-01
11.1982083e+003    2.19E-01
11.2007168e+003    2.04E-01
11.2032265e+003    1.86E-01
11.2057373e+003    1.77E-01
11.2082493e+003    1.82E-01
11.2107623e+003    1.99E-01
11.2132765e+003    2.18E-01
11.2157918e+003    2.31E-01
11.2183083e+003    2.32E-01
11.2208259e+003    2.26E-01
11.2233446e+003    2.18E-01
11.2258644e+003    2.16E-01
11.2283854e+003    2.20E-01
11.2309075e+003    2.29E-01
11.2334307e+003    2.37E-01
11.2359551e+003    2.38E-01
11.2384806e+003    2.33E-01
11.2410072e+003    2.22E-01
11.243535e+003    2.09E-01
11.2460639e+003    2.00E-01
11.2485939e+003    2.00E-01
11.2511251e+003    2.11E-01
11.2536574e+003    2.29E-01
11.2561909e+003    2.48E-01
11.2587255e+003    2.57E-01
11.2612613e+003    2.52E-01
11.2637982e+003    2.40E-01
11.2663362e+003    2.34E-01
11.2688754e+003    2.47E-01
11.2714157e+003    2.82E-01
11.2739572e+003    3.29E-01
11.2764998e+003    3.70E-01
11.2790435e+003    3.87E-01
11.2815884e+003    3.78E-01
11.2841345e+003    3.55E-01
11.2866817e+003    3.37E-01
11.2892301e+003    3.39E-01
11.2917796e+003    3.63E-01
11.2943302e+003    3.97E-01
11.2968821e+003    4.22E-01
11.299435e+003    4.28E-01
11.3019892e+003    4.13E-01
11.3045444e+003    3.90E-01
11.3071009e+003    3.73E-01
11.3096584e+003    3.69E-01
11.3122172e+003    3.77E-01
11.3147771e+003    3.89E-01
11.3173382e+003    3.95E-01
11.3199004e+003    3.95E-01
11.3224638e+003    3.91E-01
11.3250283e+003    3.91E-01
11.327594e+003    4.01E-01
11.3301609e+003    4.20E-01
11.3327289e+003    4.39E-01
11.3352981e+003    4.49E-01
11.3378685e+003    4.46E-01
11.34044e+003    4.27E-01
11.3430127e+003    3.97E-01
11.3455866e+003    3.63E-01
11.3481616e+003    3.28E-01
11.3507378e+003    2.99E-01
11.3533152e+003    2.77E-01
11.3558937e+003    2.67E-01
11.3584734e+003    2.71E-01
11.3610543e+003    2.88E-01
11.3636364e+003    3.14E-01
11.3662196e+003    3.39E-01
11.368804e+003    3.56E-01
11.3713896e+003    3.62E-01
11.3739763e+003    3.61E-01
11.3765643e+003    3.57E-01
11.3791534e+003    3.58E-01
11.3817437e+003    3.61E-01
11.3843352e+003    3.65E-01
11.3869278e+003    3.63E-01
11.3895216e+003    3.52E-01
11.3921167e+003    3.35E-01
11.3947129e+003    3.17E-01
11.3973102e+003    3.03E-01
11.3999088e+003    2.99E-01
11.4025086e+003    3.07E-01
11.4051095e+003    3.24E-01
11.4077116e+003    3.48E-01
11.4103149e+003    3.76E-01
11.4129194e+003    4.06E-01
11.4155251e+003    4.39E-01
11.418132e+003    4.73E-01
11.4207401e+003    5.09E-01
11.4233493e+003    5.45E-01
11.4259598e+003    5.73E-01
11.4285714e+003    5.87E-01
11.4311843e+003    5.79E-01
11.4337983e+003    5.45E-01
11.4364135e+003    4.89E-01
11.43903e+003    4.22E-01
11.4416476e+003    3.58E-01
11.4442664e+003    3.13E-01
11.4468864e+003    2.91E-01
11.4495077e+003    2.95E-01
11.4521301e+003    3.17E-01
11.4547537e+003    3.51E-01
11.4573786e+003    3.88E-01
11.4600046e+003    4.22E-01
11.4626318e+003    4.51E-01
11.4652603e+003    4.78E-01
11.4678899e+003    5.06E-01
11.4705208e+003    5.43E-01
11.4731528e+003    5.88E-01
11.4757861e+003    6.37E-01
11.4784206e+003    6.78E-01
11.4810563e+003    6.98E-01
11.4836932e+003    6.87E-01
11.4863313e+003    6.47E-01
11.4889706e+003    5.87E-01
11.4916111e+003    5.18E-01
11.4942529e+003    4.55E-01
11.4968958e+003    4.05E-01
11.49954e+003    3.76E-01
11.5021854e+003    3.72E-01
11.504832e+003    3.95E-01
11.5074799e+003    4.43E-01
11.5101289e+003    5.06E-01
11.5127792e+003    5.70E-01
11.5154307e+003    6.20E-01
11.5180834e+003    6.46E-01
11.5207373e+003    6.49E-01
11.5233925e+003    6.36E-01
11.5260489e+003    6.22E-01
11.5287065e+003    6.15E-01
11.5313653e+003    6.15E-01
11.5340254e+003    6.14E-01
11.5366867e+003    6.01E-01
11.5393492e+003    5.72E-01
11.5420129e+003    5.28E-01
11.5446779e+003    4.80E-01
11.5473441e+003    4.42E-01
11.5500116e+003    4.22E-01
11.5526802e+003    4.24E-01
11.5553501e+003    4.47E-01
11.5580213e+003    4.86E-01
11.5606936e+003    5.35E-01
11.5633673e+003    5.89E-01
11.5660421e+003    6.45E-01
11.5687182e+003    6.97E-01
11.5713955e+003    7.42E-01
11.5740741e+003    7.76E-01
11.5767539e+003    7.99E-01
11.5794349e+003    8.13E-01
11.5821172e+003    8.21E-01
11.5848007e+003    8.21E-01
11.5874855e+003    8.10E-01
11.5901715e+003    7.87E-01
11.5928588e+003    7.52E-01
11.5955473e+003    7.14E-01
11.5982371e+003    6.86E-01
11.6009281e+003    6.82E-01
11.6036203e+003    7.11E-01
11.6063138e+003    7.72E-01
11.6090086e+003    8.54E-01
11.6117046e+003    9.35E-01
11.6144019e+003    9.96E-01
11.6171004e+003    1.02E+00
11.6198001e+003    9.97E-01
11.6225012e+003    9.44E-01
11.6252034e+003    8.81E-01
11.627907e+003    8.30E-01
11.6306118e+003    8.04E-01
11.6333178e+003    8.01E-01
11.6360251e+003    8.13E-01
11.6387337e+003    8.28E-01
11.6414435e+003    8.45E-01
11.6441546e+003    8.67E-01
11.646867e+003    9.02E-01
11.6495806e+003    9.47E-01
11.6522955e+003    9.95E-01
11.6550117e+003    1.03E+00
11.6577291e+003    1.06E+00
11.6604478e+003    1.07E+00
11.6631677e+003    1.07E+00
11.6658889e+003    1.07E+00
11.6686114e+003    1.07E+00
11.6713352e+003    1.07E+00
11.6740602e+003    1.08E+00
11.6767865e+003    1.09E+00
11.6795141e+003    1.11E+00
11.682243e+003    1.14E+00
11.6849731e+003    1.17E+00
11.6877045e+003    1.20E+00
11.6904372e+003    1.23E+00
11.6931712e+003    1.25E+00
11.6959064e+003    1.25E+00
11.698643e+003    1.26E+00
11.7013808e+003    1.27E+00
11.7041199e+003    1.29E+00
11.7068602e+003    1.33E+00
11.7096019e+003    1.38E+00
11.7123448e+003    1.41E+00
11.715089e+003    1.42E+00
11.7178345e+003    1.41E+00
11.7205813e+003    1.38E+00
11.7233294e+003    1.35E+00
11.7260788e+003    1.32E+00
11.7288295e+003    1.30E+00
11.7315814e+003    1.29E+00
11.7343347e+003    1.30E+00
11.7370892e+003    1.32E+00
11.739845e+003    1.35E+00
11.7426022e+003    1.41E+00
11.7453606e+003    1.47E+00
11.7481203e+003    1.53E+00
11.7508813e+003    1.58E+00
11.7536436e+003    1.62E+00
11.7564072e+003    1.62E+00
11.7591722e+003    1.62E+00
11.7619384e+003    1.60E+00
11.7647059e+003    1.59E+00
11.7674747e+003    1.59E+00
11.7702448e+003    1.61E+00
11.7730162e+003    1.65E+00
11.775789e+003    1.68E+00
11.778563e+003    1.71E+00
11.7813384e+003    1.71E+00
11.784115e+003    1.71E+00
11.786893e+003    1.70E+00
11.7896722e+003    1.70E+00
11.7924528e+003    1.72E+00
11.7952347e+003    1.75E+00
11.7980179e+003    1.78E+00
11.8008025e+003    1.82E+00
11.8035883e+003    1.86E+00
11.8063754e+003    1.90E+00
11.8091639e+003    1.94E+00
11.8119537e+003    1.97E+00
11.8147448e+003    1.99E+00
11.8175372e+003    2.00E+00
11.820331e+003    2.02E+00
11.823126e+003    2.06E+00
11.8259224e+003    2.11E+00
11.8287201e+003    2.17E+00
11.8315192e+003    2.23E+00
11.8343195e+003    2.27E+00
11.8371212e+003    2.28E+00
11.8399242e+003    2.28E+00
11.8427286e+003    2.27E+00
11.8455342e+003    2.28E+00
11.8483412e+003    2.31E+00
11.8511496e+003    2.38E+00
11.8539592e+003    2.45E+00
11.8567702e+003    2.53E+00
11.8595825e+003    2.60E+00
11.8623962e+003    2.67E+00
11.8652112e+003    2.72E+00
11.8680275e+003    2.77E+00
11.8708452e+003    2.80E+00
11.8736642e+003    2.82E+00
11.8764846e+003    2.83E+00
11.8793062e+003    2.84E+00
11.8821293e+003    2.86E+00
11.8849536e+003    2.90E+00
11.8877794e+003    2.95E+00
11.8906064e+003    3.01E+00
11.8934348e+003    3.06E+00
11.8962646e+003    3.12E+00
11.8990957e+003    3.17E+00
11.9019281e+003    3.22E+00
11.9047619e+003    3.27E+00
11.907597e+003    3.32E+00
11.9104335e+003    3.38E+00
11.9132714e+003    3.44E+00
11.9161106e+003    3.51E+00
11.9189511e+003    3.59E+00
11.921793e+003    3.67E+00
11.9246363e+003    3.75E+00
11.9274809e+003    3.81E+00
11.9303269e+003    3.87E+00
11.9331742e+003    3.92E+00
11.9360229e+003    3.97E+00
11.938873e+003    4.02E+00
11.9417244e+003    4.08E+00
11.9445772e+003    4.15E+00
11.9474313e+003    4.23E+00
11.9502868e+003    4.32E+00
11.9531437e+003    4.42E+00
11.9560019e+003    4.53E+00
11.9588615e+003    4.64E+00
11.9617225e+003    4.75E+00
11.9645848e+003    4.85E+00
11.9674485e+003    4.94E+00
11.9703136e+003    5.04E+00
11.9731801e+003    5.15E+00
11.9760479e+003    5.27E+00
11.9789171e+003    5.41E+00
11.9817877e+003    5.54E+00
11.9846596e+003    5.67E+00
11.987533e+003    5.79E+00
11.9904077e+003    5.90E+00
11.9932838e+003    6.00E+00
11.9961612e+003    6.11E+00
11.9990401e+003    6.23E+00
12.0019203e+003    6.36E+00
12.0048019e+003    6.50E+00
12.0076849e+003    6.66E+00
12.0105693e+003    6.83E+00
12.0134551e+003    7.01E+00
12.0163422e+003    7.19E+00
12.0192308e+003    7.36E+00
12.0221207e+003    7.52E+00
12.025012e+003    7.68E+00
12.0279047e+003    7.83E+00
12.0307988e+003    7.98E+00
12.0336943e+003    8.13E+00
12.0365912e+003    8.27E+00
12.0394895e+003    8.40E+00
12.0423892e+003    8.52E+00
12.0452903e+003    8.66E+00
12.0481928e+003    8.83E+00
12.0510966e+003    9.04E+00
12.0540019e+003    9.28E+00
12.0569086e+003    9.55E+00
12.0598167e+003    9.82E+00
12.0627262e+003    1.01E+01
12.0656371e+003    1.03E+01
12.0685494e+003    1.05E+01
12.0714631e+003    1.07E+01
12.0743782e+003    1.09E+01
12.0772947e+003    1.12E+01
12.0802126e+003    1.14E+01
12.0831319e+003    1.17E+01
12.0860527e+003    1.20E+01
12.0889749e+003    1.23E+01
12.0918984e+003    1.26E+01
12.0948234e+003    1.29E+01
12.0977498e+003    1.33E+01
12.1006776e+003    1.36E+01
12.1036069e+003    1.40E+01
12.1065375e+003    1.44E+01
12.1094696e+003    1.48E+01
12.1124031e+003    1.52E+01
12.115338e+003    1.56E+01
12.1182744e+003    1.60E+01
12.1212121e+003    1.64E+01
12.1241513e+003    1.68E+01
12.1270919e+003    1.72E+01
12.130034e+003    1.76E+01
12.1329774e+003    1.80E+01
12.1359223e+003    1.85E+01
12.1388687e+003    1.90E+01
12.1418164e+003    1.94E+01
12.1447656e+003    1.99E+01
12.1477162e+003    2.05E+01
12.1506683e+003    2.10E+01
12.1536218e+003    2.15E+01
12.1565767e+003    2.21E+01
12.1595331e+003    2.27E+01
12.1624909e+003    2.33E+01
12.1654501e+003    2.39E+01
12.1684108e+003    2.45E+01
12.1713729e+003    2.52E+01
12.1743365e+003    2.59E+01
12.1773015e+003    2.66E+01
12.180268e+003    2.73E+01
12.1832359e+003    2.80E+01
12.1862052e+003    2.88E+01
12.189176e+003    2.96E+01
12.1921483e+003    3.04E+01
12.195122e+003    3.12E+01
12.1980971e+003    3.20E+01
12.2010737e+003    3.29E+01
12.2040517e+003    3.38E+01
12.2070313e+003    3.46E+01
12.2100122e+003    3.55E+01
12.2129946e+003    3.64E+01
12.2159785e+003    3.73E+01
12.2189638e+003    3.82E+01
12.2219506e+003    3.91E+01
12.2249389e+003    4.01E+01
12.2279286e+003    4.11E+01
12.2309198e+003    4.21E+01
12.2339124e+003    4.32E+01
12.2369065e+003    4.43E+01
12.2399021e+003    4.53E+01
12.2428991e+003    4.64E+01
12.2458976e+003    4.75E+01
12.2488976e+003    4.86E+01
12.251899e+003    4.97E+01
12.254902e+003    5.08E+01
12.2579063e+003    5.19E+01
12.2609122e+003    5.30E+01
12.2639195e+003    5.42E+01
12.2669284e+003    5.54E+01
12.2699387e+003    5.65E+01
12.2729504e+003    5.77E+01
12.2759637e+003    5.89E+01
12.2789784e+003    6.01E+01
12.2819946e+003    6.13E+01
12.2850123e+003    6.24E+01
12.2880315e+003    6.36E+01
12.2910521e+003    6.47E+01
12.2940743e+003    6.59E+01
12.2970979e+003    6.71E+01
12.300123e+003    6.83E+01
12.3031496e+003    6.95E+01
12.3061777e+003    7.07E+01
12.3092073e+003    7.19E+01
12.3122384e+003    7.30E+01
12.3152709e+003    7.41E+01
12.318305e+003    7.52E+01
12.3213406e+003    7.62E+01
12.3243776e+003    7.72E+01
12.3274162e+003    7.82E+01
12.3304562e+003    7.92E+01
12.3334978e+003    8.03E+01
12.3365408e+003    8.13E+01
12.3395854e+003    8.22E+01
12.3426314e+003    8.32E+01
12.345679e+003    8.40E+01
12.3487281e+003    8.48E+01
12.3517787e+003    8.56E+01
12.3548307e+003    8.64E+01
12.3578843e+003    8.72E+01
12.3609394e+003    8.79E+01
12.363996e+003    8.86E+01
12.3670542e+003    8.93E+01
12.3701138e+003    9.00E+01
12.373175e+003    9.07E+01
12.3762376e+003    9.13E+01
12.3793018e+003    9.19E+01
12.3823675e+003    9.25E+01
12.3854347e+003    9.30E+01
12.3885035e+003    9.35E+01
12.3915737e+003    9.39E+01
12.3946455e+003    9.43E+01
12.3977188e+003    9.47E+01
12.4007937e+003    9.51E+01
12.40387e+003    9.55E+01
12.4069479e+003    9.58E+01
12.4100273e+003    9.61E+01
12.4131082e+003    9.64E+01
12.4161907e+003    9.67E+01
12.4192747e+003    9.70E+01
12.4223602e+003    9.72E+01
12.4254473e+003    9.75E+01
12.4285359e+003    9.77E+01
12.4316261e+003    9.79E+01
12.4347177e+003    9.80E+01
12.4378109e+003    9.82E+01
12.4409057e+003    9.83E+01
12.444002e+003    9.84E+01
12.4470998e+003    9.86E+01
12.4501992e+003    9.87E+01
12.4533001e+003    9.89E+01
12.4564026e+003    9.90E+01
12.4595066e+003    9.90E+01
12.4626122e+003    9.91E+01
12.4657193e+003    9.90E+01
12.4688279e+003    9.90E+01
12.4719381e+003    9.89E+01
12.4750499e+003    9.89E+01
12.4781632e+003    9.89E+01
12.4812781e+003    9.89E+01
12.4843945e+003    9.88E+01
12.4875125e+003    9.88E+01
12.490632e+003    9.86E+01
12.4937531e+003    9.85E+01
12.4968758e+003    9.84E+01
12.5e+003    9.82E+01
12.5031258e+003    9.80E+01
12.5062531e+003    9.79E+01
12.509382e+003    9.77E+01
12.5125125e+003    9.75E+01
12.5156446e+003    9.73E+01
12.5187782e+003    9.71E+01
12.5219133e+003    9.70E+01
12.5250501e+003    9.68E+01
12.5281884e+003    9.66E+01
12.5313283e+003    9.64E+01
12.5344698e+003    9.61E+01
12.5376128e+003    9.57E+01
12.5407575e+003    9.54E+01
12.5439037e+003    9.50E+01
12.5470514e+003    9.46E+01
12.5502008e+003    9.42E+01
12.5533517e+003    9.38E+01
12.5565043e+003    9.34E+01
12.5596584e+003    9.30E+01
12.5628141e+003    9.25E+01
12.5659713e+003    9.21E+01
12.5691302e+003    9.16E+01
12.5722907e+003    9.11E+01
12.5754527e+003    9.06E+01
12.5786164e+003    9.00E+01
12.5817816e+003    8.93E+01
12.5849484e+003    8.87E+01
12.5881168e+003    8.80E+01
12.5912868e+003    8.73E+01
12.5944584e+003    8.66E+01
12.5976316e+003    8.59E+01
12.6008065e+003    8.52E+01
12.6039829e+003    8.44E+01
12.6071609e+003    8.37E+01
12.6103405e+003    8.29E+01
12.6135217e+003    8.20E+01
12.6167045e+003    8.10E+01
12.6198889e+003    8.01E+01
12.623075e+003    7.90E+01
12.6262626e+003    7.80E+01
12.6294519e+003    7.71E+01
12.6326427e+003    7.61E+01
12.6358352e+003    7.51E+01
12.6390293e+003    7.41E+01
12.642225e+003    7.31E+01
12.6454224e+003    7.21E+01
12.6486213e+003    7.10E+01
12.6518219e+003    6.99E+01
12.655024e+003    6.88E+01
12.6582278e+003    6.76E+01
12.6614333e+003    6.64E+01
12.6646403e+003    6.52E+01
12.667849e+003    6.40E+01
12.6710593e+003    6.28E+01
12.6742712e+003    6.16E+01
12.6774848e+003    6.05E+01
12.6807e+003    5.93E+01
12.6839168e+003    5.82E+01
12.6871352e+003    5.71E+01
12.6903553e+003    5.60E+01
12.6935771e+003    5.49E+01
12.6968004e+003    5.38E+01
12.7000254e+003    5.26E+01
12.703252e+003    5.14E+01
12.7064803e+003    5.02E+01
12.7097102e+003    4.90E+01
12.7129418e+003    4.79E+01
12.716175e+003    4.68E+01
12.7194098e+003    4.57E+01
12.7226463e+003    4.46E+01
12.7258844e+003    4.36E+01
12.7291242e+003    4.26E+01
12.7323657e+003    4.15E+01
12.7356088e+003    4.05E+01
12.7388535e+003    3.95E+01
12.7420999e+003    3.85E+01
12.7453479e+003    3.76E+01
12.7485977e+003    3.66E+01
12.751849e+003    3.57E+01
12.755102e+003    3.49E+01
12.7583567e+003    3.40E+01
12.7616131e+003    3.32E+01
12.7648711e+003    3.24E+01
12.7681307e+003    3.15E+01
12.7713921e+003    3.07E+01
12.7746551e+003    2.98E+01
12.7779198e+003    2.90E+01
12.7811861e+003    2.82E+01
12.7844541e+003    2.75E+01
12.7877238e+003    2.68E+01
12.7909951e+003    2.61E+01
12.7942682e+003    2.55E+01
12.7975429e+003    2.48E+01
12.8008193e+003    2.42E+01
12.8040973e+003    2.36E+01
12.807377e+003    2.30E+01
12.8106585e+003    2.24E+01
12.8139416e+003    2.18E+01
12.8172264e+003    2.12E+01
12.8205128e+003    2.06E+01
12.823801e+003    2.00E+01
12.8270908e+003    1.95E+01
12.8303823e+003    1.89E+01
12.8336756e+003    1.84E+01
12.8369705e+003    1.80E+01
12.8402671e+003    1.75E+01
12.8435654e+003    1.71E+01
12.8468654e+003    1.66E+01
12.8501671e+003    1.62E+01
12.8534704e+003    1.57E+01
12.8567755e+003    1.53E+01
12.8600823e+003    1.49E+01
12.8633908e+003    1.46E+01
12.866701e+003    1.42E+01
12.8700129e+003    1.38E+01
12.8733265e+003    1.35E+01
12.8766418e+003    1.31E+01
12.8799588e+003    1.28E+01
12.8832775e+003    1.24E+01
12.8865979e+003    1.21E+01
12.8899201e+003    1.18E+01
12.8932439e+003    1.15E+01
12.8965695e+003    1.12E+01
12.8998968e+003    1.10E+01
12.9032258e+003    1.08E+01
12.9065565e+003    1.06E+01
12.909889e+003    1.04E+01
12.9132231e+003    1.02E+01
12.916559e+003    9.96E+00
12.9198966e+003    9.72E+00
12.923236e+003    9.48E+00
12.926577e+003    9.23E+00
12.9299198e+003    8.98E+00
12.9332644e+003    8.72E+00
12.9366106e+003    8.47E+00
12.9399586e+003    8.22E+00
12.9433083e+003    7.99E+00
12.9466598e+003    7.78E+00
12.950013e+003    7.59E+00
12.9533679e+003    7.43E+00
12.9567245e+003    7.29E+00
12.9600829e+003    7.16E+00
12.9634431e+003    7.05E+00
12.966805e+003    6.93E+00
12.9701686e+003    6.81E+00
12.973534e+003    6.68E+00
12.9769011e+003    6.53E+00
12.98027e+003    6.36E+00
12.9836406e+003    6.18E+00
12.987013e+003    6.00E+00
12.9903871e+003    5.84E+00
12.993763e+003    5.68E+00
12.9971406e+003    5.53E+00
13.00052e+003    5.40E+00
13.0039012e+003    5.28E+00
13.0072841e+003    5.17E+00
13.0106687e+003    5.06E+00
13.0140552e+003    4.95E+00
13.0174434e+003    4.83E+00
13.0208333e+003    4.72E+00
13.0242251e+003    4.62E+00
13.0276186e+003    4.55E+00
13.0310138e+003    4.50E+00
13.0344108e+003    4.45E+00
13.0378096e+003    4.40E+00
13.0412102e+003    4.32E+00
13.0446126e+003    4.21E+00
13.0480167e+003    4.09E+00
13.0514226e+003    3.95E+00
13.0548303e+003    3.82E+00
13.0582397e+003    3.68E+00
13.061651e+003    3.57E+00
13.065064e+003    3.48E+00
13.0684788e+003    3.42E+00
13.0718954e+003    3.39E+00
13.0753138e+003    3.37E+00
13.078734e+003    3.34E+00
13.0821559e+003    3.31E+00
13.0855797e+003    3.27E+00
13.0890052e+003    3.21E+00
13.0924326e+003    3.15E+00
13.0958617e+003    3.09E+00
13.0992926e+003    3.04E+00
13.1027254e+003    2.98E+00
13.1061599e+003    2.93E+00
13.1095962e+003    2.88E+00
13.1130344e+003    2.83E+00
13.1164743e+003    2.78E+00
13.119916e+003    2.74E+00
13.1233596e+003    2.71E+00
13.1268049e+003    2.68E+00
13.1302521e+003    2.64E+00
13.1337011e+003    2.61E+00
13.1371519e+003    2.58E+00
13.1406045e+003    2.55E+00
13.1440589e+003    2.53E+00
13.1475151e+003    2.51E+00
13.1509732e+003    2.48E+00
13.154433e+003    2.45E+00
13.1578947e+003    2.40E+00
13.1613583e+003    2.34E+00
13.1648236e+003    2.26E+00
13.1682908e+003    2.18E+00
13.1717597e+003    2.10E+00
13.1752306e+003    2.02E+00
13.1787032e+003    1.95E+00
13.1821777e+003    1.89E+00
13.185654e+003    1.83E+00
13.1891322e+003    1.78E+00
13.1926121e+003    1.75E+00
13.196094e+003    1.73E+00
13.1995776e+003    1.73E+00
13.2030631e+003    1.73E+00
13.2065504e+003    1.72E+00
13.2100396e+003    1.71E+00
13.2135307e+003    1.70E+00
13.2170235e+003    1.69E+00
13.2205182e+003    1.68E+00
13.2240148e+003    1.68E+00
13.2275132e+003    1.68E+00
13.2310135e+003    1.68E+00
13.2345156e+003    1.70E+00
13.2380196e+003    1.71E+00
13.2415254e+003    1.71E+00
13.2450331e+003    1.69E+00
13.2485427e+003    1.64E+00
13.2520541e+003    1.57E+00
13.2555673e+003    1.50E+00
13.2590825e+003    1.46E+00
13.2625995e+003    1.44E+00
13.2661183e+003    1.45E+00
13.2696391e+003    1.47E+00
13.2731617e+003    1.48E+00
13.2766861e+003    1.47E+00
13.2802125e+003    1.44E+00
13.2837407e+003    1.40E+00
13.2872708e+003    1.36E+00
13.2908028e+003    1.32E+00
13.2943366e+003    1.29E+00
13.2978723e+003    1.28E+00
13.3014099e+003    1.27E+00
13.3049494e+003    1.26E+00
13.3084908e+003    1.25E+00
13.3120341e+003    1.22E+00
13.3155792e+003    1.17E+00
13.3191263e+003    1.11E+00
13.3226752e+003    1.05E+00
13.326226e+003    9.91E-01
13.3297787e+003    9.54E-01
13.3333333e+003    9.36E-01
13.3368898e+003    9.34E-01
13.3404482e+003    9.40E-01
13.3440085e+003    9.47E-01
13.3475707e+003    9.53E-01
13.3511348e+003    9.62E-01
13.3547009e+003    9.74E-01
13.3582688e+003    9.89E-01
13.3618386e+003    1.00E+00
13.3654103e+003    1.00E+00
13.368984e+003    9.87E-01
13.3725595e+003    9.62E-01
13.376137e+003    9.36E-01
13.3797164e+003    9.12E-01
13.3832976e+003    8.90E-01
13.3868809e+003    8.66E-01
13.390466e+003    8.33E-01
13.394053e+003    7.93E-01
13.397642e+003    7.52E-01
13.4012329e+003    7.22E-01
13.4048257e+003    7.12E-01
13.4084205e+003    7.24E-01
13.4120172e+003    7.54E-01
13.4156158e+003    7.93E-01
13.4192163e+003    8.32E-01
13.4228188e+003    8.64E-01
13.4264232e+003    8.80E-01
13.4300295e+003    8.76E-01
13.4336378e+003    8.49E-01
13.4372481e+003    8.03E-01
13.4408602e+003    7.52E-01
13.4444743e+003    7.14E-01
13.4480904e+003    7.04E-01
13.4517084e+003    7.23E-01
13.4553283e+003    7.60E-01
13.4589502e+003    7.92E-01
13.462574e+003    7.99E-01
13.4661998e+003    7.68E-01
13.4698276e+003    7.08E-01
13.4734573e+003    6.37E-01
13.4770889e+003    5.81E-01
13.4807226e+003    5.59E-01
13.4843581e+003    5.76E-01
13.4879957e+003    6.26E-01
13.4916352e+003    6.87E-01
13.4952767e+003    7.40E-01
13.4989201e+003    7.67E-01
13.5025655e+003    7.63E-01
13.5062129e+003    7.35E-01
13.5098622e+003    6.98E-01
13.5135135e+003    6.72E-01
13.5171668e+003    6.71E-01
13.5208221e+003    6.99E-01
13.5244793e+003    7.44E-01
13.5281385e+003    7.87E-01
13.5317997e+003    8.06E-01
13.5354629e+003    7.86E-01
13.5391281e+003    7.28E-01
13.5427952e+003    6.45E-01
13.5464644e+003    5.61E-01
13.5501355e+003    4.99E-01
13.5538086e+003    4.72E-01
13.5574837e+003    4.76E-01
13.5611608e+003    4.97E-01
13.5648399e+003    5.15E-01
13.568521e+003    5.17E-01
13.5722041e+003    5.02E-01
13.5758892e+003    4.77E-01
13.5795763e+003    4.57E-01
13.5832654e+003    4.53E-01
13.5869565e+003    4.69E-01
13.5906496e+003    5.01E-01
13.5943448e+003    5.40E-01
13.5980419e+003    5.75E-01
13.601741e+003    5.96E-01
13.6054422e+003    5.98E-01
13.6091453e+003    5.80E-01
13.6128505e+003    5.45E-01
13.6165577e+003    4.98E-01
13.620267e+003    4.47E-01
13.6239782e+003    4.00E-01
13.6276915e+003    3.63E-01
13.6314068e+003    3.41E-01
13.6351241e+003    3.35E-01
13.6388434e+003    3.38E-01
13.6425648e+003    3.41E-01
13.6462882e+003    3.40E-01
13.6500137e+003    3.33E-01
13.6537411e+003    3.29E-01
13.6574706e+003    3.35E-01
13.6612022e+003    3.58E-01
13.6649358e+003    3.94E-01
13.6686714e+003    4.32E-01
13.6724091e+003    4.59E-01
13.6761488e+003    4.66E-01
13.6798906e+003    4.53E-01
13.6836344e+003    4.25E-01
13.6873802e+003    3.93E-01
13.6911281e+003    3.64E-01
13.6948781e+003    3.39E-01
13.6986301e+003    3.14E-01
13.7023842e+003    2.85E-01
13.7061404e+003    2.54E-01
13.7098985e+003    2.29E-01
13.7136588e+003    2.26E-01
13.7174211e+003    2.58E-01
13.7211855e+003    3.27E-01
13.724952e+003    4.21E-01
13.7287205e+003    5.15E-01
13.7324911e+003    5.86E-01
13.7362637e+003    6.22E-01
13.7400385e+003    6.25E-01
13.7438153e+003    6.10E-01
13.7475942e+003    5.90E-01
13.7513751e+003    5.70E-01
13.7551582e+003    5.46E-01
13.7589433e+003    5.10E-01
13.7627305e+003    4.62E-01
13.7665198e+003    4.11E-01
13.7703112e+003    3.71E-01
13.7741047e+003    3.55E-01
13.7779002e+003    3.67E-01
13.7816979e+003    4.01E-01
13.7854977e+003    4.40E-01
13.7892995e+003    4.71E-01
13.7931034e+003    4.83E-01
13.7969095e+003    4.75E-01
13.8007176e+003    4.52E-01
13.8045279e+003    4.24E-01
13.8083402e+003    4.00E-01
13.8121547e+003    3.83E-01
13.8159713e+003    3.70E-01
13.8197899e+003    3.55E-01
13.8236107e+003    3.35E-01
13.8274336e+003    3.10E-01
13.8312586e+003    2.86E-01
13.8350858e+003    2.70E-01
13.838915e+003    2.68E-01
13.8427464e+003    2.79E-01
13.8465799e+003    3.01E-01
13.8504155e+003    3.26E-01
13.8542533e+003    3.47E-01
13.8580931e+003    3.56E-01
13.8619351e+003    3.46E-01
13.8657793e+003    3.16E-01
13.8696255e+003    2.70E-01
13.8734739e+003    2.19E-01
13.8773245e+003    1.77E-01
13.8811771e+003    1.54E-01
13.8850319e+003    1.53E-01
13.8888889e+003    1.71E-01
13.892748e+003    2.05E-01
13.8966092e+003    2.51E-01
13.9004726e+003    3.06E-01
13.9043382e+003    3.67E-01
13.9082058e+003    4.22E-01
13.9120757e+003    4.59E-01
13.9159477e+003    4.69E-01
13.9198218e+003    4.51E-01
13.9236981e+003    4.17E-01
13.9275766e+003    3.82E-01
13.9314572e+003    3.63E-01
13.93534e+003    3.69E-01
13.939225e+003    4.00E-01
13.9431121e+003    4.50E-01
13.9470014e+003    5.03E-01
13.9508929e+003    5.45E-01
13.9547865e+003    5.65E-01
13.9586823e+003    5.63E-01
13.9625803e+003    5.48E-01
13.9664804e+003    5.35E-01
13.9703828e+003    5.35E-01
13.9742873e+003    5.53E-01
13.978194e+003    5.80E-01
13.9821029e+003    6.05E-01
13.986014e+003    6.18E-01
13.9899273e+003    6.13E-01
13.9938427e+003    5.89E-01
13.9977604e+003    5.47E-01
14.0016802e+003    4.89E-01
14.0056022e+003    4.24E-01
14.0095265e+003    3.65E-01
14.0134529e+003    3.25E-01
14.0173816e+003    3.06E-01
14.0213124e+003    3.00E-01
14.0252454e+003    2.88E-01
14.0291807e+003    2.56E-01
14.0331182e+003    2.02E-01
14.0370578e+003    1.44E-01
14.0409997e+003    1.04E-01
14.0449438e+003    1.01E-01
14.0488901e+003    1.38E-01
14.0528387e+003    2.03E-01
14.0567894e+003    2.74E-01
14.0607424e+003    3.32E-01
14.0646976e+003    3.64E-01
14.068655e+003    3.67E-01
14.0726147e+003    3.42E-01
14.0765766e+003    3.01E-01
14.0805407e+003    2.58E-01
14.084507e+003    2.32E-01
14.0884756e+003    2.32E-01
14.0924464e+003    2.56E-01
14.0964195e+003    2.93E-01
14.1003948e+003    3.26E-01
14.1043724e+003    3.41E-01
14.1083521e+003    3.36E-01
14.1123342e+003    3.19E-01
14.1163185e+003    2.99E-01
14.120305e+003    2.83E-01
14.1242938e+003    2.74E-01
14.1282848e+003    2.71E-01
14.1322781e+003    2.72E-01
14.1362737e+003    2.75E-01
14.1402715e+003    2.79E-01
14.1442716e+003    2.81E-01
14.1482739e+003    2.82E-01
14.1522785e+003    2.82E-01
14.1562854e+003    2.84E-01
14.1602945e+003    2.92E-01
14.1643059e+003    3.05E-01
14.1683196e+003    3.18E-01
14.1723356e+003    3.24E-01
14.1763538e+003    3.16E-01
14.1803744e+003    2.86E-01
14.1843972e+003    2.36E-01
14.1884222e+003    1.72E-01
14.1924496e+003    1.06E-01
14.1964793e+003    5.42E-02
14.2005112e+003    2.86E-02
14.2045455e+003    3.12E-02
14.208582e+003    5.35E-02
14.2126208e+003    8.09E-02
14.2166619e+003    1.02E-01
14.2207053e+003    1.14E-01
14.2247511e+003    1.24E-01
14.2287991e+003    1.43E-01
14.2328494e+003    1.75E-01
14.2369021e+003    2.14E-01
14.240957e+003    2.49E-01
14.2450142e+003    2.69E-01
14.2490738e+003    2.75E-01
14.2531357e+003    2.74E-01
14.2571999e+003    2.74E-01
14.2612664e+003    2.75E-01
14.2653352e+003    2.70E-01
14.2694064e+003    2.45E-01
14.2734799e+003    1.92E-01
14.2775557e+003    1.16E-01
14.2816338e+003    3.46E-02
14.2857143e+003    0.00E+00
