2000   0.00
2002   0.00
2004   0.00
2006   0.00
2008   0.0024
2010   0.0057
2012   0.0036
2014   0.0024
2016   0.0027
2018   0.0009
2020   0.0081
2022   0.0069
2024   0.0030
2026   0.0033
2028   0.0063
2030   0.0036
2032   0.0036
2034   0.0036
2036   0.0036
2038   0.0057
2040   0.0030
2042   0.0039
2044   0.0075
2046   0.0078
2048   0.0094
2050   0.0097
2052   0.0115
2054   0.0081
2056   0.0106
2058   0.0039
2060   0.0118
2062   0.0063
2064   0.0130
2066   0.0133
2068   0.0051
2070   0.0115
2072   0.0075
2074   0.0136
2076   0.0091
2078   0.0106
2080   0.0145
2082   0.0266
2084   0.0297
2086   0.0439
2088   0.0521
2090   0.0746
2092   0.0976
2094   0.1313
2096   0.1805
2098   0.2324
2100   0.2918
2102   0.3734
2104   0.4487
2106   0.5449
2108   0.6410
2110   0.7123
2112   0.8076
2114   0.8631
2116   0.9293
2118   0.9693
2120   0.9863
2122   0.9954
2124   0.9821
2126   0.9842
2128   0.9672
2130   0.9405
2132   0.9305
2134   0.9068
2136   0.8810
2138   0.8501
2140   0.8446
2142   0.8255
2144   0.8082
2146   0.7791
2148   0.7448
2150   0.7038
2152   0.6234
2154   0.5579
2156   0.4493
2158   0.3674
2160   0.2836
2162   0.1947
2164   0.1395
2166   0.1010
2168   0.0628
2170   0.0385
2172   0.0412
2174   0.0221
2176   0.0160
2178   0.0100
2180   0.0139
2182   0.0100
2184   0.0166
2186   0.0072
2188   0.0042
2190   0.0072
2192   0.0069
2194   0.0115
2196   0.0078
2198   0.0054
2200   0.0024
2202   0.0030
2204   0.0054
2206   0.0057
2208   0.0027
2210   0.0042
2212   0.0033
2214   0.0045
2216   0.0109
2218   0.0057
2220   0.0069
2222   0.0118
2224   0.0066
2226   0.0103
2228   0.0094
2230   0.0121
2232   0.0033
2234   0.0081
2236   0.0057
2238   0.0124
2240   0.0142
2242   0.0094
2244   0.0045
2246   0.00
2248   0.00
2250   0.00
