620 0.00
621 0.00314
622 0.00251
623 0.00251
624 0.00188
625 0.00440
626 0.00628
627 0.00754
628 0.01132
629 0.01886
630 0.02389
631 0.03836
632 0.04968
633 0.07735
634 0.11761
635 0.16415
636 0.23018
637 0.30691
638 0.38993
639 0.46289
640 0.52830
641 0.58050
642 0.62327
643 0.65534
644 0.67169
645 0.70880
646 0.74276
647 0.77421
648 0.81320
649 0.84339
650 0.87547
651 0.91320
652 0.95597
653 0.98176
654 0.97484
655 0.96037
656 0.90628
657 0.80314
658 0.66540
659 0.50377
660 0.36478
661 0.25723
662 0.17169
663 0.11572
664 0.07798
665 0.05660
666 0.04150
667 0.03144
668 0.02641
669 0.02012
670 0.01572
671 0.01446
672 0.01132
673 0.00691
674 0.00691
675 0.00880
676 0.00817
677 0.00691
678 0.00377
679 0.0023
680 0.00
