8.475000e+03 1.613000e-03
8.547000e+03 1.740000e-03
8.621000e+03 1.699000e-03
8.696000e+03 1.827000e-03
8.772000e+03 1.856000e-03
8.850000e+03 2.263000e-03
8.929000e+03 2.704000e-03
9.009000e+03 2.881000e-03
9.091000e+03 3.395000e-03
9.174000e+03 4.037000e-03
9.259000e+03 4.408000e-03
9.346000e+03 4.696000e-03
9.434000e+03 5.972000e-03
9.524000e+03 6.877000e-03
9.615000e+03 8.071000e-03
9.709000e+03 1.058000e-02
9.804000e+03 1.392000e-02
9.901000e+03 2.532000e-02
1.000000e+04 3.120000e-02
1.001000e+04 3.915000e-02
1.005000e+04 4.956000e-02
1.009000e+04 6.273000e-02
1.013000e+04 8.085000e-02
1.016000e+04 1.072000e-01
1.020000e+04 1.418000e-01
1.025000e+04 1.912000e-01
1.029000e+04 2.587000e-01
1.033000e+04 3.430000e-01
1.037000e+04 4.484000e-01
1.042000e+04 5.760000e-01
1.045000e+04 7.119000e-01
1.049000e+04 8.271000e-01
1.054000e+04 9.177000e-01
1.058000e+04 9.712000e-01
1.063000e+04 9.959000e-01
1.067000e+04 1.000000e+00
1.072000e+04 9.877000e-01
1.075000e+04 9.630000e-01
1.080000e+04 9.341000e-01
1.085000e+04 9.094000e-01
1.089000e+04 9.012000e-01
1.094000e+04 9.218000e-01
1.099000e+04 9.547000e-01
1.104000e+04 9.835000e-01
1.107000e+04 9.835000e-01
1.112000e+04 9.424000e-01
1.117000e+04 8.600000e-01
1.122000e+04 7.448000e-01
1.127000e+04 6.090000e-01
1.133000e+04 4.772000e-01
1.138000e+04 3.636000e-01
1.142000e+04 2.751000e-01
1.147000e+04 2.089000e-01
1.152000e+04 1.607000e-01
1.157000e+04 1.261000e-01
1.163000e+04 1.035000e-01
1.168000e+04 8.949000e-02
1.174000e+04 8.043000e-02
1.178000e+04 7.261000e-02
1.183000e+04 6.726000e-02
1.189000e+04 6.150000e-02
1.195000e+04 5.244000e-02
1.200000e+04 4.339000e-02
1.206000e+04 3.783000e-02
1.212000e+04 3.598000e-02
1.217000e+04 3.561000e-02
1.222000e+04 3.507000e-02
1.229000e+04 3.351000e-02
1.235000e+04 3.186000e-02
1.241000e+04 2.939000e-02
1.247000e+04 2.664000e-02
1.253000e+04 2.322000e-02
1.258000e+04 2.054000e-02
1.264000e+04 1.972000e-02
1.271000e+04 1.935000e-02
1.277000e+04 1.770000e-02
1.284000e+04 1.577000e-02
1.290000e+04 1.433000e-02
1.297000e+04 1.318000e-02
1.302000e+04 1.149000e-02
1.309000e+04 9.635000e-03
1.316000e+04 8.071000e-03
1.323000e+04 6.836000e-03
1.330000e+04 6.054000e-03
1.337000e+04 5.478000e-03
1.344000e+04 5.149000e-03
1.350000e+04 5.066000e-03
1.357000e+04 4.696000e-03
1.364000e+04 3.996000e-03
1.372000e+04 3.292000e-03
1.379000e+04 2.551000e-03
1.387000e+04 2.074000e-03
1.395000e+04 2.144000e-03
1.401000e+04 6.054000e-03
1.408000e+04 7.865000e-03
1.416000e+04 2.724000e-03
1.425000e+04 8.759000e-04
1.433000e+04 3.779000e-04
1.441000e+04 6.084000e-04
1.449000e+04 6.537000e-04
1.456000e+04 8.101000e-04
1.464000e+04 6.670000e-05
1.473000e+04 0.000000e+00
1.481000e+04 1.762000e-04
