830  0.00
831  0.0007
832  0.00074
833  0.00074
834  0.00074
835  0.00222
836  0.00296
837  0.00370
838  0.00444
839  0.00518
840  0.00666
841  0.00963
842  0.01259
843  0.01851
844  0.02518
845  0.03703
846  0.05481
847  0.08074
848  0.11925
849  0.17925
850  0.25555
851  0.35481
852  0.46963
853  0.58592
854  0.70518
855  0.80740
856  0.86296
857  0.89407
858  0.91777
859  0.93629
860  0.94222
861  0.93629
862  0.92814
863  0.92518
864  0.93333
865  0.94888
866  0.95851
867  0.96740
868  0.98963
869  1      
870  0.97703
871  0.93777
872  0.86370
873  0.76888
874  0.65703
875  0.52963
876  0.40148
877  0.28888
878  0.19703
879  0.13111
880  0.08888
881  0.06148
882  0.04148
883  0.02963
884  0.02074
885  0.01555
886  0.01259
887  0.00888
888  0.00592
889  0.004
890  0.00
      