1000 0.00
1001 0.00106
1002 0.00212
1003 0.00106
1004 0.00212
1005 0.00106
1006 0.00212
1007 0.00212
1008 0.00318
1009 0.00637
1010 0.00850
1011 0.01169
1012 0.01594
1013 0.02656
1014 0.04038
1015 0.06482
1016 0.11370
1017 0.19659
1018 0.33262
1019 0.50371
1020 0.70350
1021 0.87353
1022 0.97449
1023 1      
1024 0.98193
1025 0.95111
1026 0.91604
1027 0.89904
1028 0.88522
1029 0.88735
1030 0.89691
1031 0.90329
1032 0.90010
1033 0.88735
1034 0.86928
1035 0.83847
1036 0.79596
1037 0.74070
1038 0.67587
1039 0.60786
1040 0.53453
1041 0.44527
1042 0.35281
1043 0.26142
1044 0.18597
1045 0.12752
1046 0.08714
1047 0.05632
1048 0.03825
1049 0.02337
1050 0.01381
1051 0.00956
1052 0.00531
1053 0.00318
1054 0.00106
1055 0.00
