400	0.0001782
401	0.0001859
402	0.0001188
403	0.0002501
404	5.08E-05
405	1.46E-05
406	0.0001359
407	0.0001823
408	0.0002506
409	8.39E-05
410	0.0002687
411	6.76E-05
412	5.05E-06
413	0.000102
414	0.0001279
415	0.0001037
416	2.76E-05
417	7.02E-05
418	0.0002134
419	0.0002055
420	0.0001248
421	0.0001173
422	0.0001875
423	4.35E-05
424	0.0001643
425	0.0001995
426	0.0002385
427	0.0001209
428	0.0002334
429	1.28E-05
430	7.98E-05
431	9.87E-05
432	3.36E-05
433	0.0001444
434	3.95E-05
435	7.79E-05
436	0.0001308
437	0.0001954
438	0.0001407
439	0.000232
440	0.000218
441	6.14E-05
442	0
443	2.00E-05
444	0.0002692
445	0.0002369
446	6.03E-05
447	0.0001113
448	1.19E-05
449	0.0001346
450	0.0001957
451	0.0001059
452	0.0001545
453	6.34E-05
454	8.13E-06
455	7.02E-05
456	0.0002521
457	0.0001513
458	0.0001108
459	0.0001928
460	0.0001762
461	0.0002281
462	2.80E-05
463	6.46E-05
464	7.35E-05
465	6.44E-05
466	0.0001545
467	0.0001683
468	7.64E-05
469	0.0001808
470	0.0001445
471	0.0001581
472	7.97E-05
473	0.000179
474	8.71E-05
475	0.0001809
476	3.35E-05
477	0.0002384
478	9.72E-05
479	0.0002257
480	0.0002517
481	0.0001531
482	6.15E-05
483	8.90E-05
484	1.31E-05
485	5.76E-05
486	5.85E-05
487	9.93E-05
488	0.0002
489	6.71E-05
490	0.0002033
491	0.0001669
492	0.0001053
493	0.0001302
494	0.0001641
495	1.82E-05
496	0.0001282
497	0.0001708
498	9.06E-05
499	7.86E-05
500	0.0002153
501	0.0001884
502	0.001327
503	0.004641
504	0.01326
505	0.01923
506	0.02917
507	0.04177
508	0.05304
509	0.06233
510	0.07558
511	0.08023
512	0.09549
513	0.09679
514	0.1074
515	0.124
516	0.1392
517	0.1598
518	0.1857
519	0.2109
520	0.248
521	0.2844
522	0.333
523	0.3846
524	0.4443
525	0.5158
526	0.5741
527	0.6477
528	0.7056
529	0.7531
530	0.7852
531	0.8083
532	0.8275
533	0.8482
534	0.8552
535	0.8685
536	0.8805
537	0.8971
538	0.8952
539	0.9158
540	0.9218
541	0.9416
542	0.9468
543	0.9655
544	0.9655
545	0.9674
546	0.9549
547	0.9454
548	0.9416
549	0.9449
550	0.9454
551	0.9408
552	0.9574
553	0.9536
554	0.9788
555	0.9813
556	1
557	0.9853
558	0.9734
559	0.9183
560	0.8647
561	0.793
562	0.7241
563	0.6472
564	0.5796
565	0.5
566	0.4337
567	0.3607
568	0.2985
569	0.2433
570	0.1949
571	0.1598
572	0.1207
573	0.09549
574	0.07691
575	0.05902
576	0.04245
577	0.02985
578	0.02122
579	0.01392
580	0.007957
581	0.003316
582	0.006632
583	0.0001246
584	9.62E-06
585	9.98E-05
586	0.0002418
587	0.0001937
588	0.0001111
589	4.39E-05
590	0.000244
591	0.0001753
592	5.64E-05
593	2.00E-05
594	2.88E-05
595	0.0001281
596	4.83E-05
597	7.20E-05
598	0.0001843
599	0.0001657
600	5.31E-05
601	0.0002279
602	0.0001694
603	9.03E-05
604	0.0001419
605	0.0001481
606	0.0002697
607	5.91E-05
608	0.0001164
609	0.0001317
610	0.0001266
611	0.0001169
612	0.0002285
613	0.0001636
614	6.20E-05
615	9.96E-05
616	4.81E-05
617	0.0002
618	0.0001479
619	0.0001863
620	2.40E-06
621	0.0001417
622	0.0002543
623	0.0002099
624	0.0001981
625	0.0001126
626	1.00E-04
627	4.09E-05
628	0.0002347
629	0.0001704
630	9.56E-05
631	0.0001033
632	5.20E-05
633	0.0002045
634	0.0001012
635	0.0002665
636	8.81E-05
637	9.78E-05
638	0.0001468
639	0.0001074
640	0.000248
641	9.20E-05
642	0.0002392
643	0.0001457
644	3.31E-05
645	7.66E-05
646	4.44E-05
647	0.0001213
648	0.0001463
649	4.87E-05
650	0.000185
651	0.0001628
652	4.61E-05
653	5.60E-05
654	0.0002383
655	0.0002369
656	0.0001854
657	0.0001067
658	6.47E-05
659	6.17E-05
660	0.0001485
661	0.0001218
662	9.48E-05
663	3.46E-05
664	6.27E-05
665	0.0001429
666	0.0001418
667	0.0001957
668	3.11E-05
669	5.66E-05
670	0.0002454
671	8.73E-05
672	7.24E-05
673	0.0002701
674	0.0001267
675	0.0001967
676	0.0002043
677	0.0001553
678	0.0002151
679	0.0002382
680	0.0001682
681	0.0001764
682	1.38E-05
683	0.0001218
684	6.04E-05
685	3.83E-05
686	2.33E-05
687	8.59E-05
688	1.18E-05
689	0.0002635
690	1.85E-06
691	0.00014
692	0.0001788
693	7.81E-05
694	5.38E-05
695	0.0001817
696	4.52E-06
697	0.0001025
698	4.11E-05
699	0.0001182
700	0.0001839
701	0.0001444
702	6.89E-06
703	0.0001384
704	4.55E-05
705	4.86E-05
706	9.28E-05
707	0.0001901
708	3.20E-05
709	0.0001482
710	0.0001956
711	0.0001676
712	8.81E-05
713	0.0001717
714	1.65E-05
715	0.000138
716	0.00011
717	7.71E-05
718	2.25E-05
719	0.0002064
720	5.25E-05
721	3.76E-05
722	0.0001685
723	0.0001663
724	0.0001462
725	6.38E-05
726	0.0001585
727	0.0001643
728	0.0001784
729	1.56E-05
730	0.0002704
731	0.0002151
732	0.0001909
733	8.23E-05
734	1.22E-06
735	0.0002051
736	0.0001905
737	0.0001765
738	7.65E-05
739	0.0001221
740	0.0001387
741	8.40E-05
742	0.0001931
743	0.0001106
744	0.0002624
745	0.0001746
746	0.0002105
747	9.12E-05
748	0.0002339
749	0.0001691
750	0.0001481
751	0.0001735
752	0.0002503
753	0.0001146
754	0.0001851
755	0.0001071
756	0.0001172
757	0.0001119
758	9.43E-05
759	8.61E-05
760	0.0001812
761	0.0002303
762	0.0001215
763	0.0002003
764	0.0002143
765	0.0001431
766	2.61E-05
767	3.65E-05
768	9.77E-05
769	5.35E-05
770	0.0001946
771	6.55E-05
772	3.52E-05
773	0.0001358
774	0.0001857
775	7.31E-05
776	7.13E-05
777	0.0001978
778	0.0002481
779	7.31E-05
780	0.000174
781	4.82E-05
782	8.33E-05
783	0.000182
784	0.0001146
785	0.0001019
786	0.0001221
787	0.0001413
788	0.0001331
789	0.0001279
790	0.0001319
791	0.0001268
792	0.0002629
793	1.66E-05
794	0.0001505
795	0.0001361
796	0.0001192
797	6.47E-05
798	0.0001932
799	0.0001371
800	1.09E-05
801	0.000174
802	0.0001993
803	3.36E-05
804	2.16E-05
805	7.76E-05
806	0.0001939
807	0.0001373
808	9.16E-05
809	0.000127
810	0.0002316
811	0.0001162
812	0.0001902
813	0.0001356
814	9.66E-05
815	9.56E-05
816	8.03E-05
817	0.0001588
818	0.000228
819	0.0001167
820	0.0002096
821	0.0001618
822	4.15E-05
823	0.0001354
824	0.0002409
825	0.0001469
826	5.68E-06
827	0.000161
828	1.67E-05
829	0.0001368
830	0.0001137
831	0.0001373
832	1.26E-05
833	0.0002261
834	2.09E-05
835	0.0001162
836	0.0001009
837	9.94E-05
838	9.03E-06
839	0.0001904
840	0.0001959
841	0.0001276
842	0.0001696
843	0.0001936
844	0.000245
845	0.0001821
846	0.0002278
847	0.0001261
848	0.0001493
849	4.55E-05
850	0.0001149
851	9.33E-05
852	6.53E-05
853	0.0001363
854	0.0001789
855	3.71E-05
856	4.29E-05
857	0.0001801
858	5.65E-05
859	8.25E-05
860	0.0002641
861	0.0001144
862	0.0002555
863	1.54E-05
864	2.41E-05
865	0.0001782
866	3.96E-05
867	7.18E-05
868	0.0002504
869	0.0001281
870	8.03E-06
871	6.00E-05
872	9.55E-05
873	0.0001021
874	0.0002494
875	0.0002188
876	4.14E-06
877	0.0002185
878	1.58E-05
879	0.0001541
880	0.0001622
881	7.41E-05
882	0.0001163
883	0.0002075
884	0.0002082
885	0.0001181
886	0.0001274
887	0.0001052
888	0.00025
889	0.0002265
890	3.58E-05
891	5.61E-05
892	0.0001069
893	3.27E-05
894	4.31E-05
895	9.77E-05
896	7.72E-05
897	0.0001427
898	0.0002704
899	0.0001431
900	0.0001509
901	0.0002348
902	6.71E-05
903	0.0001933
904	0.000155
905	9.73E-05
906	2.13E-05
907	4.59E-05
908	0.0001941
909	0.0001483
910	0.000128
911	0.0001368
912	7.02E-05
913	0.0001575
914	0.0002006
915	0.0001289
916	3.45E-05
917	4.70E-05
918	5.60E-05
919	1.03E-05
920	0.0001958
921	0.0001333
922	0.0001266
923	0.0001778
924	0.0001232
925	0.0002067
926	2.95E-05
927	0.0001079
928	4.20E-05
929	0.0001048
930	9.21E-05
931	0.0001057
932	2.32E-07
933	9.17E-05
934	0.0001049
935	0.0001635
936	3.48E-05
937	0.0001684
938	2.89E-05
939	0.0001489
940	0.0001579
941	0.0001552
942	0.0001883
943	0.0002433
944	0.000206
945	0.0002174
946	0.000243
947	0.0001466
948	1.10E-06
949	0.0001426
950	0.0001762
951	4.28E-05
952	0.000139
953	0.0001639
954	0.0001466
955	7.70E-05
956	5.07E-05
957	0.0001454
958	0.0002669
959	0.0001177
960	0.000171
961	0.0001941
962	0.0001479
963	0.0002191
964	0.0002429
965	5.87E-05
966	8.25E-05
967	0.0001631
968	4.87E-05
969	0.0001075
970	0.0001792
971	0.0001272
972	2.81E-05
973	0.0001596
974	0.0001343
975	0.0001764
976	0.0001981
977	4.80E-05
978	2.53E-05
979	8.31E-05
980	0.0002682
981	8.99E-05
982	0.0001988
983	0.0001616
984	0.0001769
985	0.0001824
986	9.20E-05
987	0.0001382
988	0.0001449
989	0.0001808
990	3.54E-05
991	3.55E-06
992	1.20E-05
993	0.000141
994	0.0001728
995	0.00014
996	0.0002115
997	9.63E-05
998	3.36E-06
999	0.0001895
1000	7.77E-05
1001	0.0001226
1002	1.42E-05
1003	0.0001999
1004	0.0001831
1005	0.0002263
1006	0.0002179
1007	0.000122
1008	5.71E-05
1009	0.0002668
1010	5.06E-05
1011	0.0002444
1012	0.0001554
1013	0.0001254
1014	0.0001483
1015	0.0002668
1016	0.0002457
1017	6.16E-05
1018	0.000137
1019	0.0001436
1020	9.26E-05
1021	0.0001104
1022	1.54E-05
1023	0.0001256
1024	3.79E-05
1025	9.22E-05
1026	8.03E-05
1027	0.0001451
1028	2.77E-05
1029	0.0001741
1030	0.0001851
1031	0.0001808
1032	0.0001131
1033	2.29E-05
1034	6.89E-05
1035	0.0001195
1036	0.0001613
1037	0.000157
1038	0.00019
1039	7.14E-05
1040	0.0001752
1041	0.0001419
1042	0.0001857
1043	6.26E-05
1044	4.34E-05
1045	8.71E-05
1046	9.21E-05
1047	0.0001987
1048	0.0001204
1049	0.0002259
1050	9.11E-05
1051	0.0002231
1052	9.83E-05
1053	0.0001475
1054	0.0001148
1055	0.0001059
1056	1.73E-05
1057	6.68E-05
1058	0.0002335
1059	0.0001796
1060	5.94E-05
1061	0.000134
1062	0.0001729
1063	0.0001513
1064	0.0002566
1065	3.33E-05
1066	0.0002418
1067	0.000122
1068	1.87E-05
1069	0.0001692
1070	0.0001158
1071	9.20E-05
1072	0.0002402
1073	0.0001719
1074	0.0002038
1075	0.0001322
1076	1.59E-05
1077	9.27E-05
1078	0.0001397
1079	0.0001457
1080	0.0002292
1081	0.0001577
1082	0.0002134
1083	0.0001759
1084	6.96E-05
1085	0.0002423
1086	1.25E-05
1087	4.99E-05
1088	0.0001007
1089	9.24E-05
1090	8.74E-05
1091	0.0001296
1092	0.000106
1093	9.80E-05
1094	9.76E-05
1095	0.0001918
1096	0.0001769
1097	0.0001156
1098	6.64E-05
1099	0.0001126
1100	5.75E-05
1101	8.17E-05
1102	0.0001026
1103	5.59E-05
1104	5.06E-05
1105	0.0001851
1106	5.64E-05
1107	3.81E-05
1108	0.000131
1109	0.0001326
1110	0.0001715
1111	0.0002367
1112	2.46E-05
1113	0.0001625
1114	0.0001267
1115	0.0001488
1116	0.0001602
1117	0.0002177
1118	0.0002447
1119	0.0001397
1120	5.52E-06
1121	0.0002051
1122	9.01E-05
1123	9.34E-05
1124	0.0002129
1125	6.09E-05
1126	0.0001324
1127	0.0001979
1128	0.0001964
1129	0.0001045
1130	6.93E-05
1131	0.0002086
1132	1.11E-05
1133	0.0001288
1134	2.89E-05
1135	4.76E-05
1136	5.79E-05
1137	0.0001539
1138	0.000145
1139	0.0001203
1140	0.0001497
1141	7.02E-05
1142	0.0001105
1143	0.0001339
1144	0.0001556
1145	0.0001472
1146	0.0001748
1147	0.0002295
1148	0.0002265
1149	0.0001767
1150	3.20E-05
1151	0.0002263
1152	0.000103
1153	0.000178
1154	5.30E-05
1155	0.0002454
1156	0.0001284
1157	2.59E-05
1158	0.0002215
1159	0.0001415
1160	0.0002045
1161	0.0001146
1162	0.0001405
1163	0.0001962
1164	0.0001308
1165	0.0001463
1166	8.68E-05
1167	9.21E-05
1168	9.46E-06
1169	0.0001951
1170	0.0002343
1171	0.0001163
1172	7.94E-05
1173	0.0001845
1174	0.0001935
1175	0.000119
1176	2.38E-05
1177	0.0001626
1178	6.54E-05
1179	3.88E-05
1180	9.97E-05
1181	9.49E-05
1182	0.0002667
1183	0.0001013
1184	5.99E-05
1185	6.42E-05
1186	0.0002375
1187	0.0001577
1188	0.0001186
1189	0.0001407
1190	7.97E-05
1191	0.0002068
1192	0.000201
1193	0.0001333
1194	7.66E-05
1195	7.39E-05
1196	9.93E-05
1197	0.000114
1198	0.0002398
1199	1.92E-05
1200	3.46E-05
