6.663113e+003    0.00E+00
6.6640011e+003    -3.24E-02
6.6648894e+003    -4.64E-02
6.6657779e+003    -6.23E-02
6.6666667e+003    -7.91E-02
6.6675557e+003    -9.59E-02
6.6684449e+003    -1.12E-01
6.6693344e+003    -1.26E-01
6.6702241e+003    -1.37E-01
6.6711141e+003    -1.47E-01
6.6720043e+003    -1.53E-01
6.6728947e+003    -1.58E-01
6.6737854e+003    -1.61E-01
6.6746763e+003    -1.61E-01
6.6755674e+003    -1.59E-01
6.6764588e+003    -1.55E-01
6.6773504e+003    -1.47E-01
6.6782423e+003    -1.36E-01
6.6791344e+003    -1.21E-01
6.6800267e+003    -1.03E-01
6.6809193e+003    -8.35E-02
6.6818121e+003    -6.41E-02
6.6827052e+003    -4.69E-02
6.6835984e+003    -3.38E-02
6.684492e+003    -2.62E-02
6.6853857e+003    -2.50E-02
6.6862798e+003    -3.02E-02
6.687174e+003    -4.10E-02
6.6880685e+003    -5.58E-02
6.6889632e+003    -7.26E-02
6.6898582e+003    -8.93E-02
6.6907534e+003    -1.04E-01
6.6916488e+003    -1.14E-01
6.6925445e+003    -1.18E-01
6.6934404e+003    -1.16E-01
6.6943366e+003    -1.07E-01
6.695233e+003    -9.16E-02
6.6961296e+003    -7.05E-02
6.6970265e+003    -4.50E-02
6.6979236e+003    -1.64E-02
6.698821e+003    1.35E-02
6.6997186e+003    4.28E-02
6.7006165e+003    6.96E-02
6.7015145e+003    9.17E-02
6.7024129e+003    1.07E-01
6.7033114e+003    1.14E-01
6.7042102e+003    1.11E-01
6.7051093e+003    9.88E-02
6.7060086e+003    7.71E-02
6.7069081e+003    4.75E-02
6.7078079e+003    1.23E-02
6.7087079e+003    -2.58E-02
6.7096082e+003    -6.39E-02
6.7105087e+003    -9.96E-02
6.7114094e+003    -1.31E-01
6.7123104e+003    -1.56E-01
6.7132116e+003    -1.74E-01
6.7141131e+003    -1.85E-01
6.7150148e+003    -1.91E-01
6.7159167e+003    -1.91E-01
6.7168189e+003    -1.88E-01
6.7177213e+003    -1.83E-01
6.718624e+003    -1.75E-01
6.7195269e+003    -1.66E-01
6.7204301e+003    -1.56E-01
6.7213335e+003    -1.44E-01
6.7222372e+003    -1.32E-01
6.7231411e+003    -1.17E-01
6.7240452e+003    -1.00E-01
6.7249496e+003    -8.24E-02
6.7258542e+003    -6.35E-02
6.726759e+003    -4.43E-02
6.7276642e+003    -2.57E-02
6.7285695e+003    -8.49E-03
6.7294751e+003    6.64E-03
6.7303809e+003    1.92E-02
6.731287e+003    2.89E-02
6.7321933e+003    3.54E-02
6.7330999e+003    3.87E-02
6.7340067e+003    3.89E-02
6.7349138e+003    3.63E-02
6.7358211e+003    3.11E-02
6.7367286e+003    2.38E-02
6.7376364e+003    1.47E-02
6.7385445e+003    4.40E-03
6.7394528e+003    -6.47E-03
6.7403613e+003    -1.73E-02
6.7412701e+003    -2.74E-02
6.7421791e+003    -3.62E-02
6.7430883e+003    -4.30E-02
6.7439978e+003    -4.70E-02
6.7449076e+003    -4.78E-02
6.7458176e+003    -4.49E-02
6.7467278e+003    -3.80E-02
6.7476383e+003    -2.72E-02
6.7485491e+003    -1.28E-02
6.74946e+003    4.59E-03
6.7503713e+003    2.39E-02
6.7512827e+003    4.40E-02
6.7521945e+003    6.38E-02
6.7531064e+003    8.21E-02
6.7540186e+003    9.77E-02
6.7549311e+003    1.10E-01
6.7558438e+003    1.18E-01
6.7567568e+003    1.22E-01
6.75767e+003    1.23E-01
6.7585834e+003    1.19E-01
6.7594971e+003    1.13E-01
6.760411e+003    1.05E-01
6.7613252e+003    9.64E-02
6.7622397e+003    8.81E-02
6.7631543e+003    8.15E-02
6.7640693e+003    7.77E-02
6.7649844e+003    7.74E-02
6.7658999e+003    8.11E-02
6.7668155e+003    8.84E-02
6.7677315e+003    9.85E-02
6.7686476e+003    1.10E-01
6.769564e+003    1.22E-01
6.7704807e+003    1.32E-01
6.7713976e+003    1.39E-01
6.7723148e+003    1.42E-01
6.7732322e+003    1.41E-01
6.7741498e+003    1.34E-01
6.7750678e+003    1.22E-01
6.7759859e+003    1.06E-01
6.7769043e+003    8.63E-02
6.777823e+003    6.47E-02
6.7787419e+003    4.25E-02
6.779661e+003    2.12E-02
6.7805804e+003    2.45E-03
6.7815001e+003    -1.22E-02
6.78242e+003    -2.11E-02
6.7833401e+003    -2.35E-02
6.7842605e+003    -1.89E-02
6.7851812e+003    -7.54E-03
6.7861021e+003    9.80E-03
6.7870232e+003    3.16E-02
6.7879446e+003    5.57E-02
6.7888663e+003    8.01E-02
6.7897882e+003    1.03E-01
6.7907103e+003    1.21E-01
6.7916327e+003    1.34E-01
6.7925554e+003    1.42E-01
6.7934783e+003    1.43E-01
6.7944014e+003    1.40E-01
6.7953248e+003    1.33E-01
6.7962485e+003    1.25E-01
6.7971724e+003    1.16E-01
6.7980965e+003    1.08E-01
6.7990209e+003    1.01E-01
6.7999456e+003    9.64E-02
6.8008705e+003    9.30E-02
6.8017957e+003    9.06E-02
6.8027211e+003    8.85E-02
6.8036468e+003    8.64E-02
6.8045727e+003    8.40E-02
6.8054988e+003    8.16E-02
6.8064253e+003    7.94E-02
6.8073519e+003    7.80E-02
6.8082789e+003    7.81E-02
6.809206e+003    8.02E-02
6.8101335e+003    8.49E-02
6.8110612e+003    9.24E-02
6.8119891e+003    1.03E-01
6.8129173e+003    1.16E-01
6.8138457e+003    1.31E-01
6.8147744e+003    1.47E-01
6.8157034e+003    1.63E-01
6.8166326e+003    1.76E-01
6.817562e+003    1.86E-01
6.8184917e+003    1.91E-01
6.8194217e+003    1.89E-01
6.8203519e+003    1.80E-01
6.8212824e+003    1.64E-01
6.8222131e+003    1.41E-01
6.8231441e+003    1.12E-01
6.8240753e+003    8.05E-02
6.8250068e+003    4.73E-02
6.8259386e+003    1.51E-02
6.8268706e+003    -1.42E-02
6.8278028e+003    -3.91E-02
6.8287353e+003    -5.84E-02
6.8296681e+003    -7.17E-02
6.8306011e+003    -7.91E-02
6.8315344e+003    -8.14E-02
6.8324679e+003    -7.93E-02
6.8334017e+003    -7.36E-02
6.8343357e+003    -6.53E-02
6.83527e+003    -5.50E-02
6.8362045e+003    -4.32E-02
6.8371393e+003    -3.06E-02
6.8380744e+003    -1.75E-02
6.8390097e+003    -4.42E-03
6.8399453e+003    7.82E-03
6.8408811e+003    1.88E-02
6.8418172e+003    2.76E-02
6.8427535e+003    3.40E-02
6.8436901e+003    3.79E-02
6.844627e+003    3.94E-02
6.8455641e+003    3.91E-02
6.8465014e+003    3.76E-02
6.8474391e+003    3.58E-02
6.8483769e+003    3.45E-02
6.8493151e+003    3.40E-02
6.8502535e+003    3.41E-02
6.8511921e+003    3.42E-02
6.852131e+003    3.32E-02
6.8530702e+003    2.97E-02
6.8540096e+003    2.23E-02
6.8549493e+003    1.05E-02
6.8558892e+003    -5.56E-03
6.8568294e+003    -2.52E-02
6.8577699e+003    -4.66E-02
6.8587106e+003    -6.74E-02
6.8596515e+003    -8.53E-02
6.8605928e+003    -9.85E-02
6.8615342e+003    -1.06E-01
6.862476e+003    -1.07E-01
6.863418e+003    -1.03E-01
6.8643602e+003    -9.43E-02
6.8653028e+003    -8.39E-02
6.8662455e+003    -7.30E-02
6.8671886e+003    -6.30E-02
6.8681319e+003    -5.48E-02
6.8690754e+003    -4.89E-02
6.8700192e+003    -4.45E-02
6.8709633e+003    -4.13E-02
6.8719076e+003    -3.83E-02
6.8728522e+003    -3.47E-02
6.8737971e+003    -3.01E-02
6.8747422e+003    -2.39E-02
6.8756876e+003    -1.62E-02
6.8766332e+003    -7.40E-03
6.8775791e+003    2.09E-03
6.8785252e+003    1.16E-02
6.8794717e+003    2.04E-02
6.8804183e+003    2.79E-02
6.8813653e+003    3.38E-02
6.8823125e+003    3.80E-02
6.8832599e+003    4.07E-02
6.8842076e+003    4.22E-02
6.8851556e+003    4.30E-02
6.8861038e+003    4.34E-02
6.8870523e+003    4.40E-02
6.8880011e+003    4.48E-02
6.8889501e+003    4.60E-02
6.8898994e+003    4.77E-02
6.890849e+003    4.98E-02
6.8917988e+003    5.22E-02
6.8927488e+003    5.46E-02
6.8936992e+003    5.71E-02
6.8946498e+003    5.94E-02
6.8956006e+003    6.15E-02
6.8965517e+003    6.33E-02
6.8975031e+003    6.45E-02
6.8984547e+003    6.49E-02
6.8994067e+003    6.43E-02
6.9003588e+003    6.25E-02
6.9013112e+003    5.93E-02
6.9022639e+003    5.45E-02
6.9032169e+003    4.82E-02
6.9041701e+003    4.06E-02
6.9051236e+003    3.19E-02
6.9060773e+003    2.28E-02
6.9070314e+003    1.36E-02
6.9079856e+003    4.78E-03
6.9089402e+003    -3.19E-03
6.909895e+003    -1.02E-02
6.91085e+003    -1.61E-02
6.9118054e+003    -2.11E-02
6.912761e+003    -2.56E-02
6.9137168e+003    -2.99E-02
6.9146729e+003    -3.43E-02
6.9156293e+003    -3.88E-02
6.916586e+003    -4.33E-02
6.9175429e+003    -4.75E-02
6.9185001e+003    -5.07E-02
6.9194575e+003    -5.18E-02
6.9204152e+003    -4.96E-02
6.9213732e+003    -4.32E-02
6.9223314e+003    -3.18E-02
6.9232899e+003    -1.53E-02
6.9242487e+003    6.33E-03
6.9252078e+003    3.19E-02
6.9261671e+003    6.01E-02
6.9271266e+003    8.90E-02
6.9280865e+003    1.17E-01
6.9290466e+003    1.41E-01
6.9300069e+003    1.60E-01
6.9309676e+003    1.74E-01
6.9319285e+003    1.80E-01
6.9328896e+003    1.81E-01
6.9338511e+003    1.76E-01
6.9348128e+003    1.68E-01
6.9357747e+003    1.57E-01
6.936737e+003    1.47E-01
6.9376995e+003    1.38E-01
6.9386622e+003    1.31E-01
6.9396253e+003    1.26E-01
6.9405886e+003    1.23E-01
6.9415521e+003    1.22E-01
6.942516e+003    1.20E-01
6.9434801e+003    1.18E-01
6.9444444e+003    1.14E-01
6.9454091e+003    1.08E-01
6.946374e+003    9.96E-02
6.9473392e+003    8.79E-02
6.9483046e+003    7.30E-02
6.9492703e+003    5.44E-02
6.9502363e+003    3.19E-02
6.9512026e+003    5.95E-03
6.9521691e+003    -2.30E-02
6.9531359e+003    -5.34E-02
6.9541029e+003    -8.31E-02
6.9550702e+003    -1.10E-01
6.9560378e+003    -1.31E-01
6.9570057e+003    -1.45E-01
6.9579738e+003    -1.50E-01
6.9589422e+003    -1.46E-01
6.9599109e+003    -1.34E-01
6.9608799e+003    -1.15E-01
6.9618491e+003    -9.18E-02
6.9628185e+003    -6.66E-02
6.9637883e+003    -4.19E-02
6.9647583e+003    -1.96E-02
6.9657286e+003    -1.09E-03
6.9666992e+003    1.31E-02
6.96767e+003    2.29E-02
6.9686411e+003    2.86E-02
6.9696125e+003    3.10E-02
6.9705841e+003    3.13E-02
6.9715561e+003    3.04E-02
6.9725282e+003    2.96E-02
6.9735007e+003    2.98E-02
6.9744734e+003    3.16E-02
6.9754464e+003    3.56E-02
6.9764197e+003    4.17E-02
6.9773932e+003    4.98E-02
6.9783671e+003    5.96E-02
6.9793412e+003    7.05E-02
6.9803155e+003    8.19E-02
6.9812901e+003    9.30E-02
6.982265e+003    1.03E-01
6.9832402e+003    1.12E-01
6.9842157e+003    1.20E-01
6.9851914e+003    1.26E-01
6.9861674e+003    1.32E-01
6.9871437e+003    1.37E-01
6.9881202e+003    1.42E-01
6.989097e+003    1.48E-01
6.9900741e+003    1.54E-01
6.9910515e+003    1.61E-01
6.9920291e+003    1.69E-01
6.993007e+003    1.76E-01
6.9939852e+003    1.82E-01
6.9949636e+003    1.85E-01
6.9959424e+003    1.86E-01
6.9969214e+003    1.84E-01
6.9979006e+003    1.78E-01
6.9988802e+003    1.70E-01
6.99986e+003    1.60E-01
7.0008401e+003    1.49E-01
7.0018205e+003    1.38E-01
7.0028011e+003    1.27E-01
7.003782e+003    1.18E-01
7.0047632e+003    1.10E-01
7.0057447e+003    1.03E-01
7.0067265e+003    9.84E-02
7.0077085e+003    9.47E-02
7.0086908e+003    9.20E-02
7.0096733e+003    9.02E-02
7.0106562e+003    8.90E-02
7.0116393e+003    8.81E-02
7.0126227e+003    8.74E-02
7.0136064e+003    8.63E-02
7.0145903e+003    8.47E-02
7.0155746e+003    8.17E-02
7.0165591e+003    7.71E-02
7.0175439e+003    7.03E-02
7.0185289e+003    6.13E-02
7.0195142e+003    5.02E-02
7.0204999e+003    3.74E-02
7.0214857e+003    2.37E-02
7.0224719e+003    1.04E-02
7.0234584e+003    -1.09E-03
7.0244451e+003    -9.51E-03
7.0254321e+003    -1.37E-02
7.0264193e+003    -1.27E-02
7.0274069e+003    -6.14E-03
7.0283947e+003    6.06E-03
7.0293828e+003    2.32E-02
7.0303712e+003    4.44E-02
7.0313599e+003    6.87E-02
7.0323488e+003    9.48E-02
7.033338e+003    1.22E-01
7.0343275e+003    1.48E-01
7.0353173e+003    1.74E-01
7.0363073e+003    1.99E-01
7.0372977e+003    2.22E-01
7.0382883e+003    2.43E-01
7.0392792e+003    2.62E-01
7.0402703e+003    2.78E-01
7.0412618e+003    2.91E-01
7.0422535e+003    3.00E-01
7.0432455e+003    3.06E-01
7.0442378e+003    3.09E-01
7.0452304e+003    3.10E-01
7.0462232e+003    3.08E-01
7.0472163e+003    3.04E-01
7.0482098e+003    3.00E-01
7.0492034e+003    2.96E-01
7.0501974e+003    2.92E-01
7.0511917e+003    2.89E-01
7.0521862e+003    2.87E-01
7.053181e+003    2.86E-01
7.0541761e+003    2.85E-01
7.0551714e+003    2.84E-01
7.0561671e+003    2.83E-01
7.057163e+003    2.82E-01
7.0581592e+003    2.81E-01
7.0591557e+003    2.79E-01
7.0601525e+003    2.78E-01
7.0611496e+003    2.78E-01
7.0621469e+003    2.79E-01
7.0631445e+003    2.82E-01
7.0641424e+003    2.87E-01
7.0651406e+003    2.95E-01
7.0661391e+003    3.04E-01
7.0671378e+003    3.15E-01
7.0681368e+003    3.25E-01
7.0691362e+003    3.36E-01
7.0701357e+003    3.45E-01
7.0711356e+003    3.52E-01
7.0721358e+003    3.57E-01
7.0731362e+003    3.60E-01
7.074137e+003    3.60E-01
7.075138e+003    3.59E-01
7.0761393e+003    3.57E-01
7.0771408e+003    3.55E-01
7.0781427e+003    3.54E-01
7.0791448e+003    3.55E-01
7.0801473e+003    3.58E-01
7.08115e+003    3.64E-01
7.082153e+003    3.71E-01
7.0831563e+003    3.81E-01
7.0841598e+003    3.93E-01
7.0851637e+003    4.06E-01
7.0861678e+003    4.20E-01
7.0871722e+003    4.35E-01
7.0881769e+003    4.52E-01
7.0891819e+003    4.69E-01
7.0901872e+003    4.88E-01
7.0911927e+003    5.08E-01
7.0921986e+003    5.30E-01
7.0932047e+003    5.52E-01
7.0942111e+003    5.74E-01
7.0952178e+003    5.95E-01
7.0962248e+003    6.15E-01
7.0972321e+003    6.33E-01
7.0982396e+003    6.48E-01
7.0992475e+003    6.59E-01
7.1002556e+003    6.68E-01
7.101264e+003    6.73E-01
7.1022727e+003    6.77E-01
7.1032817e+003    6.79E-01
7.104291e+003    6.81E-01
7.1053006e+003    6.83E-01
7.1063104e+003    6.86E-01
7.1073205e+003    6.92E-01
7.108331e+003    7.00E-01
7.1093417e+003    7.10E-01
7.1103527e+003    7.23E-01
7.111364e+003    7.40E-01
7.1123755e+003    7.59E-01
7.1133874e+003    7.82E-01
7.1143995e+003    8.09E-01
7.115412e+003    8.39E-01
7.1164247e+003    8.74E-01
7.1174377e+003    9.13E-01
7.118451e+003    9.56E-01
7.1194646e+003    1.00E+00
7.1204785e+003    1.05E+00
7.1214927e+003    1.10E+00
7.1225071e+003    1.16E+00
7.1235219e+003    1.21E+00
7.1245369e+003    1.26E+00
7.1255522e+003    1.31E+00
7.1265678e+003    1.36E+00
7.1275837e+003    1.40E+00
7.1285999e+003    1.44E+00
7.1296164e+003    1.48E+00
7.1306332e+003    1.51E+00
7.1316503e+003    1.55E+00
7.1326676e+003    1.58E+00
7.1336853e+003    1.61E+00
7.1347032e+003    1.65E+00
7.1357214e+003    1.68E+00
7.1367399e+003    1.73E+00
7.1377587e+003    1.78E+00
7.1387778e+003    1.83E+00
7.1397972e+003    1.89E+00
7.1408169e+003    1.96E+00
7.1418369e+003    2.02E+00
7.1428571e+003    2.10E+00
7.1438777e+003    2.18E+00
7.1448985e+003    2.26E+00
7.1459197e+003    2.34E+00
7.1469411e+003    2.42E+00
7.1479628e+003    2.51E+00
7.1489848e+003    2.60E+00
7.1500072e+003    2.70E+00
7.1510297e+003    2.80E+00
7.1520526e+003    2.90E+00
7.1530758e+003    3.01E+00
7.1540993e+003    3.13E+00
7.1551231e+003    3.25E+00
7.1561471e+003    3.37E+00
7.1571715e+003    3.50E+00
7.1581961e+003    3.63E+00
7.1592211e+003    3.77E+00
7.1602463e+003    3.91E+00
7.1612718e+003    4.06E+00
7.1622977e+003    4.23E+00
7.1633238e+003    4.40E+00
7.1643502e+003    4.58E+00
7.1653769e+003    4.78E+00
7.1664039e+003    5.00E+00
7.1674312e+003    5.23E+00
7.1684588e+003    5.48E+00
7.1694867e+003    5.74E+00
7.1705148e+003    6.00E+00
7.1715433e+003    6.28E+00
7.1725721e+003    6.55E+00
7.1736011e+003    6.83E+00
7.1746305e+003    7.11E+00
7.1756602e+003    7.39E+00
7.1766901e+003    7.68E+00
7.1777204e+003    7.98E+00
7.1787509e+003    8.30E+00
7.1797817e+003    8.63E+00
7.1808129e+003    8.97E+00
7.1818443e+003    9.34E+00
7.182876e+003    9.73E+00
7.183908e+003    1.01E+01
7.1849404e+003    1.06E+01
7.185973e+003    1.10E+01
7.1870059e+003    1.15E+01
7.1880391e+003    1.20E+01
7.1890726e+003    1.25E+01
7.1901064e+003    1.30E+01
7.1911405e+003    1.36E+01
7.1921749e+003    1.41E+01
7.1932096e+003    1.47E+01
7.1942446e+003    1.53E+01
7.1952799e+003    1.59E+01
7.1963155e+003    1.65E+01
7.1973514e+003    1.72E+01
7.1983876e+003    1.78E+01
7.199424e+003    1.86E+01
7.2004608e+003    1.93E+01
7.2014979e+003    2.01E+01
7.2025353e+003    2.10E+01
7.203573e+003    2.20E+01
7.204611e+003    2.30E+01
7.2056492e+003    2.40E+01
7.2066878e+003    2.51E+01
7.2077267e+003    2.62E+01
7.2087659e+003    2.73E+01
7.2098053e+003    2.84E+01
7.2108451e+003    2.95E+01
7.2118852e+003    3.05E+01
7.2129256e+003    3.16E+01
7.2139662e+003    3.27E+01
7.2150072e+003    3.37E+01
7.2160485e+003    3.48E+01
7.2170901e+003    3.60E+01
7.2181319e+003    3.71E+01
7.2191741e+003    3.83E+01
7.2202166e+003    3.95E+01
7.2212594e+003    4.08E+01
7.2223025e+003    4.21E+01
7.2233459e+003    4.34E+01
7.2243895e+003    4.47E+01
7.2254335e+003    4.60E+01
7.2264778e+003    4.74E+01
7.2275224e+003    4.87E+01
7.2285673e+003    5.01E+01
7.2296125e+003    5.15E+01
7.230658e+003    5.28E+01
7.2317038e+003    5.42E+01
7.2327499e+003    5.55E+01
7.2337963e+003    5.68E+01
7.234843e+003    5.82E+01
7.23589e+003    5.95E+01
7.2369373e+003    6.08E+01
7.2379849e+003    6.21E+01
7.2390329e+003    6.34E+01
7.2400811e+003    6.47E+01
7.2411296e+003    6.60E+01
7.2421784e+003    6.73E+01
7.2432276e+003    6.85E+01
7.244277e+003    6.97E+01
7.2453268e+003    7.10E+01
7.2463768e+003    7.21E+01
7.2474272e+003    7.33E+01
7.2484778e+003    7.44E+01
7.2495288e+003    7.55E+01
7.25058e+003    7.66E+01
7.2516316e+003    7.77E+01
7.2526835e+003    7.87E+01
7.2537357e+003    7.97E+01
7.2547882e+003    8.07E+01
7.255841e+003    8.16E+01
7.256894e+003    8.25E+01
7.2579475e+003    8.34E+01
7.2590012e+003    8.42E+01
7.2600552e+003    8.50E+01
7.2611095e+003    8.58E+01
7.2621641e+003    8.65E+01
7.2632191e+003    8.72E+01
7.2642743e+003    8.79E+01
7.2653298e+003    8.85E+01
7.2663857e+003    8.91E+01
7.2674419e+003    8.97E+01
7.2684983e+003    9.03E+01
7.2695551e+003    9.09E+01
7.2706122e+003    9.14E+01
7.2716696e+003    9.19E+01
7.2727273e+003    9.24E+01
7.2737853e+003    9.29E+01
7.2748436e+003    9.34E+01
7.2759022e+003    9.39E+01
7.2769611e+003    9.43E+01
7.2780204e+003    9.47E+01
7.2790799e+003    9.51E+01
7.2801398e+003    9.55E+01
7.2811999e+003    9.58E+01
7.2822604e+003    9.61E+01
7.2833212e+003    9.64E+01
7.2843823e+003    9.66E+01
7.2854437e+003    9.69E+01
7.2865054e+003    9.71E+01
7.2875674e+003    9.73E+01
7.2886297e+003    9.76E+01
7.2896924e+003    9.78E+01
7.2907553e+003    9.80E+01
7.2918186e+003    9.81E+01
7.2928821e+003    9.83E+01
7.293946e+003    9.85E+01
7.2950102e+003    9.86E+01
7.2960747e+003    9.88E+01
7.2971395e+003    9.89E+01
7.2982046e+003    9.90E+01
7.2992701e+003    9.91E+01
7.3003358e+003    9.92E+01
7.3014019e+003    9.93E+01
7.3024682e+003    9.95E+01
7.3035349e+003    9.95E+01
7.3046019e+003    9.96E+01
7.3056692e+003    9.97E+01
7.3067368e+003    9.98E+01
7.3078047e+003    9.98E+01
7.308873e+003    9.99E+01
7.3099415e+003    9.99E+01
7.3110104e+003    1.00E+02
7.3120796e+003    1.00E+02
7.313149e+003    1.00E+02
7.3142188e+003    1.00E+02
7.315289e+003    1.00E+02
7.3163594e+003    1.00E+02
7.3174301e+003    1.00E+02
7.3185012e+003    1.00E+02
7.3195725e+003    1.00E+02
7.3206442e+003    1.00E+02
7.3217162e+003    9.99E+01
7.3227885e+003    9.99E+01
7.3238611e+003    9.99E+01
7.3249341e+003    9.99E+01
7.3260073e+003    9.98E+01
7.3270809e+003    9.98E+01
7.3281548e+003    9.97E+01
7.329229e+003    9.97E+01
7.3303035e+003    9.96E+01
7.3313783e+003    9.95E+01
7.3324534e+003    9.94E+01
7.3335289e+003    9.93E+01
7.3346047e+003    9.92E+01
7.3356808e+003    9.91E+01
7.3367572e+003    9.90E+01
7.3378339e+003    9.89E+01
7.3389109e+003    9.88E+01
7.3399883e+003    9.87E+01
7.3410659e+003    9.86E+01
7.3421439e+003    9.85E+01
7.3432222e+003    9.85E+01
7.3443008e+003    9.84E+01
7.3453798e+003    9.83E+01
7.346459e+003    9.82E+01
7.3475386e+003    9.81E+01
7.3486185e+003    9.81E+01
7.3496987e+003    9.80E+01
7.3507792e+003    9.79E+01
7.35186e+003    9.79E+01
7.3529412e+003    9.78E+01
7.3540227e+003    9.78E+01
7.3551044e+003    9.78E+01
7.3561866e+003    9.78E+01
7.357269e+003    9.78E+01
7.3583517e+003    9.78E+01
7.3594348e+003    9.78E+01
7.3605182e+003    9.78E+01
7.3616019e+003    9.78E+01
7.3626859e+003    9.78E+01
7.3637703e+003    9.79E+01
7.3648549e+003    9.79E+01
7.3659399e+003    9.79E+01
7.3670252e+003    9.79E+01
7.3681108e+003    9.80E+01
7.3691968e+003    9.80E+01
7.370283e+003    9.81E+01
7.3713696e+003    9.81E+01
7.3724565e+003    9.82E+01
7.3735437e+003    9.82E+01
7.3746313e+003    9.83E+01
7.3757191e+003    9.83E+01
7.3768073e+003    9.83E+01
7.3778958e+003    9.84E+01
7.3789847e+003    9.84E+01
7.3800738e+003    9.84E+01
7.3811633e+003    9.84E+01
7.3822531e+003    9.84E+01
7.3833432e+003    9.84E+01
7.3844336e+003    9.84E+01
7.3855244e+003    9.83E+01
7.3866155e+003    9.83E+01
7.3877069e+003    9.82E+01
7.3887986e+003    9.80E+01
7.3898906e+003    9.79E+01
7.390983e+003    9.77E+01
7.3920757e+003    9.75E+01
7.3931687e+003    9.73E+01
7.3942621e+003    9.70E+01
7.3953557e+003    9.67E+01
7.3964497e+003    9.64E+01
7.397544e+003    9.60E+01
7.3986387e+003    9.55E+01
7.3997336e+003    9.51E+01
7.4008289e+003    9.45E+01
7.4019245e+003    9.39E+01
7.4030204e+003    9.33E+01
7.4041167e+003    9.26E+01
7.4052133e+003    9.18E+01
7.4063102e+003    9.10E+01
7.4074074e+003    9.01E+01
7.408505e+003    8.91E+01
7.4096028e+003    8.81E+01
7.4107011e+003    8.70E+01
7.4117996e+003    8.58E+01
7.4128984e+003    8.46E+01
7.4139976e+003    8.34E+01
7.4150971e+003    8.20E+01
7.416197e+003    8.06E+01
7.4172971e+003    7.92E+01
7.4183976e+003    7.77E+01
7.4194984e+003    7.61E+01
7.4205996e+003    7.45E+01
7.4217011e+003    7.29E+01
7.4228029e+003    7.12E+01
7.423905e+003    6.94E+01
7.4250074e+003    6.76E+01
7.4261102e+003    6.58E+01
7.4272133e+003    6.39E+01
7.4283167e+003    6.21E+01
7.4294205e+003    6.02E+01
7.4305246e+003    5.83E+01
7.431629e+003    5.64E+01
7.4327338e+003    5.45E+01
7.4338388e+003    5.26E+01
7.4349442e+003    5.07E+01
7.43605e+003    4.88E+01
7.437156e+003    4.69E+01
7.4382624e+003    4.51E+01
7.4393691e+003    4.33E+01
7.4404762e+003    4.15E+01
7.4415836e+003    3.98E+01
7.4426913e+003    3.81E+01
7.4437993e+003    3.65E+01
7.4449077e+003    3.49E+01
7.4460164e+003    3.34E+01
7.4471254e+003    3.19E+01
7.4482348e+003    3.05E+01
7.4493445e+003    2.92E+01
7.4504545e+003    2.79E+01
7.4515648e+003    2.66E+01
7.4526755e+003    2.54E+01
7.4537865e+003    2.42E+01
7.4548979e+003    2.31E+01
7.4560095e+003    2.20E+01
7.4571216e+003    2.09E+01
7.4582339e+003    1.99E+01
7.4593466e+003    1.89E+01
7.4604596e+003    1.79E+01
7.4615729e+003    1.70E+01
7.4626866e+003    1.61E+01
7.4638006e+003    1.52E+01
7.4649149e+003    1.44E+01
7.4660296e+003    1.37E+01
7.4671446e+003    1.30E+01
7.4682599e+003    1.23E+01
7.4693756e+003    1.17E+01
7.4704916e+003    1.12E+01
7.4716079e+003    1.06E+01
7.4727246e+003    1.01E+01
7.4738416e+003    9.65E+00
7.4749589e+003    9.20E+00
7.4760766e+003    8.77E+00
7.4771946e+003    8.37E+00
7.4783129e+003    7.98E+00
7.4794316e+003    7.61E+00
7.4805506e+003    7.24E+00
7.4816699e+003    6.89E+00
7.4827896e+003    6.56E+00
7.4839096e+003    6.25E+00
7.4850299e+003    5.95E+00
7.4861506e+003    5.66E+00
7.4872716e+003    5.39E+00
7.488393e+003    5.14E+00
7.4895147e+003    4.91E+00
7.4906367e+003    4.69E+00
7.4917591e+003    4.48E+00
7.4928818e+003    4.28E+00
7.4940048e+003    4.10E+00
7.4951282e+003    3.93E+00
7.4962519e+003    3.77E+00
7.4973759e+003    3.61E+00
7.4985003e+003    3.47E+00
7.499625e+003    3.34E+00
7.5007501e+003    3.21E+00
7.5018755e+003    3.09E+00
7.5030012e+003    2.97E+00
7.5041273e+003    2.85E+00
7.5052537e+003    2.75E+00
7.5063804e+003    2.64E+00
7.5075075e+003    2.54E+00
7.5086349e+003    2.44E+00
7.5097627e+003    2.34E+00
7.5108908e+003    2.25E+00
7.5120192e+003    2.16E+00
7.513148e+003    2.08E+00
7.5142771e+003    2.00E+00
7.5154066e+003    1.93E+00
7.5165364e+003    1.87E+00
7.5176665e+003    1.80E+00
7.518797e+003    1.74E+00
7.5199278e+003    1.68E+00
7.521059e+003    1.62E+00
7.5221905e+003    1.57E+00
7.5233223e+003    1.51E+00
7.5244545e+003    1.45E+00
7.525587e+003    1.39E+00
7.5267199e+003    1.33E+00
7.5278531e+003    1.28E+00
7.5289866e+003    1.22E+00
7.5301205e+003    1.17E+00
7.5312547e+003    1.12E+00
7.5323893e+003    1.08E+00
7.5335242e+003    1.04E+00
7.5346594e+003    1.01E+00
7.535795e+003    9.82E-01
7.536931e+003    9.61E-01
7.5380672e+003    9.45E-01
7.5392039e+003    9.32E-01
7.5403408e+003    9.21E-01
7.5414781e+003    9.10E-01
7.5426158e+003    9.00E-01
7.5437538e+003    8.88E-01
7.5448921e+003    8.74E-01
7.5460308e+003    8.57E-01
7.5471698e+003    8.38E-01
7.5483092e+003    8.17E-01
7.5494489e+003    7.94E-01
7.5505889e+003    7.71E-01
7.5517293e+003    7.48E-01
7.5528701e+003    7.25E-01
7.5540112e+003    7.04E-01
7.5551526e+003    6.83E-01
7.5562944e+003    6.65E-01
7.5574365e+003    6.47E-01
7.558579e+003    6.30E-01
7.5597218e+003    6.14E-01
7.560865e+003    5.98E-01
7.5620085e+003    5.82E-01
7.5631523e+003    5.65E-01
7.5642965e+003    5.47E-01
7.5654411e+003    5.29E-01
7.566586e+003    5.09E-01
7.5677312e+003    4.89E-01
7.5688768e+003    4.68E-01
7.5700227e+003    4.48E-01
7.571169e+003    4.27E-01
7.5723156e+003    4.08E-01
7.5734626e+003    3.89E-01
7.5746099e+003    3.72E-01
7.5757576e+003    3.57E-01
7.5769056e+003    3.43E-01
7.578054e+003    3.32E-01
7.5792027e+003    3.24E-01
7.5803517e+003    3.19E-01
7.5815011e+003    3.18E-01
7.5826509e+003    3.20E-01
7.583801e+003    3.27E-01
7.5849515e+003    3.37E-01
7.5861023e+003    3.51E-01
7.5872534e+003    3.66E-01
7.5884049e+003    3.84E-01
7.5895568e+003    4.01E-01
7.590709e+003    4.17E-01
7.5918615e+003    4.30E-01
7.5930144e+003    4.40E-01
7.5941677e+003    4.45E-01
7.5953213e+003    4.47E-01
7.5964752e+003    4.44E-01
7.5976295e+003    4.38E-01
7.5987842e+003    4.29E-01
7.5999392e+003    4.18E-01
7.6010946e+003    4.05E-01
7.6022503e+003    3.92E-01
7.6034063e+003    3.78E-01
7.6045627e+003    3.63E-01
7.6057195e+003    3.48E-01
7.6068766e+003    3.31E-01
7.6080341e+003    3.14E-01
7.6091919e+003    2.95E-01
7.6103501e+003    2.75E-01
7.6115086e+003    2.54E-01
7.6126675e+003    2.32E-01
7.6138267e+003    2.11E-01
7.6149863e+003    1.90E-01
7.6161462e+003    1.71E-01
7.6173065e+003    1.54E-01
7.6184672e+003    1.39E-01
7.6196282e+003    1.29E-01
7.6207895e+003    1.21E-01
7.6219512e+003    1.18E-01
7.6231133e+003    1.18E-01
7.6242757e+003    1.20E-01
7.6254385e+003    1.25E-01
7.6266016e+003    1.32E-01
7.6277651e+003    1.39E-01
7.6289289e+003    1.46E-01
7.6300931e+003    1.52E-01
7.6312576e+003    1.57E-01
7.6324225e+003    1.60E-01
7.6335878e+003    1.62E-01
7.6347534e+003    1.63E-01
7.6359194e+003    1.62E-01
7.6370857e+003    1.62E-01
7.6382524e+003    1.62E-01
7.6394194e+003    1.62E-01
7.6405868e+003    1.63E-01
7.6417545e+003    1.66E-01
7.6429227e+003    1.69E-01
7.6440911e+003    1.72E-01
7.6452599e+003    1.75E-01
7.6464291e+003    1.77E-01
7.6475987e+003    1.78E-01
7.6487685e+003    1.77E-01
7.6499388e+003    1.73E-01
7.6511094e+003    1.68E-01
7.6522804e+003    1.60E-01
7.6534517e+003    1.50E-01
7.6546234e+003    1.39E-01
7.6557954e+003    1.28E-01
7.6569678e+003    1.18E-01
7.6581406e+003    1.09E-01
7.6593137e+003    1.02E-01
7.6604872e+003    9.78E-02
7.661661e+003    9.65E-02
7.6628352e+003    9.80E-02
7.6640098e+003    1.02E-01
7.6651847e+003    1.07E-01
7.66636e+003    1.14E-01
7.6675357e+003    1.20E-01
7.6687117e+003    1.26E-01
7.669888e+003    1.30E-01
7.6710647e+003    1.33E-01
7.6722418e+003    1.35E-01
7.6734193e+003    1.35E-01
7.6745971e+003    1.35E-01
7.6757753e+003    1.34E-01
7.6769538e+003    1.34E-01
7.6781327e+003    1.35E-01
7.6793119e+003    1.35E-01
7.6804916e+003    1.37E-01
7.6816715e+003    1.38E-01
7.6828519e+003    1.38E-01
7.6840326e+003    1.37E-01
7.6852136e+003    1.34E-01
7.6863951e+003    1.29E-01
7.6875769e+003    1.21E-01
7.688759e+003    1.10E-01
7.6899416e+003    9.73E-02
7.6911244e+003    8.27E-02
7.6923077e+003    6.74E-02
7.6934913e+003    5.22E-02
7.6946753e+003    3.79E-02
7.6958596e+003    2.53E-02
7.6970443e+003    1.48E-02
7.6982294e+003    6.75E-03
7.6994148e+003    1.05E-03
7.7006006e+003    -2.64E-03
7.7017868e+003    -4.71E-03
7.7029733e+003    -5.71E-03
7.7041602e+003    -6.21E-03
7.7053475e+003    -6.61E-03
7.7065351e+003    -7.30E-03
7.7077231e+003    -8.32E-03
7.7089115e+003    -9.63E-03
7.7101002e+003    -1.10E-02
7.7112893e+003    -1.21E-02
7.7124788e+003    -1.26E-02
7.7136686e+003    -1.23E-02
7.7148588e+003    -1.12E-02
7.7160494e+003    -9.42E-03
7.7172403e+003    -7.23E-03
7.7184316e+003    -5.04E-03
7.7196233e+003    -3.28E-03
7.7208153e+003    -2.35E-03
7.7220077e+003    -2.40E-03
7.7232005e+003    -3.42E-03
7.7243936e+003    -5.23E-03
7.7255871e+003    -7.35E-03
7.726781e+003    -9.09E-03
7.7279753e+003    -9.68E-03
7.7291699e+003    -8.54E-03
7.7303649e+003    -5.23E-03
7.7315602e+003    4.99E-04
7.732756e+003    8.59E-03
7.733952e+003    1.86E-02
7.7351485e+003    2.99E-02
7.7363454e+003    4.16E-02
7.7375426e+003    5.30E-02
7.7387401e+003    6.33E-02
7.7399381e+003    7.20E-02
7.7411364e+003    7.86E-02
7.7423351e+003    8.32E-02
7.7435341e+003    8.59E-02
7.7447336e+003    8.71E-02
7.7459334e+003    8.74E-02
7.7471336e+003    8.72E-02
7.7483341e+003    8.70E-02
7.749535e+003    8.72E-02
7.7507363e+003    8.79E-02
7.751938e+003    8.90E-02
7.75314e+003    9.04E-02
7.7543424e+003    9.18E-02
7.7555452e+003    9.31E-02
7.7567484e+003    9.39E-02
7.7579519e+003    9.44E-02
7.7591558e+003    9.47E-02
7.7603601e+003    9.50E-02
7.7615647e+003    9.60E-02
7.7627698e+003    9.81E-02
7.7639752e+003    1.02E-01
7.7651809e+003    1.08E-01
7.7663871e+003    1.16E-01
7.7675936e+003    1.26E-01
7.7688005e+003    1.37E-01
7.7700078e+003    1.49E-01
7.7712154e+003    1.60E-01
7.7724234e+003    1.69E-01
7.7736318e+003    1.75E-01
7.7748406e+003    1.77E-01
7.7760498e+003    1.74E-01
7.7772593e+003    1.66E-01
7.7784692e+003    1.52E-01
7.7796795e+003    1.35E-01
7.7808901e+003    1.15E-01
7.7821012e+003    9.31E-02
7.7833126e+003    7.14E-02
7.7845244e+003    5.14E-02
7.7857365e+003    3.39E-02
7.7869491e+003    1.99E-02
7.788162e+003    9.78E-03
7.7893753e+003    3.78E-03
7.790589e+003    1.55E-03
7.791803e+003    2.54E-03
7.7930175e+003    6.06E-03
7.7942323e+003    1.13E-02
7.7954475e+003    1.74E-02
7.796663e+003    2.35E-02
7.797879e+003    2.86E-02
7.7990953e+003    3.20E-02
7.800312e+003    3.31E-02
7.8015291e+003    3.16E-02
7.8027466e+003    2.72E-02
7.8039644e+003    1.99E-02
7.8051826e+003    1.01E-02
7.8064012e+003    -1.59E-03
7.8076202e+003    -1.43E-02
7.8088396e+003    -2.72E-02
7.8100594e+003    -3.92E-02
7.8112795e+003    -4.96E-02
7.8125e+003    -5.76E-02
7.8137209e+003    -6.27E-02
7.8149422e+003    -6.48E-02
7.8161638e+003    -6.37E-02
7.8173859e+003    -5.97E-02
7.8186083e+003    -5.29E-02
7.8198311e+003    -4.34E-02
7.8210543e+003    -3.14E-02
7.8222778e+003    -1.72E-02
7.8235018e+003    -7.60E-04
7.8247261e+003    1.74E-02
7.8259509e+003    3.71E-02
7.827176e+003    5.74E-02
7.8284014e+003    7.74E-02
7.8296273e+003    9.60E-02
7.8308536e+003    1.12E-01
7.8320802e+003    1.25E-01
7.8333072e+003    1.33E-01
7.8345346e+003    1.35E-01
7.8357624e+003    1.32E-01
7.8369906e+003    1.23E-01
7.8382192e+003    1.08E-01
7.8394481e+003    8.90E-02
7.8406774e+003    6.59E-02
7.8419072e+003    4.02E-02
7.8431373e+003    1.31E-02
7.8443677e+003    -1.41E-02
7.8455986e+003    -4.02E-02
7.8468299e+003    -6.41E-02
7.8480615e+003    -8.46E-02
7.8492936e+003    -1.01E-01
7.850526e+003    -1.12E-01
7.8517588e+003    -1.18E-01
7.852992e+003    -1.18E-01
7.8542256e+003    -1.13E-01
7.8554595e+003    -1.03E-01
7.8566939e+003    -8.85E-02
7.8579287e+003    -7.18E-02
7.8591638e+003    -5.36E-02
7.8603993e+003    -3.52E-02
7.8616352e+003    -1.81E-02
7.8628715e+003    -3.16E-03
7.8641082e+003    8.97E-03
7.8653453e+003    1.81E-02
7.8665828e+003    2.42E-02
7.8678206e+003    2.79E-02
7.8690589e+003    2.98E-02
7.8702975e+003    3.07E-02
7.8715365e+003    3.12E-02
7.8727759e+003    3.18E-02
7.8740157e+003    3.29E-02
7.8752559e+003    3.45E-02
7.8764965e+003    3.65E-02
7.8777375e+003    3.86E-02
7.8789789e+003    4.04E-02
7.8802206e+003    4.16E-02
7.8814628e+003    4.21E-02
7.8827053e+003    4.15E-02
7.8839483e+003    3.99E-02
7.8851916e+003    3.76E-02
7.8864353e+003    3.47E-02
7.8876794e+003    3.18E-02
7.888924e+003    2.90E-02
7.8901688e+003    2.68E-02
7.8914141e+003    2.57E-02
7.8926598e+003    2.59E-02
7.8939059e+003    2.76E-02
7.8951524e+003    3.07E-02
7.8963992e+003    3.50E-02
7.8976465e+003    4.03E-02
7.8988942e+003    4.60E-02
7.9001422e+003    5.17E-02
7.9013906e+003    5.68E-02
7.9026395e+003    6.09E-02
7.9038887e+003    6.36E-02
7.9051383e+003    6.48E-02
7.9063884e+003    6.44E-02
7.9076388e+003    6.27E-02
7.9088896e+003    6.00E-02
7.9101408e+003    5.68E-02
7.9113924e+003    5.33E-02
7.9126444e+003    5.00E-02
7.9138968e+003    4.72E-02
7.9151496e+003    4.49E-02
7.9164028e+003    4.32E-02
7.9176564e+003    4.20E-02
7.9189104e+003    4.12E-02
7.9201647e+003    4.09E-02
7.9214195e+003    4.09E-02
7.9226747e+003    4.14E-02
7.9239303e+003    4.27E-02
7.9251862e+003    4.50E-02
7.9264426e+003    4.83E-02
7.9276994e+003    5.28E-02
7.9289565e+003    5.86E-02
7.9302141e+003    6.53E-02
7.9314721e+003    7.28E-02
7.9327304e+003    8.07E-02
7.9339892e+003    8.86E-02
7.9352484e+003    9.59E-02
7.9365079e+003    1.02E-01
7.9377679e+003    1.07E-01
7.9390283e+003    1.10E-01
7.940289e+003    1.12E-01
7.9415502e+003    1.11E-01
7.9428118e+003    1.09E-01
7.9440737e+003    1.06E-01
7.9453361e+003    1.02E-01
7.9465989e+003    9.73E-02
7.947862e+003    9.22E-02
7.9491256e+003    8.73E-02
7.9503896e+003    8.26E-02
7.9516539e+003    7.83E-02
7.9529187e+003    7.43E-02
7.9541839e+003    7.07E-02
7.9554495e+003    6.72E-02
7.9567155e+003    6.36E-02
7.9579819e+003    5.98E-02
7.9592486e+003    5.56E-02
7.9605158e+003    5.08E-02
7.9617834e+003    4.55E-02
7.9630514e+003    3.97E-02
7.9643198e+003    3.37E-02
7.9655887e+003    2.77E-02
7.9668579e+003    2.18E-02
7.9681275e+003    1.63E-02
7.9693975e+003    1.11E-02
7.9706679e+003    6.04E-03
7.9719388e+003    1.14E-03
7.97321e+003    -3.83E-03
7.9744817e+003    -9.11E-03
7.9757537e+003    -1.48E-02
7.9770262e+003    -2.08E-02
7.978299e+003    -2.71E-02
7.9795723e+003    -3.34E-02
7.980846e+003    -3.91E-02
7.9821201e+003    -4.38E-02
7.9833945e+003    -4.69E-02
7.9846694e+003    -4.80E-02
7.9859447e+003    -4.65E-02
7.9872204e+003    -4.21E-02
7.9884966e+003    -3.48E-02
7.9897731e+003    -2.47E-02
7.99105e+003    -1.23E-02
7.9923274e+003    1.66E-03
7.9936051e+003    1.65E-02
7.9948833e+003    3.11E-02
7.9961618e+003    4.47E-02
7.9974408e+003    5.63E-02
7.9987202e+003    6.56E-02
8.0e+003    7.22E-02
8.0012802e+003    7.62E-02
8.0025608e+003    7.82E-02
8.0038418e+003    7.88E-02
8.0051233e+003    7.91E-02
8.0064051e+003    8.00E-02
8.0076874e+003    8.23E-02
8.00897e+003    8.66E-02
8.0102531e+003    9.34E-02
8.0115366e+003    1.02E-01
8.0128205e+003    1.12E-01
8.0141048e+003    1.23E-01
8.0153895e+003    1.33E-01
8.0166747e+003    1.41E-01
8.0179602e+003    1.46E-01
8.0192462e+003    1.48E-01
8.0205326e+003    1.47E-01
8.0218193e+003    1.41E-01
8.0231065e+003    1.33E-01
8.0243942e+003    1.22E-01
8.0256822e+003    1.10E-01
8.0269706e+003    9.77E-02
8.0282595e+003    8.55E-02
8.0295487e+003    7.41E-02
8.0308384e+003    6.40E-02
8.0321285e+003    5.52E-02
8.033419e+003    4.78E-02
8.0347099e+003    4.15E-02
8.0360013e+003    3.62E-02
8.037293e+003    3.18E-02
8.0385852e+003    2.82E-02
8.0398778e+003    2.54E-02
8.0411708e+003    2.34E-02
8.0424642e+003    2.22E-02
8.043758e+003    2.19E-02
8.0450523e+003    2.21E-02
8.046347e+003    2.28E-02
8.047642e+003    2.36E-02
8.0489375e+003    2.40E-02
8.0502335e+003    2.38E-02
8.0515298e+003    2.26E-02
8.0528265e+003    2.03E-02
8.0541237e+003    1.67E-02
8.0554213e+003    1.22E-02
8.0567193e+003    7.13E-03
8.0580177e+003    2.02E-03
8.0593166e+003    -2.45E-03
8.0606158e+003    -5.61E-03
8.0619155e+003    -6.87E-03
8.0632156e+003    -5.66E-03
8.0645161e+003    -1.66E-03
8.0658171e+003    5.26E-03
8.0671184e+003    1.49E-02
8.0684202e+003    2.69E-02
8.0697224e+003    4.06E-02
8.071025e+003    5.51E-02
8.0723281e+003    6.93E-02
8.0736315e+003    8.23E-02
8.0749354e+003    9.31E-02
8.0762397e+003    1.01E-01
8.0775444e+003    1.06E-01
8.0788496e+003    1.07E-01
8.0801551e+003    1.06E-01
8.0814611e+003    1.02E-01
8.0827675e+003    9.62E-02
8.0840744e+003    8.99E-02
8.0853816e+003    8.40E-02
8.0866893e+003    7.93E-02
8.0879974e+003    7.61E-02
8.0893059e+003    7.47E-02
8.0906149e+003    7.46E-02
8.0919243e+003    7.54E-02
8.0932341e+003    7.61E-02
8.0945443e+003    7.58E-02
8.0958549e+003    7.36E-02
8.097166e+003    6.91E-02
8.0984775e+003    6.23E-02
8.0997894e+003    5.34E-02
8.1011017e+003    4.32E-02
8.1024145e+003    3.29E-02
8.1037277e+003    2.35E-02
8.1050413e+003    1.61E-02
8.1063554e+003    1.14E-02
8.1076699e+003    9.89E-03
8.1089848e+003    1.12E-02
8.1103001e+003    1.47E-02
8.1116158e+003    1.92E-02
8.112932e+003    2.36E-02
8.1142486e+003    2.67E-02
8.1155657e+003    2.76E-02
8.1168831e+003    2.56E-02
8.118201e+003    2.09E-02
8.1195193e+003    1.38E-02
8.1208381e+003    5.33E-03
8.1221572e+003    -3.66E-03
8.1234768e+003    -1.20E-02
8.1247969e+003    -1.87E-02
8.1261173e+003    -2.34E-02
8.1274382e+003    -2.59E-02
8.1287596e+003    -2.64E-02
8.1300813e+003    -2.55E-02
8.1314035e+003    -2.39E-02
8.1327261e+003    -2.23E-02
8.1340491e+003    -2.12E-02
8.1353726e+003    -2.07E-02
8.1366965e+003    -2.08E-02
8.1380208e+003    -2.09E-02
8.1393456e+003    -2.06E-02
8.1406708e+003    -1.91E-02
8.1419964e+003    -1.56E-02
8.1433225e+003    -1.00E-02
8.144649e+003    -2.14E-03
8.1459759e+003    7.75E-03
8.1473032e+003    1.90E-02
8.148631e+003    3.07E-02
8.1499593e+003    4.16E-02
8.1512879e+003    5.09E-02
8.152617e+003    5.78E-02
8.1539465e+003    6.16E-02
8.1552765e+003    6.21E-02
8.1566069e+003    5.94E-02
8.1579377e+003    5.40E-02
8.1592689e+003    4.66E-02
8.1606006e+003    3.79E-02
8.1619327e+003    2.88E-02
8.1632653e+003    2.00E-02
8.1645983e+003    1.22E-02
8.1659317e+003    5.68E-03
8.1672656e+003    8.80E-04
8.1685999e+003    -2.12E-03
8.1699346e+003    -3.23E-03
8.1712698e+003    -2.52E-03
8.1726054e+003    -7.08E-05
8.1739415e+003    3.88E-03
8.175278e+003    9.13E-03
8.1766149e+003    1.54E-02
8.1779522e+003    2.22E-02
8.17929e+003    2.92E-02
8.1806283e+003    3.58E-02
8.1819669e+003    4.15E-02
8.1833061e+003    4.59E-02
8.1846456e+003    4.86E-02
8.1859856e+003    4.96E-02
8.187326e+003    4.88E-02
8.1886669e+003    4.65E-02
8.1900082e+003    4.30E-02
8.1913499e+003    3.88E-02
8.1926921e+003    3.42E-02
8.1940347e+003    2.98E-02
8.1953778e+003    2.61E-02
8.1967213e+003    2.31E-02
8.1980653e+003    2.12E-02
8.1994096e+003    2.04E-02
8.2007545e+003    2.10E-02
8.2020997e+003    2.29E-02
8.2034454e+003    2.62E-02
8.2047916e+003    3.10E-02
8.2061382e+003    3.73E-02
8.2074852e+003    4.49E-02
8.2088327e+003    5.35E-02
8.2101806e+003    6.27E-02
8.211529e+003    7.19E-02
8.2128778e+003    8.03E-02
8.214227e+003    8.75E-02
8.2155767e+003    9.27E-02
8.2169269e+003    9.57E-02
8.2182774e+003    9.63E-02
8.2196285e+003    9.49E-02
8.2209799e+003    9.19E-02
8.2223319e+003    8.81E-02
8.2236842e+003    8.43E-02
8.225037e+003    8.13E-02
8.2263903e+003    7.98E-02
8.227744e+003    8.02E-02
8.2290981e+003    8.23E-02
8.2304527e+003    8.58E-02
8.2318077e+003    9.03E-02
8.2331632e+003    9.51E-02
8.2345191e+003    9.93E-02
8.2358755e+003    1.02E-01
8.2372323e+003    1.04E-01
8.2385896e+003    1.03E-01
8.2399473e+003    1.01E-01
8.2413054e+003    9.70E-02
8.242664e+003    9.15E-02
8.2440231e+003    8.50E-02
8.2453826e+003    7.77E-02
8.2467425e+003    7.00E-02
8.2481029e+003    6.26E-02
8.2494638e+003    5.56E-02
8.2508251e+003    4.95E-02
8.2521868e+003    4.48E-02
8.253549e+003    4.18E-02
8.2549117e+003    4.06E-02
8.2562748e+003    4.14E-02
8.2576383e+003    4.42E-02
8.2590023e+003    4.87E-02
8.2603668e+003    5.45E-02
8.2617317e+003    6.11E-02
8.263097e+003    6.78E-02
8.2644628e+003    7.40E-02
8.2658291e+003    7.92E-02
8.2671958e+003    8.32E-02
8.2685629e+003    8.57E-02
8.2699305e+003    8.70E-02
8.2712986e+003    8.72E-02
8.2726671e+003    8.66E-02
8.2740361e+003    8.54E-02
8.2754055e+003    8.37E-02
8.2767754e+003    8.13E-02
8.2781457e+003    7.79E-02
8.2795165e+003    7.33E-02
8.2808877e+003    6.70E-02
8.2822594e+003    5.87E-02
8.2836315e+003    4.84E-02
8.2850041e+003    3.63E-02
8.2863772e+003    2.30E-02
8.2877507e+003    9.13E-03
8.2891247e+003    -4.50E-03
8.2904991e+003    -1.70E-02
8.291874e+003    -2.76E-02
8.2932493e+003    -3.58E-02
8.2946251e+003    -4.14E-02
8.2960013e+003    -4.44E-02
8.297378e+003    -4.50E-02
8.2987552e+003    -4.38E-02
8.3001328e+003    -4.11E-02
8.3015109e+003    -3.73E-02
8.3028894e+003    -3.26E-02
8.3042684e+003    -2.69E-02
8.3056478e+003    -2.02E-02
8.3070277e+003    -1.22E-02
8.3084081e+003    -2.64E-03
8.3097889e+003    8.51E-03
8.3111702e+003    2.10E-02
8.312552e+003    3.46E-02
8.3139342e+003    4.81E-02
8.3153168e+003    6.08E-02
8.3166999e+003    7.13E-02
8.3180835e+003    7.86E-02
8.3194676e+003    8.20E-02
8.3208521e+003    8.07E-02
8.322237e+003    7.47E-02
8.3236224e+003    6.42E-02
8.3250083e+003    5.02E-02
8.3263947e+003    3.35E-02
8.3277815e+003    1.51E-02
8.3291687e+003    -3.66E-03
8.3305565e+003    -2.19E-02
8.3319447e+003    -3.86E-02
8.3333333e+003    0.00E+00
