420 0                  
421 0.0020
422 0.0020
423 0.0041
424 0.0041
425 0.0020
426 0.0020
427 0.0041
428 0.0165
429 0.0560
430 0.1161
431 0.2199
432 0.3340
433 0.4854
434 0.6203
435 0.7095
436 0.7551
437 0.7904
438 0.8112
439 0.7925
440 0.7593
441 0.7116
442 0.7116
443 0.7116
444 0.7365
445 0.7655
446 0.7697
447 0.8257
448 0.8672
449 0.9107
450 0.9211
451 0.8900
452 0.8049
453 0.6535
454 0.4668
455 0.2863
456 0.1597
457 0.0892
458 0.0414
459 0.0186
460 0.0103
461 0.0020
462 0.0041
463 0.0020
464 0.0041
465 0.0041
466 0.0020
467 0.0041
468 0.0020
469 0.0020
470 0.00
