725  0.00
726  0.0049
727  0.00546
728  0.00492
729  0.00656
730  0.00546
731  0.00601
732  0.00492
733  0.00546
734  0.00601
735  0.00601
736  0.00765
737  0.00656
738  0.00874
739  0.00929
740  0.01093
741  0.01257
742  0.01476
743  0.02023
744  0.02624
745  0.03499
746  0.04811
747  0.06615
748  0.09076
749  0.12793
750  0.17550
751  0.24275
752  0.32859
753  0.42974
754  0.54510
755  0.67796
756  0.79661
757  0.87752
758  0.92454
759  0.93931
760  0.93384
761  0.93712
762  0.93603
763  0.93056
764  0.93384
765  0.95790
766  0.97649
767  0.99398
768  1      
769  0.99562
770  0.96719
771  0.91033
772  0.82558
773  0.69764
774  0.56150
775  0.41607
776  0.28594
777  0.18480
778  0.11755
779  0.07435
780  0.04920
781  0.03444
782  0.02624
783  0.02023
784  0.01585
785  0.01312
786  0.01093
787  0.00984
788  0.00874
789  0.00874
790  0.00710
791  0.00601
792  0.00601
793  0.00492
794  0.00492
795  0.00546
796  0.00546
797  0.00492
798  0.00492
799  0.004
800  0.00
