   3.8780000e+03   0.0000000e+00
   3.8790000e+03   9.1019417e-03
   3.8800000e+03   9.1019417e-03
   3.8810000e+03   9.1019417e-03
   3.8820000e+03   1.0012136e-02
   3.8830000e+03   9.7087379e-03
   3.8840000e+03   1.0922330e-02
   3.8850000e+03   1.0618932e-02
   3.8860000e+03   1.1529126e-02
   3.8870000e+03   1.2742718e-02
   3.8880000e+03   1.2439320e-02
   3.8890000e+03   1.3046117e-02
   3.8900000e+03   1.3652913e-02
   3.8910000e+03   1.4259709e-02
   3.8920000e+03   1.5169903e-02
   3.8930000e+03   1.6383495e-02
   3.8940000e+03   1.6686893e-02
   3.8950000e+03   1.7597087e-02
   3.8960000e+03   1.9114078e-02
   3.8970000e+03   1.9417476e-02
   3.8980000e+03   2.0934466e-02
   3.8990000e+03   2.1844660e-02
   3.9000000e+03   2.3361650e-02
   3.9010000e+03   2.4271845e-02
   3.9020000e+03   2.6699029e-02
   3.9030000e+03   2.7609223e-02
   3.9040000e+03   3.0339806e-02
   3.9050000e+03   3.0946602e-02
   3.9060000e+03   3.2463592e-02
   3.9070000e+03   3.4283981e-02
   3.9080000e+03   3.7014563e-02
   3.9090000e+03   3.8531553e-02
   3.9100000e+03   4.0655340e-02
   3.9110000e+03   4.3689320e-02
   3.9120000e+03   4.6419903e-02
   3.9130000e+03   4.9150485e-02
   3.9140000e+03   5.1881068e-02
   3.9150000e+03   5.4308252e-02
   3.9160000e+03   5.9162621e-02
   3.9170000e+03   6.2803398e-02
   3.9180000e+03   6.5837379e-02
   3.9190000e+03   7.0691748e-02
   3.9200000e+03   7.4939320e-02
   3.9210000e+03   7.9793689e-02
   3.9220000e+03   8.3434466e-02
   3.9230000e+03   8.8592233e-02
   3.9240000e+03   9.4963592e-02
   3.9250000e+03   1.0042476e-01
   3.9260000e+03   1.0618932e-01
   3.9270000e+03   1.1165049e-01
   3.9280000e+03   1.1923544e-01
   3.9290000e+03   1.2560680e-01
   3.9300000e+03   1.3349515e-01
   3.9310000e+03   1.4016990e-01
   3.9320000e+03   1.4805825e-01
   3.9330000e+03   1.5685680e-01
   3.9340000e+03   1.6413835e-01
   3.9350000e+03   1.7354369e-01
   3.9360000e+03   1.8325243e-01
   3.9370000e+03   1.9174757e-01
   3.9380000e+03   2.0115291e-01
   3.9390000e+03   2.1116505e-01
   3.9400000e+03   2.2087379e-01
   3.9410000e+03   2.3240291e-01
   3.9420000e+03   2.4393204e-01
   3.9430000e+03   2.5333738e-01
   3.9440000e+03   2.6456311e-01
   3.9450000e+03   2.7609223e-01
   3.9460000e+03   2.8913835e-01
   3.9470000e+03   3.0157767e-01
   3.9480000e+03   3.1462379e-01
   3.9490000e+03   3.2675971e-01
   3.9500000e+03   3.3859223e-01
   3.9510000e+03   3.5133495e-01
   3.9520000e+03   3.6498786e-01
   3.9530000e+03   3.7864078e-01
   3.9540000e+03   3.9229369e-01
   3.9550000e+03   4.0625000e-01
   3.9560000e+03   4.2020631e-01
   3.9570000e+03   4.3416262e-01
   3.9580000e+03   4.4690534e-01
   3.9590000e+03   4.6025485e-01
   3.9600000e+03   4.7481796e-01
   3.9610000e+03   4.8816748e-01
   3.9620000e+03   5.0212379e-01
   3.9630000e+03   5.1456311e-01
   3.9640000e+03   5.2912621e-01
   3.9650000e+03   5.4338592e-01
   3.9660000e+03   5.5734223e-01
   3.9670000e+03   5.7038835e-01
   3.9680000e+03   5.8404126e-01
   3.9690000e+03   5.9739078e-01
   3.9700000e+03   6.0922330e-01
   3.9710000e+03   6.2287621e-01
   3.9720000e+03   6.4517597e-01
   3.9730000e+03   6.6747573e-01
   3.9740000e+03   6.7961165e-01
   3.9750000e+03   6.9205097e-01
   3.9760000e+03   7.0358010e-01
   3.9770000e+03   7.1632282e-01
   3.9780000e+03   7.2724515e-01
   3.9790000e+03   7.3786408e-01
   3.9800000e+03   7.4969660e-01
   3.9810000e+03   7.6092233e-01
   3.9820000e+03   7.7275485e-01
   3.9830000e+03   7.8337379e-01
   3.9840000e+03   7.9399272e-01
   3.9850000e+03   8.0552184e-01
   3.9860000e+03   8.1674757e-01
   3.9870000e+03   8.2645631e-01
   3.9880000e+03   8.3859223e-01
   3.9890000e+03   8.4708738e-01
   3.9900000e+03   8.5709951e-01
   3.9910000e+03   8.6771845e-01
   3.9920000e+03   8.7621359e-01
   3.9930000e+03   8.8501214e-01
   3.9940000e+03   8.9472087e-01
   3.9950000e+03   9.0230583e-01
   3.9960000e+03   9.0898058e-01
   3.9970000e+03   9.1626214e-01
   3.9980000e+03   9.2354369e-01
   3.9990000e+03   9.3021845e-01
   4.0000000e+03   9.3992718e-01
   4.0010000e+03   9.4447816e-01
   4.0020000e+03   9.5084951e-01
   4.0030000e+03   9.6025485e-01
   4.0040000e+03   9.6419903e-01
   4.0050000e+03   9.6723301e-01
   4.0060000e+03   9.7542476e-01
   4.0070000e+03   9.7239078e-01
   4.0080000e+03   9.6935680e-01
   4.0090000e+03   9.7269417e-01
   4.0100000e+03   9.7542476e-01
   4.0110000e+03   9.7876214e-01
   4.0120000e+03   9.8058252e-01
   4.0130000e+03   9.8574029e-01
   4.0140000e+03   9.8786408e-01
   4.0150000e+03   9.8847087e-01
   4.0160000e+03   9.8877427e-01
   4.0170000e+03   9.9059466e-01
   4.0180000e+03   9.9180825e-01
   4.0190000e+03   9.9544903e-01
   4.0200000e+03   9.9726942e-01
   4.0210000e+03   9.9544903e-01
   4.0220000e+03   9.9544903e-01
   4.0230000e+03   9.9635922e-01
   4.0240000e+03   9.9666262e-01
   4.0250000e+03   9.9969660e-01
   4.0260000e+03   9.9787621e-01
   4.0270000e+03   9.9757282e-01
   4.0280000e+03   9.9787621e-01
   4.0290000e+03   9.9787621e-01
   4.0300000e+03   1.0000000e+00
   4.0310000e+03   9.9757282e-01
   4.0320000e+03   9.9969660e-01
   4.0330000e+03   9.9939320e-01
   4.0340000e+03   9.9726942e-01
   4.0350000e+03   9.9878641e-01
   4.0360000e+03   9.9453883e-01
   4.0370000e+03   9.9787621e-01
   4.0380000e+03   9.9423544e-01
   4.0390000e+03   9.9332524e-01
   4.0400000e+03   9.9666262e-01
   4.0410000e+03   9.9271845e-01
   4.0420000e+03   9.9453883e-01
   4.0430000e+03   9.8998786e-01
   4.0440000e+03   9.9211165e-01
   4.0450000e+03   9.8998786e-01
   4.0460000e+03   9.8907767e-01
   4.0470000e+03   9.8877427e-01
   4.0480000e+03   9.8695388e-01
   4.0490000e+03   9.8938107e-01
   4.0500000e+03   9.8847087e-01
   4.0510000e+03   9.8543689e-01
   4.0520000e+03   9.8543689e-01
   4.0530000e+03   9.8300971e-01
   4.0540000e+03   9.8270631e-01
   4.0550000e+03   9.8058252e-01
   4.0560000e+03   9.7997573e-01
   4.0570000e+03   9.7815534e-01
   4.0580000e+03   9.7724515e-01
   4.0590000e+03   9.7633495e-01
   4.0600000e+03   9.7390777e-01
   4.0610000e+03   9.7208738e-01
   4.0620000e+03   9.7057039e-01
   4.0630000e+03   9.6966019e-01
   4.0640000e+03   9.6844660e-01
   4.0650000e+03   9.6662621e-01
   4.0660000e+03   9.6571602e-01
   4.0670000e+03   9.6389563e-01
   4.0680000e+03   9.6510922e-01
   4.0690000e+03   9.6177184e-01
   4.0700000e+03   9.5691748e-01
   4.0710000e+03   9.5570388e-01
   4.0720000e+03   9.5145631e-01
   4.0730000e+03   9.4902913e-01
   4.0740000e+03   9.4569175e-01
   4.0750000e+03   9.4508495e-01
   4.0760000e+03   9.3901699e-01
   4.0770000e+03   9.3871359e-01
   4.0780000e+03   9.3234223e-01
   4.0790000e+03   9.2870146e-01
   4.0800000e+03   9.2445388e-01
   4.0810000e+03   9.2384709e-01
   4.0820000e+03   9.1717233e-01
   4.0830000e+03   9.1171117e-01
   4.0840000e+03   9.0807039e-01
   4.0850000e+03   9.0200243e-01
   4.0860000e+03   9.0018204e-01
   4.0870000e+03   8.9229369e-01
   4.0880000e+03   8.8774272e-01
   4.0890000e+03   8.7985437e-01
   4.0900000e+03   8.7348301e-01
   4.0910000e+03   8.6984223e-01
   4.0920000e+03   8.6104369e-01
   4.0930000e+03   8.5558252e-01
   4.0940000e+03   8.4921117e-01
   4.0950000e+03   8.4101942e-01
   4.0960000e+03   8.3373786e-01
   4.0970000e+03   8.2888350e-01
   4.0980000e+03   8.1856796e-01
   4.0990000e+03   8.1037621e-01
   4.1000000e+03   8.0430825e-01
   4.1010000e+03   7.9247573e-01
   4.1020000e+03   7.8489078e-01
   4.1030000e+03   7.7760922e-01
   4.1040000e+03   7.6881068e-01
   4.1050000e+03   7.5758495e-01
   4.1060000e+03   7.4726942e-01
   4.1070000e+03   7.3725728e-01
   4.1080000e+03   7.2785194e-01
   4.1090000e+03   7.1875000e-01
   4.1100000e+03   7.1086165e-01
   4.1110000e+03   6.9781553e-01
   4.1120000e+03   6.8871359e-01
   4.1130000e+03   6.7748786e-01
   4.1140000e+03   6.6686893e-01
   4.1150000e+03   6.5807039e-01
   4.1160000e+03   6.4593447e-01
   4.1170000e+03   6.3592233e-01
   4.1180000e+03   6.2560680e-01
   4.1190000e+03   6.1256068e-01
   4.1200000e+03   6.0163835e-01
   4.1210000e+03   5.8980583e-01
   4.1220000e+03   5.7827670e-01
   4.1230000e+03   5.6796117e-01
   4.1240000e+03   5.5673544e-01
   4.1250000e+03   5.4702670e-01
   4.1260000e+03   5.3489078e-01
   4.1270000e+03   5.2457524e-01
   4.1280000e+03   5.1213592e-01
   4.1290000e+03   4.9969660e-01
   4.1300000e+03   4.8907767e-01
   4.1310000e+03   4.7724515e-01
   4.1320000e+03   4.6632282e-01
   4.1330000e+03   4.5479369e-01
   4.1340000e+03   4.4265777e-01
   4.1350000e+03   4.3082524e-01
   4.1360000e+03   4.1959951e-01
   4.1370000e+03   4.0867718e-01
   4.1380000e+03   3.9775485e-01
   4.1390000e+03   3.8561893e-01
   4.1400000e+03   3.7651699e-01
   4.1410000e+03   3.6529126e-01
   4.1420000e+03   3.5436893e-01
   4.1430000e+03   3.4253641e-01
   4.1440000e+03   3.3313107e-01
   4.1450000e+03   3.2160194e-01
   4.1460000e+03   3.1098301e-01
   4.1470000e+03   3.0188107e-01
   4.1480000e+03   2.9126214e-01
   4.1490000e+03   2.8246359e-01
   4.1500000e+03   2.7184466e-01
   4.1510000e+03   2.6183252e-01
   4.1520000e+03   2.5242718e-01
   4.1530000e+03   2.4302184e-01
   4.1540000e+03   2.3634709e-01
   4.1550000e+03   2.2663835e-01
   4.1560000e+03   2.1814320e-01
   4.1570000e+03   2.1086165e-01
   4.1580000e+03   2.0145631e-01
   4.1590000e+03   1.9417476e-01
   4.1600000e+03   1.8628641e-01
   4.1610000e+03   1.7900485e-01
   4.1620000e+03   1.7111650e-01
   4.1630000e+03   1.6383495e-01
   4.1640000e+03   1.5685680e-01
   4.1650000e+03   1.5078883e-01
   4.1660000e+03   1.4411408e-01
   4.1670000e+03   1.3834951e-01
   4.1680000e+03   1.3258495e-01
   4.1690000e+03   1.2621359e-01
   4.1700000e+03   1.2166262e-01
   4.1710000e+03   1.1589806e-01
   4.1720000e+03   1.1013350e-01
   4.1730000e+03   1.0679612e-01
   4.1740000e+03   1.0224515e-01
   4.1750000e+03   9.7390777e-02
   4.1760000e+03   9.3750000e-02
   4.1770000e+03   8.9805825e-02
   4.1780000e+03   8.5254854e-02
   4.1790000e+03   8.0097087e-02
   4.1800000e+03   7.6759709e-02
   4.1810000e+03   7.3118932e-02
   4.1820000e+03   6.9478155e-02
   4.1830000e+03   6.5230583e-02
   4.1840000e+03   6.1589806e-02
   4.1850000e+03   5.8555825e-02
   4.1860000e+03   5.3701456e-02
   4.1870000e+03   4.9757282e-02
   4.1880000e+03   4.6723301e-02
   4.1890000e+03   4.3082524e-02
   4.1900000e+03   3.9138350e-02
   4.1910000e+03   3.6104369e-02
   4.1920000e+03   3.2766990e-02
   4.1930000e+03   2.9429612e-02
   4.1940000e+03   2.7002427e-02
   4.1950000e+03   2.3361650e-02
   4.1960000e+03   2.0631068e-02
   4.1970000e+03   1.7900485e-02
   4.1980000e+03   1.6080097e-02
   4.1990000e+03   1.3956311e-02
   4.2000000e+03   1.1832524e-02
   4.2010000e+03   1.0315534e-02
   4.2020000e+03   9.1019417e-03
   4.2030000e+03   0.0000000e+00
   4.2040000e+03   0.0000000e+00
   4.2050000e+03   0.0000000e+00
