   6.1200000e+02   0.0000000e+00
   6.1250000e+02   9.6670247e-03
   6.1300000e+02   9.6670247e-03
   6.1350000e+02   1.1815252e-02
   6.1400000e+02   1.5037594e-02
   6.1450000e+02   1.6111708e-02
   6.1500000e+02   1.8259936e-02
   6.1550000e+02   2.4704619e-02
   6.1600000e+02   2.6852846e-02
   6.1650000e+02   3.0075188e-02
   6.1700000e+02   3.6519871e-02
   6.1750000e+02   4.1890440e-02
   6.1800000e+02   4.9409237e-02
   6.1850000e+02   5.6928034e-02
   6.1900000e+02   6.3372718e-02
   6.1950000e+02   7.3039742e-02
   6.2000000e+02   8.5929108e-02
   6.2050000e+02   9.5596133e-02
   6.2100000e+02   1.0741139e-01
   6.2150000e+02   1.2352309e-01
   6.2200000e+02   1.3533835e-01
   6.2250000e+02   1.4930183e-01
   6.2300000e+02   1.7078410e-01
   6.2350000e+02   1.9334049e-01
   6.2400000e+02   2.1160043e-01
   6.2450000e+02   2.3737916e-01
   6.2500000e+02   2.6423201e-01
   6.2550000e+02   2.9108485e-01
   6.2600000e+02   3.1256713e-01
   6.2650000e+02   3.3619764e-01
   6.2700000e+02   3.6519871e-01
   6.2750000e+02   3.8345865e-01
   6.2800000e+02   4.1460795e-01
   6.2850000e+02   4.3716434e-01
   6.2900000e+02   4.4897959e-01
   6.2950000e+02   4.6401719e-01
   6.3000000e+02   4.9301826e-01
   6.3050000e+02   5.0161117e-01
   6.3100000e+02   5.0375940e-01
   6.3150000e+02   5.2309345e-01
   6.3200000e+02   5.3168636e-01
   6.3250000e+02   5.4887218e-01
   6.3300000e+02   5.6498389e-01
   6.3350000e+02   5.7679914e-01
   6.3400000e+02   5.8968851e-01
   6.3450000e+02   5.9076262e-01
   6.3500000e+02   6.1331901e-01
   6.3550000e+02   6.1546724e-01
   6.3600000e+02   6.2728249e-01
   6.3650000e+02   6.4661654e-01
   6.3700000e+02   6.5950591e-01
   6.3750000e+02   6.7669173e-01
   6.3800000e+02   6.8850698e-01
   6.3850000e+02   7.1750806e-01
   6.3900000e+02   7.3899033e-01
   6.3950000e+02   7.5510204e-01
   6.4000000e+02   7.6799141e-01
   6.4050000e+02   7.8088077e-01
   6.4100000e+02   7.8947368e-01
   6.4150000e+02   8.1417830e-01
   6.4200000e+02   8.3029001e-01
   6.4250000e+02   8.4640172e-01
   6.4300000e+02   8.7755102e-01
   6.4350000e+02   8.9795918e-01
   6.4400000e+02   8.9581096e-01
   6.4450000e+02   9.0977444e-01
   6.4500000e+02   9.2696026e-01
   6.4550000e+02   9.4951665e-01
   6.4600000e+02   9.4736842e-01
   6.4650000e+02   9.4414608e-01
   6.4700000e+02   9.6670247e-01
   6.4750000e+02   1.0000000e+00
   6.4800000e+02   9.8925886e-01
   6.4850000e+02   9.8818475e-01
   6.4900000e+02   9.9140709e-01
   6.4950000e+02   9.8496241e-01
   6.5000000e+02   9.7099893e-01
   6.5050000e+02   9.7099893e-01
   6.5100000e+02   9.6240602e-01
   6.5150000e+02   9.6885070e-01
   6.5200000e+02   9.6562836e-01
   6.5250000e+02   9.6562836e-01
   6.5300000e+02   9.4844253e-01
   6.5350000e+02   9.4092374e-01
   6.5400000e+02   9.3984962e-01
   6.5450000e+02   9.1407089e-01
   6.5500000e+02   8.9258861e-01
   6.5550000e+02   8.9795918e-01
   6.5600000e+02   8.9258861e-01
   6.5650000e+02   8.7003222e-01
   6.5700000e+02   8.8077336e-01
   6.5750000e+02   8.8936627e-01
   6.5800000e+02   8.6251343e-01
   6.5850000e+02   8.6143931e-01
   6.5900000e+02   8.3995704e-01
   6.5950000e+02   8.3458647e-01
   6.6000000e+02   8.2277121e-01
   6.6050000e+02   8.2169710e-01
   6.6100000e+02   8.3458647e-01
   6.6150000e+02   8.1525242e-01
   6.6200000e+02   8.3136412e-01
   6.6250000e+02   8.3351235e-01
   6.6300000e+02   8.3673469e-01
   6.6350000e+02   8.2384533e-01
   6.6400000e+02   8.1847476e-01
   6.6450000e+02   8.1740064e-01
   6.6500000e+02   8.1740064e-01
   6.6550000e+02   8.2921590e-01
   6.6600000e+02   8.2599356e-01
   6.6650000e+02   8.2384533e-01
   6.6700000e+02   8.2384533e-01
   6.6750000e+02   8.4210526e-01
   6.6800000e+02   8.2814178e-01
   6.6850000e+02   8.1095596e-01
   6.6900000e+02   8.0988185e-01
   6.6950000e+02   8.2062299e-01
   6.7000000e+02   7.9377014e-01
   6.7050000e+02   7.8410311e-01
   6.7100000e+02   7.8517723e-01
   6.7150000e+02   7.8947368e-01
   6.7200000e+02   7.6906552e-01
   6.7250000e+02   7.5510204e-01
   6.7300000e+02   7.3684211e-01
   6.7350000e+02   7.0139635e-01
   6.7400000e+02   6.8313641e-01
   6.7450000e+02   6.6380236e-01
   6.7500000e+02   6.3802363e-01
   6.7550000e+02   6.0794844e-01
   6.7600000e+02   5.8431794e-01
   6.7650000e+02   5.5531686e-01
   6.7700000e+02   5.1127820e-01
   6.7750000e+02   4.7475832e-01
   6.7800000e+02   4.5112782e-01
   6.7850000e+02   4.0279270e-01
   6.7900000e+02   3.8131042e-01
   6.7950000e+02   3.4479055e-01
   6.8000000e+02   3.1041890e-01
   6.8050000e+02   2.9001074e-01
   6.8100000e+02   2.5671321e-01
   6.8150000e+02   2.2556391e-01
   6.8200000e+02   1.9871106e-01
   6.8250000e+02   1.7722879e-01
   6.8300000e+02   1.5896885e-01
   6.8350000e+02   1.4070892e-01
   6.8400000e+02   1.2459721e-01
   6.8450000e+02   1.1170784e-01
   6.8500000e+02   9.8818475e-02
   6.8550000e+02   8.8077336e-02
   6.8600000e+02   7.8410311e-02
   6.8650000e+02   7.0891515e-02
   6.8700000e+02   6.2298604e-02
   6.8750000e+02   5.4779807e-02
   6.8800000e+02   4.7261010e-02
   6.8850000e+02   4.2964554e-02
   6.8900000e+02   3.8668099e-02
   6.8950000e+02   3.4371643e-02
   6.9000000e+02   3.1149302e-02
   6.9050000e+02   3.1149302e-02
   6.9100000e+02   3.1149302e-02
   6.9150000e+02   2.4704619e-02
   6.9200000e+02   2.1482277e-02
   6.9250000e+02   2.0408163e-02
   6.9300000e+02   1.8259936e-02
   6.9350000e+02   1.7185822e-02
   6.9400000e+02   1.6111708e-02
   6.9450000e+02   1.3963480e-02
   6.9500000e+02   1.1815252e-02
   6.9550000e+02   1.3963480e-02
   6.9600000e+02   1.0741139e-02
   6.9650000e+02   9.6670247e-03
   6.9700000e+02   9.6670247e-03
