   8.9300000e+02   9.4201018e-03
   8.9500000e+02   1.2114908e-02
   8.9600000e+02   1.2922343e-02
   8.9700000e+02   1.9438574e-02
   8.9800000e+02   2.4506193e-02
   8.9900000e+02   2.8373920e-02
   9.0000000e+02   3.9658157e-02
   9.0100000e+02   5.4432571e-02
   9.0200000e+02   7.2968294e-02
   9.0300000e+02   9.4483015e-02
   9.0400000e+02   1.2011699e-01
   9.0500000e+02   1.5049680e-01
   9.0600000e+02   1.8947351e-01
   9.0700000e+02   2.2329627e-01
   9.0800000e+02   2.5804483e-01
   9.0900000e+02   2.9170212e-01
   9.1000000e+02   3.2264548e-01
   9.1100000e+02   3.5737376e-01
   9.1200000e+02   3.9630848e-01
   9.1300000e+02   4.4084305e-01
   9.1400000e+02   4.8845635e-01
   9.1500000e+02   5.4821287e-01
   9.1600000e+02   6.0681816e-01
   9.1700000e+02   6.7280062e-01
   9.1800000e+02   7.3831539e-01
   9.1900000e+02   7.9443213e-01
   9.2000000e+02   8.4655416e-01
   9.2100000e+02   8.8310267e-01
   9.2200000e+02   9.0920728e-01
   9.2300000e+02   9.2808786e-01
   9.2400000e+02   9.3801211e-01
   9.2500000e+02   9.4503442e-01
   9.2600000e+02   9.5301849e-01
   9.2700000e+02   9.5101370e-01
   9.2800000e+02   9.6383699e-01
   9.2900000e+02   9.7565698e-01
   9.3000000e+02   9.7417533e-01
   9.3100000e+02   9.9522665e-01
   9.3200000e+02   9.8723672e-01
   9.3300000e+02   9.9032549e-01
   9.3400000e+02   9.8834839e-01
   9.3500000e+02   1.0000000e+00
   9.3600000e+02   9.9360633e-01
   9.3700000e+02   9.7577526e-01
   9.3800000e+02   9.8016876e-01
   9.3900000e+02   9.7452711e-01
   9.4000000e+02   9.6236757e-01
   9.4100000e+02   9.3662776e-01
   9.4200000e+02   9.3552904e-01
   9.4300000e+02   9.4769948e-01
   9.4400000e+02   9.2920817e-01
   9.4500000e+02   9.2498047e-01
   9.4600000e+02   9.1343117e-01
   9.4700000e+02   9.1073414e-01
   9.4800000e+02   9.1859051e-01
   9.4900000e+02   9.0920790e-01
   9.5000000e+02   9.1822098e-01
   9.5100000e+02   8.9697331e-01
   9.5200000e+02   9.2413284e-01
   9.5300000e+02   9.2376022e-01
   9.5400000e+02   9.1658246e-01
   9.5500000e+02   9.3371903e-01
   9.5600000e+02   9.4889628e-01
   9.5700000e+02   9.5752749e-01
   9.5800000e+02   9.6850173e-01
   9.5900000e+02   9.3986902e-01
   9.6000000e+02   9.5376310e-01
   9.6100000e+02   9.3112245e-01
   9.6200000e+02   8.9151364e-01
   9.6300000e+02   8.5662236e-01
   9.6400000e+02   8.0958532e-01
   9.6500000e+02   7.3709267e-01
   9.6600000e+02   6.6478694e-01
   9.6700000e+02   5.8041688e-01
   9.6800000e+02   5.0100988e-01
   9.6900000e+02   4.4001708e-01
   9.7000000e+02   3.8237471e-01
   9.7100000e+02   3.1505363e-01
   9.7200000e+02   2.6884510e-01
   9.7300000e+02   2.1627005e-01
   9.7400000e+02   1.8253918e-01
   9.7500000e+02   1.5793860e-01
   9.7600000e+02   1.1858605e-01
   9.7700000e+02   9.4653968e-02
   9.7800000e+02   7.5380418e-02
   9.7900000e+02   6.9748633e-02
   9.8000000e+02   6.2256397e-02
   9.8100000e+02   5.2549757e-02
   9.8200000e+02   4.7345800e-02
   9.8300000e+02   4.3861792e-02
   9.8400000e+02   2.5807761e-02
   9.8500000e+02   2.8107106e-02
   9.8600000e+02   2.3855968e-02
   9.8700000e+02   1.8372859e-02
   9.8800000e+02   2.6794935e-02
   9.8900000e+02   1.4868185e-02
   9.9000000e+02   1.2932316e-02
   9.9200000e+02   1.3599814e-02
