   4.6550000e+02   0.0000000e+00
   4.6600000e+02   1.1371713e-02
   4.6650000e+02   1.1371713e-02
   4.6700000e+02   1.2793177e-02
   4.6750000e+02   1.6346837e-02
   4.6800000e+02   1.8479033e-02
   4.6850000e+02   2.1321962e-02
   4.6900000e+02   2.4164890e-02
   4.6950000e+02   2.7718550e-02
   4.7000000e+02   3.1272210e-02
   4.7050000e+02   3.6958067e-02
   4.7100000e+02   4.4065387e-02
   4.7150000e+02   4.9040512e-02
   4.7200000e+02   5.7569296e-02
   4.7250000e+02   6.5387349e-02
   4.7300000e+02   7.6048330e-02
   4.7350000e+02   8.7420043e-02
   4.7400000e+02   9.8791756e-02
   4.7450000e+02   1.1158493e-01
   4.7500000e+02   1.2579957e-01
   4.7550000e+02   1.4285714e-01
   4.7600000e+02   1.5778252e-01
   4.7650000e+02   1.8123667e-01
   4.7700000e+02   2.0469083e-01
   4.7750000e+02   2.2885572e-01
   4.7800000e+02   2.6226013e-01
   4.7850000e+02   2.9779673e-01
   4.7900000e+02   3.3404407e-01
   4.7950000e+02   3.7739872e-01
   4.8000000e+02   4.2359630e-01
   4.8050000e+02   4.7192608e-01
   4.8100000e+02   5.1954513e-01
   4.8150000e+02   5.7640370e-01
   4.8200000e+02   6.2046908e-01
   4.8250000e+02   6.6879886e-01
   4.8300000e+02   7.0717839e-01
   4.8350000e+02   7.4982232e-01
   4.8400000e+02   7.8535892e-01
   4.8450000e+02   8.1094527e-01
   4.8500000e+02   8.3582090e-01
   4.8550000e+02   8.5287846e-01
   4.8600000e+02   8.7420043e-01
   4.8650000e+02   8.8912580e-01
   4.8700000e+02   9.0547264e-01
   4.8750000e+02   9.1897655e-01
   4.8800000e+02   9.2466240e-01
   4.8850000e+02   9.4171997e-01
   4.8900000e+02   9.4740583e-01
   4.8950000e+02   9.5024876e-01
   4.9000000e+02   9.5664534e-01
   4.9050000e+02   9.6730633e-01
   4.9100000e+02   9.7654584e-01
   4.9150000e+02   9.8294243e-01
   4.9200000e+02   9.9004975e-01
   4.9250000e+02   9.9289268e-01
   4.9300000e+02   9.9644634e-01
   4.9350000e+02   1.0000000e+00
   4.9400000e+02   9.9928927e-01
   4.9450000e+02   9.9076048e-01
   4.9500000e+02   9.7228145e-01
   4.9550000e+02   9.9502488e-01
   4.9600000e+02   9.6872779e-01
   4.9650000e+02   9.4243070e-01
   4.9700000e+02   9.2892679e-01
   4.9750000e+02   8.9836532e-01
   4.9800000e+02   8.6496091e-01
   4.9850000e+02   8.2444918e-01
   4.9900000e+02   7.7683014e-01
   4.9950000e+02   7.2494670e-01
   5.0000000e+02   6.7235252e-01
   5.0050000e+02   6.1833689e-01
   5.0100000e+02   5.5792466e-01
   5.0150000e+02   4.9111585e-01
   5.0200000e+02   4.4278607e-01
   5.0250000e+02   3.7597726e-01
   5.0300000e+02   3.2054016e-01
   5.0350000e+02   2.7078891e-01
   5.0400000e+02   2.2814499e-01
   5.0450000e+02   1.9118692e-01
   5.0500000e+02   1.5991471e-01
   5.0550000e+02   1.3717129e-01
   5.0600000e+02   1.1158493e-01
   5.0650000e+02   9.5238095e-02
   5.0700000e+02   7.9601990e-02
   5.0750000e+02   6.8941009e-02
   5.0800000e+02   5.8280028e-02
   5.0850000e+02   4.9040512e-02
   5.0900000e+02   4.4776119e-02
   5.0950000e+02   3.9090263e-02
   5.1000000e+02   3.4825871e-02
   5.1050000e+02   3.0561478e-02
   5.1100000e+02   2.8429282e-02
   5.1150000e+02   2.4875622e-02
   5.1200000e+02   2.2032694e-02
   5.1250000e+02   2.2032694e-02
   5.1300000e+02   1.9189765e-02
   5.1350000e+02   1.7768301e-02
   5.1400000e+02   1.4925373e-02
   5.1450000e+02   1.4925373e-02
   5.1500000e+02   1.2082445e-02
   5.1550000e+02   1.1371713e-02
   5.1600000e+02   1.2082445e-02
   5.1650000e+02   9.9502488e-03
   5.1700000e+02   9.2395167e-03
