   8.3800000e+02   0.0000000e+00
   8.3850000e+02   9.7205346e-03
   8.3900000e+02   1.0631835e-02
   8.3950000e+02   1.1239368e-02
   8.4000000e+02   1.2150668e-02
   8.4050000e+02   1.3973269e-02
   8.4100000e+02   1.5188335e-02
   8.4150000e+02   1.7010936e-02
   8.4200000e+02   1.8833536e-02
   8.4250000e+02   2.1567436e-02
   8.4300000e+02   2.4301337e-02
   8.4350000e+02   2.7339004e-02
   8.4400000e+02   3.1287971e-02
   8.4450000e+02   3.5844471e-02
   8.4500000e+02   4.0400972e-02
   8.4550000e+02   4.6780073e-02
   8.4600000e+02   5.4070474e-02
   8.4650000e+02   6.2575942e-02
   8.4700000e+02   7.1081409e-02
   8.4750000e+02   8.2320778e-02
   8.4800000e+02   9.5382746e-02
   8.4850000e+02   1.0753341e-01
   8.4900000e+02   1.2393682e-01
   8.4950000e+02   1.4307412e-01
   8.5000000e+02   1.6281896e-01
   8.5050000e+02   1.8560146e-01
   8.5100000e+02   2.0990279e-01
   8.5150000e+02   2.3633050e-01
   8.5200000e+02   2.6123937e-01
   8.5250000e+02   2.9829891e-01
   8.5300000e+02   3.3080194e-01
   8.5350000e+02   3.7697448e-01
   8.5400000e+02   4.1616039e-01
   8.5450000e+02   4.6840826e-01
   8.5500000e+02   5.1852977e-01
   8.5550000e+02   5.5619684e-01
   8.5600000e+02   6.2059538e-01
   8.5650000e+02   6.7375456e-01
   8.5700000e+02   7.2509113e-01
   8.5750000e+02   7.7035237e-01
   8.5800000e+02   8.0224787e-01
   8.5850000e+02   8.5115431e-01
   8.5900000e+02   8.9641555e-01
   8.5950000e+02   9.2618469e-01
   8.6000000e+02   9.4228433e-01
   8.6050000e+02   9.5504253e-01
   8.6100000e+02   9.7904010e-01
   8.6150000e+02   9.9574727e-01
   8.6200000e+02   9.8633050e-01
   8.6250000e+02   9.8997570e-01
   8.6300000e+02   9.9544350e-01
   8.6350000e+02   9.8633050e-01
   8.6400000e+02   9.8572296e-01
   8.6450000e+02   1.0000000e+00
   8.6500000e+02   9.7721750e-01
   8.6550000e+02   9.6962333e-01
   8.6600000e+02   9.7691373e-01
   8.6650000e+02   9.5261239e-01
   8.6700000e+02   9.4744836e-01
   8.6750000e+02   9.3772783e-01
   8.6800000e+02   9.4744836e-01
   8.6850000e+02   9.2284326e-01
   8.6900000e+02   9.2800729e-01
   8.6950000e+02   9.0674362e-01
   8.7000000e+02   8.9580802e-01
   8.7050000e+02   8.7940462e-01
   8.7100000e+02   8.6998785e-01
   8.7150000e+02   8.7120292e-01
   8.7200000e+02   8.5692588e-01
   8.7250000e+02   8.3991495e-01
   8.7300000e+02   8.2108141e-01
   8.7350000e+02   7.9951397e-01
   8.7400000e+02   7.5182260e-01
   8.7450000e+02   7.3602673e-01
   8.7500000e+02   7.0109356e-01
   8.7550000e+02   6.5735115e-01
   8.7600000e+02   6.0358445e-01
   8.7650000e+02   5.5771567e-01
   8.7700000e+02   5.0698663e-01
   8.7750000e+02   4.6111786e-01
   8.7800000e+02   4.0674362e-01
   8.7850000e+02   3.6573512e-01
   8.7900000e+02   3.1470231e-01
   8.7950000e+02   2.7885784e-01
   8.8000000e+02   2.3936817e-01
   8.8050000e+02   2.0595383e-01
   8.8100000e+02   1.7496962e-01
   8.8150000e+02   1.5157959e-01
   8.8200000e+02   1.2667072e-01
   8.8250000e+02   1.0905225e-01
   8.8300000e+02   9.4471446e-02
   8.8350000e+02   7.9586877e-02
   8.8400000e+02   6.9258809e-02
   8.8450000e+02   5.8930741e-02
   8.8500000e+02   5.2247874e-02
   8.8550000e+02   4.5868773e-02
   8.8600000e+02   4.0097205e-02
   8.8650000e+02   3.5236938e-02
   8.8700000e+02   3.0376671e-02
   8.8750000e+02   2.7339004e-02
   8.8800000e+02   2.4605103e-02
   8.8850000e+02   2.1871203e-02
   8.8900000e+02   1.9441069e-02
   8.8950000e+02   1.7922236e-02
   8.9000000e+02   1.6099635e-02
   8.9050000e+02   1.4580802e-02
   8.9100000e+02   1.3669502e-02
   8.9150000e+02   1.1846902e-02
   8.9200000e+02   1.1239368e-02
   8.9250000e+02   1.0328068e-02
   8.9300000e+02   9.1130012e-03
   8.9350000e+02   0.0000000e+00
