   8.1400000e+03   0.0000000e+00
   8.1450000e+03   1.3071895e-02
   8.1500000e+03   1.3071895e-02
   8.1550000e+03   1.3071895e-02
   8.1600000e+03   1.4297386e-02
   8.1650000e+03   1.6339869e-02
   8.1700000e+03   0.0000000e+00
   8.1750000e+03   1.2254902e-02
   8.1800000e+03   9.3954248e-03
   8.1850000e+03   1.0620915e-02
   8.1900000e+03   1.2254902e-02
   8.1950000e+03   1.2663399e-02
   8.2000000e+03   1.3071895e-02
   8.2050000e+03   1.1029412e-02
   8.2100000e+03   1.0620915e-02
   8.2150000e+03   1.2663399e-02
   8.2200000e+03   9.8039216e-03
   8.2250000e+03   0.0000000e+00
   8.2300000e+03   0.0000000e+00
   8.2350000e+03   0.0000000e+00
   8.2400000e+03   0.0000000e+00
   8.2450000e+03   1.0212418e-02
   8.2500000e+03   9.8039216e-03
   8.2550000e+03   0.0000000e+00
   8.2600000e+03   0.0000000e+00
   8.2650000e+03   0.0000000e+00
   8.2700000e+03   9.3954248e-03
   8.2750000e+03   1.1846405e-02
   8.2800000e+03   1.1846405e-02
   8.2850000e+03   1.5522876e-02
   8.2900000e+03   1.8382353e-02
   8.2950000e+03   2.1650327e-02
   8.3000000e+03   2.5326797e-02
   8.3050000e+03   2.5735294e-02
   8.3100000e+03   3.4313725e-02
   8.3150000e+03   3.6356209e-02
   8.3200000e+03   4.5343137e-02
   8.3250000e+03   5.2287582e-02
   8.3300000e+03   6.1274510e-02
   8.3350000e+03   6.7401961e-02
   8.3400000e+03   7.9248366e-02
   8.3450000e+03   9.4771242e-02
   8.3500000e+03   1.0947712e-01
   8.3550000e+03   1.1846405e-01
   8.3600000e+03   1.3316993e-01
   8.3650000e+03   1.5114379e-01
   8.3700000e+03   1.7075163e-01
   8.3750000e+03   1.8995098e-01
   8.3800000e+03   2.1691176e-01
   8.3850000e+03   2.4060458e-01
   8.3900000e+03   2.6552288e-01
   8.3950000e+03   2.9411765e-01
   8.4000000e+03   3.3374183e-01
   8.4050000e+03   3.7050654e-01
   8.4100000e+03   4.0318627e-01
   8.4150000e+03   4.4240196e-01
   8.4200000e+03   4.8406863e-01
   8.4250000e+03   5.1715686e-01
   8.4300000e+03   5.6045752e-01
   8.4350000e+03   5.9027778e-01
   8.4400000e+03   6.3194444e-01
   8.4450000e+03   6.6870915e-01
   8.4500000e+03   7.0506536e-01
   8.4550000e+03   7.4183007e-01
   8.4600000e+03   7.7777778e-01
   8.4650000e+03   8.1127451e-01
   8.4700000e+03   8.3741830e-01
   8.4750000e+03   8.6111111e-01
   8.4800000e+03   8.7745098e-01
   8.4850000e+03   8.9256536e-01
   8.4900000e+03   9.1584967e-01
   8.4950000e+03   9.2769608e-01
   8.5000000e+03   9.4076797e-01
   8.5050000e+03   9.5669935e-01
   8.5100000e+03   9.5833333e-01
   8.5150000e+03   9.6160131e-01
   8.5200000e+03   9.6282680e-01
   8.5250000e+03   9.7549020e-01
   8.5300000e+03   9.7753268e-01
   8.5350000e+03   9.7875817e-01
   8.5400000e+03   9.7834967e-01
   8.5450000e+03   9.7671569e-01
   8.5500000e+03   9.8039216e-01
   8.5550000e+03   9.8733660e-01
   8.5600000e+03   9.9428105e-01
   8.5650000e+03   9.9101307e-01
   8.5700000e+03   9.8815359e-01
   8.5750000e+03   9.9264706e-01
   8.5800000e+03   9.9264706e-01
   8.5850000e+03   9.9468954e-01
   8.5900000e+03   1.0000000e+00
   8.5950000e+03   9.9305556e-01
   8.6000000e+03   9.9673203e-01
   8.6050000e+03   9.9060458e-01
   8.6100000e+03   9.9223856e-01
   8.6150000e+03   9.8978758e-01
   8.6200000e+03   9.8937908e-01
   8.6250000e+03   9.8243464e-01
   8.6300000e+03   9.6813725e-01
   8.6350000e+03   9.5547386e-01
   8.6400000e+03   9.3423203e-01
   8.6450000e+03   9.2075163e-01
   8.6500000e+03   8.8929739e-01
   8.6550000e+03   8.6397059e-01
   8.6600000e+03   8.2883987e-01
   8.6650000e+03   7.9248366e-01
   8.6700000e+03   7.5531046e-01
   8.6750000e+03   7.1732026e-01
   8.6800000e+03   6.7851307e-01
   8.6850000e+03   6.3235294e-01
   8.6900000e+03   5.8415033e-01
   8.6950000e+03   5.3431373e-01
   8.7000000e+03   4.9346405e-01
   8.7050000e+03   4.4526144e-01
   8.7100000e+03   3.9705882e-01
   8.7150000e+03   3.5784314e-01
   8.7200000e+03   3.2679739e-01
   8.7250000e+03   2.7941176e-01
   8.7300000e+03   2.4714052e-01
   8.7350000e+03   2.1486928e-01
   8.7400000e+03   1.8627451e-01
   8.7450000e+03   1.5931373e-01
   8.7500000e+03   1.4174837e-01
   8.7550000e+03   1.2091503e-01
   8.7600000e+03   9.8856209e-02
   8.7650000e+03   8.7418301e-02
   8.7700000e+03   8.3333333e-02
   8.7750000e+03   6.9035948e-02
   8.7800000e+03   5.8006536e-02
   8.7850000e+03   5.3104575e-02
   8.7900000e+03   3.8807190e-02
   8.7950000e+03   3.4313725e-02
   8.8000000e+03   3.0637255e-02
   8.8050000e+03   2.6960784e-02
   8.8100000e+03   2.2467320e-02
   8.8150000e+03   1.8790850e-02
   8.8200000e+03   2.2058824e-02
   8.8250000e+03   1.6748366e-02
   8.8300000e+03   1.0620915e-02
   8.8350000e+03   0.0000000e+00
   8.8400000e+03   1.3071895e-02
   8.8450000e+03   9.8039216e-03
   8.8500000e+03   1.3480392e-02
   8.8550000e+03   9.8039216e-03
   8.8600000e+03   1.5522876e-02
   8.8650000e+03   0.0000000e+00
   8.8700000e+03   0.0000000e+00
   8.8750000e+03   1.4705882e-02
   8.8800000e+03   2.0833333e-02
   8.8850000e+03   1.5931373e-02
   8.8900000e+03   1.5114379e-02
   8.8950000e+03   1.3888889e-02
   8.9000000e+03   1.5522876e-02
   8.9050000e+03   1.3480392e-02
   8.9100000e+03   1.4705882e-02
   8.9150000e+03   1.3071895e-02
   8.9200000e+03   1.5114379e-02
   8.9250000e+03   1.5931373e-02
   8.9300000e+03   1.0212418e-02
   8.9350000e+03   1.3480392e-02
   8.9400000e+03   0.0000000e+00
   8.9450000e+03   1.1846405e-02
   8.9500000e+03   1.7973856e-02
   8.9550000e+03   1.5931373e-02
   8.9600000e+03   1.5522876e-02
   8.9650000e+03   1.3480392e-02
   8.9700000e+03   1.2254902e-02
   8.9750000e+03   1.0620915e-02
   8.9800000e+03   1.2663399e-02
