   4.1850000e+02   0.0000000e+00
   4.1900000e+02   0.0000000e+00
   4.1950000e+02   9.3167702e-03
   4.2000000e+02   1.0869565e-02
   4.2050000e+02   1.2422360e-02
   4.2100000e+02   1.3975155e-02
   4.2150000e+02   1.7080745e-02
   4.2200000e+02   1.8633540e-02
   4.2250000e+02   2.1739130e-02
   4.2300000e+02   2.4844720e-02
   4.2350000e+02   3.1055901e-02
   4.2400000e+02   3.5714286e-02
   4.2450000e+02   4.6583851e-02
   4.2500000e+02   5.5900621e-02
   4.2550000e+02   6.5217391e-02
   4.2600000e+02   7.2981366e-02
   4.2650000e+02   8.2298137e-02
   4.2700000e+02   9.0062112e-02
   4.2750000e+02   9.7826087e-02
   4.2800000e+02   1.0559006e-01
   4.2850000e+02   1.1801242e-01
   4.2900000e+02   1.3043478e-01
   4.2950000e+02   1.4751553e-01
   4.3000000e+02   1.6459627e-01
   4.3050000e+02   1.9099379e-01
   4.3100000e+02   2.1583851e-01
   4.3150000e+02   2.6552795e-01
   4.3200000e+02   3.1366460e-01
   4.3250000e+02   3.8354037e-01
   4.3300000e+02   4.5341615e-01
   4.3350000e+02   5.2484472e-01
   4.3400000e+02   5.9472050e-01
   4.3450000e+02   6.3819876e-01
   4.3500000e+02   6.8167702e-01
   4.3550000e+02   6.8944099e-01
   4.3600000e+02   6.9565217e-01
   4.3650000e+02   6.9720497e-01
   4.3700000e+02   6.9720497e-01
   4.3750000e+02   6.9254658e-01
   4.3800000e+02   6.8788820e-01
   4.3850000e+02   7.0496894e-01
   4.3900000e+02   7.2049689e-01
   4.3950000e+02   7.4534161e-01
   4.4000000e+02   7.7018634e-01
   4.4050000e+02   8.0124224e-01
   4.4100000e+02   8.3229814e-01
   4.4150000e+02   8.6956522e-01
   4.4200000e+02   9.0527950e-01
   4.4250000e+02   9.2857143e-01
   4.4300000e+02   9.5031056e-01
   4.4350000e+02   9.7515528e-01
   4.4400000e+02   1.0000000e+00
   4.4450000e+02   9.8602484e-01
   4.4500000e+02   9.7204969e-01
   4.4550000e+02   9.5031056e-01
   4.4600000e+02   9.2857143e-01
   4.4650000e+02   9.0372671e-01
   4.4700000e+02   8.7732919e-01
   4.4750000e+02   8.4627329e-01
   4.4800000e+02   8.1521739e-01
   4.4850000e+02   7.9347826e-01
   4.4900000e+02   7.7173913e-01
   4.4950000e+02   7.5776398e-01
   4.5000000e+02   7.4223602e-01
   4.5050000e+02   7.4534161e-01
   4.5100000e+02   7.4689441e-01
   4.5150000e+02   7.6086957e-01
   4.5200000e+02   7.7329193e-01
   4.5250000e+02   7.7173913e-01
   4.5300000e+02   7.7018634e-01
   4.5350000e+02   7.5155280e-01
   4.5400000e+02   7.3136646e-01
   4.5450000e+02   6.7701863e-01
   4.5500000e+02   6.2267081e-01
   4.5550000e+02   5.4037267e-01
   4.5600000e+02   4.5652174e-01
   4.5650000e+02   3.7422360e-01
   4.5700000e+02   2.9037267e-01
   4.5750000e+02   2.2981366e-01
   4.5800000e+02   1.6770186e-01
   4.5850000e+02   1.3354037e-01
   4.5900000e+02   9.7826087e-02
   4.5950000e+02   8.2298137e-02
   4.6000000e+02   6.5217391e-02
   4.6050000e+02   5.5900621e-02
   4.6100000e+02   4.5031056e-02
   4.6150000e+02   3.8819876e-02
   4.6200000e+02   3.2608696e-02
   4.6250000e+02   3.1055901e-02
   4.6300000e+02   2.7950311e-02
   4.6350000e+02   2.4844720e-02
   4.6400000e+02   2.0186335e-02
   4.6450000e+02   2.0186335e-02
   4.6500000e+02   2.0186335e-02
   4.6550000e+02   1.7080745e-02
   4.6600000e+02   1.3975155e-02
   4.6650000e+02   1.2422360e-02
   4.6700000e+02   1.0869565e-02
   4.6750000e+02   1.0869565e-02
   4.6800000e+02   9.3167702e-03
