3.002   0.001725
3.007   0.001918401
3.012   0.001645
3.017   0.001983512
3.022   0.002574
3.027   0.001893388
3.032   0.00132
3.037   0.002631181
3.042   0.003085
3.047   0.00182724
3.052   0.001945
3.057   0.002659109
3.062   0.002613
3.067   0.001406192
3.072   0.003852
3.077   0.002306096
3.082   0.001587
3.087   0.002252279
3.092   0.001968
3.097   0.002264664
3.102   0.001984
3.107   0.002283889
3.112   0.003165
3.117   0.001801444
3.122   0.001832
3.127   0.002079936
3.132   0.003683
3.137   0.002080822
3.142   0.00311
3.147   0.00270394
3.152   0.002202
3.157   0.002100285
3.162   0.001494
3.167   0.002410785
3.172   0.002592
3.177   0.002009307
3.182   0.001865
3.187   0.003297733
3.192   0.002707
3.197   0.002633092
3.202   0.001801
3.207   0.002694986
3.212   0.001525
3.217   0.002003484
3.222   0.001948
3.227   0.002469568
3.232   0.001984
3.237   0.002202052
3.242   0.001897
3.247   0.002750485
3.252   0.002599
3.257   0.002372085
3.262   0.002167
3.267   0.003415704
3.272   0.002367
3.277   0.002678922
3.282   0.003696
3.287   0.002838508
3.292   0.003133
3.297   0.002750728
3.302   0.004687
3.307   0.003989466
3.312   0.00517
3.317   0.003566119
3.322   0.003976
3.327   0.00437857
3.332   0.004854
3.337   0.005709346
3.342   0.006123
3.347   0.005654818
3.352   0.006314
3.357   0.006795038
3.362   0.007636
3.367   0.008480069
3.372   0.008472
3.377   0.009733132
3.382   0.011327
3.387   0.012653113
3.392   0.013564
3.397   0.015911896
3.402   0.017994
3.407   0.020215736
3.412   0.022912
3.417   0.026580046
3.422   0.029316
3.427   0.033403649
3.432   0.038637
3.437   0.045907766
3.442   0.052294
3.447   0.06107134
3.452   0.070172
3.457   0.081817307
3.462   0.097153
3.467   0.11354822
3.472   0.131751
3.477   0.158574663
3.482   0.184251
3.487   0.218066186
3.492   0.251607
3.497   0.294935484
3.502   0.341209
3.507   0.394462162
3.512   0.455131
3.517   0.522310587
3.522   0.59975
3.527   0.665303725
3.532   0.722068
3.537   0.774235286
3.542   0.829028
3.547   0.876224063
3.552   0.91053
3.557   0.933717628
3.562   0.951613
3.567   0.964991179
3.572   0.980649
3.577   0.989165397
3.582   0.995674
3.587   0.997715231
3.592   1
3.597   0.99220312
3.602   0.988607
3.607   0.991332403
3.612   0.9862
3.617   0.986275264
3.622   0.994652
3.627   0.992589383
3.632   0.98096
3.637   0.978998919
3.642   0.981323
3.647   0.974426105
3.652   0.98773
3.657   0.977185109
3.662   0.97919
3.667   0.981872678
3.672   0.976787
3.677   0.97272294
3.682   0.969595
3.687   0.963482656
3.692   0.968299
3.697   0.969129399
3.702   0.961901
3.707   0.960167021
3.712   0.952092
3.717   0.952497103
3.722   0.952922
3.727   0.947142473
3.732   0.947213
3.737   0.938801716
3.742   0.936987
3.747   0.942423449
3.752   0.93646
3.757   0.925104894
3.762   0.930435
3.767   0.924631632
3.772   0.935917
3.777   0.931426933
3.782   0.923652
3.787   0.932716806
3.792   0.922402
3.797   0.915668549
3.802   0.931781
3.807   0.911030779
3.812   0.909332
3.817   0.908340411
3.822   0.907381
3.827   0.906425323
3.832   0.897361
3.837   0.882564411
3.842   0.894159
3.847   0.894047381
3.852   0.869267
3.857   0.868023269
3.862   0.855909
3.867   0.848644313
3.872   0.847689
3.877   0.83007704
3.882   0.819041
3.887   0.803774909
3.892   0.788163
3.897   0.776884237
3.902   0.763751
3.907   0.742516174
3.912   0.715357
3.917   0.69269064
3.922   0.668462
3.927   0.647703137
3.932   0.615767
3.937   0.581101727
3.942   0.549301
3.947   0.517602874
3.952   0.484839
3.957   0.449182819
3.962   0.41162
3.967   0.382070421
3.972   0.349648
3.977   0.315766007
3.982   0.287907
3.987   0.254201214
3.992   0.224717
3.997   0.201387439
4.002   0.177971
4.007   0.155011611
4.012   0.135394
4.017   0.114029003
4.022   0.099551
4.027   0.084715503
4.032   0.073812
4.037   0.063324979
4.042   0.053771
4.047   0.046056137
4.052   0.039793
4.057   0.033725359
4.062   0.029466
4.067   0.026227687
4.072   0.023556
4.077   0.018837937
4.082   0.016447
4.087   0.015336162
4.092   0.012882
4.097   0.01129653
4.102   0.010208
4.107   0.009347239
4.112   0.008974
4.117   0.007371069
4.122   0.007012
4.127   0.006898572
4.132   0.00575
4.137   0.005208946
4.142   0.004267
4.147   0.004084539
4.152   0.003975
4.157   0.003902266
4.162   0.002917
4.167   0.003744609
4.172   0.003663
4.177   0.002770688
4.182   0.003085
4.187   0.002415495
4.192   0.002317
4.197   0.002639122
4.202   0.001896
4.207   0.002582246
4.212   0.002312
4.217   0.0016698
4.222   0.00185
4.227   0.002151339
4.232   0.004009
4.237   0.002223248
4.242   0.001803
4.247   0.002586958
4.252   0.001816
4.257   0.001611326
4.262   0.001867
4.267   0.003571341
4.272   0.002539
4.277   0.002085969
4.282   0.001886
4.287   0.00246029
4.292   0.001997
4.297   0.001891667
4.302   0.002389
4.307   0.001981992
4.312   0.001608
4.317   0.002533258
4.322   0.002094
4.327   0.002633902
4.332   0.002227
4.337   0.002139654
4.342   0.003085
4.347   0.001722275
4.352   0.001861
4.357   0.001921404
4.362   0.003037
4.367   0.002752674
4.372   0.001808
4.377   0.00276446
4.382   0.002826
4.387   0.002406545
4.392   0.002988
4.397   0.00279207
4.402   0.002326
4.407   0.002662595
4.412   0.002063
4.417   0.002218356
4.422   0.001658
4.427   0.00269258
4.432   0.002268
4.437   0.002149439
4.442   0.001962
4.447   0.001521042
4.452   0.003338
4.457   0.001958449
4.462   0.002213
4.467   0.00170092
4.472   0.002846
4.477   0.002586056
4.482   0.001525
4.487   0.001754491
4.492   0.002875
4.497   0.002132053
4.502   0.002057