10.500  0.009728
10.505  0.010240
10.510  0.008857
10.515  0.006791
10.520  0.009200
10.525  0.010893
10.530  0.012962
10.535  0.004827
10.540  0.010084
10.545  0.008328
10.550  0.010364
10.555  0.011216
10.560  0.010831
10.565  0.012142
10.570  0.011192
10.575  0.013583
10.580  0.014578
10.585  0.006401
10.590  0.007962
10.595  0.005679
10.600  0.011656
10.605  0.009090
10.610  0.007411
10.615  0.010918
10.620  0.007817
10.625  0.006205
10.630  0.005475
10.635  0.011932
10.640  0.010427
10.645  0.007933
10.650  0.005367
10.655  0.006824
10.660  0.004653
10.665  0.006546
10.670  0.011096
10.675  0.013084
10.680  0.012263
10.685  0.007033
10.690  0.009562
10.695  0.007234
10.700  0.009175
10.705  0.007554
10.710  0.012770
10.715  0.005261
10.720  0.008540
10.725  0.006544
10.730  0.009435
10.735  0.011445
10.740  0.008977
10.745  0.013105
10.750  0.016124
10.755  0.014870
10.760  0.007991
10.765  0.012337
10.770  0.011685
10.775  0.011003
10.780  0.010408
10.785  0.008587
10.790  0.010027
10.795  0.006868
10.800  0.008010
10.805  0.011919
10.810  0.008639
10.815  0.009640
10.820  0.011023
10.825  0.010154
10.830  0.009166
10.835  0.012424
10.840  0.007511
10.845  0.008839
10.850  0.007146
10.855  0.008505
10.860  0.007338
10.865  0.007376
10.870  0.011665
10.875  0.007333
10.880  0.007885
10.885  0.008412
10.890  0.008894
10.895  0.010871
10.900  0.011818
10.905  0.011426
10.910  0.008856
10.915  0.013335
10.920  0.010554
10.925  0.010972
10.930  0.008548
10.935  0.008124
10.940  0.008701
10.945  0.005774
10.950  0.008122
10.955  0.006538
10.960  0.010062
10.965  0.010660
10.970  0.007428
10.975  0.008274
10.980  0.012394
10.985  0.009838
10.990  0.008073
10.995  0.008724
11.000  0.006459
11.005  0.008226
11.010  0.014320
11.015  0.009487
11.020  0.011520
11.025  0.009143
11.030  0.005973
11.035  0.008051
11.040  0.008208
11.045  0.011083
11.050  0.009842
11.055  0.007729
11.060  0.006751
11.065  0.011316
11.070  0.005983
11.075  0.008053
11.080  0.010922
11.085  0.010453
11.090  0.007097
11.095  0.008377
11.100  0.012081
11.105  0.007270
11.110  0.003152
11.115  0.012125
11.120  0.010668
11.125  0.009605
11.130  0.011151
11.135  0.008305
11.140  0.013269
11.145  0.009543
11.150  0.008736
11.155  0.011296
11.160  0.008452
11.165  0.008200
11.170  0.010052
11.175  0.017097
11.180  0.013541
11.185  0.018557
11.190  0.015959
11.195  0.011900
11.200  0.013865
11.205  0.019319
11.210  0.018853
11.215  0.017415
11.220  0.014952
11.225  0.016141
11.230  0.019234
11.235  0.016130
11.240  0.017296
11.245  0.015218
11.250  0.022527
11.255  0.023140
11.260  0.023956
11.265  0.022273
11.270  0.026606
11.275  0.027648
11.280  0.031542
11.285  0.028162
11.290  0.030512
11.295  0.037107
11.300  0.040732
11.305  0.041962
11.310  0.034990
11.315  0.041198
11.320  0.034348
11.325  0.052603
11.330  0.053991
11.335  0.049911
11.340  0.059920
11.345  0.046007
11.350  0.059772
11.355  0.064933
11.360  0.066589
11.365  0.063822
11.370  0.065459
11.375  0.066548
11.380  0.070788
11.385  0.079673
11.390  0.083352
11.395  0.082468
11.400  0.091128
11.405  0.099744
11.410  0.093550
11.415  0.097537
11.420  0.098742
11.425  0.109750
11.430  0.108749
11.435  0.120685
11.440  0.121550
11.445  0.129778
11.450  0.127058
11.455  0.135835
11.460  0.146769
11.465  0.150669
11.470  0.161586
11.475  0.159137
11.480  0.169849
11.485  0.177078
11.490  0.185428
11.495  0.201134
11.500  0.196561
11.505  0.211030
11.510  0.220139
11.515  0.219150
11.520  0.221936
11.525  0.234896
11.530  0.252112
11.535  0.257113
11.540  0.271698
11.545  0.279727
11.550  0.292446
11.555  0.303930
11.560  0.306537
11.565  0.316824
11.570  0.334358
11.575  0.352208
11.580  0.364228
11.585  0.375463
11.590  0.383964
11.595  0.401841
11.600  0.411887
11.605  0.423610
11.610  0.435452
11.615  0.447579
11.620  0.475517
11.625  0.498538
11.630  0.507316
11.635  0.528689
11.640  0.552052
11.645  0.556414
11.650  0.570304
11.655  0.589146
11.660  0.611771
11.665  0.630725
11.670  0.653299
11.675  0.654559
11.680  0.665019
11.685  0.685186
11.690  0.670999
11.695  0.694175
11.700  0.712119
11.705  0.718813
11.710  0.737064
11.715  0.739085
11.720  0.762983
11.725  0.775074
11.730  0.776949
11.735  0.788043
11.740  0.800173
11.745  0.818886
11.750  0.828083
11.755  0.850114
11.760  0.883460
11.765  0.874055
11.770  0.893024
11.775  0.898635
11.780  0.904839
11.785  0.908636
11.790  0.918925
11.795  0.937974
11.800  0.942199
11.805  0.949865
11.810  0.949678
11.815  0.960001
11.820  0.953971
11.825  0.971437
11.830  0.960199
11.835  0.971688
11.840  0.973290
11.845  0.972910
11.850  0.997865
11.855  0.979379
11.860  0.980593
11.865  0.987343
11.870  0.987870
11.875  0.986903
11.880  0.982503
11.885  0.998097
11.890  0.999130
11.895  0.974509
11.900  0.975452
11.905  0.981271
11.910  0.985046
11.915  0.968508
11.920  0.972831
11.925  0.979983
11.930  0.987696
11.935  0.960448
11.940  0.991069
11.945  1.000000
11.950  0.987272
11.955  0.980252
11.960  0.984819
11.965  0.983262
11.970  0.980302
11.975  0.957107
11.980  0.961261
11.985  0.961778
11.990  0.963071
11.995  0.953773
12.000  0.944754
12.005  0.939056
12.010  0.941484
12.015  0.947897
12.020  0.930128
12.025  0.930024
12.030  0.940495
12.035  0.928046
12.040  0.910025
12.045  0.920257
12.050  0.912272
12.055  0.908246
12.060  0.901861
12.065  0.897440
12.070  0.880363
12.075  0.878275
12.080  0.872991
12.085  0.870371
12.090  0.859635
12.095  0.854965
12.100  0.851487
12.105  0.841301
12.110  0.840236
12.115  0.843294
12.120  0.826172
12.125  0.828400
12.130  0.823280
12.135  0.816330
12.140  0.808786
12.145  0.816782
12.150  0.806147
12.155  0.814568
12.160  0.805520
12.165  0.795519
12.170  0.792082
12.175  0.787833
12.180  0.787438
12.185  0.793489
12.190  0.802554
12.195  0.792311
12.200  0.798052
12.205  0.796810
12.210  0.799643
12.215  0.800195
12.220  0.800490
12.225  0.783368
12.230  0.794551
12.235  0.764319
12.240  0.779008
12.245  0.781281
12.250  0.792505
12.255  0.791046
12.260  0.766095
12.265  0.782937
12.270  0.768895
12.275  0.765812
12.280  0.765492
12.285  0.758921
12.290  0.759886
12.295  0.737226
12.300  0.759878
12.305  0.745190
12.310  0.749253
12.315  0.723902
12.320  0.722324
12.325  0.708094
12.330  0.715943
12.335  0.689768
12.340  0.698968
12.345  0.685639
12.350  0.689089
12.355  0.678449
12.360  0.669159
12.365  0.651301
12.370  0.645503
12.375  0.639671
12.380  0.629208
12.385  0.633731
12.390  0.625274
12.395  0.618010
12.400  0.621678
12.405  0.618840
12.410  0.612018
12.415  0.610932
12.420  0.603982
12.425  0.595633
12.430  0.594872
12.435  0.566496
12.440  0.558627
12.445  0.547266
12.450  0.562359
12.455  0.544882
12.460  0.536605
12.465  0.539613
12.470  0.522850
12.475  0.509351
12.480  0.518468
12.485  0.499540
12.490  0.501024
12.495  0.483709
12.500  0.464686
12.505  0.472023
12.510  0.445153
12.515  0.445693
12.520  0.409201
12.525  0.409626
12.530  0.395499
12.535  0.378495
12.540  0.363641
12.545  0.360955
12.550  0.361272
12.555  0.342303
12.560  0.341962
12.565  0.323331
12.570  0.314146
12.575  0.299946
12.580  0.280404
12.585  0.276297
12.590  0.272331
12.595  0.261087
12.600  0.277745
12.605  0.249704
12.610  0.250373
12.615  0.233127
12.620  0.233674
12.625  0.203191
12.630  0.196290
12.635  0.175776
12.640  0.189374
12.645  0.187124
12.650  0.166561
12.655  0.164685
12.660  0.151783
12.665  0.151922
12.670  0.136501
12.675  0.118766
12.680  0.106450
12.685  0.099434
12.690  0.094859
12.695  0.102130
12.700  0.093348
12.705  0.083151
12.710  0.084283
12.715  0.074075
12.720  0.065548
12.725  0.064725
12.730  0.063635
12.735  0.054975
12.740  0.045228
12.745  0.045663
12.750  0.047833
12.755  0.042678
12.760  0.029645
12.765  0.025333
12.770  0.022763
12.775  0.014370
12.780  0.015263
12.785  0.008693
12.790  0.020671
12.795  0.012567
12.800  0.017414
12.805  0.008780
12.810  0.012978
12.815  0.007387
12.820  0.008202
12.825  0.011148
12.830  0.011700
12.835  0.006341
12.840  0.010106
12.845  0.010651
12.850  0.008869
12.855  0.014853
12.860  0.004921
12.865  0.009409
12.870  0.009759
12.875  0.008888
12.880  0.009757
12.885  0.007893
12.890  0.014891
12.895  0.008748
12.900  0.011217
12.905  0.010582
12.910  0.007565
12.915  0.009389
12.920  0.010803
12.925  0.012351
12.930  0.007100
12.935  0.013577
12.940  0.013587
12.945  0.009072
12.950  0.008325
12.955  0.005734
12.960  0.007078
12.965  0.009655
12.970  0.012209
12.975  0.010083
12.980  0.013033
12.985  0.011007
12.990  0.011044
12.995  0.010180
13.000  0.010998
13.005  0.007144
13.010  0.012879
13.015  0.009926
13.020  0.005341
13.025  0.010476
13.030  0.007444
13.035  0.008911
13.040  0.014647
13.045  0.012340
13.050  0.008670
13.055  0.009673
13.060  0.010856
13.065  0.005150
13.070  0.011816
13.075  0.014521
13.080  0.010154
13.085  0.007358
13.090  0.011297
13.095  0.010892
13.100  0.008996
13.105  0.010832
13.110  0.008334
13.115  0.008883
13.120  0.013536
13.125  0.016725
13.130  0.008425
13.135  0.009871
13.140  0.011007
13.145  0.006789
13.150  0.007353
13.155  0.010425
13.160  0.007583
13.165  0.007152
13.170  0.009449
13.175  0.007303
13.180  0.010826
13.185  0.006988
13.190  0.010292
13.195  0.008734
13.200  0.005875
13.205  0.007754
13.210  0.013436
13.215  0.010419
13.220  0.013584
13.225  0.008245
13.230  0.007594
13.235  0.008743
13.240  0.012185
13.245  0.009426
13.250  0.005656
13.255  0.010630
13.260  0.009608
13.265  0.013120
13.270  0.010135
13.275  0.012549
13.280  0.009717
13.285  0.007524
13.290  0.009311
13.295  0.009986
13.300  0.009028
13.305  0.011880
13.310  0.006422
13.315  0.011512
13.320  0.007221
13.325  0.010209
13.330  0.012549
13.335  0.010262
13.340  0.006314
13.345  0.006226
13.350  0.008192
13.355  0.010538
13.360  0.012724
13.365  0.012361
13.370  0.010890
13.375  0.014503
13.380  0.014177
13.385  0.010716
13.390  0.009944
13.395  0.006801
13.400  0.004381
13.405  0.010683
13.410  0.008040
13.415  0.007316
13.420  0.010850
13.425  0.007285
13.430  0.010881
13.435  0.005789
13.440  0.010007
13.445  0.005811
13.450  0.011462
13.455  0.007670
13.460  0.008131
13.465  0.010370
13.470  0.008533
13.475  0.011570
13.480  0.005457
13.485  0.012613
13.490  0.012636
13.495  0.010893
13.500  0.009975