1.500000e+02 1.395719e+00 2.256566e+00 3.778373e-02 3.171484e-06 
1.510000e+02 1.478968e+00 2.379268e+00 4.130485e-02 3.726762e-06 
1.520000e+02 1.565997e+00 2.506913e+00 4.510248e-02 4.370179e-06 
1.530000e+02 1.656918e+00 2.639621e+00 4.919404e-02 5.114258e-06 
1.540000e+02 1.751843e+00 2.777511e+00 5.359775e-02 5.973084e-06 
1.550000e+02 1.850885e+00 2.920705e+00 5.833264e-02 6.962478e-06 
1.560000e+02 1.954160e+00 3.069322e+00 6.341859e-02 8.100173e-06 
1.570000e+02 2.061781e+00 3.223483e+00 6.887632e-02 9.406014e-06 
1.580000e+02 2.173865e+00 3.383310e+00 7.472746e-02 1.090217e-05 
1.590000e+02 2.290528e+00 3.548922e+00 8.099449e-02 1.261338e-05 
1.600000e+02 2.411887e+00 3.720441e+00 8.770085e-02 1.456718e-05 
1.610000e+02 2.538061e+00 3.897987e+00 9.487087e-02 1.679420e-05 
1.620000e+02 2.669167e+00 4.081680e+00 1.025299e-01 1.932843e-05 
1.630000e+02 2.805325e+00 4.271641e+00 1.107041e-01 2.220756e-05 
1.640000e+02 2.946654e+00 4.467990e+00 1.194208e-01 2.547331e-05 
1.650000e+02 3.093274e+00 4.670845e+00 1.287083e-01 2.917177e-05 
1.660000e+02 3.245305e+00 4.880326e+00 1.385959e-01 3.335384e-05 
1.670000e+02 3.402867e+00 5.096553e+00 1.491137e-01 3.807560e-05 
1.680000e+02 3.566082e+00 5.319643e+00 1.602933e-01 4.339876e-05 
1.690000e+02 3.735070e+00 5.549713e+00 1.721669e-01 4.939118e-05 
1.700000e+02 3.909952e+00 5.786882e+00 1.847682e-01 5.612733e-05 
1.710000e+02 4.090849e+00 6.031266e+00 1.981317e-01 6.368884e-05 
1.720000e+02 4.277883e+00 6.282981e+00 2.122930e-01 7.216510e-05 
1.730000e+02 4.471176e+00 6.542142e+00 2.272891e-01 8.165384e-05 
1.740000e+02 4.670847e+00 6.808864e+00 2.431579e-01 9.226181e-05 
1.750000e+02 4.877019e+00 7.083261e+00 2.599384e-01 1.041055e-04 
1.760000e+02 5.089813e+00 7.365445e+00 2.776709e-01 1.173116e-04 
1.770000e+02 5.309350e+00 7.655529e+00 2.963967e-01 1.320184e-04 
1.780000e+02 5.535749e+00 7.953625e+00 3.161586e-01 1.483758e-04 
1.790000e+02 5.769133e+00 8.259842e+00 3.370001e-01 1.665468e-04 
1.800000e+02 6.009620e+00 8.574290e+00 3.589663e-01 1.867081e-04 
1.810000e+02 6.257331e+00 8.897079e+00 3.821032e-01 2.090512e-04 
1.820000e+02 6.512385e+00 9.228314e+00 4.064583e-01 2.337833e-04 
1.830000e+02 6.774901e+00 9.568104e+00 4.320801e-01 2.611283e-04 
1.840000e+02 7.044998e+00 9.916553e+00 4.590183e-01 2.913283e-04 
1.850000e+02 7.322793e+00 1.027377e+01 4.873240e-01 3.246442e-04 
1.860000e+02 7.608405e+00 1.063985e+01 5.170493e-01 3.613573e-04 
1.870000e+02 7.901950e+00 1.101490e+01 5.482478e-01 4.017706e-04 
1.880000e+02 8.203544e+00 1.139902e+01 5.809740e-01 4.462098e-04 
1.890000e+02 8.513304e+00 1.179231e+01 6.152840e-01 4.950253e-04 
1.900000e+02 8.831344e+00 1.219487e+01 6.512348e-01 5.485929e-04 
1.910000e+02 9.157779e+00 1.260680e+01 6.888849e-01 6.073160e-04 
1.920000e+02 9.492723e+00 1.302819e+01 7.282939e-01 6.716269e-04 
1.930000e+02 9.836288e+00 1.345914e+01 7.695227e-01 7.419883e-04 
1.940000e+02 1.018859e+01 1.389974e+01 8.126333e-01 8.188955e-04 
1.950000e+02 1.054973e+01 1.435008e+01 8.576892e-01 9.028778e-04 
1.960000e+02 1.091983e+01 1.481026e+01 9.047548e-01 9.945003e-04 
1.970000e+02 1.129899e+01 1.528037e+01 9.538961e-01 1.094367e-03 
1.980000e+02 1.168732e+01 1.576049e+01 1.005180e+00 1.203120e-03 
1.990000e+02 1.208494e+01 1.625072e+01 1.058675e+00 1.321445e-03 
2.000000e+02 1.249194e+01 1.675113e+01 1.114450e+00 1.450071e-03 
2.010000e+02 1.290844e+01 1.726181e+01 1.172577e+00 1.589775e-03 
2.020000e+02 1.333454e+01 1.778285e+01 1.233126e+00 1.741382e-03 
2.030000e+02 1.377033e+01 1.831433e+01 1.296172e+00 1.905767e-03 
2.040000e+02 1.421594e+01 1.885633e+01 1.361788e+00 2.083860e-03 
2.050000e+02 1.467145e+01 1.940892e+01 1.430050e+00 2.276646e-03 
2.060000e+02 1.513696e+01 1.997219e+01 1.501035e+00 2.485172e-03 
2.070000e+02 1.561259e+01 2.054621e+01 1.574820e+00 2.710542e-03 
2.080000e+02 1.609841e+01 2.113106e+01 1.651485e+00 2.953929e-03 
2.090000e+02 1.659454e+01 2.172681e+01 1.731109e+00 3.216570e-03 
2.100000e+02 1.710107e+01 2.233354e+01 1.813775e+00 3.499774e-03 
2.110000e+02 1.761809e+01 2.295130e+01 1.899564e+00 3.804923e-03 
2.120000e+02 1.814571e+01 2.358019e+01 1.988560e+00 4.133476e-03 
2.130000e+02 1.868400e+01 2.422025e+01 2.080848e+00 4.486970e-03 
2.140000e+02 1.923306e+01 2.487156e+01 2.176513e+00 4.867028e-03 
2.150000e+02 1.979298e+01 2.553419e+01 2.275642e+00 5.275356e-03 
2.160000e+02 2.036386e+01 2.620820e+01 2.378324e+00 5.713753e-03 
2.170000e+02 2.094577e+01 2.689365e+01 2.484648e+00 6.184111e-03 
2.180000e+02 2.153881e+01 2.759060e+01 2.594702e+00 6.688418e-03 
2.190000e+02 2.214306e+01 2.829911e+01 2.708579e+00 7.228764e-03 
2.200000e+02 2.275861e+01 2.901924e+01 2.826371e+00 7.807343e-03 
2.210000e+02 2.338553e+01 2.975105e+01 2.948170e+00 8.426460e-03 
2.220000e+02 2.402392e+01 3.049460e+01 3.074071e+00 9.088529e-03 
2.230000e+02 2.467384e+01 3.124993e+01 3.204168e+00 9.796085e-03 
2.240000e+02 2.533538e+01 3.201710e+01 3.338558e+00 1.055178e-02 
2.250000e+02 2.600863e+01 3.279617e+01 3.477338e+00 1.135840e-02 
2.260000e+02 2.669364e+01 3.358718e+01 3.620606e+00 1.221884e-02 
2.270000e+02 2.739051e+01 3.439019e+01 3.768460e+00 1.313615e-02 
2.280000e+02 2.809929e+01 3.520523e+01 3.920999e+00 1.411352e-02 
2.290000e+02 2.882008e+01 3.603236e+01 4.078326e+00 1.515427e-02 
2.300000e+02 2.955293e+01 3.687162e+01 4.240540e+00 1.626187e-02 
2.310000e+02 3.029792e+01 3.772306e+01 4.407744e+00 1.743994e-02 
2.320000e+02 3.105512e+01 3.858672e+01 4.580041e+00 1.869228e-02 
2.330000e+02 3.182459e+01 3.946263e+01 4.757536e+00 2.002281e-02 
2.340000e+02 3.260640e+01 4.035085e+01 4.940331e+00 2.143567e-02 
2.350000e+02 3.340062e+01 4.125140e+01 5.128534e+00 2.293513e-02 
2.360000e+02 3.420731e+01 4.216433e+01 5.322250e+00 2.452565e-02 
2.370000e+02 3.502653e+01 4.308967e+01 5.521586e+00 2.621187e-02 
2.380000e+02 3.585834e+01 4.402746e+01 5.726649e+00 2.799865e-02 
2.390000e+02 3.670281e+01 4.497773e+01 5.937547e+00 2.989099e-02 
2.400000e+02 3.755999e+01 4.594052e+01 6.154390e+00 3.189412e-02 
2.410000e+02 3.842994e+01 4.691584e+01 6.377287e+00 3.401347e-02 
2.420000e+02 3.931271e+01 4.790375e+01 6.606349e+00 3.625469e-02 
2.430000e+02 4.020837e+01 4.890425e+01 6.841685e+00 3.862362e-02 
2.440000e+02 4.111696e+01 4.991739e+01 7.083407e+00 4.112634e-02 
2.450000e+02 4.203854e+01 5.094319e+01 7.331628e+00 4.376914e-02 
2.460000e+02 4.297316e+01 5.198167e+01 7.586459e+00 4.655858e-02 
2.470000e+02 4.392087e+01 5.303286e+01 7.848014e+00 4.950141e-02 
2.480000e+02 4.488171e+01 5.409678e+01 8.116406e+00 5.260465e-02 
2.490000e+02 4.585574e+01 5.517345e+01 8.391749e+00 5.587557e-02 
2.500000e+02 4.684300e+01 5.626290e+01 8.674157e+00 5.932170e-02 
2.510000e+02 4.784353e+01 5.736515e+01 8.963746e+00 6.295080e-02 
2.520000e+02 4.885739e+01 5.848021e+01 9.260630e+00 6.677094e-02 
2.530000e+02 4.988461e+01 5.960810e+01 9.564926e+00 7.079045e-02 
2.540000e+02 5.092523e+01 6.074884e+01 9.876749e+00 7.501792e-02 
2.550000e+02 5.197930e+01 6.190244e+01 1.019622e+01 7.946225e-02 
2.560000e+02 5.304685e+01 6.306892e+01 1.052344e+01 8.413262e-02 
2.570000e+02 5.412793e+01 6.424830e+01 1.085855e+01 8.903852e-02 
2.580000e+02 5.522256e+01 6.544058e+01 1.120165e+01 9.418974e-02 
2.590000e+02 5.633079e+01 6.664578e+01 1.155286e+01 9.959637e-02 
2.600000e+02 5.745265e+01 6.786391e+01 1.191231e+01 1.052688e-01 
2.610000e+02 5.858817e+01 6.909498e+01 1.228010e+01 1.112179e-01 
2.620000e+02 5.973739e+01 7.033899e+01 1.265636e+01 1.174546e-01 
2.630000e+02 6.090033e+01 7.159596e+01 1.304121e+01 1.239903e-01 
2.640000e+02 6.207704e+01 7.286589e+01 1.343476e+01 1.308368e-01 
2.650000e+02 6.326752e+01 7.414880e+01 1.383713e+01 1.380063e-01 
2.660000e+02 6.447183e+01 7.544467e+01 1.424845e+01 1.455111e-01 
2.670000e+02 6.568997e+01 7.675352e+01 1.466883e+01 1.533641e-01 
2.680000e+02 6.692198e+01 7.807536e+01 1.509840e+01 1.615784e-01 
2.690000e+02 6.816788e+01 7.941018e+01 1.553726e+01 1.701677e-01 
2.700000e+02 6.942770e+01 8.075799e+01 1.598554e+01 1.791458e-01 
2.710000e+02 7.070145e+01 8.211878e+01 1.644337e+01 1.885271e-01 
2.720000e+02 7.198917e+01 8.349256e+01 1.691085e+01 1.983263e-01 
2.730000e+02 7.329087e+01 8.487933e+01 1.738812e+01 2.085586e-01 
2.740000e+02 7.460656e+01 8.627909e+01 1.787528e+01 2.192395e-01 
2.750000e+02 7.593628e+01 8.769183e+01 1.837246e+01 2.303849e-01 
2.760000e+02 7.728004e+01 8.911755e+01 1.887978e+01 2.420111e-01 
2.770000e+02 7.863785e+01 9.055624e+01 1.939736e+01 2.541350e-01 
2.780000e+02 8.000973e+01 9.200791e+01 1.992531e+01 2.667738e-01 
2.790000e+02 8.139569e+01 9.347255e+01 2.046376e+01 2.799452e-01 
2.800000e+02 8.279576e+01 9.495015e+01 2.101283e+01 2.936672e-01 
2.810000e+02 8.420993e+01 9.644070e+01 2.157263e+01 3.079584e-01 
2.820000e+02 8.563823e+01 9.794420e+01 2.214329e+01 3.228378e-01 
2.830000e+02 8.708067e+01 9.946064e+01 2.272492e+01 3.383249e-01 
2.840000e+02 8.853726e+01 1.009900e+02 2.331764e+01 3.544396e-01 
2.850000e+02 9.000799e+01 1.025323e+02 2.392156e+01 3.712024e-01 
2.860000e+02 9.149290e+01 1.040875e+02 2.453682e+01 3.886341e-01 
2.870000e+02 9.299198e+01 1.056556e+02 2.516353e+01 4.067561e-01 
2.880000e+02 9.450523e+01 1.072366e+02 2.580179e+01 4.255904e-01 
2.890000e+02 9.603267e+01 1.088305e+02 2.645174e+01 4.451592e-01 
2.900000e+02 9.757430e+01 1.104372e+02 2.711349e+01 4.654854e-01 
2.910000e+02 9.913013e+01 1.120568e+02 2.778715e+01 4.865925e-01 
2.920000e+02 1.007002e+02 1.136893e+02 2.847285e+01 5.085044e-01 
2.930000e+02 1.022844e+02 1.153345e+02 2.917069e+01 5.312454e-01 
2.940000e+02 1.038828e+02 1.169926e+02 2.988080e+01 5.548405e-01 
2.950000e+02 1.054955e+02 1.186634e+02 3.060329e+01 5.793153e-01 
2.960000e+02 1.071223e+02 1.203471e+02 3.133827e+01 6.046957e-01 
2.970000e+02 1.087633e+02 1.220435e+02 3.208587e+01 6.310083e-01 
2.980000e+02 1.104186e+02 1.237526e+02 3.284619e+01 6.582802e-01 
2.990000e+02 1.120881e+02 1.254745e+02 3.361935e+01 6.865391e-01 
3.000000e+02 1.137717e+02 1.272091e+02 3.440547e+01 7.158132e-01 
3.010000e+02 1.154696e+02 1.289564e+02 3.520465e+01 7.461314e-01 
3.020000e+02 1.171816e+02 1.307164e+02 3.601701e+01 7.775228e-01 
3.030000e+02 1.189079e+02 1.324890e+02 3.684267e+01 8.100176e-01 
3.040000e+02 1.206483e+02 1.342742e+02 3.768172e+01 8.436462e-01 
3.050000e+02 1.224029e+02 1.360721e+02 3.853430e+01 8.784397e-01 
3.060000e+02 1.241717e+02 1.378825e+02 3.940050e+01 9.144298e-01 
3.070000e+02 1.259546e+02 1.397055e+02 4.028044e+01 9.516487e-01 
3.080000e+02 1.277517e+02 1.415411e+02 4.117423e+01 9.901294e-01 
3.090000e+02 1.295630e+02 1.433892e+02 4.208197e+01 1.029905e+00 
3.100000e+02 1.313883e+02 1.452498e+02 4.300379e+01 1.071010e+00 
3.110000e+02 1.332279e+02 1.471229e+02 4.393977e+01 1.113480e+00 
3.120000e+02 1.350815e+02 1.490085e+02 4.489005e+01 1.157348e+00 
3.130000e+02 1.369493e+02 1.509065e+02 4.585471e+01 1.202652e+00 
3.140000e+02 1.388311e+02 1.528169e+02 4.683387e+01 1.249427e+00 
3.150000e+02 1.407270e+02 1.547397e+02 4.782764e+01 1.297711e+00 
3.160000e+02 1.426370e+02 1.566748e+02 4.883611e+01 1.347543e+00 
3.170000e+02 1.445611e+02 1.586223e+02 4.985940e+01 1.398959e+00 
3.180000e+02 1.464992e+02 1.605821e+02 5.089761e+01 1.451999e+00 
3.190000e+02 1.484514e+02 1.625542e+02 5.195085e+01 1.506703e+00 
3.200000e+02 1.504176e+02 1.645386e+02 5.301921e+01 1.563112e+00 
3.210000e+02 1.523977e+02 1.665352e+02 5.410280e+01 1.621266e+00 
3.220000e+02 1.543919e+02 1.685440e+02 5.520173e+01 1.681207e+00 
3.230000e+02 1.564000e+02 1.705650e+02 5.631608e+01 1.742977e+00 
3.240000e+02 1.584221e+02 1.725982e+02 5.744598e+01 1.806619e+00 
3.250000e+02 1.604582e+02 1.746434e+02 5.859151e+01 1.872177e+00 
3.260000e+02 1.625081e+02 1.767008e+02 5.975277e+01 1.939695e+00 
3.270000e+02 1.645720e+02 1.787703e+02 6.092987e+01 2.009218e+00 
3.280000e+02 1.666497e+02 1.808518e+02 6.212290e+01 2.080792e+00 
3.290000e+02 1.687413e+02 1.829453e+02 6.333195e+01 2.154463e+00 
3.300000e+02 1.708468e+02 1.850508e+02 6.455714e+01 2.230277e+00 
3.310000e+02 1.729660e+02 1.871683e+02 6.579854e+01 2.308283e+00 
3.320000e+02 1.750991e+02 1.892976e+02 6.705627e+01 2.388529e+00 
3.330000e+02 1.772460e+02 1.914389e+02 6.833040e+01 2.471064e+00 
3.340000e+02 1.794066e+02 1.935921e+02 6.962105e+01 2.555937e+00 
3.350000e+02 1.815810e+02 1.957571e+02 7.092829e+01 2.643198e+00 
3.360000e+02 1.837691e+02 1.979339e+02 7.225223e+01 2.732900e+00 
3.370000e+02 1.859709e+02 2.001225e+02 7.359295e+01 2.825092e+00 
3.380000e+02 1.881864e+02 2.023229e+02 7.495054e+01 2.919829e+00 
3.390000e+02 1.904155e+02 2.045349e+02 7.632511e+01 3.017162e+00 
3.400000e+02 1.926583e+02 2.067587e+02 7.771673e+01 3.117147e+00 
3.410000e+02 1.949147e+02 2.089941e+02 7.912549e+01 3.219836e+00 
3.420000e+02 1.971846e+02 2.112411e+02 8.055149e+01 3.325285e+00 
3.430000e+02 1.994681e+02 2.134998e+02 8.199481e+01 3.433550e+00 
3.440000e+02 2.017652e+02 2.157699e+02 8.345553e+01 3.544688e+00 
3.450000e+02 2.040758e+02 2.180517e+02 8.493375e+01 3.658756e+00 
3.460000e+02 2.063998e+02 2.203449e+02 8.642955e+01 3.775811e+00 
3.470000e+02 2.087373e+02 2.226496e+02 8.794301e+01 3.895913e+00 
3.480000e+02 2.110882e+02 2.249657e+02 8.947422e+01 4.019120e+00 
3.490000e+02 2.134526e+02 2.272933e+02 9.102326e+01 4.145492e+00 
