  150  1.3063e+000  2.2910e+000  3.6010e-002  2.0129e-006
  151  1.3854e+000  2.4157e+000  3.9394e-002  2.3757e-006
  152  1.4681e+000  2.5455e+000  4.3047e-002  2.7980e-006
  153  1.5545e+000  2.6804e+000  4.6984e-002  3.2884e-006
  154  1.6449e+000  2.8206e+000  5.1225e-002  3.8568e-006
  155  1.7392e+000  2.9662e+000  5.5787e-002  4.5142e-006
  156  1.8376e+000  3.1173e+000  6.0691e-002  5.2732e-006
  157  1.9403e+000  3.2740e+000  6.5956e-002  6.1479e-006
  158  2.0472e+000  3.4364e+000  7.1604e-002  7.1539e-006
  159  2.1586e+000  3.6048e+000  7.7657e-002  8.3089e-006
  160  2.2746e+000  3.7791e+000  8.4138e-002  9.6326e-006
  161  2.3952e+000  3.9596e+000  9.1071e-002  1.1147e-005
  162  2.5207e+000  4.1463e+000  9.8481e-002  1.2877e-005
  163  2.6510e+000  4.3394e+000  1.0639e-001  1.4849e-005
  164  2.7864e+000  4.5389e+000  1.1484e-001  1.7093e-005
  165  2.9270e+000  4.7451e+000  1.2383e-001  1.9644e-005
  166  3.0728e+000  4.9580e+000  1.3342e-001  2.2539e-005
  167  3.2240e+000  5.1777e+000  1.4362e-001  2.5818e-005
  168  3.3807e+000  5.4044e+000  1.5447e-001  2.9527e-005
  169  3.5431e+000  5.6381e+000  1.6600e-001  3.3716e-005
  170  3.7112e+000  5.8791e+000  1.7824e-001  3.8440e-005
  171  3.8853e+000  6.1274e+000  1.9122e-001  4.3760e-005
  172  4.0653e+000  6.3831e+000  2.0499e-001  4.9742e-005
  173  4.2514e+000  6.6463e+000  2.1957e-001  5.6459e-005
  174  4.4438e+000  6.9172e+000  2.3502e-001  6.3992e-005
  175  4.6425e+000  7.1959e+000  2.5135e-001  7.2427e-005
  176  4.8478e+000  7.4825e+000  2.6862e-001  8.1860e-005
  177  5.0596e+000  7.7771e+000  2.8686e-001  9.2396e-005
  178  5.2782e+000  8.0797e+000  3.0612e-001  1.0415e-004
  179  5.5036e+000  8.3907e+000  3.2644e-001  1.1724e-004
  180  5.7360e+000  8.7099e+000  3.4787e-001  1.3181e-004
  181  5.9755e+000  9.0376e+000  3.7044e-001  1.4799e-004
  182  6.2223e+000  9.3738e+000  3.9422e-001  1.6596e-004
  183  6.4763e+000  9.7187e+000  4.1924e-001  1.8588e-004
  184  6.7378e+000  1.0072e+001  4.4555e-001  2.0794e-004
  185  7.0069e+000  1.0435e+001  4.7321e-001  2.3233e-004
  186  7.2837e+000  1.0806e+001  5.0227e-001  2.5929e-004
  187  7.5683e+000  1.1187e+001  5.3277e-001  2.8903e-004
  188  7.8608e+000  1.1577e+001  5.6479e-001  3.2182e-004
  189  8.1614e+000  1.1976e+001  5.9836e-001  3.5793e-004
  190  8.4702e+000  1.2384e+001  6.3355e-001  3.9765e-004
  191  8.7872e+000  1.2802e+001  6.7041e-001  4.4130e-004
  192  9.1126e+000  1.3229e+001  7.0901e-001  4.8922e-004
  193  9.4465e+000  1.3666e+001  7.4940e-001  5.4176e-004
  194  9.7891e+000  1.4113e+001  7.9165e-001  5.9933e-004
  195  1.0140e+001  1.4570e+001  8.3582e-001  6.6234e-004
  196  1.0501e+001  1.5036e+001  8.8198e-001  7.3124e-004
  197  1.0870e+001  1.5513e+001  9.3018e-001  8.0650e-004
  198  1.1248e+001  1.5999e+001  9.8050e-001  8.8864e-004
  199  1.1635e+001  1.6496e+001  1.0330e+000  9.7821e-004
  200  1.2032e+001  1.7003e+001  1.0878e+000  1.0758e-003
  201  1.2438e+001  1.7521e+001  1.1448e+000  1.1820e-003
  202  1.2854e+001  1.8049e+001  1.2043e+000  1.2975e-003
  203  1.3279e+001  1.8587e+001  1.2663e+000  1.4230e-003
  204  1.3714e+001  1.9136e+001  1.3307e+000  1.5592e-003
  205  1.4158e+001  1.9696e+001  1.3978e+000  1.7070e-003
  206  1.4613e+001  2.0267e+001  1.4676e+000  1.8671e-003
  207  1.5078e+001  2.0848e+001  1.5402e+000  2.0405e-003
  208  1.5553e+001  2.1440e+001  1.6156e+000  2.2282e-003
  209  1.6038e+001  2.2043e+001  1.6940e+000  2.4311e-003
  210  1.6533e+001  2.2658e+001  1.7753e+000  2.6503e-003
  211  1.7039e+001  2.3283e+001  1.8598e+000  2.8869e-003
  212  1.7555e+001  2.3920e+001  1.9474e+000  3.1422e-003
  213  1.8082e+001  2.4568e+001  2.0383e+000  3.4173e-003
  214  1.8620e+001  2.5227e+001  2.1325e+000  3.7136e-003
  215  1.9168e+001  2.5897e+001  2.2302e+000  4.0326e-003
  216  1.9728e+001  2.6579e+001  2.3314e+000  4.3757e-003
  217  2.0298e+001  2.7273e+001  2.4362e+000  4.7444e-003
  218  2.0879e+001  2.7978e+001  2.5447e+000  5.1404e-003
  219  2.1472e+001  2.8695e+001  2.6570e+000  5.5655e-003
  220  2.2076e+001  2.9423e+001  2.7732e+000  6.0214e-003
  221  2.2691e+001  3.0163e+001  2.8934e+000  6.5100e-003
  222  2.3318e+001  3.0915e+001  3.0176e+000  7.0335e-003
  223  2.3956e+001  3.1679e+001  3.1460e+000  7.5938e-003
  224  2.4605e+001  3.2454e+001  3.2786e+000  8.1932e-003
  225  2.5267e+001  3.3242e+001  3.4156e+000  8.8341e-003
  226  2.5940e+001  3.4042e+001  3.5571e+000  9.5188e-003
  227  2.6625e+001  3.4853e+001  3.7031e+000  1.0250e-002
  228  2.7322e+001  3.5677e+001  3.8538e+000  1.1030e-002
  229  2.8031e+001  3.6513e+001  4.0092e+000  1.1862e-002
  230  2.8752e+001  3.7361e+001  4.1695e+000  1.2749e-002
  231  2.9485e+001  3.8221e+001  4.3348e+000  1.3694e-002
  232  3.0230e+001  3.9094e+001  4.5051e+000  1.4699e-002
  233  3.0987e+001  3.9979e+001  4.6806e+000  1.5770e-002
  234  3.1757e+001  4.0876e+001  4.8613e+000  1.6908e-002
  235  3.2539e+001  4.1785e+001  5.0474e+000  1.8117e-002
  236  3.3334e+001  4.2707e+001  5.2391e+000  1.9402e-002
  237  3.4141e+001  4.3641e+001  5.4363e+000  2.0766e-002
  238  3.4961e+001  4.4588e+001  5.6391e+000  2.2213e-002
  239  3.5794e+001  4.5548e+001  5.8478e+000  2.3748e-002
  240  3.6639e+001  4.6520e+001  6.0625e+000  2.5376e-002
  241  3.7497e+001  4.7504e+001  6.2831e+000  2.7099e-002
  242  3.8368e+001  4.8501e+001  6.5099e+000  2.8925e-002
  243  3.9251e+001  4.9511e+001  6.7429e+000  3.0857e-002
  244  4.0148e+001  5.0533e+001  6.9823e+000  3.2901e-002
  245  4.1058e+001  5.1568e+001  7.2281e+000  3.5062e-002
  246  4.1981e+001  5.2616e+001  7.4805e+000  3.7346e-002
  247  4.2917e+001  5.3676e+001  7.7397e+000  3.9759e-002
  248  4.3866e+001  5.4749e+001  8.0056e+000  4.2306e-002
  249  4.4828e+001  5.5835e+001  8.2784e+000  4.4995e-002
  250  4.5804e+001  5.6934e+001  8.5583e+000  4.7831e-002
  251  4.6793e+001  5.8045e+001  8.8454e+000  5.0821e-002
  252  4.7795e+001  5.9170e+001  9.1397e+000  5.3973e-002
  253  4.8811e+001  6.0307e+001  9.4414e+000  5.7293e-002
  254  4.9840e+001  6.1457e+001  9.7506e+000  6.0789e-002
  255  5.0883e+001  6.2620e+001  1.0067e+001  6.4469e-002
  256  5.1939e+001  6.3795e+001  1.0392e+001  6.8340e-002
  257  5.3009e+001  6.4984e+001  1.0724e+001  7.2412e-002
  258  5.4092e+001  6.6185e+001  1.1065e+001  7.6692e-002
  259  5.5190e+001  6.7400e+001  1.1413e+001  8.1189e-002
  260  5.6300e+001  6.8627e+001  1.1770e+001  8.5913e-002
  261  5.7425e+001  6.9867e+001  1.2135e+001  9.0872e-002
  262  5.8563e+001  7.1120e+001  1.2508e+001  9.6078e-002
  263  5.9715e+001  7.2387e+001  1.2890e+001  1.0154e-001
  264  6.0881e+001  7.3666e+001  1.3281e+001  1.0727e-001
  265  6.2061e+001  7.4958e+001  1.3680e+001  1.1327e-001
  266  6.3255e+001  7.6262e+001  1.4089e+001  1.1956e-001
  267  6.4463e+001  7.7580e+001  1.4506e+001  1.2615e-001
  268  6.5684e+001  7.8911e+001  1.4933e+001  1.3305e-001
  269  6.6920e+001  8.0255e+001  1.5369e+001  1.4027e-001
  270  6.8170e+001  8.1612e+001  1.5814e+001  1.4783e-001
  271  6.9433e+001  8.2981e+001  1.6269e+001  1.5574e-001
  272  7.0711e+001  8.4364e+001  1.6733e+001  1.6400e-001
  273  7.2003e+001  8.5759e+001  1.7208e+001  1.7264e-001
  274  7.3309e+001  8.7168e+001  1.7692e+001  1.8167e-001
  275  7.4629e+001  8.8589e+001  1.8186e+001  1.9110e-001
  276  7.5963e+001  9.0024e+001  1.8690e+001  2.0094e-001
  277  7.7312e+001  9.1471e+001  1.9204e+001  2.1122e-001
  278  7.8674e+001  9.2931e+001  1.9729e+001  2.2195e-001
  279  8.0051e+001  9.4404e+001  2.0265e+001  2.3313e-001
  280  8.1442e+001  9.5891e+001  2.0810e+001  2.4480e-001
  281  8.2847e+001  9.7390e+001  2.1367e+001  2.5696e-001
  282  8.4267e+001  9.8901e+001  2.1935e+001  2.6963e-001
  283  8.5701e+001  1.0043e+002  2.2513e+001  2.8284e-001
  284  8.7149e+001  1.0196e+002  2.3102e+001  2.9659e-001
  285  8.8611e+001  1.0351e+002  2.3703e+001  3.1090e-001
  286  9.0088e+001  1.0508e+002  2.4315e+001  3.2581e-001
  287  9.1579e+001  1.0665e+002  2.4939e+001  3.4131e-001
  288  9.3084e+001  1.0824e+002  2.5574e+001  3.5744e-001
  289  9.4603e+001  1.0984e+002  2.6220e+001  3.7421e-001
  290  9.6137e+001  1.1146e+002  2.6879e+001  3.9165e-001
  291  9.7686e+001  1.1309e+002  2.7549e+001  4.0977e-001
  292  9.9248e+001  1.1473e+002  2.8232e+001  4.2860e-001
  293  1.0083e+002  1.1638e+002  2.8926e+001  4.4816e-001
  294  1.0242e+002  1.1804e+002  2.9633e+001  4.6848e-001
  295  1.0402e+002  1.1972e+002  3.0352e+001  4.8956e-001
  296  1.0564e+002  1.2141e+002  3.1084e+001  5.1145e-001
  297  1.0728e+002  1.2312e+002  3.1828e+001  5.3415e-001
  298  1.0893e+002  1.2483e+002  3.2585e+001  5.5771e-001
  299  1.1059e+002  1.2656e+002  3.3355e+001  5.8213e-001
  300  1.1227e+002  1.2831e+002  3.4138e+001  6.0746e-001
  301  1.1396e+002  1.3006e+002  3.4933e+001  6.3371e-001
  302  1.1566e+002  1.3183e+002  3.5742e+001  6.6091e-001
  303  1.1738e+002  1.3361e+002  3.6565e+001  6.8909e-001
  304  1.1912e+002  1.3540e+002  3.7400e+001  7.1827e-001
  305  1.2087e+002  1.3720e+002  3.8250e+001  7.4849e-001
  306  1.2263e+002  1.3902e+002  3.9113e+001  7.7977e-001
  307  1.2441e+002  1.4085e+002  3.9989e+001  8.1214e-001
  308  1.2620e+002  1.4269e+002  4.0880e+001  8.4564e-001
  309  1.2801e+002  1.4454e+002  4.1784e+001  8.8029e-001
  310  1.2983e+002  1.4641e+002  4.2702e+001  9.1612e-001
  311  1.3167e+002  1.4829e+002  4.3635e+001  9.5318e-001
  312  1.3351e+002  1.5018e+002  4.4582e+001  9.9148e-001
  313  1.3538e+002  1.5209e+002  4.5543e+001  1.0311e+000
  314  1.3726e+002  1.5400e+002  4.6519e+001  1.0720e+000
  315  1.3915e+002  1.5593e+002  4.7510e+001  1.1142e+000
  316  1.4106e+002  1.5787e+002  4.8515e+001  1.1578e+000
  317  1.4298e+002  1.5982e+002  4.9535e+001  1.2029e+000
  318  1.4491e+002  1.6179e+002  5.0570e+001  1.2494e+000
  319  1.4686e+002  1.6377e+002  5.1620e+001  1.2974e+000
  320  1.4882e+002  1.6576e+002  5.2685e+001  1.3469e+000
  321  1.5080e+002  1.6776e+002  5.3765e+001  1.3980e+000
  322  1.5279e+002  1.6977e+002  5.4861e+001  1.4507e+000
  323  1.5480e+002  1.7180e+002  5.5972e+001  1.5051e+000
  324  1.5682e+002  1.7383e+002  5.7098e+001  1.5611e+000
  325  1.5886e+002  1.7588e+002  5.8241e+001  1.6189e+000
  326  1.6090e+002  1.7795e+002  5.9399e+001  1.6784e+000
  327  1.6297e+002  1.8002e+002  6.0573e+001  1.7397e+000
  328  1.6504e+002  1.8211e+002  6.1762e+001  1.8029e+000
  329  1.6713e+002  1.8420e+002  6.2968e+001  1.8680e+000
  330  1.6924e+002  1.8631e+002  6.4190e+001  1.9350e+000
  331  1.7136e+002  1.8843e+002  6.5429e+001  2.0040e+000
  332  1.7349e+002  1.9057e+002  6.6683e+001  2.0750e+000
  333  1.7564e+002  1.9271e+002  6.7954e+001  2.1481e+000
  334  1.7780e+002  1.9487e+002  6.9242e+001  2.2233e+000
  335  1.7997e+002  1.9704e+002  7.0546e+001  2.3007e+000
  336  1.8216e+002  1.9922e+002  7.1867e+001  2.3803e+000
  337  1.8436e+002  2.0141e+002  7.3205e+001  2.4621e+000
  338  1.8658e+002  2.0361e+002  7.4559e+001  2.5463e+000
  339  1.8881e+002  2.0583e+002  7.5931e+001  2.6328e+000
  340  1.9106e+002  2.0805e+002  7.7319e+001  2.7217e+000
  341  1.9331e+002  2.1029e+002  7.8725e+001  2.8131e+000
  342  1.9559e+002  2.1254e+002  8.0148e+001  2.9070e+000
  343  1.9787e+002  2.1480e+002  8.1589e+001  3.0035e+000
  344  2.0017e+002  2.1707e+002  8.3046e+001  3.1026e+000
  345  2.0248e+002  2.1936e+002  8.4522e+001  3.2043e+000
  346  2.0481e+002  2.2165e+002  8.6015e+001  3.3088e+000
  347  2.0715e+002  2.2396e+002  8.7525e+001  3.4161e+000
  348  2.0951e+002  2.2627e+002  8.9054e+001  3.5261e+000
  349  2.1187e+002  2.2860e+002  9.0600e+001  3.6391e+000
  350  2.1425e+002  2.3094e+002  9.2164e+001  3.7551e+000
