  150  1.2639e-006  1.3366e+000  2.3730e+000 
  151  1.4951e-006  1.4169e+000  2.5009e+000 
  152  1.7649e-006  1.5009e+000  2.6339e+000 
  153  2.0790e-006  1.5887e+000  2.7721e+000 
  154  2.4438e-006  1.6804e+000  2.9156e+000 
  155  2.8670e-006  1.7761e+000  3.0646e+000 
  156  3.3566e-006  1.8760e+000  3.2191e+000 
  157  3.9223e-006  1.9801e+000  3.3794e+000 
  158  4.5745e-006  2.0886e+000  3.5454e+000 
  159  5.3251e-006  2.2015e+000  3.7174e+000 
  160  6.1874e-006  2.3190e+000  3.8955e+000 
  161  7.1763e-006  2.4412e+000  4.0797e+000 
  162  8.3084e-006  2.5683e+000  4.2702e+000 
  163  9.6023e-006  2.7003e+000  4.4672e+000 
  164  1.1079e-005  2.8374e+000  4.6706e+000 
  165  1.2760e-005  2.9796e+000  4.8808e+000 
  166  1.4673e-005  3.1272e+000  5.0977e+000 
  167  1.6845e-005  3.2801e+000  5.3215e+000 
  168  1.9307e-005  3.4386e+000  5.5523e+000 
  169  2.2095e-005  3.6028e+000  5.7902e+000 
  170  2.5246e-005  3.7728e+000  6.0354e+000 
  171  2.8802e-005  3.9487e+000  6.2880e+000 
  172  3.2810e-005  4.1305e+000  6.5480e+000 
  173  3.7322e-005  4.3186e+000  6.8156e+000 
  174  4.2392e-005  4.5129e+000  7.0909e+000 
  175  4.8082e-005  4.7136e+000  7.3741e+000 
  176  5.4460e-005  4.9208e+000  7.6651e+000 
  177  6.1599e-005  5.1347e+000  7.9642e+000 
  178  6.9580e-005  5.3553e+000  8.2715e+000 
  179  7.8490e-005  5.5827e+000  8.5870e+000 
  180  8.8426e-005  5.8172e+000  8.9109e+000 
  181  9.9491e-005  6.0588e+000  9.2432e+000 
  182  1.1180e-004  6.3076e+000  9.5841e+000 
  183  1.2547e-004  6.5638e+000  9.9337e+000 
  184  1.4065e-004  6.8274e+000  1.0292e+001 
  185  1.5746e-004  7.0987e+000  1.0659e+001 
  186  1.7608e-004  7.3776e+000  1.1036e+001 
  187  1.9668e-004  7.6644e+000  1.1421e+001 
  188  2.1942e-004  7.9591e+000  1.1816e+001 
  189  2.4452e-004  8.2619e+000  1.2219e+001 
  190  2.7219e-004  8.5729e+000  1.2633e+001 
  191  3.0265e-004  8.8922e+000  1.3055e+001 
  192  3.3616e-004  9.2198e+000  1.3488e+001 
  193  3.7298e-004  9.5560e+000  1.3930e+001 
  194  4.1341e-004  9.9009e+000  1.4381e+001 
  195  4.5773e-004  1.0254e+001  1.4843e+001 
  196  5.0630e-004  1.0617e+001  1.5314e+001 
  197  5.5945e-004  1.0988e+001  1.5796e+001 
  198  6.1758e-004  1.1369e+001  1.6287e+001 
  199  6.8108e-004  1.1758e+001  1.6789e+001 
  200  7.5039e-004  1.2157e+001  1.7301e+001 
  201  8.2597e-004  1.2566e+001  1.7824e+001 
  202  9.0832e-004  1.2984e+001  1.8357e+001 
  203  9.9795e-004  1.3411e+001  1.8900e+001 
  204  1.0954e-003  1.3848e+001  1.9454e+001 
  205  1.2014e-003  1.4295e+001  2.0019e+001 
  206  1.3164e-003  1.4752e+001  2.0594e+001 
  207  1.4412e-003  1.5219e+001  2.1180e+001 
  208  1.5765e-003  1.5697e+001  2.1777e+001 
  209  1.7230e-003  1.6184e+001  2.2386e+001 
  210  1.8816e-003  1.6682e+001  2.3005e+001 
  211  2.0531e-003  1.7190e+001  2.3635e+001 
  212  2.2384e-003  1.7708e+001  2.4276e+001 
  213  2.4385e-003  1.8238e+001  2.4929e+001 
  214  2.6543e-003  1.8778e+001  2.5593e+001 
  215  2.8871e-003  1.9328e+001  2.6268e+001 
  216  3.1379e-003  1.9890e+001  2.6955e+001 
  217  3.4078e-003  2.0463e+001  2.7653e+001 
  218  3.6983e-003  2.1046e+001  2.8363e+001 
  219  4.0105e-003  2.1641e+001  2.9084e+001 
  220  4.3460e-003  2.2247e+001  2.9817e+001 
  221  4.7062e-003  2.2865e+001  3.0562e+001 
  222  5.0926e-003  2.3493e+001  3.1318e+001 
  223  5.5069e-003  2.4134e+001  3.2086e+001 
  224  5.9508e-003  2.4785e+001  3.2866e+001 
  225  6.4262e-003  2.5449e+001  3.3658e+001 
  226  6.9349e-003  2.6124e+001  3.4462e+001 
  227  7.4789e-003  2.6811e+001  3.5278e+001 
  228  8.0603e-003  2.7510e+001  3.6106e+001 
  229  8.6814e-003  2.8221e+001  3.6946e+001 
  230  9.3444e-003  2.8944e+001  3.7798e+001 
  231  1.0052e-002  2.9679e+001  3.8663e+001 
  232  1.0806e-002  3.0426e+001  3.9539e+001 
  233  1.1609e-002  3.1186e+001  4.0428e+001 
  234  1.2465e-002  3.1958e+001  4.1329e+001 
  235  1.3376e-002  3.2742e+001  4.2242e+001 
  236  1.4345e-002  3.3538e+001  4.3168e+001 
  237  1.5376e-002  3.4348e+001  4.4106e+001 
  238  1.6471e-002  3.5169e+001  4.5057e+001 
  239  1.7634e-002  3.6004e+001  4.6020e+001 
  240  1.8868e-002  3.6851e+001  4.6995e+001 
  241  2.0178e-002  3.7711e+001  4.7983e+001 
  242  2.1567e-002  3.8583e+001  4.8984e+001 
  243  2.3039e-002  3.9469e+001  4.9997e+001 
  244  2.4598e-002  4.0367e+001  5.1022e+001 
  245  2.6249e-002  4.1279e+001  5.2060e+001 
  246  2.7997e-002  4.2203e+001  5.3111e+001 
  247  2.9845e-002  4.3141e+001  5.4175e+001 
  248  3.1799e-002  4.4091e+001  5.5251e+001 
  249  3.3864e-002  4.5055e+001  5.6340e+001 
  250  3.6045e-002  4.6032e+001  5.7441e+001 
  251  3.8348e-002  4.7023e+001  5.8556e+001 
  252  4.0779e-002  4.8027e+001  5.9683e+001 
  253  4.3342e-002  4.9044e+001  6.0822e+001 
  254  4.6046e-002  5.0074e+001  6.1975e+001 
  255  4.8894e-002  5.1118e+001  6.3140e+001 
  256  5.1895e-002  5.2176e+001  6.4318e+001 
  257  5.5055e-002  5.3247e+001  6.5509e+001 
  258  5.8381e-002  5.4332e+001  6.6713e+001 
  259  6.1881e-002  5.5430e+001  6.7929e+001 
  260  6.5561e-002  5.6542e+001  6.9159e+001 
  261  6.9429e-002  5.7668e+001  7.0401e+001 
  262  7.3495e-002  5.8807e+001  7.1656e+001 
  263  7.7765e-002  5.9960e+001  7.2924e+001 
  264  8.2248e-002  6.1127e+001  7.4205e+001 
  265  8.6954e-002  6.2308e+001  7.5498e+001 
  266  9.1891e-002  6.3503e+001  7.6805e+001 
  267  9.7068e-002  6.4712e+001  7.8124e+001 
  268  1.0250e-001  6.5934e+001  7.9456e+001 
  269  1.0818e-001  6.7170e+001  8.0801e+001 
  270  1.1414e-001  6.8421e+001  8.2159e+001 
  271  1.2038e-001  6.9685e+001  8.3530e+001 
  272  1.2692e-001  7.0964e+001  8.4913e+001 
  273  1.3375e-001  7.2256e+001  8.6310e+001 
  274  1.4090e-001  7.3563e+001  8.7719e+001 
  275  1.4838e-001  7.4883e+001  8.9141e+001 
  276  1.5619e-001  7.6218e+001  9.0576e+001 
  277  1.6436e-001  7.7567e+001  9.2024e+001 
  278  1.7289e-001  7.8930e+001  9.3484e+001 
  279  1.8180e-001  8.0307e+001  9.4958e+001 
  280  1.9110e-001  8.1698e+001  9.6444e+001 
  281  2.0081e-001  8.3104e+001  9.7943e+001 
  282  2.1094e-001  8.4524e+001  9.9455e+001 
  283  2.2150e-001  8.5957e+001  1.0098e+002 
  284  2.3251e-001  8.7406e+001  1.0252e+002 
  285  2.4399e-001  8.8868e+001  1.0407e+002 
  286  2.5594e-001  9.0345e+001  1.0563e+002 
  287  2.6840e-001  9.1836e+001  1.0721e+002 
  288  2.8137e-001  9.3341e+001  1.0879e+002 
  289  2.9487e-001  9.4860e+001  1.1039e+002 
  290  3.0892e-001  9.6394e+001  1.1201e+002 
  291  3.2354e-001  9.7942e+001  1.1363e+002 
  292  3.3874e-001  9.9504e+001  1.1527e+002 
  293  3.5455e-001  1.0108e+002  1.1693e+002 
  294  3.7098e-001  1.0267e+002  1.1859e+002 
  295  3.8806e-001  1.0428e+002  1.2027e+002 
  296  4.0580e-001  1.0590e+002  1.2196e+002 
  297  4.2422e-001  1.0753e+002  1.2366e+002 
  298  4.4335e-001  1.0918e+002  1.2537e+002 
  299  4.6321e-001  1.1084e+002  1.2710e+002 
  300  4.8381e-001  1.1252e+002  1.2884e+002 
  301  5.0519e-001  1.1421e+002  1.3059e+002 
  302  5.2737e-001  1.1591e+002  1.3236e+002 
  303  5.5036e-001  1.1763e+002  1.3413e+002 
  304  5.7420e-001  1.1937e+002  1.3592e+002 
  305  5.9891e-001  1.2112e+002  1.3773e+002 
  306  6.2450e-001  1.2288e+002  1.3954e+002 
  307  6.5102e-001  1.2466e+002  1.4137e+002 
  308  6.7848e-001  1.2645e+002  1.4321e+002 
  309  7.0692e-001  1.2825e+002  1.4506e+002 
  310  7.3635e-001  1.3007e+002  1.4692e+002 
  311  7.6681e-001  1.3191e+002  1.4880e+002 
  312  7.9832e-001  1.3375e+002  1.5068e+002 
  313  8.3091e-001  1.3562e+002  1.5259e+002 
  314  8.6462e-001  1.3749e+002  1.5450e+002 
  315  8.9948e-001  1.3938e+002  1.5642e+002 
  316  9.3550e-001  1.4129e+002  1.5836e+002 
  317  9.7273e-001  1.4321e+002  1.6031e+002 
  318  1.0112e+000  1.4514e+002  1.6227e+002 
  319  1.0509e+000  1.4709e+002  1.6424e+002 
  320  1.0920e+000  1.4905e+002  1.6623e+002 
  321  1.1343e+000  1.5103e+002  1.6823e+002 
  322  1.1781e+000  1.5302e+002  1.7023e+002 
  323  1.2232e+000  1.5502e+002  1.7226e+002 
  324  1.2698e+000  1.5704e+002  1.7429e+002 
  325  1.3179e+000  1.5907e+002  1.7633e+002 
  326  1.3674e+000  1.6112e+002  1.7839e+002 
  327  1.4185e+000  1.6318e+002  1.8046e+002 
  328  1.4712e+000  1.6526e+002  1.8254e+002 
  329  1.5255e+000  1.6734e+002  1.8463e+002 
  330  1.5815e+000  1.6945e+002  1.8674e+002 
  331  1.6392e+000  1.7156e+002  1.8885e+002 
  332  1.6986e+000  1.7369e+002  1.9098e+002 
  333  1.7598e+000  1.7584e+002  1.9312e+002 
  334  1.8229e+000  1.7800e+002  1.9527e+002 
  335  1.8878e+000  1.8017e+002  1.9743e+002 
  336  1.9546e+000  1.8235e+002  1.9961e+002 
  337  2.0233e+000  1.8455e+002  2.0179e+002 
  338  2.0940e+000  1.8677e+002  2.0399e+002 
  339  2.1668e+000  1.8900e+002  2.0620e+002 
  340  2.2417e+000  1.9124e+002  2.0842e+002 
  341  2.3187e+000  1.9349e+002  2.1065e+002 
  342  2.3979e+000  1.9576e+002  2.1289e+002 
  343  2.4793e+000  1.9804e+002  2.1514e+002 
  344  2.5629e+000  2.0034e+002  2.1741e+002 
  345  2.6489e+000  2.0265e+002  2.1969e+002 
  346  2.7373e+000  2.0498e+002  2.2197e+002 
  347  2.8280e+000  2.0731e+002  2.2427e+002 
  348  2.9213e+000  2.0966e+002  2.2658e+002 
  349  3.0170e+000  2.1203e+002  2.2891e+002 
  350  3.1153e+000  2.1441e+002  2.3124e+002 
