   1.5000000e+02   1.9837631e-06   1.2522348e-02   4.5188981e-02   2.6213837e-01   1.3486299e+00   2.3606971e+00   4.0084087e+00
   1.5050000e+02   2.1562086e-06   1.3157334e-02   4.7258461e-02   2.7199066e-01   1.3887303e+00   2.4239471e+00   4.1039870e+00
   1.5100000e+02   2.3423691e-06   1.3820080e-02   4.9408104e-02   2.8214497e-01   1.4297468e+00   2.4884579e+00   4.2011913e+00
   1.5150000e+02   2.5432308e-06   1.4511593e-02   5.1640405e-02   2.9260824e-01   1.4716932e+00   2.5542445e+00   4.3000360e+00
   1.5200000e+02   2.7598433e-06   1.5232907e-02   5.3957920e-02   3.0338755e-01   1.5145834e+00   2.6213222e+00   4.4005358e+00
   1.5250000e+02   2.9933224e-06   1.5985088e-02   5.6363257e-02   3.1449004e-01   1.5584312e+00   2.6897062e+00   4.5027051e+00
   1.5300000e+02   3.2448546e-06   1.6769228e-02   5.8859087e-02   3.2592299e-01   1.6032507e+00   2.7594116e+00   4.6065584e+00
   1.5350000e+02   3.5157003e-06   1.7586452e-02   6.1448136e-02   3.3769375e-01   1.6490559e+00   2.8304538e+00   4.7121099e+00
   1.5400000e+02   3.8071981e-06   1.8437914e-02   6.4133191e-02   3.4980976e-01   1.6958609e+00   2.9028479e+00   4.8193740e+00
   1.5450000e+02   4.1207691e-06   1.9324797e-02   6.6917097e-02   3.6227860e-01   1.7436799e+00   2.9766091e+00   4.9283650e+00
   1.5500000e+02   4.4579209e-06   2.0248320e-02   6.9802763e-02   3.7510790e-01   1.7925270e+00   3.0517527e+00   5.0390969e+00
   1.5550000e+02   4.8202527e-06   2.1209729e-02   7.2793155e-02   3.8830543e-01   1.8424166e+00   3.1282939e+00   5.1515840e+00
   1.5600000e+02   5.2094596e-06   2.2210307e-02   7.5891305e-02   4.0187903e-01   1.8933631e+00   3.2062480e+00   5.2658403e+00
   1.5650000e+02   5.6273380e-06   2.3251367e-02   7.9100303e-02   4.1583665e-01   1.9453807e+00   3.2856301e+00   5.3818797e+00
   1.5700000e+02   6.0757906e-06   2.4334256e-02   8.2423306e-02   4.3018633e-01   1.9984839e+00   3.3664556e+00   5.4997162e+00
   1.5750000e+02   6.5568317e-06   2.5460358e-02   8.5863532e-02   4.4493622e-01   2.0526873e+00   3.4487396e+00   5.6193637e+00
   1.5800000e+02   7.0725932e-06   2.6631088e-02   8.9424266e-02   4.6009456e-01   2.1080053e+00   3.5324974e+00   5.7408358e+00
   1.5850000e+02   7.6253303e-06   2.7847899e-02   9.3108854e-02   4.7566970e-01   2.1644526e+00   3.6177442e+00   5.8641464e+00
   1.5900000e+02   8.2174276e-06   2.9112277e-02   9.6920712e-02   4.9167007e-01   2.2220437e+00   3.7044952e+00   5.9893091e+00
   1.5950000e+02   8.8514057e-06   3.0425748e-02   1.0086332e-01   5.0810421e-01   2.2807934e+00   3.7927655e+00   6.1163374e+00
   1.6000000e+02   9.5299275e-06   3.1789872e-02   1.0494022e-01   5.2498075e-01   2.3407163e+00   3.8825703e+00   6.2452448e+00
   1.6050000e+02   1.0255806e-05   3.3206248e-02   1.0915503e-01   5.4230842e-01   2.4018272e+00   3.9739249e+00   6.3760448e+00
   1.6100000e+02   1.1032009e-05   3.4676512e-02   1.1351144e-01   5.6009605e-01   2.4641409e+00   4.0668442e+00   6.5087507e+00
   1.6150000e+02   1.1861671e-05   3.6202340e-02   1.1801318e-01   5.7835256e-01   2.5276722e+00   4.1613436e+00   6.6433758e+00
   1.6200000e+02   1.2748097e-05   3.7785445e-02   1.2266409e-01   5.9708698e-01   2.5924360e+00   4.2574380e+00   6.7799331e+00
   1.6250000e+02   1.3694772e-05   3.9427581e-02   1.2746804e-01   6.1630841e-01   2.6584472e+00   4.3551426e+00   6.9184360e+00
   1.6300000e+02   1.4705369e-05   4.1130542e-02   1.3242901e-01   6.3602609e-01   2.7257206e+00   4.4544724e+00   7.0588973e+00
   1.6350000e+02   1.5783760e-05   4.2896164e-02   1.3755101e-01   6.5624930e-01   2.7942713e+00   4.5554424e+00   7.2013300e+00
   1.6400000e+02   1.6934020e-05   4.4726321e-02   1.4283815e-01   6.7698746e-01   2.8641142e+00   4.6580676e+00   7.3457470e+00
   1.6450000e+02   1.8160444e-05   4.6622932e-02   1.4829460e-01   6.9825006e-01   2.9352644e+00   4.7623631e+00   7.4921611e+00
   1.6500000e+02   1.9467547e-05   4.8587957e-02   1.5392460e-01   7.2004669e-01   3.0077368e+00   4.8683437e+00   7.6405850e+00
   1.6550000e+02   2.0860083e-05   5.0623399e-02   1.5973247e-01   7.4238704e-01   3.0815466e+00   4.9760245e+00   7.7910311e+00
   1.6600000e+02   2.2343050e-05   5.2731304e-02   1.6572260e-01   7.6528089e-01   3.1567088e+00   5.0854201e+00   7.9435122e+00
   1.6650000e+02   2.3921704e-05   5.4913763e-02   1.7189946e-01   7.8873812e-01   3.2332385e+00   5.1965457e+00   8.0980406e+00
   1.6700000e+02   2.5601568e-05   5.7172912e-02   1.7826757e-01   8.1276868e-01   3.3111508e+00   5.3094158e+00   8.2546287e+00
   1.6750000e+02   2.7388445e-05   5.9510930e-02   1.8483156e-01   8.3738263e-01   3.3904610e+00   5.4240454e+00   8.4132887e+00
   1.6800000e+02   2.9288427e-05   6.1930042e-02   1.9159610e-01   8.6259013e-01   3.4711840e+00   5.5404491e+00   8.5740328e+00
   1.6850000e+02   3.1307913e-05   6.4432521e-02   1.9856596e-01   8.8840142e-01   3.5533351e+00   5.6586416e+00   8.7368731e+00
   1.6900000e+02   3.3453616e-05   6.7020686e-02   2.0574598e-01   9.1482681e-01   3.6369295e+00   5.7786377e+00   8.9018215e+00
   1.6950000e+02   3.5732582e-05   6.9696901e-02   2.1314107e-01   9.4187674e-01   3.7219824e+00   5.9004518e+00   9.0688900e+00
   1.7000000e+02   3.8152198e-05   7.2463580e-02   2.2075621e-01   9.6956172e-01   3.8085089e+00   6.0240987e+00   9.2380905e+00
   1.7050000e+02   4.0720209e-05   7.5323185e-02   2.2859648e-01   9.9789234e-01   3.8965243e+00   6.1495928e+00   9.4094345e+00
   1.7100000e+02   4.3444734e-05   7.8278226e-02   2.3666702e-01   1.0268793e+00   3.9860438e+00   6.2769486e+00   9.5829337e+00
   1.7150000e+02   4.6334278e-05   8.1331263e-02   2.4497305e-01   1.0565334e+00   4.0770826e+00   6.4061805e+00   9.7585997e+00
   1.7200000e+02   4.9397751e-05   8.4484904e-02   2.5351987e-01   1.0868654e+00   4.1696559e+00   6.5373029e+00   9.9364438e+00
   1.7250000e+02   5.2644480e-05   8.7741809e-02   2.6231285e-01   1.1178863e+00   4.2637789e+00   6.6703302e+00   1.0116478e+01
   1.7300000e+02   5.6084231e-05   9.1104689e-02   2.7135746e-01   1.1496072e+00   4.3594669e+00   6.8052766e+00   1.0298712e+01
   1.7350000e+02   5.9727220e-05   9.4576305e-02   2.8065923e-01   1.1820392e+00   4.4567351e+00   6.9421564e+00   1.0483158e+01
   1.7400000e+02   6.3584136e-05   9.8159471e-02   2.9022377e-01   1.2151935e+00   4.5555987e+00   7.0809837e+00   1.0669828e+01
   1.7450000e+02   6.7666156e-05   1.0185705e-01   3.0005677e-01   1.2490813e+00   4.6560729e+00   7.2217727e+00   1.0858731e+01
   1.7500000e+02   7.1984964e-05   1.0567197e-01   3.1016401e-01   1.2837141e+00   4.7581729e+00   7.3645374e+00   1.1049879e+01
   1.7550000e+02   7.6552774e-05   1.0960719e-01   3.2055135e-01   1.3191032e+00   4.8619140e+00   7.5092918e+00   1.1243283e+01
   1.7600000e+02   8.1382344e-05   1.1366574e-01   3.3122471e-01   1.3552603e+00   4.9673113e+00   7.6560499e+00   1.1438953e+01
   1.7650000e+02   8.6487001e-05   1.1785070e-01   3.4219011e-01   1.3921970e+00   5.0743801e+00   7.8048256e+00   1.1636899e+01
   1.7700000e+02   9.1880661e-05   1.2216520e-01   3.5345365e-01   1.4299249e+00   5.1831354e+00   7.9556327e+00   1.1837133e+01
   1.7750000e+02   9.7577849e-05   1.2661244e-01   3.6502150e-01   1.4684558e+00   5.2935925e+00   8.1084850e+00   1.2039665e+01
   1.7800000e+02   1.0359372e-04   1.3119566e-01   3.7689991e-01   1.5078016e+00   5.4057665e+00   8.2633962e+00   1.2244504e+01
   1.7850000e+02   1.0994410e-04   1.3591816e-01   3.8909523e-01   1.5479742e+00   5.5196725e+00   8.4203799e+00   1.2451662e+01
   1.7900000e+02   1.1664548e-04   1.4078330e-01   4.0161388e-01   1.5889857e+00   5.6353257e+00   8.5794498e+00   1.2661147e+01
   1.7950000e+02   1.2371504e-04   1.4579448e-01   4.1446236e-01   1.6308480e+00   5.7527411e+00   8.7406193e+00   1.2872971e+01
   1.8000000e+02   1.3117073e-04   1.5095519e-01   4.2764725e-01   1.6735735e+00   5.8719339e+00   8.9039018e+00   1.3087143e+01
   1.8050000e+02   1.3903122e-04   1.5626896e-01   4.4117522e-01   1.7171742e+00   5.9929191e+00   9.0693109e+00   1.3303672e+01
   1.8100000e+02   1.4731597e-04   1.6173937e-01   4.5505301e-01   1.7616626e+00   6.1157117e+00   9.2368597e+00   1.3522569e+01
   1.8150000e+02   1.5604525e-04   1.6737006e-01   4.6928745e-01   1.8070510e+00   6.2403267e+00   9.4065616e+00   1.3743844e+01
   1.8200000e+02   1.6524017e-04   1.7316475e-01   4.8388547e-01   1.8533519e+00   6.3667792e+00   9.5784297e+00   1.3967504e+01
   1.8250000e+02   1.7492270e-04   1.7912720e-01   4.9885405e-01   1.9005778e+00   6.4950840e+00   9.7524771e+00   1.4193561e+01
   1.8300000e+02   1.8511570e-04   1.8526124e-01   5.1420027e-01   1.9487413e+00   6.6252562e+00   9.9287169e+00   1.4422022e+01
   1.8350000e+02   1.9584295e-04   1.9157074e-01   5.2993128e-01   1.9978551e+00   6.7573107e+00   1.0107162e+01   1.4652898e+01
   1.8400000e+02   2.0712920e-04   1.9805967e-01   5.4605435e-01   2.0479319e+00   6.8912623e+00   1.0287825e+01   1.4886197e+01
   1.8450000e+02   2.1900017e-04   2.0473201e-01   5.6257678e-01   2.0989845e+00   7.0271259e+00   1.0470720e+01   1.5121929e+01
   1.8500000e+02   2.3148260e-04   2.1159186e-01   5.7950599e-01   2.1510258e+00   7.1649162e+00   1.0655858e+01   1.5360102e+01
   1.8550000e+02   2.4460430e-04   2.1864332e-01   5.9684947e-01   2.2040687e+00   7.3046482e+00   1.0843253e+01   1.5600725e+01
   1.8600000e+02   2.5839415e-04   2.2589061e-01   6.1461479e-01   2.2581263e+00   7.4463365e+00   1.1032917e+01   1.5843806e+01
   1.8650000e+02   2.7288214e-04   2.3333797e-01   6.3280961e-01   2.3132116e+00   7.5899959e+00   1.1224862e+01   1.6089355e+01
   1.8700000e+02   2.8809943e-04   2.4098973e-01   6.5144167e-01   2.3693378e+00   7.7356410e+00   1.1419101e+01   1.6337380e+01
   1.8750000e+02   3.0407838e-04   2.4885026e-01   6.7051879e-01   2.4265180e+00   7.8832865e+00   1.1615647e+01   1.6587888e+01
   1.8800000e+02   3.2085255e-04   2.5692401e-01   6.9004889e-01   2.4847655e+00   8.0329470e+00   1.1814512e+01   1.6840889e+01
   1.8850000e+02   3.3845681e-04   2.6521549e-01   7.1003993e-01   2.5440936e+00   8.1846371e+00   1.2015707e+01   1.7096391e+01
   1.8900000e+02   3.5692731e-04   2.7372929e-01   7.3050001e-01   2.6045157e+00   8.3383713e+00   1.2219246e+01   1.7354401e+01
   1.8950000e+02   3.7630154e-04   2.8247002e-01   7.5143726e-01   2.6660452e+00   8.4941640e+00   1.2425139e+01   1.7614927e+01
   1.9000000e+02   3.9661840e-04   2.9144241e-01   7.7285993e-01   2.7286957e+00   8.6520298e+00   1.2633400e+01   1.7877978e+01
   1.9050000e+02   4.1791821e-04   3.0065122e-01   7.9477634e-01   2.7924806e+00   8.8119830e+00   1.2844039e+01   1.8143561e+01
   1.9100000e+02   4.4024276e-04   3.1010128e-01   8.1719487e-01   2.8574137e+00   8.9740380e+00   1.3057070e+01   1.8411684e+01
   1.9150000e+02   4.6363537e-04   3.1979750e-01   8.4012403e-01   2.9235085e+00   9.1382091e+00   1.3272503e+01   1.8682355e+01
   1.9200000e+02   4.8814090e-04   3.2974484e-01   8.6357237e-01   2.9907787e+00   9.3045106e+00   1.3490350e+01   1.8955580e+01
   1.9250000e+02   5.1380583e-04   3.3994834e-01   8.8754854e-01   3.0592382e+00   9.4729566e+00   1.3710623e+01   1.9231367e+01
   1.9300000e+02   5.4067831e-04   3.5041310e-01   9.1206127e-01   3.1289008e+00   9.6435614e+00   1.3933333e+01   1.9509724e+01
   1.9350000e+02   5.6880815e-04   3.6114428e-01   9.3711936e-01   3.1997802e+00   9.8163391e+00   1.4158491e+01   1.9790658e+01
   1.9400000e+02   5.9824696e-04   3.7214713e-01   9.6273171e-01   3.2718906e+00   9.9913037e+00   1.4386110e+01   2.0074175e+01
   1.9450000e+02   6.2904810e-04   3.8342693e-01   9.8890730e-01   3.3452457e+00   1.0168469e+01   1.4616199e+01   2.0360283e+01
   1.9500000e+02   6.6126683e-04   3.9498908e-01   1.0156552e+00   3.4198597e+00   1.0347850e+01   1.4848771e+01   2.0648989e+01
   1.9550000e+02   6.9496027e-04   4.0683899e-01   1.0429845e+00   3.4957466e+00   1.0529459e+01   1.5083837e+01   2.0940299e+01
   1.9600000e+02   7.3018751e-04   4.1898218e-01   1.0709044e+00   3.5729206e+00   1.0713311e+01   1.5321406e+01   2.1234220e+01
   1.9650000e+02   7.6700967e-04   4.3142423e-01   1.0994243e+00   3.6513957e+00   1.0899420e+01   1.5561491e+01   2.1530758e+01
   1.9700000e+02   8.0548991e-04   4.4417078e-01   1.1285535e+00   3.7311862e+00   1.1087799e+01   1.5804103e+01   2.1829921e+01
   1.9750000e+02   8.4569351e-04   4.5722753e-01   1.1583014e+00   3.8123063e+00   1.1278462e+01   1.6049250e+01   2.2131714e+01
   1.9800000e+02   8.8768794e-04   4.7060029e-01   1.1886776e+00   3.8947703e+00   1.1471422e+01   1.6296946e+01   2.2436143e+01
   1.9850000e+02   9.3154289e-04   4.8429488e-01   1.2196918e+00   3.9785926e+00   1.1666694e+01   1.6547199e+01   2.2743216e+01
   1.9900000e+02   9.7733036e-04   4.9831724e-01   1.2513536e+00   4.0637874e+00   1.1864290e+01   1.6800020e+01   2.3052938e+01
   1.9950000e+02   1.0251247e-03   5.1267336e-01   1.2836727e+00   4.1503693e+00   1.2064225e+01   1.7055421e+01   2.3365314e+01
   2.0000000e+02   1.0750027e-03   5.2736930e-01   1.3166591e+00   4.2383527e+00   1.2266511e+01   1.7313410e+01   2.3680352e+01
   2.0050000e+02   1.1270435e-03   5.4241118e-01   1.3503227e+00   4.3277520e+00   1.2471162e+01   1.7573999e+01   2.3998056e+01
   2.0100000e+02   1.1813290e-03   5.5780521e-01   1.3846734e+00   4.4185817e+00   1.2678191e+01   1.7837197e+01   2.4318433e+01
   2.0150000e+02   1.2379436e-03   5.7355766e-01   1.4197214e+00   4.5108565e+00   1.2887612e+01   1.8103014e+01   2.4641488e+01
   2.0200000e+02   1.2969742e-03   5.8967487e-01   1.4554768e+00   4.6045909e+00   1.3099437e+01   1.8371461e+01   2.4967226e+01
   2.0250000e+02   1.3585108e-03   6.0616325e-01   1.4919499e+00   4.6997994e+00   1.3313680e+01   1.8642547e+01   2.5295653e+01
   2.0300000e+02   1.4226460e-03   6.2302929e-01   1.5291510e+00   4.7964969e+00   1.3530354e+01   1.8916282e+01   2.5626775e+01
   2.0350000e+02   1.4894752e-03   6.4027953e-01   1.5670904e+00   4.8946979e+00   1.3749472e+01   1.9192676e+01   2.5960596e+01
   2.0400000e+02   1.5590969e-03   6.5792061e-01   1.6057787e+00   4.9944172e+00   1.3971046e+01   1.9471738e+01   2.6297122e+01
   2.0450000e+02   1.6316125e-03   6.7595921e-01   1.6452263e+00   5.0956694e+00   1.4195089e+01   1.9753477e+01   2.6636358e+01
   2.0500000e+02   1.7071267e-03   6.9440211e-01   1.6854440e+00   5.1984695e+00   1.4421615e+01   2.0037904e+01   2.6978308e+01
   2.0550000e+02   1.7857472e-03   7.1325614e-01   1.7264424e+00   5.3028321e+00   1.4650636e+01   2.0325027e+01   2.7322978e+01
   2.0600000e+02   1.8675849e-03   7.3252821e-01   1.7682322e+00   5.4087721e+00   1.4882164e+01   2.0614856e+01   2.7670373e+01
   2.0650000e+02   1.9527541e-03   7.5222530e-01   1.8108243e+00   5.5163044e+00   1.5116213e+01   2.0907399e+01   2.8020496e+01
   2.0700000e+02   2.0413726e-03   7.7235446e-01   1.8542296e+00   5.6254438e+00   1.5352794e+01   2.1202666e+01   2.8373354e+01
   2.0750000e+02   2.1335616e-03   7.9292282e-01   1.8984592e+00   5.7362051e+00   1.5591920e+01   2.1500666e+01   2.8728949e+01
   2.0800000e+02   2.2294457e-03   8.1393757e-01   1.9435240e+00   5.8486034e+00   1.5833604e+01   2.1801408e+01   2.9087287e+01
   2.0850000e+02   2.3291534e-03   8.3540597e-01   1.9894352e+00   5.9626536e+00   1.6077857e+01   2.2104900e+01   2.9448372e+01
   2.0900000e+02   2.4328167e-03   8.5733537e-01   2.0362041e+00   6.0783706e+00   1.6324693e+01   2.2411151e+01   2.9812208e+01
   2.0950000e+02   2.5405717e-03   8.7973316e-01   2.0838418e+00   6.1957694e+00   1.6574122e+01   2.2720170e+01   3.0178800e+01
   2.1000000e+02   2.6525581e-03   9.0260684e-01   2.1323597e+00   6.3148649e+00   1.6826158e+01   2.3031966e+01   3.0548151e+01
   2.1050000e+02   2.7689196e-03   9.2596395e-01   2.1817693e+00   6.4356723e+00   1.7080812e+01   2.3346545e+01   3.0920266e+01
   2.1100000e+02   2.8898043e-03   9.4981212e-01   2.2320820e+00   6.5582065e+00   1.7338096e+01   2.3663918e+01   3.1295147e+01
   2.1150000e+02   3.0153641e-03   9.7415904e-01   2.2833094e+00   6.6824825e+00   1.7598022e+01   2.3984092e+01   3.1672800e+01
   2.1200000e+02   3.1457552e-03   9.9901248e-01   2.3354631e+00   6.8085155e+00   1.7860602e+01   2.4307076e+01   3.2053228e+01
   2.1250000e+02   3.2811384e-03   1.0243803e+00   2.3885548e+00   6.9363205e+00   1.8125848e+01   2.4632877e+01   3.2436434e+01
   2.1300000e+02   3.4216786e-03   1.0502703e+00   2.4425962e+00   7.0659125e+00   1.8393771e+01   2.4961503e+01   3.2822423e+01
   2.1350000e+02   3.5675455e-03   1.0766907e+00   2.4975993e+00   7.1973067e+00   1.8664382e+01   2.5292963e+01   3.3211196e+01
   2.1400000e+02   3.7189133e-03   1.1036493e+00   2.5535758e+00   7.3305182e+00   1.8937694e+01   2.5627264e+01   3.3602759e+01
   2.1450000e+02   3.8759609e-03   1.1311543e+00   2.6105377e+00   7.4655620e+00   1.9213717e+01   2.5964413e+01   3.3997114e+01
   2.1500000e+02   4.0388721e-03   1.1592139e+00   2.6684971e+00   7.6024534e+00   1.9492464e+01   2.6304419e+01   3.4394264e+01
   2.1550000e+02   4.2078356e-03   1.1878365e+00   2.7274661e+00   7.7412074e+00   1.9773944e+01   2.6647289e+01   3.4794213e+01
   2.1600000e+02   4.3830450e-03   1.2170302e+00   2.7874568e+00   7.8818391e+00   2.0058171e+01   2.6993031e+01   3.5196964e+01
   2.1650000e+02   4.5646992e-03   1.2468036e+00   2.8484814e+00   8.0243638e+00   2.0345153e+01   2.7341651e+01   3.5602519e+01
   2.1700000e+02   4.7530023e-03   1.2771651e+00   2.9105522e+00   8.1687965e+00   2.0634904e+01   2.7693158e+01   3.6010881e+01
   2.1750000e+02   4.9481637e-03   1.3081232e+00   2.9736815e+00   8.3151524e+00   2.0927433e+01   2.8047557e+01   3.6422054e+01
   2.1800000e+02   5.1503982e-03   1.3396866e+00   3.0378818e+00   8.4634466e+00   2.1222752e+01   2.8404857e+01   3.6836040e+01
   2.1850000e+02   5.3599262e-03   1.3718640e+00   3.1031655e+00   8.6136944e+00   2.1520870e+01   2.8765065e+01   3.7252842e+01
   2.1900000e+02   5.5769738e-03   1.4046641e+00   3.1695452e+00   8.7659108e+00   2.1821800e+01   2.9128186e+01   3.7672462e+01
   2.1950000e+02   5.8017727e-03   1.4380958e+00   3.2370334e+00   8.9201110e+00   2.2125552e+01   2.9494229e+01   3.8094902e+01
   2.2000000e+02   6.0345608e-03   1.4721679e+00   3.3056428e+00   9.0763102e+00   2.2432136e+01   2.9863200e+01   3.8520166e+01
   2.2050000e+02   6.2755815e-03   1.5068894e+00   3.3753861e+00   9.2345235e+00   2.2741563e+01   3.0235105e+01   3.8948255e+01
   2.2100000e+02   6.5250849e-03   1.5422694e+00   3.4462760e+00   9.3947660e+00   2.3053843e+01   3.0609951e+01   3.9379173e+01
   2.2150000e+02   6.7833268e-03   1.5783170e+00   3.5183254e+00   9.5570530e+00   2.3368987e+01   3.0987745e+01   3.9812920e+01
   2.2200000e+02   7.0505697e-03   1.6150414e+00   3.5915472e+00   9.7213995e+00   2.3687004e+01   3.1368493e+01   4.0249499e+01
   2.2250000e+02   7.3270823e-03   1.6524517e+00   3.6659544e+00   9.8878207e+00   2.4007906e+01   3.1752201e+01   4.0688912e+01
   2.2300000e+02   7.6131401e-03   1.6905574e+00   3.7415598e+00   1.0056332e+01   2.4331701e+01   3.2138876e+01   4.1131162e+01
   2.2350000e+02   7.9090252e-03   1.7293678e+00   3.8183765e+00   1.0226948e+01   2.4658401e+01   3.2528523e+01   4.1576249e+01
   2.2400000e+02   8.2150264e-03   1.7688924e+00   3.8964177e+00   1.0399684e+01   2.4988015e+01   3.2921149e+01   4.2024177e+01
   2.2450000e+02   8.5314397e-03   1.8091407e+00   3.9756965e+00   1.0574555e+01   2.5320553e+01   3.3316760e+01   4.2474945e+01
   2.2500000e+02   8.8585679e-03   1.8501222e+00   4.0562262e+00   1.0751576e+01   2.5656025e+01   3.3715361e+01   4.2928557e+01
   2.2550000e+02   9.1967212e-03   1.8918467e+00   4.1380199e+00   1.0930763e+01   2.5994440e+01   3.4116959e+01   4.3385014e+01
   2.2600000e+02   9.5462171e-03   1.9343239e+00   4.2210910e+00   1.1112130e+01   2.6335808e+01   3.4521559e+01   4.3844318e+01
   2.2650000e+02   9.9073804e-03   1.9775635e+00   4.3054529e+00   1.1295693e+01   2.6680139e+01   3.4929167e+01   4.4306469e+01
   2.2700000e+02   1.0280544e-02   2.0215755e+00   4.3911190e+00   1.1481466e+01   2.7027443e+01   3.5339788e+01   4.4771469e+01
   2.2750000e+02   1.0666047e-02   2.0663697e+00   4.4781028e+00   1.1669465e+01   2.7377727e+01   3.5753427e+01   4.5239320e+01
   2.2800000e+02   1.1064238e-02   2.1119562e+00   4.5664177e+00   1.1859704e+01   2.7731003e+01   3.6170091e+01   4.5710023e+01
   2.2850000e+02   1.1475474e-02   2.1583450e+00   4.6560774e+00   1.2052199e+01   2.8087279e+01   3.6589785e+01   4.6183578e+01
   2.2900000e+02   1.1900118e-02   2.2055463e+00   4.7470954e+00   1.2246964e+01   2.8446564e+01   3.7012513e+01   4.6659988e+01
   2.2950000e+02   1.2338543e-02   2.2535702e+00   4.8394855e+00   1.2444015e+01   2.8808867e+01   3.7438281e+01   4.7139253e+01
   2.3000000e+02   1.2791129e-02   2.3024271e+00   4.9332613e+00   1.2643367e+01   2.9174197e+01   3.7867094e+01   4.7621373e+01
   2.3050000e+02   1.3258266e-02   2.3521272e+00   5.0284366e+00   1.2845034e+01   2.9542564e+01   3.8298957e+01   4.8106351e+01
   2.3100000e+02   1.3740351e-02   2.4026809e+00   5.1250252e+00   1.3049031e+01   2.9913976e+01   3.8733874e+01   4.8594187e+01
   2.3150000e+02   1.4237792e-02   2.4540987e+00   5.2230409e+00   1.3255374e+01   3.0288442e+01   3.9171852e+01   4.9084881e+01
   2.3200000e+02   1.4751004e-02   2.5063911e+00   5.3224977e+00   1.3464076e+01   3.0665970e+01   3.9612893e+01   4.9578435e+01
   2.3250000e+02   1.5280412e-02   2.5595687e+00   5.4234094e+00   1.3675154e+01   3.1046569e+01   4.0057004e+01   5.0074849e+01
   2.3300000e+02   1.5826450e-02   2.6136422e+00   5.5257901e+00   1.3888622e+01   3.1430248e+01   4.0504188e+01   5.0574123e+01
   2.3350000e+02   1.6389562e-02   2.6686222e+00   5.6296538e+00   1.4104494e+01   3.1817015e+01   4.0954450e+01   5.1076258e+01
   2.3400000e+02   1.6970200e-02   2.7245196e+00   5.7350144e+00   1.4322786e+01   3.2206878e+01   4.1407795e+01   5.1581255e+01
   2.3450000e+02   1.7568827e-02   2.7813452e+00   5.8418862e+00   1.4543512e+01   3.2599846e+01   4.1864226e+01   5.2089114e+01
   2.3500000e+02   1.8185915e-02   2.8391098e+00   5.9502833e+00   1.4766686e+01   3.2995927e+01   4.2323749e+01   5.2599835e+01
   2.3550000e+02   1.8821948e-02   2.8978245e+00   6.0602197e+00   1.4992325e+01   3.3395128e+01   4.2786367e+01   5.3113419e+01
   2.3600000e+02   1.9477416e-02   2.9575003e+00   6.1717099e+00   1.5220442e+01   3.3797459e+01   4.3252084e+01   5.3629866e+01
   2.3650000e+02   2.0152825e-02   3.0181483e+00   6.2847680e+00   1.5451051e+01   3.4202926e+01   4.3720905e+01   5.4149175e+01
   2.3700000e+02   2.0848686e-02   3.0797795e+00   6.3994082e+00   1.5684169e+01   3.4611539e+01   4.4192833e+01   5.4671347e+01
   2.3750000e+02   2.1565523e-02   3.1424053e+00   6.5156451e+00   1.5919808e+01   3.5023303e+01   4.4667872e+01   5.5196383e+01
   2.3800000e+02   2.2303872e-02   3.2060369e+00   6.6334928e+00   1.6157985e+01   3.5438229e+01   4.5146026e+01   5.5724281e+01
   2.3850000e+02   2.3064278e-02   3.2706857e+00   6.7529658e+00   1.6398713e+01   3.5856322e+01   4.5627299e+01   5.6255043e+01
   2.3900000e+02   2.3847297e-02   3.3363629e+00   6.8740786e+00   1.6642006e+01   3.6277590e+01   4.6111695e+01   5.6788667e+01
   2.3950000e+02   2.4653497e-02   3.4030802e+00   6.9968456e+00   1.6887880e+01   3.6702042e+01   4.6599216e+01   5.7325154e+01
   2.4000000e+02   2.5483457e-02   3.4708489e+00   7.1212813e+00   1.7136349e+01   3.7129683e+01   4.7089867e+01   5.7864503e+01
   2.4050000e+02   2.6337769e-02   3.5396807e+00   7.2474002e+00   1.7387427e+01   3.7560523e+01   4.7583651e+01   5.8406715e+01
   2.4100000e+02   2.7217035e-02   3.6095872e+00   7.3752170e+00   1.7641128e+01   3.7994567e+01   4.8080571e+01   5.8951788e+01
   2.4150000e+02   2.8121869e-02   3.6805800e+00   7.5047461e+00   1.7897468e+01   3.8431824e+01   4.8580630e+01   5.9499722e+01
   2.4200000e+02   2.9052897e-02   3.7526710e+00   7.6360023e+00   1.8156460e+01   3.8872299e+01   4.9083832e+01   6.0050517e+01
   2.4250000e+02   3.0010758e-02   3.8258719e+00   7.7690002e+00   1.8418118e+01   3.9316001e+01   4.9590180e+01   6.0604172e+01
   2.4300000e+02   3.0996104e-02   3.9001945e+00   7.9037544e+00   1.8682457e+01   3.9762936e+01   5.0099677e+01   6.1160687e+01
   2.4350000e+02   3.2009597e-02   3.9756508e+00   8.0402797e+00   1.8949491e+01   4.0213110e+01   5.0612326e+01   6.1720061e+01
   2.4400000e+02   3.3051914e-02   4.0522528e+00   8.1785909e+00   1.9219234e+01   4.0666531e+01   5.1128130e+01   6.2282294e+01
   2.4450000e+02   3.4123744e-02   4.1300125e+00   8.3187026e+00   1.9491701e+01   4.1123206e+01   5.1647091e+01   6.2847384e+01
   2.4500000e+02   3.5225789e-02   4.2089419e+00   8.4606297e+00   1.9766905e+01   4.1583140e+01   5.2169213e+01   6.3415330e+01
   2.4550000e+02   3.6358765e-02   4.2890533e+00   8.6043870e+00   2.0044860e+01   4.2046341e+01   5.2694498e+01   6.3986133e+01
   2.4600000e+02   3.7523400e-02   4.3703587e+00   8.7499893e+00   2.0325581e+01   4.2512815e+01   5.3222949e+01   6.4559791e+01
   2.4650000e+02   3.8720437e-02   4.4528704e+00   8.8974515e+00   2.0609082e+01   4.2982568e+01   5.3754567e+01   6.5136303e+01
   2.4700000e+02   3.9950631e-02   4.5366007e+00   9.0467885e+00   2.0895376e+01   4.3455607e+01   5.4289357e+01   6.5715668e+01
   2.4750000e+02   4.1214754e-02   4.6215620e+00   9.1980152e+00   2.1184477e+01   4.3931938e+01   5.4827320e+01   6.6297885e+01
   2.4800000e+02   4.2513588e-02   4.7077667e+00   9.3511466e+00   2.1476399e+01   4.4411566e+01   5.5368459e+01   6.6882953e+01
   2.4850000e+02   4.3847933e-02   4.7952272e+00   9.5061975e+00   2.1771156e+01   4.4894499e+01   5.5912775e+01   6.7470871e+01
   2.4900000e+02   4.5218601e-02   4.8839560e+00   9.6631829e+00   2.2068762e+01   4.5380741e+01   5.6460272e+01   6.8061638e+01
   2.4950000e+02   4.6626420e-02   4.9739656e+00   9.8221179e+00   2.2369231e+01   4.5870300e+01   5.7010950e+01   6.8655252e+01
   2.5000000e+02   4.8072231e-02   5.0652688e+00   9.9830175e+00   2.2672576e+01   4.6363180e+01   5.7564813e+01   6.9251712e+01
   2.5050000e+02   4.9556893e-02   5.1578781e+00   1.0145897e+01   2.2978811e+01   4.6859388e+01   5.8121863e+01   6.9851017e+01
   2.5100000e+02   5.1081277e-02   5.2518062e+00   1.0310770e+01   2.3287949e+01   4.7358929e+01   5.8682101e+01   7.0453165e+01
   2.5150000e+02   5.2646271e-02   5.3470659e+00   1.0477654e+01   2.3600004e+01   4.7861809e+01   5.9245528e+01   7.1058156e+01
   2.5200000e+02   5.4252780e-02   5.4436700e+00   1.0646562e+01   2.3914990e+01   4.8368033e+01   5.9812148e+01   7.1665987e+01
   2.5250000e+02   5.5901720e-02   5.5416314e+00   1.0817510e+01   2.4232919e+01   4.8877607e+01   6.0381962e+01   7.2276657e+01
   2.5300000e+02   5.7594029e-02   5.6409629e+00   1.0990513e+01   2.4553806e+01   4.9390537e+01   6.0954971e+01   7.2890164e+01
   2.5350000e+02   5.9330656e-02   5.7416774e+00   1.1165586e+01   2.4877664e+01   4.9906827e+01   6.1531177e+01   7.3506508e+01
   2.5400000e+02   6.1112569e-02   5.8437881e+00   1.1342745e+01   2.5204506e+01   5.0426482e+01   6.2110582e+01   7.4125685e+01
   2.5450000e+02   6.2940751e-02   5.9473079e+00   1.1522003e+01   2.5534346e+01   5.0949509e+01   6.2693188e+01   7.4747696e+01
   2.5500000e+02   6.4816204e-02   6.0522499e+00   1.1703378e+01   2.5867196e+01   5.1475911e+01   6.3278994e+01   7.5372537e+01
   2.5550000e+02   6.6739944e-02   6.1586272e+00   1.1886883e+01   2.6203070e+01   5.2005695e+01   6.3868004e+01   7.6000207e+01
   2.5600000e+02   6.8713005e-02   6.2664530e+00   1.2072533e+01   2.6541981e+01   5.2538865e+01   6.4460218e+01   7.6630705e+01
   2.5650000e+02   7.0736439e-02   6.3757405e+00   1.2260345e+01   2.6883942e+01   5.3075425e+01   6.5055638e+01   7.7264027e+01
   2.5700000e+02   7.2811314e-02   6.4865030e+00   1.2450334e+01   2.7228966e+01   5.3615382e+01   6.5654264e+01   7.7900174e+01
   2.5750000e+02   7.4938718e-02   6.5987539e+00   1.2642513e+01   2.7577066e+01   5.4158738e+01   6.6256098e+01   7.8539142e+01
   2.5800000e+02   7.7119754e-02   6.7125063e+00   1.2836900e+01   2.7928255e+01   5.4705500e+01   6.6861141e+01   7.9180930e+01
   2.5850000e+02   7.9355544e-02   6.8277738e+00   1.3033508e+01   2.8282546e+01   5.5255671e+01   6.7469394e+01   7.9825535e+01
   2.5900000e+02   8.1647229e-02   6.9445697e+00   1.3232354e+01   2.8639952e+01   5.5809257e+01   6.8080859e+01   8.0472956e+01
   2.5950000e+02   8.3995968e-02   7.0629076e+00   1.3433452e+01   2.9000485e+01   5.6366261e+01   6.8695534e+01   8.1123190e+01
   2.6000000e+02   8.6402936e-02   7.1828009e+00   1.3636817e+01   2.9364159e+01   5.6926688e+01   6.9313423e+01   8.1776236e+01
   2.6050000e+02   8.8869331e-02   7.3042633e+00   1.3842466e+01   2.9730986e+01   5.7490542e+01   6.9934525e+01   8.2432091e+01
   2.6100000e+02   9.1396368e-02   7.4273082e+00   1.4050413e+01   3.0100978e+01   5.8057828e+01   7.0558841e+01   8.3090753e+01
   2.6150000e+02   9.3985279e-02   7.5519493e+00   1.4260673e+01   3.0474148e+01   5.8628550e+01   7.1186373e+01   8.3752220e+01
   2.6200000e+02   9.6637319e-02   7.6782004e+00   1.4473261e+01   3.0850509e+01   5.9202711e+01   7.1817119e+01   8.4416490e+01
   2.6250000e+02   9.9353760e-02   7.8060750e+00   1.4688194e+01   3.1230074e+01   5.9780316e+01   7.2451082e+01   8.5083559e+01
   2.6300000e+02   1.0213590e-01   7.9355871e+00   1.4905486e+01   3.1612854e+01   6.0361369e+01   7.3088261e+01   8.5753427e+01
   2.6350000e+02   1.0498504e-01   8.0667502e+00   1.5125152e+01   3.1998862e+01   6.0945873e+01   7.3728657e+01   8.6426090e+01
   2.6400000e+02   1.0790251e-01   8.1995783e+00   1.5347208e+01   3.2388110e+01   6.1533833e+01   7.4372270e+01   8.7101546e+01
   2.6450000e+02   1.1088969e-01   8.3340853e+00   1.5571669e+01   3.2780610e+01   6.2125252e+01   7.5019101e+01   8.7779793e+01
   2.6500000e+02   1.1394792e-01   8.4702849e+00   1.5798550e+01   3.3176376e+01   6.2720134e+01   7.5669150e+01   8.8460828e+01
   2.6550000e+02   1.1707861e-01   8.6081912e+00   1.6027866e+01   3.3575418e+01   6.3318482e+01   7.6322417e+01   8.9144649e+01
   2.6600000e+02   1.2028318e-01   8.7478181e+00   1.6259634e+01   3.3977749e+01   6.3920300e+01   7.6978903e+01   8.9831252e+01
   2.6650000e+02   1.2356305e-01   8.8891796e+00   1.6493867e+01   3.4383382e+01   6.4525592e+01   7.7638606e+01   9.0520637e+01
   2.6700000e+02   1.2691969e-01   9.0322898e+00   1.6730581e+01   3.4792327e+01   6.5134360e+01   7.8301529e+01   9.1212799e+01
   2.6750000e+02   1.3035458e-01   9.1771626e+00   1.6969792e+01   3.5204597e+01   6.5746609e+01   7.8967670e+01   9.1907737e+01
   2.6800000e+02   1.3386920e-01   9.3238122e+00   1.7211515e+01   3.5620204e+01   6.6362341e+01   7.9637029e+01   9.2605447e+01
   2.6850000e+02   1.3746510e-01   9.4722527e+00   1.7455764e+01   3.6039159e+01   6.6981560e+01   8.0309607e+01   9.3305927e+01
   2.6900000e+02   1.4114380e-01   9.6224983e+00   1.7702556e+01   3.6461475e+01   6.7604269e+01   8.0985403e+01   9.4009175e+01
   2.6950000e+02   1.4490689e-01   9.7745631e+00   1.7951905e+01   3.6887163e+01   6.8230471e+01   8.1664417e+01   9.4715187e+01
   2.7000000e+02   1.4875593e-01   9.9284614e+00   1.8203827e+01   3.7316235e+01   6.8860168e+01   8.2346649e+01   9.5423961e+01
   2.7050000e+02   1.5269256e-01   1.0084207e+01   1.8458337e+01   3.7748702e+01   6.9493365e+01   8.3032099e+01   9.6135493e+01
   2.7100000e+02   1.5671839e-01   1.0241815e+01   1.8715449e+01   3.8184575e+01   7.0130063e+01   8.3720765e+01   9.6849782e+01
   2.7150000e+02   1.6083510e-01   1.0401300e+01   1.8975180e+01   3.8623867e+01   7.0770266e+01   8.4412649e+01   9.7566823e+01
   2.7200000e+02   1.6504435e-01   1.0562675e+01   1.9237544e+01   3.9066589e+01   7.1413976e+01   8.5107749e+01   9.8286615e+01
   2.7250000e+02   1.6934785e-01   1.0725955e+01   1.9502557e+01   3.9512751e+01   7.2061196e+01   8.5806064e+01   9.9009154e+01
   2.7300000e+02   1.7374734e-01   1.0891154e+01   1.9770233e+01   3.9962366e+01   7.2711929e+01   8.6507595e+01   9.9734438e+01
   2.7350000e+02   1.7824455e-01   1.1058287e+01   2.0040588e+01   4.0415444e+01   7.3366177e+01   8.7212341e+01   1.0046246e+02
   2.7400000e+02   1.8284128e-01   1.1227369e+01   2.0313637e+01   4.0871997e+01   7.4023943e+01   8.7920301e+01   1.0119323e+02
   2.7450000e+02   1.8753931e-01   1.1398413e+01   2.0589396e+01   4.1332036e+01   7.4685230e+01   8.8631474e+01   1.0192672e+02
   2.7500000e+02   1.9234047e-01   1.1571434e+01   2.0867878e+01   4.1795572e+01   7.5350038e+01   8.9345860e+01   1.0266295e+02
   2.7550000e+02   1.9724660e-01   1.1746448e+01   2.1149100e+01   4.2262615e+01   7.6018372e+01   9.0063458e+01   1.0340191e+02
   2.7600000e+02   2.0225959e-01   1.1923467e+01   2.1433076e+01   4.2733177e+01   7.6690233e+01   9.0784267e+01   1.0414360e+02
   2.7650000e+02   2.0738134e-01   1.2102507e+01   2.1719821e+01   4.3207269e+01   7.7365623e+01   9.1508287e+01   1.0488801e+02
   2.7700000e+02   2.1261375e-01   1.2283583e+01   2.2009352e+01   4.3684902e+01   7.8044544e+01   9.2235515e+01   1.0563514e+02
   2.7750000e+02   2.1795879e-01   1.2466708e+01   2.2301681e+01   4.4166085e+01   7.8727000e+01   9.2965952e+01   1.0638498e+02
   2.7800000e+02   2.2341842e-01   1.2651899e+01   2.2596825e+01   4.4650831e+01   7.9412990e+01   9.3699597e+01   1.0713754e+02
   2.7850000e+02   2.2899465e-01   1.2839168e+01   2.2894799e+01   4.5139149e+01   8.0102519e+01   9.4436448e+01   1.0789281e+02
   2.7900000e+02   2.3468951e-01   1.3028532e+01   2.3195617e+01   4.5631050e+01   8.0795587e+01   9.5176504e+01   1.0865078e+02
   2.7950000e+02   2.4050504e-01   1.3220004e+01   2.3499295e+01   4.6126545e+01   8.1492196e+01   9.5919765e+01   1.0941146e+02
   2.8000000e+02   2.4644333e-01   1.3413600e+01   2.3805847e+01   4.6625643e+01   8.2192348e+01   9.6666228e+01   1.1017484e+02
   2.8050000e+02   2.5250648e-01   1.3609333e+01   2.4115288e+01   4.7128357e+01   8.2896045e+01   9.7415894e+01   1.1094092e+02
   2.8100000e+02   2.5869662e-01   1.3807220e+01   2.4427634e+01   4.7634695e+01   8.3603288e+01   9.8168760e+01   1.1170969e+02
   2.8150000e+02   2.6501591e-01   1.4007274e+01   2.4742899e+01   4.8144668e+01   8.4314080e+01   9.8924825e+01   1.1248115e+02
   2.8200000e+02   2.7146654e-01   1.4209511e+01   2.5061098e+01   4.8658286e+01   8.5028421e+01   9.9684088e+01   1.1325529e+02
   2.8250000e+02   2.7805072e-01   1.4413945e+01   2.5382246e+01   4.9175560e+01   8.5746314e+01   1.0044655e+02   1.1403212e+02
   2.8300000e+02   2.8477069e-01   1.4620590e+01   2.5706357e+01   4.9696499e+01   8.6467759e+01   1.0121220e+02   1.1481163e+02
   2.8350000e+02   2.9162873e-01   1.4829463e+01   2.6033447e+01   5.0221114e+01   8.7192758e+01   1.0198105e+02   1.1559382e+02
   2.8400000e+02   2.9862712e-01   1.5040577e+01   2.6363531e+01   5.0749414e+01   8.7921312e+01   1.0275309e+02   1.1637867e+02
   2.8450000e+02   3.0576819e-01   1.5253948e+01   2.6696622e+01   5.1281409e+01   8.8653423e+01   1.0352832e+02   1.1716620e+02
   2.8500000e+02   3.1305430e-01   1.5469591e+01   2.7032736e+01   5.1817110e+01   8.9389091e+01   1.0430674e+02   1.1795640e+02
   2.8550000e+02   3.2048782e-01   1.5687520e+01   2.7371888e+01   5.2356525e+01   9.0128319e+01   1.0508835e+02   1.1874925e+02
   2.8600000e+02   3.2807117e-01   1.5907750e+01   2.7714092e+01   5.2899665e+01   9.0871107e+01   1.0587315e+02   1.1954477e+02
   2.8650000e+02   3.3580678e-01   1.6130296e+01   2.8059363e+01   5.3446540e+01   9.1617456e+01   1.0666112e+02   1.2034294e+02
   2.8700000e+02   3.4369713e-01   1.6355173e+01   2.8407715e+01   5.3997158e+01   9.2367367e+01   1.0745229e+02   1.2114376e+02
   2.8750000e+02   3.5174470e-01   1.6582396e+01   2.8759163e+01   5.4551530e+01   9.3120841e+01   1.0824663e+02   1.2194723e+02
   2.8800000e+02   3.5995204e-01   1.6811981e+01   2.9113722e+01   5.5109665e+01   9.3877879e+01   1.0904415e+02   1.2275334e+02
   2.8850000e+02   3.6832168e-01   1.7043941e+01   2.9471406e+01   5.5671571e+01   9.4638482e+01   1.0984485e+02   1.2356210e+02
   2.8900000e+02   3.7685622e-01   1.7278292e+01   2.9832230e+01   5.6237260e+01   9.5402650e+01   1.1064872e+02   1.2437349e+02
   2.8950000e+02   3.8555828e-01   1.7515049e+01   3.0196209e+01   5.6806739e+01   9.6170385e+01   1.1145576e+02   1.2518752e+02
   2.9000000e+02   3.9443050e-01   1.7754227e+01   3.0563356e+01   5.7380018e+01   9.6941687e+01   1.1226598e+02   1.2600417e+02
   2.9050000e+02   4.0347556e-01   1.7995841e+01   3.0933686e+01   5.7957107e+01   9.7716557e+01   1.1307937e+02   1.2682346e+02
   2.9100000e+02   4.1269615e-01   1.8239906e+01   3.1307214e+01   5.8538014e+01   9.8494995e+01   1.1389592e+02   1.2764536e+02
   2.9150000e+02   4.2209503e-01   1.8486436e+01   3.1683954e+01   5.9122748e+01   9.9277001e+01   1.1471564e+02   1.2846988e+02
   2.9200000e+02   4.3167496e-01   1.8735448e+01   3.2063920e+01   5.9711318e+01   1.0006258e+02   1.1553853e+02   1.2929702e+02
   2.9250000e+02   4.4143874e-01   1.8986956e+01   3.2447127e+01   6.0303734e+01   1.0085172e+02   1.1636457e+02   1.3012677e+02
   2.9300000e+02   4.5138919e-01   1.9240974e+01   3.2833589e+01   6.0900004e+01   1.0164444e+02   1.1719377e+02   1.3095912e+02
   2.9350000e+02   4.6152919e-01   1.9497519e+01   3.3223320e+01   6.1500136e+01   1.0244073e+02   1.1802613e+02   1.3179408e+02
   2.9400000e+02   4.7186162e-01   1.9756605e+01   3.3616335e+01   6.2104140e+01   1.0324058e+02   1.1886165e+02   1.3263164e+02
   2.9450000e+02   4.8238941e-01   2.0018247e+01   3.4012647e+01   6.2712024e+01   1.0404401e+02   1.1970032e+02   1.3347179e+02
   2.9500000e+02   4.9311552e-01   2.0282460e+01   3.4412271e+01   6.3323797e+01   1.0485101e+02   1.2054214e+02   1.3431454e+02
   2.9550000e+02   5.0404293e-01   2.0549259e+01   3.4815222e+01   6.3939466e+01   1.0566158e+02   1.2138710e+02   1.3515987e+02
   2.9600000e+02   5.1517467e-01   2.0818660e+01   3.5221512e+01   6.4559042e+01   1.0647572e+02   1.2223521e+02   1.3600779e+02
   2.9650000e+02   5.2651380e-01   2.1090677e+01   3.5631157e+01   6.5182532e+01   1.0729344e+02   1.2308647e+02   1.3685829e+02
   2.9700000e+02   5.3806339e-01   2.1365326e+01   3.6044169e+01   6.5809944e+01   1.0811472e+02   1.2394086e+02   1.3771136e+02
   2.9750000e+02   5.4982657e-01   2.1642621e+01   3.6460564e+01   6.6441286e+01   1.0893958e+02   1.2479840e+02   1.3856701e+02
   2.9800000e+02   5.6180649e-01   2.1922578e+01   3.6880356e+01   6.7076568e+01   1.0976801e+02   1.2565907e+02   1.3942523e+02
   2.9850000e+02   5.7400634e-01   2.2205211e+01   3.7303557e+01   6.7715797e+01   1.1060000e+02   1.2652287e+02   1.4028601e+02
   2.9900000e+02   5.8642933e-01   2.2490536e+01   3.7730183e+01   6.8358980e+01   1.1143557e+02   1.2738980e+02   1.4114935e+02
   2.9950000e+02   5.9907873e-01   2.2778568e+01   3.8160246e+01   6.9006127e+01   1.1227472e+02   1.2825986e+02   1.4201525e+02
   3.0000000e+02   6.1195780e-01   2.3069322e+01   3.8593761e+01   6.9657245e+01   1.1311743e+02   1.2913305e+02   1.4288370e+02
   3.0050000e+02   6.2506988e-01   2.3362813e+01   3.9030742e+01   7.0312342e+01   1.1396371e+02   1.3000936e+02   1.4375469e+02
   3.0100000e+02   6.3841831e-01   2.3659056e+01   3.9471202e+01   7.0971426e+01   1.1481356e+02   1.3088880e+02   1.4462824e+02
   3.0150000e+02   6.5200649e-01   2.3958066e+01   3.9915155e+01   7.1634504e+01   1.1566698e+02   1.3177135e+02   1.4550432e+02
   3.0200000e+02   6.6583783e-01   2.4259858e+01   4.0362615e+01   7.2301585e+01   1.1652397e+02   1.3265701e+02   1.4638294e+02
   3.0250000e+02   6.7991580e-01   2.4564447e+01   4.0813595e+01   7.2972675e+01   1.1738453e+02   1.3354579e+02   1.4726410e+02
   3.0300000e+02   6.9424388e-01   2.4871849e+01   4.1268109e+01   7.3647783e+01   1.1824865e+02   1.3443768e+02   1.4814778e+02
   3.0350000e+02   7.0882560e-01   2.5182077e+01   4.1726171e+01   7.4326916e+01   1.1911635e+02   1.3533267e+02   1.4903398e+02
   3.0400000e+02   7.2366453e-01   2.5495149e+01   4.2187793e+01   7.5010082e+01   1.1998761e+02   1.3623077e+02   1.4992271e+02
   3.0450000e+02   7.3876425e-01   2.5811077e+01   4.2652991e+01   7.5697287e+01   1.2086244e+02   1.3713197e+02   1.5081395e+02
   3.0500000e+02   7.5412840e-01   2.6129878e+01   4.3121776e+01   7.6388540e+01   1.2174083e+02   1.3803627e+02   1.5170771e+02
   3.0550000e+02   7.6976064e-01   2.6451567e+01   4.3594162e+01   7.7083847e+01   1.2262278e+02   1.3894367e+02   1.5260397e+02
   3.0600000e+02   7.8566468e-01   2.6776158e+01   4.4070164e+01   7.7783215e+01   1.2350830e+02   1.3985416e+02   1.5350274e+02
   3.0650000e+02   8.0184425e-01   2.7103666e+01   4.4549794e+01   7.8486653e+01   1.2439739e+02   1.4076773e+02   1.5440401e+02
   3.0700000e+02   8.1830313e-01   2.7434108e+01   4.5033065e+01   7.9194167e+01   1.2529003e+02   1.4168440e+02   1.5530777e+02
   3.0750000e+02   8.3504513e-01   2.7767496e+01   4.5519990e+01   7.9905763e+01   1.2618624e+02   1.4260415e+02   1.5621403e+02
   3.0800000e+02   8.5207409e-01   2.8103847e+01   4.6010584e+01   8.0621449e+01   1.2708601e+02   1.4352698e+02   1.5712277e+02
   3.0850000e+02   8.6939389e-01   2.8443176e+01   4.6504859e+01   8.1341233e+01   1.2798934e+02   1.4445289e+02   1.5803399e+02
   3.0900000e+02   8.8700846e-01   2.8785497e+01   4.7002827e+01   8.2065120e+01   1.2889622e+02   1.4538187e+02   1.5894770e+02
   3.0950000e+02   9.0492175e-01   2.9130826e+01   4.7504504e+01   8.2793117e+01   1.2980666e+02   1.4631392e+02   1.5986388e+02
   3.1000000e+02   9.2313774e-01   2.9479177e+01   4.8009900e+01   8.3525231e+01   1.3072066e+02   1.4724905e+02   1.6078253e+02
   3.1050000e+02   9.4166047e-01   2.9830565e+01   4.8519030e+01   8.4261470e+01   1.3163821e+02   1.4818724e+02   1.6170365e+02
   3.1100000e+02   9.6049401e-01   3.0185006e+01   4.9031906e+01   8.5001838e+01   1.3255932e+02   1.4912849e+02   1.6262723e+02
   3.1150000e+02   9.7964245e-01   3.0542513e+01   4.9548541e+01   8.5746344e+01   1.3348398e+02   1.5007280e+02   1.6355327e+02
   3.1200000e+02   9.9910993e-01   3.0903103e+01   5.0068949e+01   8.6494993e+01   1.3441219e+02   1.5102017e+02   1.6448176e+02
   3.1250000e+02   1.0189006e+00   3.1266790e+01   5.0593141e+01   8.7247792e+01   1.3534395e+02   1.5197059e+02   1.6541271e+02
   3.1300000e+02   1.0390188e+00   3.1633589e+01   5.1121131e+01   8.8004747e+01   1.3627926e+02   1.5292407e+02   1.6634610e+02
   3.1350000e+02   1.0594686e+00   3.2003515e+01   5.1652931e+01   8.8765865e+01   1.3721812e+02   1.5388058e+02   1.6728193e+02
   3.1400000e+02   1.0802544e+00   3.2376583e+01   5.2188555e+01   8.9531151e+01   1.3816052e+02   1.5484015e+02   1.6822020e+02
   3.1450000e+02   1.1013806e+00   3.2752807e+01   5.2728014e+01   9.0300613e+01   1.3910647e+02   1.5580275e+02   1.6916090e+02
   3.1500000e+02   1.1228513e+00   3.3132202e+01   5.3271322e+01   9.1074255e+01   1.4005596e+02   1.5676839e+02   1.7010403e+02
   3.1550000e+02   1.1446712e+00   3.3514784e+01   5.3818491e+01   9.1852084e+01   1.4100899e+02   1.5773706e+02   1.7104958e+02
   3.1600000e+02   1.1668446e+00   3.3900566e+01   5.4369533e+01   9.2634107e+01   1.4196557e+02   1.5870876e+02   1.7199756e+02
   3.1650000e+02   1.1893760e+00   3.4289565e+01   5.4924462e+01   9.3420328e+01   1.4292568e+02   1.5968349e+02   1.7294795e+02
   3.1700000e+02   1.2122699e+00   3.4681794e+01   5.5483288e+01   9.4210755e+01   1.4388933e+02   1.6066125e+02   1.7390075e+02
   3.1750000e+02   1.2355309e+00   3.5077268e+01   5.6046026e+01   9.5005392e+01   1.4485651e+02   1.6164202e+02   1.7485596e+02
   3.1800000e+02   1.2591636e+00   3.5476003e+01   5.6612686e+01   9.5804245e+01   1.4582722e+02   1.6262581e+02   1.7581358e+02
   3.1850000e+02   1.2831725e+00   3.5878012e+01   5.7183282e+01   9.6607321e+01   1.4680147e+02   1.6361262e+02   1.7677359e+02
   3.1900000e+02   1.3075625e+00   3.6283310e+01   5.7757826e+01   9.7414625e+01   1.4777925e+02   1.6460243e+02   1.7773600e+02
   3.1950000e+02   1.3323382e+00   3.6691913e+01   5.8336330e+01   9.8226161e+01   1.4876056e+02   1.6559525e+02   1.7870080e+02
   3.2000000e+02   1.3575043e+00   3.7103835e+01   5.8918805e+01   9.9041937e+01   1.4974539e+02   1.6659107e+02   1.7966799e+02
   3.2050000e+02   1.3830656e+00   3.7519091e+01   5.9505265e+01   9.9861957e+01   1.5073375e+02   1.6758990e+02   1.8063755e+02
   3.2100000e+02   1.4090271e+00   3.7937694e+01   6.0095721e+01   1.0068623e+02   1.5172563e+02   1.6859171e+02   1.8160950e+02
   3.2150000e+02   1.4353935e+00   3.8359661e+01   6.0690185e+01   1.0151475e+02   1.5272103e+02   1.6959653e+02   1.8258382e+02
   3.2200000e+02   1.4621697e+00   3.8785005e+01   6.1288669e+01   1.0234754e+02   1.5371995e+02   1.7060433e+02   1.8356051e+02
   3.2250000e+02   1.4893608e+00   3.9213740e+01   6.1891186e+01   1.0318459e+02   1.5472238e+02   1.7161511e+02   1.8453956e+02
   3.2300000e+02   1.5169716e+00   3.9645883e+01   6.2497746e+01   1.0402591e+02   1.5572834e+02   1.7262888e+02   1.8552097e+02
   3.2350000e+02   1.5450073e+00   4.0081446e+01   6.3108362e+01   1.0487151e+02   1.5673780e+02   1.7364562e+02   1.8650474e+02
   3.2400000e+02   1.5734729e+00   4.0520445e+01   6.3723045e+01   1.0572139e+02   1.5775077e+02   1.7466534e+02   1.8749086e+02
   3.2450000e+02   1.6023736e+00   4.0962895e+01   6.4341808e+01   1.0657555e+02   1.5876726e+02   1.7568803e+02   1.8847933e+02
   3.2500000e+02   1.6317143e+00   4.1408808e+01   6.4964662e+01   1.0743401e+02   1.5978725e+02   1.7671369e+02   1.8947015e+02
   3.2550000e+02   1.6615005e+00   4.1858201e+01   6.5591618e+01   1.0829676e+02   1.6081074e+02   1.7774231e+02   1.9046330e+02
   3.2600000e+02   1.6917372e+00   4.2311088e+01   6.6222689e+01   1.0916381e+02   1.6183774e+02   1.7877389e+02   1.9145878e+02
   3.2650000e+02   1.7224298e+00   4.2767482e+01   6.6857885e+01   1.1003517e+02   1.6286824e+02   1.7980843e+02   1.9245660e+02
   3.2700000e+02   1.7535836e+00   4.3227398e+01   6.7497218e+01   1.1091084e+02   1.6390223e+02   1.8084592e+02   1.9345674e+02
   3.2750000e+02   1.7852039e+00   4.3690852e+01   6.8140700e+01   1.1179082e+02   1.6493972e+02   1.8188636e+02   1.9445921e+02
   3.2800000e+02   1.8172961e+00   4.4157856e+01   6.8788342e+01   1.1267512e+02   1.6598071e+02   1.8292974e+02   1.9546399e+02
   3.2850000e+02   1.8498657e+00   4.4628425e+01   6.9440155e+01   1.1356375e+02   1.6702518e+02   1.8397606e+02   1.9647109e+02
   3.2900000e+02   1.8829182e+00   4.5102574e+01   7.0096151e+01   1.1445670e+02   1.6807314e+02   1.8502533e+02   1.9748049e+02
   3.2950000e+02   1.9164590e+00   4.5580318e+01   7.0756341e+01   1.1535399e+02   1.6912459e+02   1.8607752e+02   1.9849220e+02
   3.3000000e+02   1.9504937e+00   4.6061669e+01   7.1420735e+01   1.1625561e+02   1.7017952e+02   1.8713265e+02   1.9950621e+02
   3.3050000e+02   1.9850279e+00   4.6546642e+01   7.2089346e+01   1.1716158e+02   1.7123794e+02   1.8819070e+02   2.0052251e+02
   3.3100000e+02   2.0200673e+00   4.7035252e+01   7.2762184e+01   1.1807189e+02   1.7229983e+02   1.8925167e+02   2.0154111e+02
   3.3150000e+02   2.0556176e+00   4.7527513e+01   7.3439260e+01   1.1898655e+02   1.7336520e+02   1.9031557e+02   2.0256199e+02
   3.3200000e+02   2.0916844e+00   4.8023438e+01   7.4120585e+01   1.1990557e+02   1.7443404e+02   1.9138237e+02   2.0358515e+02
   3.3250000e+02   2.1282735e+00   4.8523043e+01   7.4806171e+01   1.2082894e+02   1.7550636e+02   1.9245209e+02   2.0461060e+02
   3.3300000e+02   2.1653908e+00   4.9026340e+01   7.5496027e+01   1.2175668e+02   1.7658214e+02   1.9352472e+02   2.0563832e+02
   3.3350000e+02   2.2030421e+00   4.9533345e+01   7.6190166e+01   1.2268878e+02   1.7766139e+02   1.9460025e+02   2.0666831e+02
   3.3400000e+02   2.2412333e+00   5.0044071e+01   7.6888597e+01   1.2362526e+02   1.7874410e+02   1.9567867e+02   2.0770056e+02
   3.3450000e+02   2.2799702e+00   5.0558532e+01   7.7591331e+01   1.2456610e+02   1.7983028e+02   1.9676000e+02   2.0873507e+02
   3.3500000e+02   2.3192590e+00   5.1076742e+01   7.8298380e+01   1.2551133e+02   1.8091991e+02   1.9784421e+02   2.0977184e+02
   3.3550000e+02   2.3591056e+00   5.1598715e+01   7.9009753e+01   1.2646094e+02   1.8201300e+02   1.9893131e+02   2.1081087e+02
   3.3600000e+02   2.3995161e+00   5.2124465e+01   7.9725461e+01   1.2741493e+02   1.8310954e+02   2.0002130e+02   2.1185214e+02
   3.3650000e+02   2.4404965e+00   5.2654006e+01   8.0445515e+01   1.2837331e+02   1.8420953e+02   2.0111416e+02   2.1289566e+02
   3.3700000e+02   2.4820531e+00   5.3187352e+01   8.1169926e+01   1.2933609e+02   1.8531296e+02   2.0220991e+02   2.1394141e+02
   3.3750000e+02   2.5241919e+00   5.3724517e+01   8.1898703e+01   1.3030326e+02   1.8641985e+02   2.0330852e+02   2.1498940e+02
   3.3800000e+02   2.5669193e+00   5.4265513e+01   8.2631857e+01   1.3127483e+02   1.8753017e+02   2.0441000e+02   2.1603962e+02
   3.3850000e+02   2.6102415e+00   5.4810356e+01   8.3369398e+01   1.3225081e+02   1.8864393e+02   2.0551434e+02   2.1709207e+02
   3.3900000e+02   2.6541648e+00   5.5359059e+01   8.4111337e+01   1.3323119e+02   1.8976113e+02   2.0662155e+02   2.1814674e+02
   3.3950000e+02   2.6986955e+00   5.5911636e+01   8.4857684e+01   1.3421598e+02   1.9088176e+02   2.0773160e+02   2.1920363e+02
   3.4000000e+02   2.7438401e+00   5.6468100e+01   8.5608449e+01   1.3520519e+02   1.9200582e+02   2.0884452e+02   2.2026273e+02
   3.4050000e+02   2.7896051e+00   5.7028464e+01   8.6363642e+01   1.3619881e+02   1.9313331e+02   2.0996027e+02   2.2132404e+02
   3.4100000e+02   2.8359968e+00   5.7592744e+01   8.7123273e+01   1.3719685e+02   1.9426423e+02   2.1107888e+02   2.2238755e+02
   3.4150000e+02   2.8830218e+00   5.8160951e+01   8.7887352e+01   1.3819932e+02   1.9539856e+02   2.1220032e+02   2.2345327e+02
   3.4200000e+02   2.9306867e+00   5.8733101e+01   8.8655890e+01   1.3920621e+02   1.9653631e+02   2.1332460e+02   2.2452118e+02
   3.4250000e+02   2.9789981e+00   5.9309205e+01   8.9428895e+01   1.4021753e+02   1.9767748e+02   2.1445170e+02   2.2559128e+02
   3.4300000e+02   3.0279626e+00   5.9889279e+01   9.0206379e+01   1.4123328e+02   1.9882206e+02   2.1558164e+02   2.2666357e+02
   3.4350000e+02   3.0775870e+00   6.0473334e+01   9.0988349e+01   1.4225347e+02   1.9997005e+02   2.1671440e+02   2.2773804e+02
   3.4400000e+02   3.1278780e+00   6.1061386e+01   9.1774818e+01   1.4327810e+02   2.0112145e+02   2.1784998e+02   2.2881470e+02
   3.4450000e+02   3.1788423e+00   6.1653446e+01   9.2565793e+01   1.4430717e+02   2.0227625e+02   2.1898837e+02   2.2989352e+02
   3.4500000e+02   3.2304868e+00   6.2249528e+01   9.3361285e+01   1.4534068e+02   2.0343445e+02   2.2012958e+02   2.3097452e+02
   3.4550000e+02   3.2828183e+00   6.2849647e+01   9.4161304e+01   1.4637864e+02   2.0459605e+02   2.2127359e+02   2.3205768e+02
   3.4600000e+02   3.3358438e+00   6.3453814e+01   9.4965858e+01   1.4742104e+02   2.0576104e+02   2.2242041e+02   2.3314301e+02
   3.4650000e+02   3.3895703e+00   6.4062044e+01   9.5774958e+01   1.4846790e+02   2.0692942e+02   2.2357002e+02   2.3423049e+02
   3.4700000e+02   3.4440046e+00   6.4674349e+01   9.6588612e+01   1.4951922e+02   2.0810119e+02   2.2472243e+02   2.3532013e+02
   3.4750000e+02   3.4991539e+00   6.5290743e+01   9.7406831e+01   1.5057499e+02   2.0927634e+02   2.2587763e+02   2.3641191e+02
   3.4800000e+02   3.5550252e+00   6.5911239e+01   9.8229623e+01   1.5163522e+02   2.1045487e+02   2.2703562e+02   2.3750584e+02
   3.4850000e+02   3.6116256e+00   6.6535850e+01   9.9056998e+01   1.5269991e+02   2.1163678e+02   2.2819638e+02   2.3860190e+02
   3.4900000e+02   3.6689624e+00   6.7164589e+01   9.9888965e+01   1.5376907e+02   2.1282207e+02   2.2935993e+02   2.3970011e+02
   3.4950000e+02   3.7270427e+00   6.7797469e+01   1.0072553e+02   1.5484269e+02   2.1401072e+02   2.3052625e+02   2.4080044e+02
   3.5000000e+02   3.7858738e+00   6.8434503e+01   1.0156671e+02   1.5592078e+02   2.1520275e+02   2.3169534e+02   2.4190291e+02
