649.619601  0
649.858035  0
650.096657  0
650.335466  0
650.574464  0
650.813649  0
651.053022  0
651.292584  0
651.532335  0
651.772274  0
652.012402  0
652.252719  0
652.493226  0
652.733922  0
652.974807  0
653.215883  0
653.457149  0
653.698605  0
653.940251  0
654.182088  0
654.424116  0
654.666335  0
654.908745  0
655.151347  0
655.39414   0
655.637125  0
655.880302  0
656.123672  0
656.367233  0
656.610987  0
656.854934  0
657.099074  0
657.343407  0
657.587933  0
657.832653  0
658.077567  0
658.322674  0
658.567976  0
658.813472  0
659.059162  0
659.305047  0
659.551128  0
659.797403  0
660.043873  0
660.290539  0
660.537401  0
660.784458  0
661.031712  0
661.279162  0
661.526808  0
661.774651  0
662.022691  0
662.270928  0
662.519362  0
662.767994  0
663.016824  0
663.265851  0
663.515076  0
663.7645    0
664.014122  0
664.263943  0
664.513962  0
664.764181  0
665.014599  0
665.265217  0
665.516034  0
665.767051  0
666.018268  0
666.269685  0
666.521303  0
666.773122  0
667.025142  0
667.277362  0
667.529784  0
667.782408  0
668.035233  0
668.28826   0
668.541489  0
668.79492   0
669.048555  0
669.302391  0
669.556431  0
669.810674  0
670.06512   0
670.31977   0
670.574624  0
670.829682  0
671.084943  0
671.34041   0
671.59608   0
671.851956  0
672.108037  0
672.364323  0
672.620814  0
672.877511  0
673.134414  0
673.391523  0
673.648838  0
673.90636   0
674.164089  0
674.422024  0
674.680167  0
674.938517  0
675.197074  0
675.455839  0
675.714813  0
675.973994  0
676.233384  0
676.492982  0
676.75279   0
677.012806  0
677.273032  0
677.533467  0
677.794112  0
678.054966  0
678.316031  0
678.577306  0
678.838792  0
679.100489  0
679.362396  0
679.624515  0
679.886845  0
680.149387  0
680.412141  0
680.675107  0
680.938285  0
681.201676  0
681.465279  0
681.729095  0
681.993125  0
687.60129   0
687.870576  0
688.14008   0
688.409802  0
688.679743  0
688.949903  0
689.220283  0
689.490882  0
689.7617    0
690.032739  0
690.303997  0
690.575476  0
690.847176  0
691.119097  0
691.391238  0
691.663601  0
691.936186  0
692.208992  0
692.48202   0
692.755271  0
693.028744  0
693.302439  0
693.576358  0
693.850499  0
694.124865  0
694.399453  0
694.674266  0
694.949303  0
695.224564  0
695.500049  0
695.775759  0
696.051695  0
696.327856  0
696.604242  0
696.880854  0
697.157691  0
697.434756  0
697.712046  0
697.989563  0
698.267307  0
698.545279  0
698.823477  0
699.101904  0
699.380558  0
699.65944   0
699.938551  0
700.21789   0
700.497458  0
700.777255  0
701.057282  0
701.337538  0
701.618024  0
701.89874   0
702.179686  0
702.460862  0
702.74227   0
703.023908  0
703.305778  0
703.587879  0
703.870212  0
704.152777  0
704.435574  0
704.718604  0
705.001866  0
705.285361  0
705.56909   0
705.853052  0
706.137248  0
706.421677  0
706.706341  0
706.991239  0
707.276372  0
707.56174   0
707.847343  0
708.133182  0
708.419256  0
708.705566  0
708.992113  0
709.278896  0
709.565915  0
709.853171  0
710.140665  0
710.428396  0
710.716365  0
711.004572  0
711.293017  0
711.5817    0
711.870622  0
712.159783  0
712.449184  0
712.738823  0
713.028703  0
713.318822  0
713.609182  0
713.899782  0
714.190623  0
714.481705  0
714.773028  0
715.064593  0
715.3564    0
715.648448  0
715.940739  0
716.233273  0
716.526049  0
716.819068  0
717.112331  0
717.405837  0
717.699587  0
717.993582  0
718.28782   0
718.582303  0
718.877032  0
719.172005  0
719.467224  0
719.762688  0
720.058398  0
720.354355  0
720.650558  0
720.947008  0
721.243705  0
721.540649  0
721.837841  0
722.13528   0
722.432968  0
722.730904  0
723.029088  0
723.327522  0
723.626204  0
723.925136  0
724.224318  0
724.52375   0
724.823431  0
725.123364  0
725.423547  0
725.723981  0
726.024667  0
726.325604  0
726.626792  0
726.928233  0
727.229927  0
727.531873  0
727.834072  0
728.136524  0
728.43923   0
728.055021  0
728.357392  0
728.660013  0
728.962884  0
729.266005  0
729.569377  0
729.873 0
730.176875  0
730.481 0
730.785378  0
731.090007  0
731.394889  0
731.700024  0
732.005411  0
732.311051  0
732.616945  0
732.923092  0
733.229493  0
733.536149  0
733.843059  0
734.150223  0
734.457643  0
734.765318  0
735.073248  0
735.381434  0
735.689877  0
735.998575  0
736.30753   0
736.616743  0
736.926212  0
737.235939  0
737.545923  0
737.856166  0
738.166667  0
738.477426  0
738.788445  0
739.099722  0
739.411259  0
739.723056  0
740.035112  0
740.347429  0
740.660006  0
740.972844  0
741.285943  0
741.599304  0
741.912926  0
742.22681   0
742.540956  0
742.855365  0
743.170037  0
743.484971  0
743.800169  0
744.115631  0
744.431356  0
744.747346  0
745.0636    0
745.380119  0
745.696903  0
746.013953  0
746.331268  0
746.648849  0
746.966696  0
747.284809  0
747.60319   0
747.921837  0
748.240752  0
748.559935  0
748.879385  0
749.199104  0
749.519091  0
749.839347  0
750.159872  0
750.480667  0
750.801731  0
751.123065  0
751.44467   0
751.766545  0
752.088691  0
752.411108  0
752.733797  0
753.056757  0
753.379989  0
753.703494  0
754.027272  0
754.351322  0
754.675646  0
755.000243  0
755.325114  0
755.650259  0
755.975678  0
756.301373  0
756.627342  0
756.953587  0
757.280107  0
757.606903  0
757.933976  0
758.261325  0
758.588951  0
758.916854  0
759.245035  0
759.573493  0
759.902229  0
760.231244  0
760.560537  0
760.89011   0
761.219962  0
761.550093  0
761.880504  0
762.211196  0
762.542168  0
762.87342   0
763.204954  0
763.53677   0
763.868867  0
764.201246  0
764.533908  0
764.866852  0
765.200079  0
765.53359   0
765.867384  0
766.201463  0
766.535825  0
766.870472  0
767.205404  0
767.540621  0
767.876124  0
768.211912  0
768.547987  0
768.884348  0
769.220996  0
769.557931  0
769.895153  0
770.232664  0
770.570462  0
770.908548  0
771.246924  0
771.585588  0
771.924542  0
772.263785  0
772.603318  0
772.943142  0
773.283256  0
773.623662  0
773.964358  0
774.305346  0
774.646626  0
774.988198  0
775.330063  0
775.672221  0
776.014672  0
776.357417  0
776.700455  0
777.043788  0
777.387415  0
777.731337  0
778.075554  0
778.420067  0
778.764876  0
779.10998   0
779.455382  0
779.80108   0
780.147075  0
780.493368  0
780.839959  0
781.186848  0
781.534036  0
781.881522  0
789.262716  0
789.616469  0
789.970527  0
790.324889  0
790.679556  0
791.034529  0
791.389807  0
791.745391  0
792.101281  0
792.457479  0
792.813983  0
793.170794  0
793.527914  0
793.885341  0
794.243077  0
794.601122  0
794.959475  0
795.318139  0
795.677112  0
796.036395  0
796.395988  0
796.755893  0
797.116109  0
797.476636  0
797.837475  0
798.198627  0
798.560091  0
798.921868  0
799.283958  0
799.646362  0
800.009081  0
800.372113  0
800.735461  0
801.099123  0
801.463101  0
801.827395  0
802.192005  0
802.556931  0
802.922174  0
803.287735  0
803.653613  0
804.019809  0
804.386324  0
804.753157  0
805.12031   0
805.487781  0
805.855573  0
806.223685  0
806.592117  0
806.96087   0
807.329945  0
807.699341  0
808.069059  0
808.439099  0
808.809462  0
809.180149  0
809.551158  0
809.922492  0
810.29415   0
810.666132  0
811.038439  0
811.411072  0
811.78403   0
812.157315  0
812.530925  0
812.904863  0
813.279128  0
813.65372   0
814.02864   0
814.403889  0
814.779466  0
815.155373  0
815.531609  0
815.908174  0
816.28507   0
816.662297  0
817.039854  0
817.417743  0
817.795963  0
818.174516  0
818.553401  0.010866485
818.932619  0.010979648
819.312171  0.011092759
819.692056  0.011205926
820.072274  0.011319017
820.452828  0.011448232
820.833716  0.011617888
821.214939  0.011758366
821.596498  0.011871484
821.978393  0.011942281
822.360625  0.011998846
822.743193  0.012110741
823.126098  0.012223845
823.509341  0.012336903
823.892921  0.012424989
824.27684   0.012481524
824.661098  0.012576092
825.045695  0.012689176
825.430631  0.012751095
825.815907  0.012807631
826.201523  0.012864135
826.58748   0.012920656
826.973779  0.012977167
827.360418  0.013033672
827.7474    0.01309019
828.134723  0.01314668
828.52239   0.013203199
828.910399  0.013259679
829.298752  0.013332365
829.687449  0.013445338
830.07649   0.013587472
830.465876  0.013756951
830.855606  0.013926369
831.245682  0.014095866
831.636104  0.014265239
832.026873  0.014434697
832.417988  0.014604082
832.80945   0.014773494
833.201259  0.014942896
833.593417  0.015187104
833.985923  0.015469473
834.378777  0.015751672
834.771981  0.016034015
835.165534  0.016316193
835.559437  0.016598458
835.95369   0.016880667
836.348294  0.017162854
836.74325   0.017445094
837.138556  0.017818084
837.534215  0.018217021
837.930227  0.018724708
838.326591  0.019217887
838.723308  0.01966921
839.120379  0.020148136
839.517804  0.020655928
839.915583  0.021123165
840.313718  0.021574584
840.712207  0.022078898
841.111053  0.022605906
841.510254  0.023226178
841.909812  0.023869007
842.309728  0.02454574
842.71  0.025187166
843.11063   0.025807566
843.511619  0.026475597
843.912966  0.027148013
844.314673  0.027767985
844.716739  0.02842241
845.119164  0.029155175
845.521951  0.029917784
845.925098  0.030706996
846.328606  0.031453341
846.732476  0.032186254
847.136708  0.032973883
847.541302  0.033762974
847.94626   0.034551714
848.351581  0.03546222
848.757265  0.036532754
849.163314  0.038047093
849.569728  0.039793928
849.976506  0.041589378
850.38365   0.043392408
850.791161  0.045194324
851.199037  0.047015488
851.60728   0.048873886
852.015891  0.05070092
852.424869  0.052503174
851.490054  0.048340251
851.796719  0.049735089
852.103624  0.051087535
852.410769  0.052441039
852.718154  0.054464632
853.025781  0.056832939
853.333648  0.05921443
853.641757  0.061624689
853.950107  0.064036833
854.258699  0.066486451
854.567533  0.068940572
854.876609  0.071370191
855.185927  0.073781653
855.495489  0.076194171
855.805293  0.078605294
856.11534   0.081018307
856.425631  0.084141931
856.736165  0.08740115
857.046944  0.09082237
857.357966  0.094419693
857.669233  0.09801913
857.980744  0.101615934
858.292501  0.105215579
858.604502  0.1088453
858.916749  0.112486761
859.229241  0.116128622
859.541979  0.119769548
859.854964  0.123453943
860.168194  0.128406563
860.481672  0.133363105
860.795396  0.139395404
861.109367  0.145960779
861.423586  0.152527845
861.738052  0.159092253
862.052765  0.165661818
862.367727  0.172225837
862.682938  0.178794462
862.998396  0.185386478
863.314104  0.191996489
863.630061  0.198812254
863.946267  0.206310942
864.262722  0.213815535
864.579428  0.223596833
864.896383  0.233728635
865.213589  0.243881114
865.531045  0.254053776
865.848752  0.264238208
866.16671   0.274451708
866.48492   0.284673303
866.803381  0.29488893
867.122094  0.305108954
867.441058  0.315366095
867.760276  0.325669374
868.079745  0.336024303
868.399468  0.346919493
868.719444  0.357823304
869.039673  0.368722133
869.360155  0.379624228
869.680892  0.390512874
870.001882  0.401370862
870.323127  0.41223741
870.644627  0.423093735
870.966381  0.433958638
871.288391  0.444792523
871.610656  0.455613304
871.933176  0.466080396
872.255953  0.475669082
872.578985  0.485265342
872.902274  0.494893215
873.22582   0.50453044
873.549623  0.514214626
873.873682  0.523935181
874.198 0.533678589
874.522575  0.543482499
874.847408  0.553294201
875.172499  0.563098813
875.497848  0.572908921
875.823457  0.582739796
876.149324  0.592590791
876.475451  0.602440265
876.801837  0.612247216
877.128483  0.622061979
877.455389  0.631734444
877.782555  0.641377675
878.109982  0.651001971
878.43767   0.660601169
878.765619  0.670186365
879.09383   0.679571665
879.422302  0.688964427
879.751035  0.696873846
880.080032  0.704267855
880.40929   0.711629781
880.738811  0.718937566
881.068595  0.726250741
881.398643  0.733557326
881.728954  0.740869734
882.059529  0.748237094
882.390367  0.755633276
882.721471  0.763003166
883.052838  0.77031311
883.384471  0.777628922
883.716368  0.779833481
884.048531  0.781917283
884.38096   0.783973912
884.713655  0.786014844
885.046616  0.787986869
885.379843  0.789772378
885.713337  0.791559317
886.047098  0.79334477
886.381127  0.795131408
886.715423  0.796893437
887.049986  0.79863723
887.384818  0.800577275
887.719919  0.803213786
888.055288  0.805852407
888.390925  0.808636748
888.726832  0.811445115
889.063009  0.814253154
889.399455  0.817061032
889.736172  0.819905964
890.073158  0.822926029
890.410416  0.825948532
890.747944  0.829247256
891.085743  0.832609723
891.423814  0.83672829
891.762156  0.841707268
892.100771  0.846689212
892.439657  0.851667306
892.778816  0.856649411
893.118248  0.861497788
893.457953  0.866308712
893.797932  0.871137778
894.138184  0.875990411
894.47871   0.880676204
894.81951   0.883144643
895.160585  0.885615075
895.501934  0.885038689
895.843559  0.883292662
896.185459  0.881530461
896.527635  0.879742171
896.870086  0.877952529
897.212814  0.876164565
897.555818  0.87437516
897.899099  0.872557598
898.242657  0.870725921
898.586492  0.868583738
898.930605  0.86581543
899.274996  0.863044886
899.619665  0.859648624
899.964613  0.856239346
900.309839  0.852831228
900.655344  0.849422586
901.001129  0.8460253
901.347193  0.842659889
901.693538  0.839291746
902.040162  0.835926618
902.387067  0.832559107
902.734253  0.831962343
903.08172   0.833240906
903.429468  0.834807858
903.777498  0.837236672
911.235451  0.844549746
911.590249  0.840447404
911.945334  0.836348943
912.300705  0.832247182
912.656364  0.828177022
913.012311  0.824118821
913.368546  0.820075126
913.725069  0.816060484
914.08188   0.812109143
914.438981  0.812749644
914.79637   0.813390662
915.154049  0.814865467
915.512018  0.816745393
915.870277  0.818682578
916.228826  0.820732971
916.587666  0.822785028
916.946797  0.824877411
917.306219  0.826971775
917.665933  0.829260379
918.025939  0.831653431
918.386237  0.834607339
918.746827  0.838794277
919.10771   0.842984617
919.468886  0.84708779
919.830356  0.851191739
920.192119  0.855267214
920.554176  0.859327531
920.916528  0.863388964
921.279174  0.867448403
921.642115  0.871511145
922.005351  0.87231106
922.368883  0.872952407
922.732711  0.872281718
923.096835  0.870785568
923.461255  0.86931245
923.825972  0.867902104
924.190987  0.866490606
924.556298  0.864840478
924.921907  0.863172714
925.287815  0.861683942
925.65402   0.860315823
926.020524  0.859410237
926.387328  0.859837681
926.75443   0.860265472
927.121832  0.860653596
927.489534  0.861038523
927.857536  0.86142335
928.225838  0.861808191
928.594442  0.862182821
928.963346  0.862524825
929.332552  0.862867109
929.70206   0.866106894
930.07187   0.869657296
930.441982  0.874270737
930.812397  0.879702053
931.183115  0.88512578
931.554136  0.890513103
931.925461  0.89590484
932.29709   0.901330084
932.669024  0.906763389
933.041262  0.911865324
933.413805  0.916698572
933.786653  0.920957454
934.159806  0.923095564
934.533266  0.925235434
934.907032  0.927448494
935.281104  0.929673443
935.655484  0.93189798
936.03017   0.934122416
936.405164  0.936382289
936.780466  0.938777284
937.156076  0.941174244
937.531995  0.942128179
937.908222  0.942855658
938.284759  0.943335182
938.661605  0.94359188
939.03876   0.943856813
939.416226  0.944156223
939.794003  0.944455881
940.17209   0.944609416
940.550488  0.94473781
940.929198  0.945616284
941.308219  0.947199436
941.687553  0.94913565
942.067199  0.95268621
942.447157  0.956239687
942.827429  0.9597184
943.208015  0.963185442
943.588914  0.966673656
943.970127  0.970182656
944.351654  0.973671714
944.733496  0.977051525
945.115654  0.980434133
945.498127  0.982567405
945.880915  0.984450931
946.26402   0.986376713
946.647441  0.988345382
947.031178  0.990342474
947.415233  0.992481814
947.799606  0.994622925
948.184296  0.996762458
948.569304  0.998903045
948.954631  0.999269604
949.340276  0.997771559
949.726241  0.996110349
950.112525  0.993542899
950.499128  0.990973328
950.886052  0.988300889
951.273297  0.985603493
951.660862  0.982885797
952.048749  0.980146259
952.436957  0.977325016
952.825486  0.974029837
953.214338  0.970731919
953.603513  0.967055823
953.99301   0.963287713
954.382831  0.95949964
954.772975  0.955689658
955.163444  0.951883373
955.554236  0.948117144
955.945353  0.944347783
956.336795  0.939792028
956.728563  0.935038677
957.120656  0.928968969
957.513075  0.921391222
957.90582   0.913853868
958.298892  0.906620449
958.692291  0.899381012
959.086018  0.892112539
959.480072  0.884832115
959.874455  0.877453575
960.269165  0.869960939
960.664205  0.86192889
961.059574  0.850157727
961.455273  0.838376739
961.851301  0.826536242
962.247659  0.814672648
962.644348  0.802790072
963.041369  0.790886668
963.43872   0.778955629
963.836403  0.766884101
964.234418  0.754802495
964.632765  0.742527587
965.031446  0.730192093
965.430459  0.717818545
965.829805  0.705400665
966.229486  0.692984952
966.629501  0.680655901
967.02985   0.668316555
967.430534  0.656152418
967.831553  0.644030474
968.232908  0.63148972
968.634599  0.618428855
969.036626  0.605340971
969.43899   0.592112308
969.841691  0.578872565
970.24473   0.565674827
970.648106  0.552481429
971.05182   0.539231664
971.455873  0.525913287
971.860265  0.51260012
972.264996  0.499413738
972.670067  0.486216277
973.075478  0.47302755
973.481229  0.459833629
973.887321  0.446639848
974.293754  0.433449463
973.81823   0.448882129
974.224666  0.435691646
974.631439  0.422490227
975.038551  0.409341731
975.446001  0.396186941
975.853789  0.384342894
976.261917  0.373376593
976.670383  0.36279111
977.07919   0.353284036
977.488337  0.343769055
977.897824  0.334263459
978.307652  0.324751256
978.717821  0.31524222
979.128331  0.305732815
979.539184  0.296521908
979.950379  0.288171488
980.361916  0.279814122
980.773797  0.27213929
981.186021  0.264512748
981.598588  0.256914068
982.0115    0.24933261
982.424757  0.24175968
982.838358  0.234223296
983.252304  0.226680627
983.666596  0.219817099
984.081234  0.213005001
984.496219  0.206572915
984.91155   0.20040531
985.327228  0.194235637
985.743254  0.188069872
986.159627  0.181898964
986.576349  0.175694724
986.99342   0.16948281
987.410839  0.163898247
987.828608  0.158758906
988.246726  0.153788768
988.665195  0.149336018
989.084014  0.144879544
989.503184  0.140427399
989.922705  0.135972278
990.342578  0.131543357
990.762803  0.127132411
991.18338   0.122908667
991.60431   0.11926968
992.025593  0.115627642
992.44723   0.112378634
992.869221  0.10916605
993.291566  0.10595444
993.714266  0.102742844
994.13732   0.09953009
994.560731  0.096319481
994.984497  0.09310618
995.408619  0.090515492
995.833098  0.087988476
996.257934  0.085632788
996.683127  0.083406281
997.108678  0.081168919
997.534588  0.078900295
997.960856  0.076629765
998.387482  0.074361402
998.814469  0.072091577
999.241815  0.070063456
999.669521  0.068222481
1000.09759  0.066380783
1000.52602  0.064540376
1000.9548   0.062698466
1001.38395  0.060896436
1001.81347  0.05909786
1002.24334  0.057299826
1002.67358  0.055501842
1003.10418  0.053807087
1003.53515  0.052480416
1003.96648  0.051152637
1004.39817  0.049826109
1004.83023  0.048498751
1005.26265  0.047171752
1005.69544  0.045844821
1006.1286   0.044535562
1006.56212  0.043294645
1006.99601  0.042052668
1007.43026  0.041149556
1007.86489  0.040293286
1008.29988  0.039437241
1008.73524  0.03858126
1009.17097  0.037724906
1009.60707  0.036869199
1010.04354  0.036012767
1010.48038  0.035194255
1010.91759  0.034380909
1011.35517  0.033545
1011.79312  0.03268913
1012.23144  0.031841232
1012.67013  0.031028429
1013.1092   0.030214921
1013.54864  0.029402144
1013.98846  0.028588897
1014.42865  0.027842801
1014.86921  0.027158199
1015.31015  0.026481185
1015.75146  0.025839582
1016.19314  0.025197441
1016.63521  0.024555841
1017.07765  0.023913901
1017.52046  0.023293953
1017.96366  0.022695
1018.40723  0.022118096
1018.85118  0.021647653
1019.29551  0.021176807
1019.74021  0.020706373
1020.1853   0.020235682
1020.63076  0.01976508
1021.07661  0.019294547
1021.52283  0.018823779
1021.96944  0.018353406
1022.41643  0.017882632
1022.86379  0.017447511
1023.31155  0.017019674
1023.75968  0.01659191
1024.2082   0.016164222
1024.6571   0.015736304
1025.10638  0.015308769
1025.55605  0.014880863
1026.00611  0.014487968
1026.45655  0.014102984
1026.90737  0.013758482
1027.35858  0.013459153
1027.81018  0.013159649
1028.26216  0.012860425
1028.71453  0.012560943
1029.16729  0.012261693
1029.62044  0.011962311
1030.07397  0.011682538
1030.5279   0.011426012
1030.98221  0.011174446
1031.43691  0.010960753
1031.89201  0.010746872
1032.34749  0.010499788
1032.80337  0.010243221
1033.25964  0.010005557
1033.7163   0.009791828
1034.17335  0.009573553
1034.6308   0.009317165
1035.08863  0.009060563
1035.54687  0
1036.00549  0
1036.46451  0
1036.92393  0
1037.38374  0
1037.84395  0
1038.30456  0
1038.76556  0
1039.22696  0
1039.68876  0
1040.15095  0
1040.61354  0
1041.07654  0
1041.53993  0
1042.00373  0
1042.46792  0
1042.93251  0
1043.39751  0
1043.86291  0
1044.32871  0
1044.79491  0
1045.26152  0
1045.72853  0
1046.19594  0
1056.07533  0
1056.55116  0
1057.0274   0
1057.50405  0
1057.98111  0
1058.45858  0
1058.93646  0
1059.41474  0
1059.89344  0
1060.37255  0
1060.85208  0
1061.33201  0
1061.81236  0
1062.29312  0
1062.7743   0
1063.25589  0
1063.73789  0
1064.22032  0
1064.70315  0
1065.1864   0
1065.67007  0
1066.15416  0
1066.63866  0
1067.12359  0
1067.60893  0
1068.09469  0
1068.58086  0
1069.06746  0
1069.55448  0
1070.04192  0
1070.52979  0
1071.01807  0
1071.50678  0
1071.99591  0
1072.48546  0
1072.97544  0
1073.46584  0
1073.95666  0
1074.44791  0
1074.93959  0
1075.43169  0
1075.92422  0
1076.41718  0
1076.91056  0
1077.40437  0
1077.89861  0
1078.39328  0
1078.88838  0
1079.38391  0
1079.87987  0
1080.37627  0
1080.87309  0
1081.37034  0
1081.86803  0
1082.36615  0
1082.86471  0
1083.36369  0
1083.86312  0
1084.36297  0
1084.86327  0
1085.364    0
1085.86516  0
1086.36676  0
1086.86881  0
1087.37128  0
1087.8742   0
1088.37756  0
1088.88135  0
1089.38559  0
1089.89026  0
1090.39538  0
1090.90094  0
1091.40694  0
1091.91338  0
1092.42026  0
1092.92759  0
1093.43537  0
1093.94359  0
1094.45225  0
1094.96136  0
1095.47091  0
1095.98091  0
1096.49136  0
1097.00226  0
1097.5136   0
1098.02539  0
1098.53764  0
1099.05033  0
1099.56347  0
1100.07706  0
1100.59111  0
1101.1056   0
1101.62055  0
1102.13595  0
1102.65181  0
1103.16811  0
1103.68488  0
1104.20209  0
1104.71977  0
1105.2379   0
1105.75648  0
1106.27552  0
1106.79502  0
1107.31498  0
1107.8354   0
1108.35627  0
1108.87761  0
1109.3994   0
1109.92166  0
1110.44438  0
1110.96756  0
1111.4912   0
1112.0153   0
1112.53987  0
1113.0649   0
1113.5904   0
1114.11636  0
1114.64279  0
1115.16968  0
1115.69704  0
1116.22487  0
1116.75317  0
1117.28193  0
1117.81116  0
1118.34086  0
1118.87103  0
1119.40168  0
1119.93279  0
1120.46437  0
1120.99643  0
1121.52896  0
1122.06196  0
1122.59544  0
1123.12939  0
1123.66382  0
1124.19872  0
1124.73409  0
1125.26995  0
1125.80628  0
1126.34309  0
1126.88037  0
1127.41814  0
1127.95638  0
1128.49511  0
1129.03432  0
1129.574    0
1130.11417  0
1130.65482  0
1131.19595  0
1131.73757  0
1132.27967  0
1132.82226  0
1133.36533  0
1133.90888  0
1134.45293  0
1134.99745  0
1135.54247  0
1136.08797  0
1136.63397  0
1216.97363  0
1217.48062  0
1217.98803  0
1218.49586  0
1219.00412  0
1219.51279  0
1220.02189  0
1220.53141  0
1221.04135  0
1221.55172  0
1222.06251  0
1222.57372  0
1223.08536  0
1223.59742  0
1224.10991  0
1224.62282  0
1225.13616  0
1225.64993  0
1226.16413  0
1226.67875  0
1227.1938   0
1227.70928  0
1228.22519  0
1228.74152  0
1229.25829  0
1229.77549  0
1230.29312  0
1230.81118  0
1231.32967  0
1231.8486   0
1232.36795  0
1232.88774  0
1233.40797  0
1233.92863  0
1234.44972  0
1234.97125  0
1235.49321  0
1236.01561  0
1236.53845  0
1237.06172  0
1237.58543  0
1238.10958  0
1238.63417  0
1239.1592   0
1239.68466  0
1240.21057  0
1240.73691  0
1241.2637   0
1241.79093  0
1242.3186   0
1242.84671  0
1243.37527  0
1243.90426  0
1244.43371  0
1244.96359  0
1245.49392  0
1246.0247   0
1246.55592  0
1247.08759  0
1247.6197   0
1248.15226  0
1248.68527  0
1249.21873  0
1249.75263  0
1250.28699  0
1250.82179  0
1251.35704  0
1251.89275  0
1252.4289   0
1252.96551  0
1253.50257  0
1254.04008  0
1254.57804  0
1255.11646  0
1255.65533  0
1256.19466  0
1256.73444  0
1257.27467  0
1257.81536  0
1258.35651  0
1258.89812  0
1259.44018  0
1259.9827   0
1260.52568  0
1261.06912  0
1261.61301  0
1262.15737  0
1262.70219  0
1263.24747  0
1263.79321  0
1264.33941  0
1264.88607  0
1265.4332   0
1265.98079  0
1266.52884  0
1267.07736  0
1267.62635  0
1268.1758   0
1268.72571  0
1269.27609  0
1269.82694  0
1270.37826  0
1270.93005  0
1271.4823   0
1272.03502  0
1272.58821  0
1284.34802  0
1284.91132  0
1285.4751   0
1286.03937  0
1286.60411  0
1287.16934  0
1287.73505  0
1288.30124  0
1288.86792  0
1289.43508  0
1290.00272  0
1290.57086  0
1291.13947  0
1291.70858  0
1292.27817  0
1292.84825  0
1293.41882  0
1293.98987  0
1294.56142  0
1295.13346  0
1295.70598  0
1296.279    0
1296.85251  0
1297.42651  0
1298.001    0
1298.57599  0
1299.15147  0
1299.72745  0
1300.30391  0
1300.88088  0
1301.45834  0
1302.0363   0
1302.61475  0
1303.19371  0
1303.77316  0
1304.35311  0
1304.93355  0
1305.5145   0
1306.09595  0
1306.6779   0
1307.26035  0
1307.84331  0
1308.42676  0
1309.01072  0
1309.59518  0
1310.18015  0
1310.76562  0
1311.3516   0
1311.93809  0
1312.52508  0
1313.11258  0
1313.70058  0
1314.2891   0
1314.87812  0
1315.46765  0
1316.05769  0
1316.64825  0
1317.23931  0
1317.83089  0
1318.42298  0
1319.01558  0
1319.6087   0
1320.20233  0
1320.79647  0
1321.39113  0
1321.98631  0
1322.582    0
1323.17821  0
1323.77493  0
1324.37218  0
1324.96995  0
1325.56823  0
1326.16703  0
1326.76636  0
1327.3662   0
1327.96657  0
1328.56746  0
1329.16887  0
1329.77081  0
1330.37327  0
1330.97625  0
1331.57976  0
1332.1838   0
1332.78836  0
1333.39345  0
1333.99907  0
1334.60522  0
1335.21189  0
1335.8191   0
1336.42683  0
1337.0351   0
1337.64389  0
1338.25322  0
1338.86308  0
1338.16116  0
1338.6693   0
1339.17785  0
1339.68681  0
1340.19617  0
1340.70594  0
1341.21611  0
1341.7267   0
1342.23769  0
1342.74909  0
1343.2609   0
1343.77311  0
1344.28574  0
1344.79878  0
1345.31223  0
1345.82608  0
1346.34035  0
1346.85504  0
1347.37013  0
1347.88563  0
1348.40155  0
1348.91788  0
1349.43463  0
1349.95179  0
1350.46936  0
1350.98735  0
1351.50576  0
1352.02458  0
1352.54381  0
1353.06347  0
1353.58354  0
1354.10402  0
1354.62493  0
1355.14626  0
1355.668    0
1356.19016  0
1356.71274  0
1357.23574  0
1357.75917  0
1358.28301  0
1358.80728  0
1359.33196  0
1359.85707  0
1360.38261  0
1360.90856  0
1361.43494  0
1361.96174  0
1362.48897  0
1363.01662  0
1363.5447   0
1364.0732   0
1364.60213  0
1365.13149  0
1365.66127  0
1366.19148  0
1366.72212  0
1367.25319  0
1367.78468  0
1368.31661  0
1368.84896  0
1369.38175  0
1369.91496  0
1370.44861  0
1370.98269  0
1371.5172   0
1372.05214  0
1372.58752  0
1373.12333  0
1373.65957  0
1374.19625  0
1374.73336  0
1375.27091  0
1375.80889  0
1376.34731  0
1376.88616  0
1377.42545  0
1377.96518  0
1378.50535  0
1379.04595  0
1379.58699  0
1380.12848  0
1380.6704   0
1381.21276  0
1381.75556  0
1382.29881  0
1382.8425   0
1383.38662  0
1383.93119  0
1384.4762   0
1385.02166  0
1385.56756  0
1386.1139   0
1386.66069  0
1387.20793  0
1387.75561  0
1388.30373  0
1388.8523   0
1389.40132  0
1389.95079  0
1390.5007   0
1391.05106  0
1391.60188  0
1392.15314  0
1392.70485  0
1393.25701  0
1393.80962  0
1394.36268  0
1394.9162   0
1395.47016  0
1396.02458  0
1396.57946  0
1397.13478  0
1397.69056  0
1398.2468   0
1398.80349  0
1399.36063  0
1399.91824  0
1400.47629  0
1401.03481  0
1401.59378  0
1402.15321  0
1402.7131   0
1403.27345  0
1403.83425  0
1404.39552  0
1404.95725  0
1405.51943  0
1406.08208  0
1406.64519  0
1407.20877  0
1407.7728   0
1408.3373   0
1408.90226  0
1409.46769  0
1410.03358  0
1410.59994  0
1411.16676  0
1411.73405  0
1412.3018   0
1412.87002  0
1413.43872  0
1414.00787  0
1414.5775   0
1415.1476   0
1415.71816  0
1416.2892   0
1416.8607   0
1417.43268  0
1418.00513  0
1418.57805  0
1419.15144  0
1419.72531  0
1420.29965  0
1420.87447  0
1421.44976  0
1422.02552  0
1422.60176  0
1423.17848  0
1423.75567  0
1424.33334  0
1424.91149  0
1425.49011  0
1426.06922  0
1426.6488   0
1427.22887  0
1427.80941  0
1428.39043  0
1428.97194  0
1429.55393  0
1430.1364   0
1430.71935  0
1431.30279  0
1431.8867   0
1432.47111  0
1433.056    0
1433.64137  0
1434.22723  0
1434.81358  0
1435.40041  0
1435.98773  0
1436.57554  0
1437.16384  0
1437.75263  0
1438.3419   0
1438.93167  0
1439.52193  0
1440.11267  0
1440.70391  0
1441.29564  0
1441.88787  0
1442.48059  0
1443.0738   0
1460.26462  0
1460.87293  0
1461.48174  0
1462.09107  0
1462.70089  0
1463.31123  0
1463.92208  0
1464.53343  0
1465.14529  0
1465.75767  0
1466.37055  0
1466.98394  0
1467.59785  0
1468.21226  0
1468.82719  0
1469.44263  0
1470.05859  0
1470.67506  0
1471.29204  0
1471.90954  0
1472.52755  0
1473.14608  0
1473.76513  0
1474.38469  0
1475.00478  0
1475.62538  0
1476.2465   0
1476.86814  0
1477.4903   0
1478.11298  0
1478.73618  0
1479.3599   0
1479.98414  0
1480.60891  0
1481.23421  0
1481.86002  0
1482.48636  0
1483.11323  0
1483.74062  0
1484.36854  0
1484.99698  0
1485.62595  0
1486.25545  0
1486.88548  0
1487.51604  0
1488.14713  0
1488.77875  0
1489.4109   0
1490.04358  0
1490.67679  0
1491.31054  0
1491.94482  0
1492.57963  0
1493.21498  0
1493.85086  0
1494.48728  0
1495.12423  0
1495.76172  0
1496.39975  0
1497.03831  0
1497.67742  0
1498.31706  0
1498.95725  0
1499.59797  0
1500.23923  0
1500.88104  0
1501.52339  0
1502.16628  0
1502.80971  0
1503.45369  0
1504.09821  0
1504.74328  0
1505.38889  0
1506.03505  0
1506.68175  0
1507.32901  0
1507.97681  0
1508.62516  0
1509.27406  0
1509.9235   0
1510.5735   0
1511.22405  0
1511.87515  0
1512.52681  0
1513.17901  0
1513.83178  0
1514.48509  0
1515.13896  0
1515.79338  0
1516.44836  0
1517.1039   0
1517.75999  0
1518.41665  0
1519.07386  0
1519.73162  0
1520.38995  0
1521.04884  0
1521.70829  0
1522.3683   0
1523.02887  0
1523.69001  0
1524.35171  0
1525.01397  0
1525.6768   0
1526.34019  0
1527.00415  0
1541.09643  0
1541.77233  0
1542.4488   0
1543.12585  0
1543.80348  0
1544.48169  0
1545.16047  0
1545.83984  0
1546.51979  0
1547.20032  0
1547.88143  0
1548.56312  0
1549.2454   0
1549.92826  0
1550.61171  0
1551.29574  0
1551.98036  0
1552.66556  0
1553.35136  0
1554.03773  0
1554.7247   0
1555.41226  0
1556.10041  0
1556.78914  0
1557.47847  0
1558.16839  0
1558.85891  0
1559.55002  0
1560.24172  0
1560.93401  0
1561.6269   0
1562.32039  0
1563.01447  0
1563.70915  0
1564.40443  0
1565.1003   0
1565.79678  0
1566.49386  0
1567.19153  0
1567.88981  0
1568.58869  0
1569.28817  0
1569.98826  0
1570.68895  0
1571.39024  0
1572.09214  0
1572.79464  0
1573.49776  0
1574.20148  0
1574.9058   0
1575.61074  0
1576.31628  0
1577.02244  0
1577.72921  0
1578.43658  0
1579.14458  0
1579.85318  0
1580.56239  0
1581.27223  0
1581.98267  0
1582.69373  0
1583.40541  0
1584.11771  0
1584.83062  0
1585.54415  0
1586.2583   0
1586.97307  0
1587.68846  0
1588.40447  0
1589.12111  0
1589.83836  0
1590.55624  0
1591.27475  0
1591.99388  0
1592.71363  0
1593.43401  0
1594.15502  0
1594.87666  0
1595.59892  0
1596.32181  0
1597.04534  0
1597.76949  0
1598.49427  0
1599.21969  0
1599.94574  0
1600.67242  0
1601.39974  0
1602.12769  0
1602.85628  0
1603.5855   0
1604.31536  0
1605.04586  0
1605.77699  0
1606.50877  0
1607.24119  0
1607.97424  0
1608.70794  0
1609.44228  0
1610.17727  0
1610.91289  0
1611.64916  0
1612.38608  0
1613.12364  0
1613.86185  0
2181.49415  0
2182.39985  0
2183.30629  0
2184.21346  0
2185.12139  0
2186.03005  0
2186.93947  0
2187.84962  0
2188.76053  0
2189.67218  0
2190.58457  0
2191.49772  0
2192.41162  0
2193.32626  0
2194.24166  0
2195.15781  0
2196.07471  0
2196.99236  0
2197.91077  0
2198.82994  0
2199.74986  0
2200.67053  0
2201.59197  0
2202.51416  0
2203.43711  0
2204.36082  0
2205.28529  0
2206.21052  0
2207.13652  0
2208.06327  0
2208.99079  0
2209.91908  0
2210.84813  0
2211.77795  0
2212.70853  0
2213.63988  0
2214.572    0
2215.50489  0
2216.43855  0
2217.37298  0
2218.30819  0
2219.24416  0
2220.18091  0
2221.11843  0
2222.05673  0
2222.99581  0
2223.93566  0
2224.87629  0
2225.8177   0
2226.75988  0
2227.70285  0
2228.6466   0
2229.59113  0
2230.53644  0
2231.48254  0
2232.42942  0
2233.37709  0
2234.32554  0
2235.27478  0
2236.2248   0
2237.17562  0
2238.12722  0
2239.07962  0
2240.0328   0
2240.98678  0
2241.94155  0
2242.89711  0
2243.85347  0
2244.81062  0
2245.76857  0
2246.72732  0
2247.68686  0
2248.6472   0
2249.60835  0
2250.57029  0
2251.53303  0
2252.49658  0
2253.46093  0
2254.42608  0
2255.39204  0
2256.3588   0
2257.32637  0
2258.29475  0
2259.26394  0
2260.23393  0
2261.20474  0
2262.17635  0
2263.14878  0
2264.12202  0
2265.09607  0
2266.07094  0
2267.04662  0
2268.02312  0
2269.00043  0
2269.97857  0
2270.95752  0
2271.93729  0
2272.91788  0
2273.8993   0
2274.88153  0
2275.86459  0
2276.84848  0
2277.83318  0
2278.81872  0
2279.80508  0
2280.79227  0
2281.78028  0
2282.76913  0
2283.75881  0
2284.74931  0
2285.74065  0
2286.73283  0
2287.72583  0
2288.71968  0
2289.71435  0
2290.70987  0
2291.70622  0
2292.70341  0
2293.70144  0
2294.70031  0
2295.70002  0
2296.70057  0
2297.70197  0
2298.70421  0
2299.7073   0
2300.71123  0
2301.71601  0
2302.72163  0
2303.72811  0
2304.73543  0
2305.7436   0
2306.75263  0
2307.76251  0
2308.77324  0
2309.78483  0
2310.79727  0
2311.81056  0
2312.82472  0
2313.83973  0
2314.8556   0
2315.87233  0
2316.88992  0
2317.90837  0
2318.92769  0
2319.94787  0
2320.96891  0
2321.99082  0
2323.01359  0
2324.03724  0
2325.06175  0
2299.79818  0
2300.70278  0
2301.60812  0
2302.51419  0
2303.421    0
2304.32854  0
2305.23683  0
2306.14586  0
2307.05562  0
2307.96613  0
2308.87738  0
2309.78937  0
2310.70211  0
2311.61559  0
2312.52982  0
2313.44479  0
2314.36051  0
2315.27698  0
2316.1942   0
2317.11217  0
2318.03088  0
2318.95035  0
2319.87057  0
2320.79154  0
2321.71326  0
2322.63574  0
2323.55897  0
2324.48296  0
2325.4077   0
2326.33321  0
2327.25947  0
2328.18648  0
2329.11426  0
2330.0428   0
2330.9721   0
2331.90216  0
2332.83299  0
2333.76457  0
2334.69693  0
2335.63004  0
2336.56393  0
2337.49858  0
2338.43399  0
2339.37018  0
2340.30714  0
2341.24486  0
2342.18336  0
2343.12262  0
2344.06266  0
2345.00348  0
2345.94507  0
2346.88743  0
2347.83057  0
2348.77448  0
2349.71917  0
2350.66464  0
2351.61089  0
2352.55792  0
2353.50573  0
2354.45432  0
2355.40369  0
2356.35385  0
2357.30479  0
2358.25652  0
2359.20903  0
2360.16233  0
2361.11641  0
2362.07128  0
2363.02695  0
2363.9834   0
2364.94064  0
2365.89867  0
2366.8575   0
2367.81712  0
2368.77753  0
2369.73874  0
2370.70074  0
2371.66354  0
2372.62714  0
2373.59154  0
2374.55673  0
2375.52273  0
2376.48952  0
2377.45712  0
2378.42552  0
2379.39473  0
2380.36473  0
2381.33555  0
2382.30717  0
2383.27959  0
2384.25282  0
2385.22687  0
2386.20172  0
2387.17738  0
2388.15385  0
2389.13114  0
2390.10923  0
2391.08815  0
2392.06787  0
2393.04841  0
2394.02977  0
2395.01195  0
2395.99494  0
2396.97875  0
2397.96338  0
2398.94884  0
2399.93511  0
2400.92221  0
2401.91013  0
2402.89887  0
2403.88844  0
2404.87884  0
2405.87006  0
2406.86211  0
2407.855    0
2408.8487   0
2409.84324  0
2410.83862  0
2411.83482  0
2412.83186  0
2413.82973  0
2414.82843  0
2415.82798  0
2416.82835  0
2417.82957  0
2418.83163  0
2419.83452  0
2420.83826  0
2421.84283  0
2422.84825  0
2446.19424  0
2447.21872  0
2448.24403  0
2449.27018  0
2450.29718  0
2451.32502  0
2452.35371  0
2453.38324  0
2454.41361  0
2455.44484  0
2456.47691  0
2457.50983  0
2458.5436   0
2459.57822  0
2460.61369  0
2461.65001  0
2462.68719  0
2463.72522  0
2464.76411  0
2465.80385  0
2466.84445  0
2467.8859   0
2468.92822  0
2469.97139  0
2471.01543  0
2472.06032  0
2473.10608  0
2474.1527   0
2475.20019  0
2476.24854  0
2477.29776  0
2478.34784  0
2479.39879  0
2480.45061  0
2481.5033   0
2482.55686  0
2483.6113   0
2484.6666   0
2485.72278  0
2486.77983  0
2487.83776  0
2488.89656  0
2489.95624  0
2491.0168   0
2492.07824  0
2493.14055  0
2494.20375  0
2495.26783  0
2496.33279  0
2497.39864  0
2498.46537  0
2499.53299  0
2500.60149  0
2501.67088  0
2502.74116  0
2503.81233  0
2504.88439  0
2505.95734  0
2507.03118  0
2508.10591  0
2509.18154  0
2510.25807  0
2511.33549  0
2512.4138   0
2513.49302  0
2514.57313  0
2515.65415  0
2516.73606  0
2517.81888  0
2518.9026   0
2519.98722  0
2521.07275  0
2522.15918  0
2523.24652  0
2524.33477  0
2525.42393  0
2526.51399  0
2527.60497  0
2528.69686  0
2529.78966  0
2530.88337  0
2531.978    0
2533.07355  0
2534.17001  0
2535.26738  0
2536.36568  0
2537.4649   0
2538.56503  0
2539.66609  0
2540.76807  0
2541.87098  0
2542.97481  0
2544.07956  0
2545.18524  0
2546.29185  0
2547.39939  0
2548.50785  0
2549.61725  0
2550.72758  0
2551.83884  0
2552.95103  0
2554.06416  0
2555.17823  0
2556.29323  0
2557.40917  0
2558.52604  0
2559.64386  0
2560.76262  0
2561.88231  0
2563.00296  0
2564.12454  0
2565.24707  0
2566.37055  0
2567.49497  0
2568.62034  0
2569.74666  0
2541.89941  0
2542.90402  0
2543.90945  0
2544.9157   0
2545.92278  0
2546.93067  0
2547.93939  0
2548.94894  0
2549.95932  0
2550.97052  0
2551.98255  0
2552.99541  0
2554.00909  0
2555.02361  0
2556.03896  0
2557.05515  0
2558.07216  0
2559.09001  0
2560.1087   0
2561.12822  0
2562.14858  0
2563.16977  0
2564.19181  0
2565.21468  0
2566.2384   0
2567.26295  0
2568.28835  0
2569.31459  0
2570.34167  0
2571.3696   0
2572.39838  0
2573.428    0
2574.45847  0
2575.48979  0
2576.52195  0
2577.55497  0
2578.58884  0
2579.62356  0
2580.65913  0
2581.69555  0
2582.73283  0
2583.77097  0
2584.80996  0
2585.84981  0
2586.89052  0
2587.93209  0
2588.97452  0
2590.01781  0
2591.06196  0
2592.10697  0
2593.15285  0
2594.19959  0
2595.2472   0
2596.29567  0
2597.34501  0
2598.39522  0
2599.4463   0
2600.49825  0
2601.55107  0
2602.60477  0
2603.65933  0
2604.71477  0
2605.77108  0
2606.82827  0
2607.88634  0
2608.94529  0
2610.00511  0
2611.06581  0
2612.1274   0
2613.18986  0
2614.25321  0
2615.31744  0
2616.38255  0
2617.44855  0
2618.51544  0
2619.58321  0
2620.65188  0
2621.72143  0
2622.79187  0
2623.8632   0
2624.93542  0
2626.00854  0
2627.08255  0
2628.15745  0
2629.23325  0
2630.30995  0
2631.38754  0
2632.46603  0
2633.54543  0
2634.62572  0
2635.70692  0
2636.78901  0
2637.87201  0
2638.95592  0
2640.04073  0
2641.12645  0
2642.21307  0
2643.3006   0
2644.38904  0
2645.4784   0
2646.56866  0
2647.65983  0
2648.75192  0
2649.84493  0
2650.93885  0
2652.03368  0
2653.12943  0
2654.2261   0
2655.32369  0
2656.4222   0
2657.52163  0
2658.62198  0
2659.72326  0
2660.82546  0
2661.92858  0
2663.03264  0
2664.13761  0
2665.24352  0