 3.300    .000000    .000000
 3.320    .005923    .003846
 3.340    .012342    .010742
 3.360    .018761    .017637
 3.380    .034460    .032890
 3.400    .065438    .063507
 3.420    .116922    .117176
 3.440    .195057    .201339
 3.460    .273425    .275991
 3.480    .317642    .320046
 3.500    .356930    .365092
 3.520    .443663    .453749
 3.540    .548071    .554985
 3.560    .597756    .613028
 3.580    .654871    .672441
 3.600    .743971    .758220
 3.620    .806150    .818458
 3.640    .863792    .879503
 3.660    .913554    .929011
 3.680    .960073    .966290
 3.700    .996523    .993921
 3.720   1.000000   1.000000
 3.740    .994297    .992179
 3.760    .978466    .978795
 3.780    .978475    .959774
 3.800    .940289    .939142
 3.820    .914376    .915597
 3.840    .885817    .886503
 3.860    .861942    .860007
 3.880    .835149    .828517
 3.900    .802908    .791008
 3.920    .752081    .749320
 3.940    .720213    .712844
 3.960    .688547    .683216
 3.980    .646735    .643934
 4.000    .604790    .602467
 4.020    .561879    .555294
 4.040    .511635    .506096
 4.060    .451811    .443049
 4.080    .379508    .369554
 4.100    .304472    .291405
 4.120    .236295    .222560
 4.140    .174696    .168623
 4.160    .125484    .122755
 4.180    .092633    .086251
 4.200    .054418    .050666
 4.220    .024562    .021887
 4.240    .015359    .012393
 4.260    .011293    .014630
 4.280    .008994    .012541
 4.300    .010589    .002691
 4.320    .011975    .009568
 4.340    .010653    .008755
 4.360    .008684    .009023
 4.380    .006847    .007264
 4.400    .005797    .005568
 4.420    .000000    .000000
