 9.530    .000       .000
 9.540    .004836    .003816
 9.560    .005804    .004141
 9.580    .005856    .004606
 9.600    .005965    .005093
 9.620    .007585    .005652
 9.640    .007858    .005651
 9.660    .006728    .005019
 9.680    .006101    .005412
 9.700    .006248    .006605
 9.720    .010124    .008438
 9.740    .015730    .010588
 9.760    .015354    .012261
 9.780    .014989    .014024
 9.800    .015136    .016181
 9.820    .017176    .017901
 9.840    .022565    .018645
 9.860    .026329    .019835
 9.880    .026550    .021932
 9.900    .031488    .024065
 9.920    .039204    .026375
 9.940    .045030    .030831
 9.960    .049603    .036967
 9.980    .049304    .044625
10.000    .048793    .052327
10.020    .065328    .055515
10.040    .088045    .057373
10.060    .099151    .066219
10.080    .107758    .077112
10.100    .115288    .094406
10.120    .125800    .112682
10.140    .157978    .129776
10.160    .192799    .147713
10.180    .201171    .181312
10.200    .214033    .216097
10.220    .274228    .246290
10.240    .343982    .276466
10.260    .407337    .315934
10.280    .463063    .359410
10.300    .476130    .427463
10.320    .484600    .499912
10.340    .573802    .549827
10.360    .684750    .593821
10.380    .727684    .652529
10.400    .751280    .713435
10.420    .782617    .773806
10.440    .817648    .837331
10.460    .878433    .872429
10.480    .947873    .893268
10.500    .980802    .919923
10.520    .965064    .956494
10.540    .967775    .981679
10.560    .986144    .992703
10.580    .999993   1.000000
10.600    .996652    .997577
10.620    .994005    .994406
10.640    .994843    .986584
10.660    .995959    .980472
10.680    .986049    .976547
10.700    .969941    .972316
10.720    .967776    .963672
10.740    .970918    .952942
10.760    .974986    .938133
10.780    .982288    .919787
10.800    .981064    .907223
10.820    .940194    .914566
10.840    .909078    .917910
10.860    .922170    .904269
10.880    .944978    .886525
10.900    .943624    .876867
10.920    .926199    .872072
10.940    .913379    .872274
10.960    .904375    .878527
10.980    .899957    .882200
11.000    .919386    .873139
11.020    .943633    .861180
11.040    .930778    .872380
11.060    .906433    .891387
11.080    .899623    .904869
11.100    .917763    .909639
11.120    .934810    .914231
11.140    .932960    .920838
11.160    .928513    .927627
11.180    .936863    .922190
11.200    .952134    .910911
11.220    .958944    .901692
11.240    .925372    .901176
11.260    .890109    .902079
11.280    .892856    .875180
11.300    .906019    .840831
11.320    .902759    .804069
11.340    .870133    .762899
11.360    .835083    .721737
11.380    .757149    .694813
11.400    .663771    .674763
11.420    .605413    .633556
11.440    .595769    .561286
11.460    .585107    .488995
11.480    .539246    .434920
11.500    .475449    .391339
11.520    .416627    .350238
11.540    .365645    .317058
11.560    .314336    .284423
11.580    .285300    .248795
11.600    .266689    .212097
11.620    .245294    .178421
11.640    .209842    .159902
11.660    .173444    .143611
11.680    .149949    .126425
11.700    .139457    .108425
11.720    .129028    .091527
11.740    .116984    .080941
11.760    .104635    .072963
11.780    .092619    .065618
11.800    .078907    .060513
11.820    .065410    .055722
11.840    .057454    .050332
11.860    .054990    .044365
11.880    .052670    .038712
11.900    .049046    .035093
11.920    .044883    .032431
11.940    .040975    .029893
11.960    .038062    .028137
11.980    .035332    .026524
12.000    .033045    .025226
12.020    .031909    .024747
12.040    .030783    .024296
12.060    .029655    .023594
12.080    .028520    .022653
12.100    .027468    .021705
12.120    .028365    .021019
12.140    .031005    .020576
12.160    .033512    .020103
12.180    .035401    .021358
12.200    .037034    .023098
12.220    .038513    .024628
12.240    .038666    .024436
12.260    .038622    .023996
12.280    .038560    .023222
12.300    .038417    .021131
12.320    .038246    .018757
12.340    .037860    .016517
12.360    .035633    .014936
12.380    .033381    .013373
12.400    .031170    .012043
12.420    .028996    .011685
12.440    .026846    .011347
12.460    .024859    .011031
12.480    .023196    .010755
12.500    .021595    .010485
12.520    .019939    .010261
12.540    .018093    .010174
12.560    .016249    .010101
12.580    .014466    .009903
12.600    .012991    .008534
12.620    .011526    .007195
12.640    .010129    .005895
12.660    .009340    .004842
12.680    .008580    .003799
12.700    .007807    .002882
12.720    .006881    .002732
12.740    .005934    .002722
12.760    .005022    .002682
12.780    .00        .00
