350.0 0.004456
351.0 0.004417
352.0 0.004377
353.0 0.004339
354.0 0.004301
355.0 0.004263
356.0 0.004226
357.0 0.004204
358.0 0.00419
359.0 0.004595
360.0 0.004986
361.0 0.004526
362.0 0.004081
363.0 0.004292
364.0 0.004499
365.0 0.004483
366.0 0.004461
367.0 0.004222
368.0 0.003991
369.0 0.004186
370.0 0.004378
371.0 0.004435
372.0 0.004495
373.0 0.004794
374.0 0.005081
375.0 0.004654
376.0 0.004243
377.0 0.004987
378.0 0.005717
379.0 0.00549
380.0 0.005266
381.0 0.005344
382.0 0.005417
383.0 0.005216
384.0 0.005015
385.0 0.004803
386.0 0.004595
387.0 0.004569
388.0 0.004551
389.0 0.00503
390.0 0.005495
391.0 0.005227
392.0 0.004966
393.0 0.005199
394.0 0.005416
395.0 0.004927
396.0 0.004451
397.0 0.004693
398.0 0.004932
399.0 0.004907
400.0 0.004893
401.0 0.005387
402.0 0.005867
403.0 0.005635
404.0 0.005398
405.0 0.004913
406.0 0.004456
407.0 0.005408
408.0 0.006335
409.0 0.006068
410.0 0.005806
411.0 0.00579
412.0 0.005775
413.0 0.005811
414.0 0.005847
415.0 0.00583
416.0 0.005814
417.0 0.005787
418.0 0.005771
419.0 0.006417
420.0 0.007077
421.0 0.008422
422.0 0.009779
423.0 0.01196
424.0 0.01416
425.0 0.01828
426.0 0.02248
427.0 0.03103
428.0 0.03981
429.0 0.06207
430.0 0.08472
431.0 0.1299
432.0 0.1753
433.0 0.2295
434.0 0.2835
435.0 0.3225
436.0 0.3611
437.0 0.3783
438.0 0.3955
439.0 0.4127
440.0 0.4299
441.0 0.4469
442.0 0.4638
443.0 0.4792
444.0 0.4946
445.0 0.5141
446.0 0.5337
447.0 0.5564
448.0 0.5793
449.0 0.6088
450.0 0.6383
451.0 0.6658
452.0 0.6932
453.0 0.7172
454.0 0.7412
455.0 0.7569
456.0 0.7725
457.0 0.7767
458.0 0.7812
459.0 0.8003
460.0 0.8195
461.0 0.8441
462.0 0.8686
463.0 0.8829
464.0 0.8971
465.0 0.9164
466.0 0.9355
467.0 0.9386
468.0 0.9418
469.0 0.9479
470.0 0.9539
471.0 0.9572
472.0 0.9605
473.0 0.9653
474.0 0.9702
475.0 0.9805
476.0 0.9907
477.0 0.9958
478.0 1.0
479.0 0.9475
480.0 0.895
481.0 0.848
482.0 0.7998
483.0 0.6806
484.0 0.5614
485.0 0.4511
486.0 0.3413
487.0 0.268
488.0 0.1951
489.0 0.1526
490.0 0.1102
491.0 0.08792
492.0 0.06574
493.0 0.0542
494.0 0.04271
495.0 0.0371
496.0 0.03151
497.0 0.02788
498.0 0.02427
499.0 0.02161
500.0 0.01895
501.0 0.0173
502.0 0.01566
503.0 0.01464
504.0 0.01362
505.0 0.01298
506.0 0.01235
507.0 0.01213
508.0 0.01192
509.0 0.0121
510.0 0.01228
511.0 0.01223
512.0 0.01219
513.0 0.01222
514.0 0.01226
515.0 0.01236
516.0 0.01246
517.0 0.01229
518.0 0.01213
519.0 0.01185
520.0 0.01157
521.0 0.01078
522.0 0.009986
523.0 0.009231
524.0 0.008479
525.0 0.008133
526.0 0.007786
527.0 0.007403
528.0 0.00702
529.0 0.006701
530.0 0.006384
531.0 0.006329
532.0 0.006274
533.0 0.006333
534.0 0.006391
535.0 0.006445
536.0 0.0065
537.0 0.006506
538.0 0.006513
539.0 0.006623
540.0 0.006732
541.0 0.006843
542.0 0.006951
543.0 0.006896
544.0 0.006841
545.0 0.006795
546.0 0.006749
547.0 0.006758
548.0 0.006771
549.0 0.00724
550.0 0.007712
551.0 0.008362
552.0 0.009014
553.0 0.009945
554.0 0.01088
555.0 0.01214
556.0 0.01339
557.0 0.01399
558.0 0.01457
559.0 0.01377
560.0 0.01296
561.0 0.01168
562.0 0.0104
563.0 0.009223
564.0 0.00805
565.0 0.007269
566.0 0.00649
567.0 0.005948
568.0 0.005408
569.0 0.005066
570.0 0.004725
571.0 0.004609
572.0 0.004492
573.0 0.004146
574.0 0.0038
575.0 0.003417
576.0 0.003034
577.0 0.002746
578.0 0.002459
579.0 0.002221
580.0 0.001983
581.0 0.00197
582.0 0.001956
583.0 0.001809
584.0 0.001663
585.0 0.00152
586.0 0.001377
587.0 0.001499
588.0 0.001619
589.0 0.001606
590.0 0.001592
591.0 0.001584
592.0 0.001577
593.0 0.001565
594.0 0.001553
595.0 0.001628
596.0 0.001702
597.0 0.001691
598.0 0.001679
599.0 0.001671
600.0 0.001662
601.0 0.001738
602.0 0.001815
603.0 0.001973
604.0 0.00213
605.0 0.002246
606.0 0.002362
607.0 0.002641
608.0 0.002919
609.0 0.003237
610.0 0.003555
611.0 0.004042
612.0 0.004529
613.0 0.005307
614.0 0.006085
615.0 0.007025
616.0 0.007965
617.0 0.009027
618.0 0.01009
619.0 0.01136
620.0 0.01264
621.0 0.01362
622.0 0.0146
623.0 0.01471
624.0 0.01483
625.0 0.01459
626.0 0.01435
627.0 0.01375
628.0 0.01316
629.0 0.01249
630.0 0.01182
631.0 0.01158
632.0 0.01135
633.0 0.01106
634.0 0.01076
635.0 0.01089
636.0 0.01102
637.0 0.01076
638.0 0.01049
639.0 0.01059
640.0 0.01069
641.0 0.01064
642.0 0.0106
643.0 0.01097
644.0 0.01134
645.0 0.01176
646.0 0.01217
647.0 0.01281
648.0 0.01344
649.0 0.01433
650.0 0.01522
651.0 0.01639
652.0 0.01755
653.0 0.01931
654.0 0.02106
655.0 0.02334
656.0 0.02562
657.0 0.02803
658.0 0.03044
659.0 0.03219
660.0 0.03393
661.0 0.03429
662.0 0.03466
663.0 0.0334
664.0 0.03214
665.0 0.03016
666.0 0.02818
667.0 0.02591
668.0 0.02364
669.0 0.02143
670.0 0.01922
671.0 0.01757
672.0 0.01592
673.0 0.01488
674.0 0.01385
675.0 0.01302
676.0 0.0122
677.0 0.01142
678.0 0.01064
679.0 0.01006
680.0 0.009472
681.0 0.009128
682.0 0.008785
683.0 0.008279
684.0 0.007772
685.0 0.007352
686.0 0.006933
687.0 0.006502
688.0 0.006072
689.0 0.005686
690.0 0.0053
691.0 0.004937
692.0 0.004574
693.0 0.004169
694.0 0.003765
695.0 0.003362
696.0 0.002959
697.0 0.002635
698.0 0.002311
699.0 0.002109
700.0 0.001907
701.0 0.001786
702.0 0.001665
703.0 0.001546
704.0 0.001426
705.0 0.001222
706.0 0.001018
707.0 0.0009316
708.0 0.0008453
709.0 0.0008074
710.0 0.0007697
711.0 0.0006089
712.0 0.0004476
713.0 0.0006225
714.0 0.0008009
715.0 0.0007233
716.0 0.0006439
717.0 0.0007347
718.0 0.0008274
719.0 0.0008781
720.0 0.0009286
721.0 0.001023
722.0 0.001119
723.0 0.001214
724.0 0.00131
725.0 0.001582
726.0 0.001855
727.0 0.002268
728.0 0.002681
729.0 0.003143
730.0 0.003605
731.0 0.003668
732.0 0.003729
733.0 0.00375
734.0 0.003771
735.0 0.003337
736.0 0.0029
737.0 0.002589
738.0 0.002279
739.0 0.001853
740.0 0.001425
741.0 0.0012
742.0 0.0009763
743.0 0.0006123
744.0 0.0002473
745.0 0.0002489
746.0 0.0002534
747.0 0.0002594
748.0 0.0002654
749.0 0.0002256
750.0 0.0001853
751.0 9.287e-05
752.0 0.0
753.0 9.964e-05
754.0 0.0002017
755.0 0.0002562
756.0 0.00031
757.0 0.0001673
758.0 2.177e-05
759.0 7.487e-05
760.0 0.0001304
761.0 8.854e-05
762.0 4.568e-05
763.0 0.0001567
764.0 0.0002699
765.0 0.0002784
766.0 0.0002861
767.0 0.0002452
768.0 0.0002038
769.0 0.0002672
770.0 0.0003314
771.0 0.0002315
772.0 0.0001293
773.0 0.0002439
774.0 0.0003606
775.0 0.0003148
776.0 0.0002669
777.0 0.0003851
778.0 0.0005056
779.0 0.0005159
780.0 0.0005247
781.0 0.0005346
782.0 0.0005446
783.0 0.0004973
784.0 0.0004494
785.0 0.0005163
786.0 0.0005844
787.0 0.0005965
788.0 0.0006078
789.0 0.0005587
790.0 0.0005088
791.0 0.000575
792.0 0.0006426
793.0 0.0006523
794.0 0.000661
795.0 0.0006672
796.0 0.0006733
797.0 0.0006193
798.0 0.0005645
799.0 0.0005714
800.0 0.0005791
801.0 0.0005893
802.0 0.0005995
803.0 0.0006107
804.0 0.0006218
805.0 0.000567
806.0 0.0005114
807.0 0.0005204
808.0 0.0005304
809.0 0.0006715
810.0 0.0008145
811.0 0.000758
812.0 0.0006987
813.0 0.0007066
814.0 0.0007157
815.0 0.0007893
816.0 0.0008637
817.0 0.0008076
818.0 0.0007495
819.0 0.0007607
820.0 0.0007728
821.0 0.0007739
822.0 0.0007749
823.0 0.0007882
824.0 0.0008017
825.0 0.0008835
826.0 0.000966
827.0 0.0009122
828.0 0.0008567
829.0 0.0009402
830.0 0.001025
831.0 0.0008795
832.0 0.0007298
833.0 0.0007392
834.0 0.0007507
835.0 0.0007474
836.0 0.0007439
837.0 0.0007399
838.0 0.0007358
839.0 0.0007296
840.0 0.0007234
841.0 0.0007217
842.0 0.0007202
843.0 0.0007241
844.0 0.0007281
845.0 0.0007341
846.0 0.0007401
847.0 0.0007486
848.0 0.000757
849.0 0.0007614
850.0 0.0007656
851.0 0.0007681
852.0 0.0007705
853.0 0.0007668
854.0 0.0007629
855.0 0.0007611
856.0 0.0007593
857.0 0.0007567
858.0 0.0007541
859.0 0.0007516
860.0 0.0007492
861.0 0.0007474
862.0 0.0007456
863.0 0.000742
864.0 0.0007383
865.0 0.000738
866.0 0.0007377
867.0 0.0007401
868.0 0.0007426
869.0 0.0007348
870.0 0.0007269
871.0 0.0007246
872.0 0.0007224
873.0 0.0007215
874.0 0.0007207
875.0 0.0007198
876.0 0.0007188
877.0 0.0007155
878.0 0.0007122
879.0 0.0007117
880.0 0.0007112
881.0 0.0007081
882.0 0.0007049
883.0 0.000699
884.0 0.0006931
885.0 0.0006905
886.0 0.0006881
887.0 0.0006837
888.0 0.0006793
889.0 0.000676
890.0 0.0006728
891.0 0.000669
892.0 0.0006652
893.0 0.0006633
894.0 0.0006614
895.0 0.0006586
896.0 0.0006558
897.0 0.0006548
898.0 0.0006538
899.0 0.0006524
900.0 0.000651
901.0 0.0006497
902.0 0.0006483
903.0 0.0006421
904.0 0.0006358
905.0 0.0006348
906.0 0.0006338
907.0 0.0006333
908.0 0.0006329
909.0 0.0006319
910.0 0.0006309
911.0 0.0006256
912.0 0.0006202
913.0 0.0006141
914.0 0.000608
915.0 0.0006025
916.0 0.000597
917.0 0.0005914
918.0 0.0005858
919.0 0.0005813
920.0 0.0005767
921.0 0.0005762
922.0 0.0005757
923.0 0.0005794
924.0 0.0005833
925.0 0.0005859
926.0 0.0005885
927.0 0.0005907
928.0 0.000593
929.0 0.0005971
930.0 0.0006012
931.0 0.0006025
932.0 0.0006038
933.0 0.0006022
934.0 0.0006006
935.0 0.0006049
936.0 0.0006093
937.0 0.000609
938.0 0.0006086
939.0 0.0006098
940.0 0.0006109
941.0 0.0006079
942.0 0.0006047
943.0 0.0005929
944.0 0.0005809
945.0 0.0005806
946.0 0.0005805
947.0 0.0005813
948.0 0.000582
949.0 0.0005826
950.0 0.0005832
951.0 0.0005872
952.0 0.0005913
953.0 0.0005839
954.0 0.0005763
955.0 0.0005715
956.0 0.0005668
957.0 0.0005631
958.0 0.0005593
959.0 0.0005579
960.0 0.0005564
961.0 0.0005517
962.0 0.000547
963.0 0.0005442
964.0 0.0005415
965.0 0.0005462
966.0 0.0005511
967.0 0.0005509
968.0 0.0005506
969.0 0.0005443
970.0 0.0005379
971.0 0.0005399
972.0 0.000542
973.0 0.0005452
974.0 0.0005484
975.0 0.000556
976.0 0.0005636
977.0 0.000564
978.0 0.0005643
979.0 0.0005647
980.0 0.000565
981.0 0.0005676
982.0 0.0005701
983.0 0.0005799
984.0 0.0005899
985.0 0.0005875
986.0 0.0005849
987.0 0.0005904
988.0 0.0005962
989.0 0.0006033
990.0 0.0006105
991.0 0.0006145
992.0 0.0006185
993.0 0.0006174
994.0 0.0006162
995.0 0.0006213
996.0 0.0006264
997.0 0.0006301
998.0 0.0006337
999.0 0.0006403
1000.0 0.000647
1001.0 0.0006533
1002.0 0.0006595
1003.0 0.0006636
1004.0 0.0006677
1005.0 0.0006732
1006.0 0.0006788
1007.0 0.0006814
1008.0 0.0006841
1009.0 0.000689
1010.0 0.0006939
1011.0 0.0006973
1012.0 0.0007006
1013.0 0.0007058
1014.0 0.0007111
1015.0 0.0007173
1016.0 0.0007235
1017.0 0.0007252
1018.0 0.0007269
1019.0 0.0007342
1020.0 0.0007417
1021.0 0.0007423
1022.0 0.0007428
1023.0 0.0007381
1024.0 0.0007332
1025.0 0.0007356
1026.0 0.0007381
1027.0 0.0007362
1028.0 0.0007343
1029.0 0.0007359
1030.0 0.0007376
1031.0 0.0007437
1032.0 0.0007498
1033.0 0.0007594
1034.0 0.0007691
1035.0 0.0007784
1036.0 0.0007876
1037.0 0.0007968
1038.0 0.000806
1039.0 0.0008174
1040.0 0.000829
1041.0 0.0008237
1042.0 0.0008181
1043.0 0.0008155
1044.0 0.0008128
1045.0 0.0008118
1046.0 0.0008107
1047.0 0.0008066
1048.0 0.0008025
1049.0 0.0008009
1050.0 0.0007994
1051.0 0.0008043
1052.0 0.0008093
1053.0 0.0008187
1054.0 0.0008283
1055.0 0.0008484
1056.0 0.0008688
1057.0 0.0008868
1058.0 0.0009048
1059.0 0.0009233
1060.0 0.0009419
1061.0 0.0009593
1062.0 0.0009767
1063.0 0.0009796
1064.0 0.0009822
1065.0 0.000981
1066.0 0.0009797
1067.0 0.0009776
1068.0 0.0009755
1069.0 0.0009681
1070.0 0.0009605
1071.0 0.0009591
1072.0 0.0009578
1073.0 0.0009543
1074.0 0.0009508
1075.0 0.0009437
1076.0 0.0009367
1077.0 0.0009266
1078.0 0.0009165
1079.0 0.000908
1080.0 0.0008996
1081.0 0.0008995
1082.0 0.0008996
1083.0 0.0008975
1084.0 0.0008954
1085.0 0.0008883
1086.0 0.0008811
1087.0 0.0008773
1088.0 0.0008734
1089.0 0.0008622
1090.0 0.0008509
1091.0 0.0008502
1092.0 0.0008497
1093.0 0.0008441
1094.0 0.0008385
1095.0 0.0008297
1096.0 0.0008208
1097.0 0.0008104
1098.0 0.0007999
1099.0 0.0007877
1100.0 0.0007754
