2.5000000e+03 0.0000000e+00
2.5020003e+03 0.0000000e+00
2.5040001e+03 0.0000000e+00
2.5059999e+03 0.0000000e+00
2.5079999e+03 0.0000000e+00
2.5099999e+03 0.0000000e+00
2.5119998e+03 0.0000000e+00
2.5139998e+03 0.0000000e+00
2.5159999e+03 0.0000000e+00
2.5179999e+03 0.0000000e+00
2.5200000e+03 0.0000000e+00
2.5220001e+03 0.0000000e+00
2.5240000e+03 0.0000000e+00
2.5260002e+03 0.0000000e+00
2.5280001e+03 0.0000000e+00
2.5300001e+03 0.0000000e+00
2.5320000e+03 0.0000000e+00
2.5339999e+03 0.0000000e+00
2.5359998e+03 0.0000000e+00
2.5380001e+03 0.0000000e+00
2.5399999e+03 0.0000000e+00
2.5420003e+03 0.0000000e+00
2.5439997e+03 0.0000000e+00
2.5459999e+03 0.0000000e+00
2.5479999e+03 0.0000000e+00
2.5499997e+03 0.0000000e+00
2.5520001e+03 0.0000000e+00
2.5539999e+03 0.0000000e+00
2.5560000e+03 0.0000000e+00
2.5580001e+03 0.0000000e+00
2.5600000e+03 0.0000000e+00
2.5619998e+03 0.0000000e+00
2.5640000e+03 0.0000000e+00
2.5660001e+03 0.0000000e+00
2.5680000e+03 0.0000000e+00
2.5699997e+03 0.0000000e+00
2.5720000e+03 0.0000000e+00
2.5740000e+03 0.0000000e+00
2.5759997e+03 0.0000000e+00
2.5779999e+03 0.0000000e+00
2.5800000e+03 0.0000000e+00
2.5819998e+03 0.0000000e+00
2.5840000e+03 0.0000000e+00
2.5860000e+03 0.0000000e+00
2.5879997e+03 0.0000000e+00
2.5900000e+03 0.0000000e+00
2.5919999e+03 0.0000000e+00
2.5940000e+03 0.0000000e+00
2.5960000e+03 0.0000000e+00
2.5979998e+03 0.0000000e+00
2.5999999e+03 0.0000000e+00
2.6019997e+03 0.0000000e+00
2.6039998e+03 0.0000000e+00
2.6059996e+03 0.0000000e+00
2.6079999e+03 0.0000000e+00
2.6099998e+03 0.0000000e+00
2.6120000e+03 0.0000000e+00
2.6139998e+03 0.0000000e+00
2.6160001e+03 0.0000000e+00
2.6179998e+03 0.0000000e+00
2.6200000e+03 0.0000000e+00
2.6219996e+03 0.0000000e+00
2.6239997e+03 0.0000000e+00
2.6260001e+03 0.0000000e+00
2.6280000e+03 0.0000000e+00
2.6300003e+03 0.0000000e+00
2.6320000e+03 0.0000000e+00
2.6340001e+03 0.0000000e+00
2.6359998e+03 0.0000000e+00
2.6380004e+03 0.0000000e+00
2.6399999e+03 0.0000000e+00
2.6420003e+03 0.0000000e+00
2.6440002e+03 0.0000000e+00
2.6459996e+03 0.0000000e+00
2.6480000e+03 0.0000000e+00
2.6500000e+03 0.0000000e+00
2.6520000e+03 0.0000000e+00
2.6540004e+03 0.0000000e+00
2.6560001e+03 0.0000000e+00
2.6580001e+03 0.0000000e+00
2.6600004e+03 0.0000000e+00
2.6620000e+03 0.0000000e+00
2.6639999e+03 0.0000000e+00
2.6659998e+03 0.0000000e+00
2.6680000e+03 0.0000000e+00
2.6700002e+03 0.0000000e+00
2.6720001e+03 0.0000000e+00
2.6739998e+03 0.0000000e+00
2.6759999e+03 0.0000000e+00
2.6780000e+03 0.0000000e+00
2.6800002e+03 0.0000000e+00
2.6819998e+03 0.0000000e+00
2.6840003e+03 0.0000000e+00
2.6860001e+03 0.0000000e+00
2.6880000e+03 0.0000000e+00
2.6900001e+03 0.0000000e+00
2.6920002e+03 0.0000000e+00
2.6940004e+03 0.0000000e+00
2.6959999e+03 0.0000000e+00
2.6980002e+03 0.0000000e+00
2.6999997e+03 0.0000000e+00
2.7020002e+03 0.0000000e+00
2.7039998e+03 0.0000000e+00
2.7060004e+03 0.0000000e+00
2.7080002e+03 0.0000000e+00
2.7099998e+03 0.0000000e+00
2.7119998e+03 0.0000000e+00
2.7140004e+03 0.0000000e+00
2.7160001e+03 0.0000000e+00
2.7179999e+03 0.0000000e+00
2.7200005e+03 0.0000000e+00
2.7219995e+03 0.0000000e+00
2.7239999e+03 0.0000000e+00
2.7260005e+03 0.0000000e+00
2.7280001e+03 0.0000000e+00
2.7299998e+03 0.0000000e+00
2.7320001e+03 0.0000000e+00
2.7339996e+03 0.0000000e+00
2.7359999e+03 0.0000000e+00
2.7379999e+03 0.0000000e+00
2.7400000e+03 0.0000000e+00
2.7420001e+03 0.0000000e+00
2.7439999e+03 0.0000000e+00
2.7459998e+03 0.0000000e+00
2.7480001e+03 0.0000000e+00
2.7499997e+03 0.0000000e+00
2.7520000e+03 0.0000000e+00
2.7540000e+03 0.0000000e+00
2.7560000e+03 0.0000000e+00
2.7579999e+03 0.0000000e+00
2.7600003e+03 0.0000000e+00
2.7619999e+03 0.0000000e+00
2.7640000e+03 0.0000000e+00
2.7659999e+03 0.0000000e+00
2.7679998e+03 0.0000000e+00
2.7700003e+03 0.0000000e+00
2.7720005e+03 0.0000000e+00
2.7739997e+03 0.0000000e+00
2.7760004e+03 0.0000000e+00
2.7780001e+03 0.0000000e+00
2.7800002e+03 0.0000000e+00
2.7820003e+03 0.0000000e+00
2.7839999e+03 0.0000000e+00
2.7860003e+03 0.0000000e+00
2.7879996e+03 0.0000000e+00
2.7900003e+03 0.0000000e+00
2.7919998e+03 0.0000000e+00
2.7940001e+03 0.0000000e+00
2.7959999e+03 0.0000000e+00
2.7980004e+03 0.0000000e+00
2.7999997e+03 0.0000000e+00
2.8020004e+03 0.0000000e+00
2.8039999e+03 0.0000000e+00
2.8059999e+03 0.0000000e+00
2.8080005e+03 0.0000000e+00
2.8099999e+03 0.0000000e+00
2.8119998e+03 0.0000000e+00
2.8140003e+03 0.0000000e+00
2.8160003e+03 0.0000000e+00
2.8180001e+03 0.0000000e+00
2.8200001e+03 0.0000000e+00
2.8220001e+03 0.0000000e+00
2.8239997e+03 0.0000000e+00
2.8259995e+03 0.0000000e+00
2.8279998e+03 0.0000000e+00
2.8299999e+03 0.0000000e+00
2.8320004e+03 0.0000000e+00
2.8340004e+03 0.0000000e+00
2.8360001e+03 0.0000000e+00
2.8380002e+03 0.0000000e+00
2.8399998e+03 0.0000000e+00
2.8419999e+03 0.0000000e+00
2.8440003e+03 0.0000000e+00
2.8459995e+03 0.0000000e+00
2.8479999e+03 0.0000000e+00
2.8500000e+03 0.0000000e+00
2.8520003e+03 0.0000000e+00
2.8540002e+03 0.0000000e+00
2.8559997e+03 0.0000000e+00
2.8580003e+03 0.0000000e+00
2.8599997e+03 0.0000000e+00
2.8620000e+03 0.0000000e+00
2.8640000e+03 0.0000000e+00
2.8659995e+03 0.0000000e+00
2.8680003e+03 0.0000000e+00
2.8699996e+03 0.0000000e+00
2.8720001e+03 0.0000000e+00
2.8740001e+03 0.0000000e+00
2.8759996e+03 0.0000000e+00
2.8780001e+03 0.0000000e+00
2.8800002e+03 0.0000000e+00
2.8819997e+03 0.0000000e+00
2.8840003e+03 0.0000000e+00
2.8859996e+03 0.0000000e+00
2.8879999e+03 0.0000000e+00
2.8899997e+03 0.0000000e+00
2.8919998e+03 0.0000000e+00
2.8940000e+03 0.0000000e+00
2.8959997e+03 0.0000000e+00
2.8979997e+03 0.0000000e+00
2.9000000e+03 0.0000000e+00
2.9020004e+03 0.0000000e+00
2.9040002e+03 0.0000000e+00
2.9060002e+03 0.0000000e+00
2.9079996e+03 0.0000000e+00
2.9100001e+03 0.0000000e+00
2.9120000e+03 0.0000000e+00
2.9140000e+03 0.0000000e+00
2.9160003e+03 0.0000000e+00
2.9179999e+03 0.0000000e+00
2.9200005e+03 0.0000000e+00
2.9220004e+03 0.0000000e+00
2.9239998e+03 0.0000000e+00
2.9260000e+03 0.0000000e+00
2.9279996e+03 0.0000000e+00
2.9300002e+03 0.0000000e+00
2.9320001e+03 0.0000000e+00
2.9340003e+03 0.0000000e+00
2.9360006e+03 0.0000000e+00
2.9380000e+03 0.0000000e+00
2.9399995e+03 0.0000000e+00
2.9420001e+03 0.0000000e+00
2.9440001e+03 0.0000000e+00
2.9460000e+03 0.0000000e+00
2.9480003e+03 0.0000000e+00
2.9499995e+03 0.0000000e+00
2.9519999e+03 0.0000000e+00
2.9540003e+03 0.0000000e+00
2.9560000e+03 0.0000000e+00
2.9579996e+03 0.0000000e+00
2.9600004e+03 0.0000000e+00
2.9620003e+03 0.0000000e+00
2.9640001e+03 0.0000000e+00
2.9660002e+03 0.0000000e+00
2.9680002e+03 0.0000000e+00
2.9700004e+03 0.0000000e+00
2.9719996e+03 0.0000000e+00
2.9739997e+03 0.0000000e+00
2.9760000e+03 0.0000000e+00
2.9780003e+03 0.0000000e+00
2.9799997e+03 0.0000000e+00
2.9820000e+03 0.0000000e+00
2.9839995e+03 0.0000000e+00
2.9859999e+03 0.0000000e+00
2.9880002e+03 0.0000000e+00
2.9899997e+03 0.0000000e+00
2.9919999e+03 0.0000000e+00
2.9940004e+03 0.0000000e+00
2.9959998e+03 0.0000000e+00
2.9980001e+03 0.0000000e+00
3.0000003e+03 0.0000000e+00
3.0019996e+03 0.0000000e+00
3.0039998e+03 0.0000000e+00
3.0060000e+03 0.0000000e+00
3.0080001e+03 0.0000000e+00
3.0100001e+03 0.0000000e+00
3.0120001e+03 0.0000000e+00
3.0139999e+03 0.0000000e+00
3.0160000e+03 0.0000000e+00
3.0179998e+03 0.0000000e+00
3.0200002e+03 0.0000000e+00
3.0220000e+03 0.0000000e+00
3.0240003e+03 0.0000000e+00
3.0259996e+03 0.0000000e+00
3.0279999e+03 0.0000000e+00
3.0300000e+03 0.0000000e+00
3.0320000e+03 0.0000000e+00
3.0339999e+03 0.0000000e+00
3.0359996e+03 0.0000000e+00
3.0380003e+03 0.0000000e+00
3.0399996e+03 0.0000000e+00
3.0419999e+03 0.0000000e+00
3.0440002e+03 0.0000000e+00
3.0460002e+03 0.0000000e+00
3.0479998e+03 0.0000000e+00
3.0500005e+03 0.0000000e+00
3.0519999e+03 0.0000000e+00
3.0540002e+03 0.0000000e+00
3.0560003e+03 0.0000000e+00
3.0580001e+03 0.0000000e+00
3.0599998e+03 0.0000000e+00
3.0620002e+03 0.0000000e+00
3.0639996e+03 0.0000000e+00
3.0659995e+03 0.0000000e+00
3.0680005e+03 0.0000000e+00
3.0699999e+03 0.0000000e+00
3.0720003e+03 0.0000000e+00
3.0739994e+03 0.0000000e+00
3.0760002e+03 0.0000000e+00
3.0779999e+03 0.0000000e+00
3.0800003e+03 0.0000000e+00
3.0820003e+03 0.0000000e+00
3.0840002e+03 0.0000000e+00
3.0859998e+03 0.0000000e+00
3.0879999e+03 0.0000000e+00
3.0899999e+03 0.0000000e+00
3.0919996e+03 0.0000000e+00
3.0940000e+03 0.0000000e+00
3.0960000e+03 0.0000000e+00
3.0980000e+03 0.0000000e+00
3.0999996e+03 0.0000000e+00
3.1019996e+03 0.0000000e+00
3.1040005e+03 0.0000000e+00
3.1060001e+03 0.0000000e+00
3.1080003e+03 0.0000000e+00
3.1100000e+03 0.0000000e+00
3.1119997e+03 0.0000000e+00
3.1139998e+03 0.0000000e+00
3.1159997e+03 0.0000000e+00
3.1180000e+03 0.0000000e+00
3.1200003e+03 0.0000000e+00
3.1220000e+03 0.0000000e+00
3.1240004e+03 0.0000000e+00
3.1260002e+03 0.0000000e+00
3.1280000e+03 0.0000000e+00
3.1300002e+03 0.0000000e+00
3.1320001e+03 0.0000000e+00
3.1340004e+03 0.0000000e+00
3.1359996e+03 0.0000000e+00
3.1380002e+03 0.0000000e+00
3.1400005e+03 0.0000000e+00
3.1420002e+03 0.0000000e+00
3.1439995e+03 0.0000000e+00
3.1459997e+03 0.0000000e+00
3.1480000e+03 0.0000000e+00
3.1500001e+03 0.0000000e+00
3.1519997e+03 0.0000000e+00
3.1540001e+03 0.0000000e+00
3.1559997e+03 0.0000000e+00
3.1580001e+03 0.0000000e+00
3.1600001e+03 0.0000000e+00
3.1620004e+03 0.0000000e+00
3.1640004e+03 0.0000000e+00
3.1659996e+03 0.0000000e+00
3.1679997e+03 0.0000000e+00
3.1700002e+03 0.0000000e+00
3.1720002e+03 0.0000000e+00
3.1739995e+03 0.0000000e+00
3.1759996e+03 0.0000000e+00
3.1780000e+03 0.0000000e+00
3.1800000e+03 0.0000000e+00
3.1819996e+03 0.0000000e+00
3.1839994e+03 0.0000000e+00
3.1860000e+03 0.0000000e+00
3.1879999e+03 0.0000000e+00
3.1900003e+03 0.0000000e+00
3.1920000e+03 0.0000000e+00
3.1940003e+03 0.0000000e+00
3.1960003e+03 0.0000000e+00
3.1980003e+03 0.0000000e+00
3.2000000e+03 0.0000000e+00
3.2020000e+03 0.0000000e+00
3.2039995e+03 0.0000000e+00
3.2059995e+03 0.0000000e+00
3.2079999e+03 0.0000000e+00
3.2099999e+03 0.0000000e+00
3.2120001e+03 0.0000000e+00
3.2139997e+03 0.0000000e+00
3.2159999e+03 0.0000000e+00
3.2180002e+03 0.0000000e+00
3.2200000e+03 0.0000000e+00
3.2220002e+03 0.0000000e+00
3.2239999e+03 0.0000000e+00
3.2260000e+03 0.0000000e+00
3.2279994e+03 0.0000000e+00
3.2300001e+03 0.0000000e+00
3.2320003e+03 0.0000000e+00
3.2340000e+03 0.0000000e+00
3.2359997e+03 0.0000000e+00
3.2380002e+03 0.0000000e+00
3.2399998e+03 0.0000000e+00
3.2419996e+03 0.0000000e+00
3.2440000e+03 0.0000000e+00
3.2459996e+03 0.0000000e+00
3.2479996e+03 0.0000000e+00
3.2500000e+03 0.0000000e+00
3.2519997e+03 0.0000000e+00
3.2539996e+03 0.0000000e+00
3.2560002e+03 0.0000000e+00
3.2579998e+03 0.0000000e+00
3.2599995e+03 0.0000000e+00
3.2619999e+03 0.0000000e+00
3.2639994e+03 0.0000000e+00
3.2660003e+03 0.0000000e+00
3.2679994e+03 0.0000000e+00
3.2700000e+03 0.0000000e+00
3.2719996e+03 0.0000000e+00
3.2739998e+03 0.0000000e+00
3.2760001e+03 0.0000000e+00
3.2779995e+03 0.0000000e+00
3.2799994e+03 0.0000000e+00
3.2819995e+03 0.0000000e+00
3.2840001e+03 0.0000000e+00
3.2859995e+03 0.0000000e+00
3.2879995e+03 0.0000000e+00
3.2899997e+03 0.0000000e+00
3.2920001e+03 0.0000000e+00
3.2939997e+03 0.0000000e+00
3.2960007e+03 0.0000000e+00
3.2979995e+03 0.0000000e+00
3.3000001e+03 0.0000000e+00
3.3019995e+03 0.0000000e+00
3.3039993e+03 0.0000000e+00
3.3060004e+03 0.0000000e+00
3.3079995e+03 0.0000000e+00
3.3100001e+03 0.0000000e+00
3.3119997e+03 0.0000000e+00
3.3139995e+03 0.0000000e+00
3.3159996e+03 0.0000000e+00
3.3179997e+03 0.0000000e+00
3.3200001e+03 0.0000000e+00
3.3219997e+03 0.0000000e+00
3.3239995e+03 0.0000000e+00
3.3259995e+03 0.0000000e+00
3.3279995e+03 0.0000000e+00
3.3300001e+03 0.0000000e+00
3.3320006e+03 0.0000000e+00
3.3340002e+03 4.8279937e-04
3.3359999e+03 -1.1988322e-05
3.3380000e+03 3.1364878e-04
3.3400000e+03 -2.7614940e-04
3.3420003e+03 1.8771655e-04
3.3440008e+03 6.2196999e-04
3.3460001e+03 -2.3479179e-04
3.3479999e+03 3.4820565e-04
3.3499996e+03 -4.8079281e-04
3.3520007e+03 1.7891686e-04
3.3539997e+03 1.3445230e-04
3.3559997e+03 -4.1566289e-04
3.3580002e+03 8.1254810e-04
3.3599995e+03 2.1693460e-05
3.3620001e+03 3.7116049e-05
3.3639994e+03 2.7093868e-04
3.3660004e+03 1.2173125e-04
3.3680001e+03 -3.8320816e-04
3.3700002e+03 8.3451997e-04
3.3719999e+03 2.2998257e-04
3.3740001e+03 -7.2027913e-05
3.3760004e+03 2.5486966e-04
3.3779995e+03 4.5411434e-04
3.3799998e+03 2.0471284e-04
3.3820002e+03 6.1670801e-04
3.3839997e+03 1.4595724e-04
3.3860004e+03 3.8744384e-04
3.3879998e+03 -1.2361548e-04
3.3900005e+03 -2.6847496e-05
3.3920002e+03 5.8665854e-04
3.3940000e+03 -6.3943917e-05
3.3959996e+03 1.4939430e-04
3.3980007e+03 8.9450687e-04
3.4000005e+03 -6.5416447e-04
3.4019993e+03 -3.3916885e-04
3.4040004e+03 -1.8615747e-04
3.4060002e+03 2.3415321e-04
3.4080004e+03 -1.4802496e-04
3.4100003e+03 2.7266433e-04
3.4119992e+03 -6.3699408e-04
3.4140005e+03 1.1660608e-04
3.4159995e+03 3.7790084e-04
3.4179995e+03 8.1556186e-04
3.4199995e+03 2.2405070e-04
3.4219995e+03 8.0717372e-04
3.4239997e+03 3.4580930e-04
3.4259998e+03 6.3542982e-05
3.4279997e+03 5.1503634e-05
3.4300000e+03 2.2404232e-04
3.4320000e+03 1.0824472e-03
3.4340000e+03 1.0552985e-04
3.4359998e+03 1.7435774e-04
3.4379998e+03 5.6455663e-04
3.4399996e+03 3.7230880e-04
3.4419995e+03 3.8797651e-05
3.4440004e+03 2.4617981e-04
3.4460003e+03 5.8291759e-04
3.4480001e+03 4.3310030e-04
3.4499996e+03 -3.2493157e-05
3.4519992e+03 -4.6381098e-04
3.4539999e+03 -1.8237300e-04
3.4559994e+03 6.5784669e-04
3.4580000e+03 2.1037589e-04
3.4600004e+03 2.0613825e-04
3.4619998e+03 -1.4548417e-04
3.4640001e+03 3.5669163e-04
3.4660004e+03 5.0800725e-05
3.4680003e+03 3.4115286e-04
3.4700005e+03 7.3555694e-04
3.4720003e+03 -4.3555300e-04
3.4740004e+03 2.2228055e-04
3.4759998e+03 -8.2686933e-04
3.4779995e+03 5.0299044e-04
3.4800003e+03 3.4846112e-04
3.4819995e+03 -9.1963935e-05
3.4840002e+03 2.0287447e-05
3.4860005e+03 9.4821035e-06
3.4879995e+03 3.4151258e-04
3.4899993e+03 3.3303638e-04
3.4920005e+03 3.1420469e-04
3.4940002e+03 3.4666163e-04
3.4959997e+03 -4.3295012e-04
3.4979992e+03 -5.6114007e-04
3.4999997e+03 4.8583292e-04
3.5020002e+03 6.1567442e-04
3.5040002e+03 5.4518627e-05
3.5060004e+03 -3.3531946e-04
3.5080002e+03 1.0642842e-04
3.5099999e+03 2.0674856e-04
3.5120007e+03 -5.7195249e-04
3.5139998e+03 7.1381335e-04
3.5159999e+03 8.7336975e-04
3.5180003e+03 3.6836759e-04
3.5200002e+03 3.5121667e-04
3.5219999e+03 1.1165410e-04
3.5239992e+03 -2.6223835e-04
3.5259999e+03 9.2890172e-05
3.5280001e+03 8.9820148e-04
3.5300001e+03 4.8075398e-04
3.5320000e+03 9.2197493e-05
3.5339997e+03 2.4220817e-04
3.5360004e+03 -1.0375289e-04
3.5379995e+03 1.1795197e-04
3.5399998e+03 3.8979162e-04
3.5419997e+03 1.3549659e-04
3.5440006e+03 -4.2011001e-04
3.5459998e+03 3.9627883e-04
3.5480003e+03 -1.6474040e-04
3.5500007e+03 -3.6874865e-04
3.5520005e+03 1.0844356e-04
3.5540001e+03 -4.0521976e-04
3.5560007e+03 -1.7855238e-04
3.5579995e+03 6.2057964e-04
3.5599997e+03 8.5905507e-05
3.5619993e+03 1.2102776e-04
3.5640003e+03 -3.0118367e-04
3.5660007e+03 -6.6159462e-04
3.5680008e+03 3.4510729e-05
3.5699992e+03 6.5826066e-04
3.5720001e+03 2.1964299e-04
3.5739992e+03 2.6580703e-04
3.5759996e+03 1.0315400e-03
3.5780007e+03 7.6694554e-04
3.5800002e+03 -3.8250122e-04
3.5820005e+03 5.9020380e-04
3.5840008e+03 7.7370100e-04
3.5859992e+03 -6.3037995e-04
3.5879999e+03 5.4078089e-04
3.5900006e+03 1.6266848e-04
3.5920003e+03 1.7672115e-04
3.5940001e+03 5.3149444e-04
3.5959996e+03 -1.1776522e-04
3.5979998e+03 5.4031442e-04
3.5999996e+03 5.2794121e-04
3.6020004e+03 -9.9566983e-05
3.6039996e+03 5.7723094e-04
3.6059998e+03 -4.8404193e-04
3.6079996e+03 4.1806401e-04
3.6100001e+03 7.8735116e-04
3.6120003e+03 7.0187227e-05
3.6140001e+03 -3.8008051e-04
3.6159996e+03 9.5218957e-06
3.6180000e+03 -1.3419447e-04
3.6200000e+03 -2.3027988e-04
3.6219994e+03 1.9472277e-04
3.6239998e+03 8.2178722e-04
3.6259997e+03 3.3246560e-04
3.6279993e+03 4.9710670e-04
3.6299999e+03 -9.9720877e-05
3.6320000e+03 8.7161246e-04
3.6339995e+03 -6.0754869e-04
3.6360002e+03 -3.7448335e-04
3.6380002e+03 3.5383660e-04
3.6399998e+03 2.4432954e-04
3.6420003e+03 -2.9508839e-04
3.6440001e+03 7.1553783e-05
3.6459998e+03 2.9347505e-04
3.6480001e+03 6.5946346e-04
3.6499999e+03 -3.8144892e-04
3.6519994e+03 5.6133361e-04
3.6539998e+03 4.3858285e-04
3.6559997e+03 -7.9084036e-04
3.6580005e+03 -6.8347272e-04
3.6600006e+03 6.9378136e-04
3.6620002e+03 2.1168083e-04
3.6639994e+03 4.3635879e-04
3.6659995e+03 8.2168961e-05
3.6680005e+03 -2.5298676e-04
3.6699997e+03 1.8674112e-04
3.6719994e+03 -9.5504489e-05
3.6740000e+03 2.7067153e-04
3.6760004e+03 1.2034520e-04
3.6780001e+03 2.5809527e-04
3.6800003e+03 1.0923299e-04
3.6820003e+03 -2.1299867e-04
3.6839999e+03 7.1102913e-05
3.6860000e+03 1.6027732e-03
3.6879996e+03 -9.4767136e-04
3.6900000e+03 7.5317812e-06
3.6920000e+03 3.5323747e-04
3.6939994e+03 -6.7128352e-04
3.6959997e+03 1.1057364e-04
3.6979991e+03 -9.7925460e-04
3.6999998e+03 -9.9001933e-05
3.7019995e+03 8.1686175e-04
3.7040001e+03 5.2891643e-05
3.7060002e+03 5.1818648e-04
3.7079994e+03 -6.4681616e-04
3.7099998e+03 3.1488127e-04
3.7119992e+03 1.4097572e-04
3.7139999e+03 -7.4158706e-05
3.7159996e+03 -1.9540495e-04
3.7180002e+03 1.7329867e-04
3.7199999e+03 7.7160657e-04
3.7219994e+03 -3.9866671e-04
3.7239996e+03 2.1599130e-04
3.7260003e+03 2.0291595e-04
3.7279991e+03 -4.0688945e-04
3.7300001e+03 4.0096350e-04
3.7320005e+03 7.9800462e-04
3.7340003e+03 6.4991160e-05
3.7360008e+03 5.1981636e-04
3.7379991e+03 9.7287860e-04
3.7399995e+03 1.1001962e-03
3.7419997e+03 7.0193794e-04
3.7440003e+03 -3.8975102e-04
3.7460003e+03 1.1058985e-04
3.7479994e+03 -6.6243677e-04
3.7499995e+03 3.5966132e-04
3.7520001e+03 -6.6339935e-04
3.7540004e+03 -1.2023053e-04
3.7559998e+03 2.9263587e-04
3.7579999e+03 6.9148833e-04
3.7600007e+03 1.9101612e-04
3.7620009e+03 -3.4224399e-04
3.7640001e+03 -5.2958287e-05
3.7660004e+03 1.7041738e-04
3.7679998e+03 3.5522587e-04
3.7699998e+03 3.8153309e-04
3.7719992e+03 -1.7612503e-04
3.7740007e+03 3.8934156e-04
3.7760002e+03 1.8777610e-05
3.7780001e+03 -1.5310704e-04
3.7799996e+03 -4.0590574e-05
3.7819995e+03 6.5810425e-04
3.7840001e+03 -2.7266785e-04
3.7860000e+03 -3.1678914e-04
3.7879993e+03 4.1864495e-04
3.7900007e+03 -2.0031730e-04
3.7919996e+03 1.6276108e-04
3.7939995e+03 9.0019847e-04
3.7959999e+03 4.3812263e-04
3.7979995e+03 6.2804547e-04
3.7999998e+03 5.2714470e-04
3.8019994e+03 3.1268367e-04
3.8039997e+03 1.3256947e-03
3.8060006e+03 3.3672940e-04
3.8080005e+03 1.6092723e-04
3.8099997e+03 -1.0718988e-04
3.8119999e+03 -5.3056068e-04
3.8140004e+03 3.1799769e-05
3.8160002e+03 2.8590363e-04
3.8180003e+03 3.0587002e-04
3.8200000e+03 3.4100979e-04
3.8220004e+03 9.4703387e-04
3.8239997e+03 5.6884502e-04
3.8259996e+03 -2.5045188e-04
3.8280002e+03 4.0993988e-04
3.8300000e+03 4.2618284e-04
3.8320005e+03 3.5825354e-04
3.8340001e+03 8.4002223e-04
3.8360001e+03 -1.6590815e-04
3.8379997e+03 -4.9648207e-04
3.8399995e+03 7.7167578e-04
3.8420000e+03 3.4214399e-04
3.8439997e+03 -3.3595372e-04
3.8460000e+03 6.2159635e-04
3.8479995e+03 2.4084559e-04
3.8499993e+03 -2.4100933e-04
3.8520001e+03 -6.2091247e-04
3.8539997e+03 8.3579612e-04
3.8559999e+03 3.1157804e-04
3.8579993e+03 -9.7727207e-05
3.8599993e+03 5.9738406e-04
3.8619999e+03 1.4938715e-04
3.8639997e+03 -5.9358146e-05
3.8659997e+03 4.7188142e-04
3.8680007e+03 -2.4538333e-04
3.8700005e+03 -4.0651375e-05
3.8719994e+03 6.0264394e-04
3.8740004e+03 1.2996061e-04
3.8760005e+03 2.3699693e-04
3.8779998e+03 8.2905788e-04
3.8799993e+03 2.2248953e-05
3.8819997e+03 4.3733072e-04
3.8840004e+03 7.0756680e-05
3.8860002e+03 7.3319837e-04
3.8880005e+03 9.0045482e-04
3.8900000e+03 7.2695769e-04
3.8920000e+03 1.2168119e-03
3.8940007e+03 -1.2372898e-04
3.8960000e+03 -6.6203374e-04
3.8980003e+03 7.8151480e-04
3.8999993e+03 4.2810835e-04
3.9020003e+03 -4.6072443e-04
3.9040005e+03 -8.5191749e-04
3.9059997e+03 2.0697474e-04
3.9079994e+03 1.0043221e-03
3.9099997e+03 6.5685535e-04
3.9120002e+03 6.4340729e-04
3.9140002e+03 -1.9237319e-04
3.9160003e+03 -8.0015138e-04
3.9179994e+03 -2.7058893e-04
3.9200006e+03 6.2392856e-04
3.9220008e+03 3.1618238e-04
3.9240001e+03 9.2776492e-05
3.9259995e+03 -5.6956924e-04
3.9279998e+03 3.9475385e-04
3.9300003e+03 -2.4570819e-04
3.9319998e+03 2.0577558e-04
3.9340002e+03 -2.2068871e-04
3.9360008e+03 3.3069070e-04
3.9380000e+03 -1.2334895e-05
3.9400000e+03 7.9316145e-04
3.9420006e+03 1.0417277e-03
3.9439998e+03 2.0360930e-03
3.9459999e+03 4.5859860e-04
3.9480001e+03 1.3045321e-04
3.9499993e+03 -4.8734908e-04
3.9519990e+03 7.1657135e-04
3.9540008e+03 6.0681945e-05
3.9559999e+03 3.9853854e-04
3.9579992e+03 -1.7803916e-04
3.9600009e+03 2.2157851e-04
3.9619996e+03 2.2110716e-04
3.9640004e+03 9.4163581e-05
3.9660005e+03 4.4577348e-04
3.9680006e+03 1.0691301e-03
3.9699994e+03 -1.5876538e-04
3.9719990e+03 4.7609242e-04
3.9740006e+03 -7.4962023e-05
3.9759992e+03 5.9629849e-04
3.9780002e+03 5.7167915e-04
3.9799997e+03 -4.5592026e-04
3.9819997e+03 3.6386578e-04
3.9840002e+03 4.0270618e-04
3.9859996e+03 -1.4202819e-03
3.9879994e+03 1.3463989e-04
3.9899993e+03 -5.6332117e-04
3.9920000e+03 3.3242884e-04
3.9939993e+03 -3.9237703e-04
3.9960009e+03 1.9320762e-03
3.9979994e+03 -4.6817493e-04
4.0000000e+03 6.8601780e-04
4.0019994e+03 8.6925470e-04
4.0040009e+03 1.3017345e-03
4.0059992e+03 5.0695811e-04
4.0080000e+03 6.1292807e-04
4.0100011e+03 7.0290180e-04
4.0120007e+03 8.1969825e-05
4.0139992e+03 4.8058646e-04
4.0159997e+03 -1.4779146e-04
4.0180006e+03 1.4944911e-03
4.0200003e+03 5.5626646e-04
4.0220004e+03 1.0991894e-03
4.0240006e+03 8.2278810e-04
4.0259999e+03 7.6612656e-04
4.0279993e+03 7.2192121e-04
4.0300011e+03 6.2926218e-04
4.0319997e+03 7.9071219e-04
4.0340002e+03 7.8278873e-04
4.0359996e+03 2.1430340e-03
4.0380010e+03 1.4665647e-03
4.0399991e+03 1.1791384e-03
4.0419997e+03 3.7427468e-04
4.0440002e+03 9.1957703e-04
4.0459999e+03 4.1165549e-04
4.0479996e+03 2.5380100e-04
4.0499997e+03 2.0290447e-04
4.0520001e+03 5.7090080e-04
4.0539994e+03 8.9053373e-04
4.0560005e+03 5.0168071e-04
4.0580001e+03 1.8525128e-03
4.0600004e+03 1.9157907e-03
4.0619990e+03 1.1786333e-03
4.0640001e+03 1.4354095e-03
4.0659994e+03 1.1298816e-03
4.0680008e+03 1.1683806e-03
4.0700008e+03 3.8514461e-04
4.0719996e+03 3.2765204e-03
4.0740000e+03 2.1161940e-03
4.0760011e+03 2.4779495e-03
4.0780009e+03 3.5653444e-04
4.0800007e+03 1.1169564e-03
4.0819992e+03 2.2917611e-03
4.0839996e+03 1.9696888e-03
4.0860003e+03 2.5719614e-03
4.0879998e+03 2.7425175e-03
4.0899996e+03 3.0589472e-03
4.0919997e+03 2.6292445e-03
4.0939997e+03 4.5034848e-03
4.0960004e+03 4.4504497e-03
4.0979994e+03 4.9952636e-03
4.1000008e+03 4.7852495e-03
4.1020004e+03 6.4940564e-03
4.1040003e+03 6.0363808e-03
4.1060006e+03 7.2559468e-03
4.1079995e+03 8.0451043e-03
4.1099999e+03 8.7928446e-03
4.1119994e+03 9.7528491e-03
4.1140004e+03 1.1840051e-02
4.1160005e+03 1.2366830e-02
4.1180004e+03 1.4725178e-02
4.1199990e+03 1.5762981e-02
4.1219995e+03 1.9012038e-02
4.1240003e+03 2.1085972e-02
4.1259997e+03 2.4927767e-02
4.1279994e+03 2.9009456e-02
4.1300011e+03 3.4089994e-02
4.1320009e+03 3.9666981e-02
4.1339993e+03 4.7103506e-02
4.1360001e+03 5.5076893e-02
4.1380007e+03 6.6694334e-02
4.1399999e+03 7.7139318e-02
4.1420011e+03 9.3858741e-02
4.1440008e+03 1.1453420e-01
4.1460008e+03 1.4046440e-01
4.1479989e+03 1.7402010e-01
4.1500011e+03 2.1637420e-01
4.1519997e+03 2.7138320e-01
4.1540002e+03 3.3646259e-01
4.1559998e+03 4.1587031e-01
4.1580008e+03 5.0910193e-01
4.1600004e+03 5.8537978e-01
4.1620002e+03 6.9083840e-01
4.1639998e+03 7.9225338e-01
4.1660000e+03 8.7979382e-01
4.1680005e+03 9.4365621e-01
4.1699991e+03 9.8390329e-01
4.1720001e+03 1.0000000e+00
4.1739991e+03 9.9751842e-01
4.1760001e+03 9.8506218e-01
4.1779995e+03 9.6514058e-01
4.1800009e+03 9.0145522e-01
4.1820008e+03 8.4452027e-01
4.1840008e+03 7.8953928e-01
4.1859990e+03 7.3458362e-01
4.1880012e+03 6.7947489e-01
4.1899997e+03 6.2300682e-01
4.1920002e+03 5.6084812e-01
4.1939995e+03 4.9610800e-01
4.1960003e+03 4.2899379e-01
4.1979996e+03 3.5994139e-01
4.2000008e+03 4.7175959e-01
4.2020001e+03 4.0511170e-01
4.2039999e+03 3.4086439e-01
4.2059999e+03 2.8472340e-01
4.2079997e+03 2.3546940e-01
4.2099996e+03 1.9550830e-01
4.2120002e+03 1.5946309e-01
4.2140004e+03 1.2954231e-01
4.2159991e+03 1.0674380e-01
4.2179997e+03 8.9700244e-02
4.2200005e+03 7.0730291e-02
4.2219997e+03 5.7830241e-02
4.2240003e+03 4.9037308e-02
4.2259998e+03 4.2152245e-02
4.2280007e+03 3.6173809e-02
4.2300005e+03 3.2559875e-02
4.2320000e+03 2.4131378e-02
4.2339996e+03 2.0846808e-02
4.2359994e+03 1.5537956e-02
4.2379993e+03 1.6404049e-02
4.2399993e+03 1.4081853e-02
4.2420012e+03 1.3451518e-02
4.2439993e+03 1.0552893e-02
4.2459997e+03 1.0167934e-02
4.2479998e+03 1.1572547e-02
4.2500005e+03 9.8275170e-03
4.2520008e+03 6.9230734e-03
4.2539995e+03 7.4649816e-03
4.2560001e+03 6.6512856e-03
4.2579990e+03 4.7431476e-03
4.2599998e+03 5.7205777e-03
4.2620007e+03 5.3336672e-03
4.2639994e+03 5.5877068e-03
4.2660005e+03 4.4853655e-03
4.2679995e+03 2.3662308e-03
4.2700008e+03 1.7416112e-03
4.2720000e+03 1.9900789e-03
4.2739992e+03 2.2012647e-03
4.2760004e+03 4.3477747e-03
4.2779998e+03 3.8167797e-03
4.2800011e+03 2.9211594e-03
4.2820007e+03 3.6842045e-03
4.2839999e+03 -4.9128197e-04
4.2859997e+03 2.3957645e-03
4.2879990e+03 2.4972477e-03
4.2900007e+03 3.1455227e-03
4.2920002e+03 -7.2775496e-05
4.2939998e+03 2.2355560e-03
4.2959994e+03 2.0995827e-03
4.2979991e+03 1.6487050e-03
4.3000006e+03 2.3184062e-03
4.3020004e+03 2.6203105e-03
4.3040003e+03 2.6965789e-03
4.3059997e+03 1.1658551e-03
4.3079997e+03 1.5055308e-03
4.3099992e+03 5.9005822e-04
4.3119988e+03 1.8572283e-03
4.3140007e+03 1.5085897e-03
4.3160003e+03 7.3462084e-04
4.3180000e+03 1.9955900e-03
4.3199998e+03 1.9126510e-03
4.3219995e+03 -2.6419928e-04
4.3239988e+03 -1.5258854e-03
4.3260005e+03 1.4652536e-03
4.3280003e+03 1.2096327e-03
4.3299997e+03 8.0528646e-04
4.3319991e+03 -8.9453220e-05
4.3340008e+03 1.3456407e-03
4.3360002e+03 7.5869815e-04
4.3379996e+03 1.6563989e-03
4.3400009e+03 6.0204486e-04
4.3420004e+03 7.1615656e-04
4.3439998e+03 2.1395243e-03
4.3460006e+03 5.4753112e-04
4.3480001e+03 3.5999273e-04
4.3499991e+03 -1.2360061e-04
4.3520003e+03 -2.3042217e-04
4.3539993e+03 1.3322674e-03
4.3560001e+03 1.7219251e-04
4.3579990e+03 9.2448849e-05
4.3600002e+03 -2.1755885e-04
4.3620009e+03 1.9598613e-04
4.3639993e+03 2.4017216e-04
4.3660000e+03 4.4437282e-04
4.3680006e+03 3.1370085e-04
4.3699989e+03 1.3792927e-03
4.3719995e+03 -6.8564457e-04
4.3739996e+03 9.6703350e-04
4.3760001e+03 9.8942593e-04
4.3780001e+03 6.2910863e-04
4.3800001e+03 6.1037985e-04
4.3820000e+03 -4.4409308e-04
4.3839999e+03 2.1313134e-04
4.3859997e+03 5.4653909e-04
4.3879990e+03 6.1241590e-04
4.3900005e+03 5.0652219e-05
4.3920002e+03 4.4055976e-04
4.3939993e+03 -1.2218825e-03
4.3960007e+03 -3.6859652e-04
4.3979996e+03 9.6955497e-05
4.4000004e+03 -3.6445534e-04
4.4019993e+03 -1.1171198e-03
4.4039999e+03 -6.0841464e-04
4.4060005e+03 1.2361219e-04
4.4079991e+03 8.4476560e-06
4.4099995e+03 -4.8592666e-04
4.4119998e+03 6.2935270e-04
4.4139995e+03 -3.3110124e-04
4.4159997e+03 -1.0102681e-03
4.4179992e+03 4.2880804e-04
4.4200006e+03 -2.6450231e-04
4.4220005e+03 1.3228951e-04
4.4239998e+03 1.2207813e-04
4.4260009e+03 7.0955459e-04
4.4279999e+03 1.0664896e-03
4.4300008e+03 -3.4200633e-04
4.4319992e+03 -5.5630240e-05
4.4339998e+03 -1.2981881e-05
4.4360004e+03 -3.0325243e-04
4.4380003e+03 5.2252703e-04
4.4400006e+03 3.7265170e-04
4.4420003e+03 4.3542514e-04
4.4439999e+03 -3.4377948e-04
4.4459998e+03 -2.8093738e-04
4.4480010e+03 7.7235460e-04
4.4500002e+03 -2.8594973e-04
4.4520012e+03 -3.1247087e-05
4.4539996e+03 -3.4504867e-04
4.4560003e+03 -7.8244956e-04
4.4580008e+03 3.9159058e-05
4.4600007e+03 4.9837987e-04
4.4620010e+03 7.9437549e-04
4.4640006e+03 1.3267028e-04
4.4660006e+03 -1.0389400e-04
4.4679999e+03 -6.3670879e-05
4.4700010e+03 9.5100346e-05
4.4719999e+03 2.3576364e-04
4.4740007e+03 -3.2929075e-04
4.4759994e+03 -1.7897823e-04
4.4779998e+03 5.7527109e-04
4.4799996e+03 3.7509634e-04
4.4819997e+03 -6.7836489e-05
4.4839991e+03 -3.7310048e-04
4.4860008e+03 7.4690230e-05
4.4879999e+03 3.5525757e-04
4.4899987e+03 -1.5691826e-04
4.4919999e+03 4.3204325e-04
4.4940004e+03 4.2020282e-04
4.4960006e+03 9.5048209e-04
4.4980007e+03 -3.9540580e-04
4.5000006e+03 -3.3350961e-04
4.5019998e+03 -2.2727976e-04
4.5039993e+03 -1.4808526e-03
4.5060005e+03 2.9012994e-04
4.5079991e+03 -3.1910557e-04
4.5100000e+03 1.6438437e-04
4.5120001e+03 -6.6972408e-04
4.5140000e+03 -1.0675653e-04
4.5159997e+03 9.2740491e-04
4.5179997e+03 2.8269799e-04
4.5200009e+03 -1.4554650e-04
4.5220000e+03 1.3877061e-03
4.5240003e+03 7.8371319e-04
4.5259989e+03 -7.5567840e-04
4.5279992e+03 1.0215251e-03
4.5300013e+03 -5.8118341e-04
4.5320007e+03 -3.9284438e-04
4.5339998e+03 -3.9516183e-04
4.5359992e+03 1.5482363e-04
4.5379998e+03 7.7631889e-04
4.5400002e+03 4.1038523e-04
4.5420004e+03 8.4354414e-04
4.5440003e+03 4.5484377e-04
4.5459999e+03 1.0756016e-03
4.5479993e+03 7.3180557e-04
4.5500004e+03 6.9567363e-04
4.5520013e+03 1.5656110e-04
4.5539994e+03 -5.7300582e-04
4.5559997e+03 4.6196449e-04
4.5579993e+03 1.9877072e-04
4.5600011e+03 3.6369244e-04
4.5620001e+03 3.6729933e-04
4.5640009e+03 1.1972048e-04
4.5659993e+03 -5.8357848e-04
4.5679995e+03 1.1111554e-04
4.5699994e+03 -4.7556803e-04
4.5719991e+03 6.5327081e-04
4.5740004e+03 -2.8416727e-04
4.5759995e+03 2.0064057e-04
4.5779997e+03 -1.0964920e-04
4.5800002e+03 -5.0940883e-04
4.5820004e+03 2.2407262e-04
4.5839998e+03 6.2694633e-04
4.5859988e+03 2.3683767e-04
4.5879996e+03 5.8249064e-04
4.5900007e+03 -4.0224360e-04
4.5920008e+03 7.1541849e-04
4.5939986e+03 7.6111406e-04
4.5960002e+03 6.8209600e-04
4.5979995e+03 -1.9668639e-04
4.5999999e+03 6.2473345e-04
4.6020005e+03 -3.0547442e-04
4.6040008e+03 -3.3678822e-05
4.6060003e+03 -2.0003517e-04
4.6079999e+03 5.7445391e-04
4.6099987e+03 2.6452384e-04
4.6119992e+03 2.4112297e-04
4.6139999e+03 -5.2587187e-04
4.6159998e+03 -4.2476613e-04
4.6180013e+03 5.0187320e-04
4.6200005e+03 5.5746658e-04
4.6220013e+03 -2.2445411e-06
4.6239997e+03 -2.3226479e-04
4.6259994e+03 -7.9285173e-04
4.6279991e+03 7.2106566e-05
4.6300007e+03 -4.2074744e-04
4.6319992e+03 4.1805211e-04
4.6340000e+03 1.2962426e-04
4.6359999e+03 6.0653460e-04
4.6379994e+03 7.6867342e-05
4.6400006e+03 -2.3877532e-04
4.6419999e+03 9.5722085e-04
4.6440004e+03 3.1093499e-04
4.6460005e+03 -3.8347801e-04
4.6480002e+03 9.1606344e-06
4.6499990e+03 4.2715616e-04
4.6520001e+03 5.1677700e-05
4.6540007e+03 2.5383398e-04
4.6560005e+03 1.1966228e-04
4.6580003e+03 1.5216439e-04
4.6599992e+03 -3.3629712e-04
4.6620004e+03 -9.0679699e-05
4.6640007e+03 3.0067156e-04
4.6660005e+03 -1.9810899e-04
4.6679999e+03 -4.2920985e-04
4.6699994e+03 -1.0462473e-04
4.6720002e+03 -1.4162973e-05
4.6739978e+03 -3.6476887e-04
4.6759998e+03 2.7614721e-04
4.6779992e+03 1.3660158e-04
4.6800004e+03 -3.3348249e-04
4.6820006e+03 1.7695417e-04
4.6840009e+03 7.4633246e-04
4.6860002e+03 1.3407953e-04
4.6879997e+03 2.5204135e-04
4.6900003e+03 -2.3454224e-04
4.6920004e+03 3.6886506e-04
4.6940007e+03 2.1465213e-04
4.6959999e+03 4.1230168e-04
4.6980009e+03 2.8533741e-05
4.6999993e+03 5.4401788e-04
4.7020015e+03 5.7013630e-04
4.7040005e+03 -1.8616384e-04
4.7059997e+03 -3.8804059e-04
4.7080005e+03 5.2552443e-04
4.7100004e+03 4.7247132e-04
4.7120003e+03 6.3197542e-05
4.7139992e+03 -1.1476767e-04
4.7160003e+03 2.6827116e-04
4.7180004e+03 1.4967426e-04
4.7200001e+03 4.9635494e-04
4.7219992e+03 1.3623115e-04
4.7240001e+03 -9.3866601e-07
4.7260004e+03 -1.8467320e-04
4.7280003e+03 4.1804212e-04
4.7299997e+03 5.6344992e-04
4.7320008e+03 6.1042694e-05
4.7340014e+03 1.3568958e-04
4.7359987e+03 -4.9783699e-05
4.7380005e+03 4.2448062e-04
4.7399990e+03 8.0395599e-05
4.7419998e+03 4.9168163e-04
4.7439995e+03 3.1808182e-04
4.7459987e+03 3.5174383e-04
4.7480001e+03 2.1580694e-04
4.7500005e+03 -3.9485742e-05
4.7520003e+03 2.7815360e-04
4.7539997e+03 3.9236859e-04
4.7560007e+03 -2.0056998e-04
4.7580012e+03 -1.6886540e-04
4.7600006e+03 1.9234171e-04
4.7620000e+03 1.7421920e-04
4.7640011e+03 -4.1343799e-04
4.7659989e+03 1.0287411e-04
4.7680011e+03 3.5961653e-04
4.7700001e+03 2.9023824e-04
4.7720012e+03 1.6891632e-04
4.7740013e+03 -1.0903061e-05
4.7760008e+03 -5.5952176e-05
4.7779997e+03 4.5326274e-04
4.7800004e+03 1.8029723e-04
4.7820004e+03 -3.6474050e-04
4.7839999e+03 -1.0639229e-04
4.7860011e+03 -2.1859935e-04
4.7879995e+03 -5.5573757e-05
4.7899990e+03 9.4119496e-05
4.7919985e+03 6.9037415e-05
4.7939996e+03 -1.3033013e-04
4.7959996e+03 1.3291488e-04
4.7979996e+03 1.5278439e-04
4.8000008e+03 3.3140305e-04
4.8019990e+03 -1.6362729e-04
4.8039990e+03 2.2070107e-04
4.8060011e+03 2.0406369e-04
4.8079999e+03 4.6914755e-07
4.8100003e+03 3.1532149e-04
4.8120001e+03 4.4406156e-04
4.8139993e+03 4.8446767e-05
4.8159997e+03 5.2614152e-05
4.8179999e+03 -1.3393861e-04
4.8199996e+03 -2.3611294e-04
4.8220009e+03 -2.3854549e-05
4.8239988e+03 1.5924484e-04
4.8260012e+03 4.3404736e-05
4.8280001e+03 -1.3004383e-04
4.8300007e+03 -1.6156895e-04
4.8319984e+03 -2.5458951e-04
4.8340006e+03 -1.1625225e-04
4.8359993e+03 -3.4139612e-05
4.8379997e+03 -2.5999389e-05
4.8399994e+03 8.7264081e-05
4.8420008e+03 -2.9908422e-05
4.8439992e+03 1.3880647e-04
4.8460016e+03 1.9611354e-04
4.8480005e+03 -2.0359007e-06
4.8499993e+03 1.1969801e-04
4.8519992e+03 -9.5384101e-05
4.8540013e+03 1.0214766e-04
4.8559999e+03 5.9737726e-05
4.8580007e+03 6.3385021e-05
4.8599980e+03 5.4084594e-05
4.8619992e+03 1.0785276e-04
4.8640004e+03 -2.3678238e-04
4.8660003e+03 -1.0593147e-04
4.8679995e+03 -7.6109260e-05
4.8700004e+03 -1.1239799e-04
4.8720006e+03 1.0148263e-04
4.8740001e+03 1.4970109e-05
4.8759983e+03 -2.5335901e-05
4.8779988e+03 -3.3626191e-05
4.8800009e+03 5.1628074e-05
4.8819995e+03 -4.8966838e-05
4.8840002e+03 -1.2144096e-05
4.8860000e+03 1.1792304e-04
4.8879988e+03 -5.1612431e-05
4.8899995e+03 3.0902174e-05
4.8919992e+03 -6.7384870e-05
4.8940009e+03 -1.3941516e-04
4.8959992e+03 1.9528661e-06
4.8979991e+03 1.9565140e-04
4.9000007e+03 1.5258497e-04
4.9019992e+03 -5.2766456e-05
4.9039994e+03 -2.8675297e-05
4.9060011e+03 -6.6088760e-05
4.9079996e+03 4.7702733e-06
4.9099996e+03 9.0357807e-06
4.9119989e+03 5.8864443e-05
4.9140002e+03 8.3626119e-06
4.9160004e+03 -1.7797131e-05
4.9179996e+03 -4.9956216e-05
4.9200007e+03 5.8722135e-06
4.9220011e+03 9.5244090e-05
4.9239981e+03 -4.2328371e-05
4.9259991e+03 -3.2871490e-06
4.9279996e+03 7.0210852e-05
4.9299991e+03 5.4300814e-05
4.9320002e+03 -1.0777057e-04
4.9340002e+03 2.2032760e-05
4.9359998e+03 -1.7552835e-05
4.9380010e+03 3.5570997e-06
4.9399988e+03 8.0347119e-05
4.9420006e+03 7.1365699e-05
4.9439992e+03 -1.5892892e-05
4.9459994e+03 -3.8722679e-05
4.9479989e+03 -5.2502710e-05
4.9500000e+03 -1.2231468e-04
4.9520003e+03 -5.7603557e-07
4.9539995e+03 2.3972603e-05
4.9560007e+03 2.6357402e-06
4.9580007e+03 -7.0911597e-06
4.9600000e+03 2.0364032e-05
4.9620009e+03 -6.8652356e-05
4.9640010e+03 -5.8025602e-05
4.9660003e+03 3.1459000e-05
4.9680012e+03 2.4372101e-05
4.9699986e+03 1.8227362e-05
4.9720003e+03 -2.4401415e-06
4.9740009e+03 7.3310516e-06
4.9760008e+03 -2.2287317e-05
4.9779998e+03 5.5944416e-05
4.9800004e+03 -4.4137629e-05
4.9820002e+03 -4.4148328e-05
4.9840012e+03 -2.2301019e-05
4.9859994e+03 -6.6513348e-05
4.9879988e+03 3.4381479e-05
4.9899999e+03 3.6900434e-05
4.9920004e+03 8.0050177e-06
4.9939998e+03 -1.8458968e-05
4.9960008e+03 -6.2628433e-06
4.9980007e+03 1.8701490e-05
5.0000000e+03 -1.4254378e-05
5.0020009e+03 0.0000000e+00
5.0040007e+03 0.0000000e+00
5.0059996e+03 0.0000000e+00
5.0080001e+03 0.0000000e+00
5.0099998e+03 0.0000000e+00
5.0120011e+03 0.0000000e+00
5.0139990e+03 0.0000000e+00
5.0160011e+03 0.0000000e+00
5.0179994e+03 0.0000000e+00
5.0199997e+03 0.0000000e+00
5.0219988e+03 0.0000000e+00
5.0239995e+03 0.0000000e+00
5.0259994e+03 0.0000000e+00
5.0280008e+03 0.0000000e+00
5.0299989e+03 0.0000000e+00
5.0320010e+03 0.0000000e+00
5.0339998e+03 0.0000000e+00
5.0359998e+03 0.0000000e+00
5.0379990e+03 0.0000000e+00
5.0400001e+03 0.0000000e+00
5.0419999e+03 0.0000000e+00
5.0440014e+03 0.0000000e+00
5.0459995e+03 0.0000000e+00
5.0479988e+03 0.0000000e+00
5.0500001e+03 0.0000000e+00
5.0520004e+03 0.0000000e+00
5.0539995e+03 0.0000000e+00
5.0560002e+03 0.0000000e+00
5.0580000e+03 0.0000000e+00
5.0599988e+03 0.0000000e+00
5.0619993e+03 0.0000000e+00
5.0639988e+03 0.0000000e+00
5.0659999e+03 0.0000000e+00
5.0679998e+03 0.0000000e+00
5.0700015e+03 0.0000000e+00
5.0719995e+03 0.0000000e+00
5.0739991e+03 0.0000000e+00
5.0760003e+03 0.0000000e+00
5.0779980e+03 0.0000000e+00
5.0799998e+03 0.0000000e+00
5.0820006e+03 0.0000000e+00
5.0840005e+03 0.0000000e+00
5.0859991e+03 0.0000000e+00
5.0879993e+03 0.0000000e+00
5.0900014e+03 0.0000000e+00
5.0919997e+03 0.0000000e+00
5.0939996e+03 0.0000000e+00
5.0960010e+03 0.0000000e+00
5.0979989e+03 0.0000000e+00
5.1000007e+03 0.0000000e+00
5.1019992e+03 0.0000000e+00
5.1039990e+03 0.0000000e+00
5.1060006e+03 0.0000000e+00
5.1079984e+03 0.0000000e+00
5.1099978e+03 0.0000000e+00
5.1119988e+03 0.0000000e+00
5.1139987e+03 0.0000000e+00
5.1160002e+03 0.0000000e+00
5.1180008e+03 0.0000000e+00
5.1200000e+03 0.0000000e+00
5.1220008e+03 0.0000000e+00
5.1240009e+03 0.0000000e+00
5.1259997e+03 0.0000000e+00
5.1280000e+03 0.0000000e+00
5.1299993e+03 0.0000000e+00
5.1320002e+03 0.0000000e+00
5.1340001e+03 0.0000000e+00
5.1360012e+03 0.0000000e+00
5.1379991e+03 0.0000000e+00
5.1400007e+03 0.0000000e+00
5.1419988e+03 0.0000000e+00
5.1440013e+03 0.0000000e+00
5.1459998e+03 0.0000000e+00
5.1480000e+03 0.0000000e+00
5.1499987e+03 0.0000000e+00
5.1519994e+03 0.0000000e+00
5.1539990e+03 0.0000000e+00
5.1559998e+03 0.0000000e+00
5.1580000e+03 0.0000000e+00
5.1600013e+03 0.0000000e+00
5.1619990e+03 0.0000000e+00
5.1640008e+03 0.0000000e+00
5.1659990e+03 0.0000000e+00
5.1680014e+03 0.0000000e+00
5.1700000e+03 0.0000000e+00
5.1719999e+03 0.0000000e+00
5.1739991e+03 0.0000000e+00
5.1759995e+03 0.0000000e+00
5.1779988e+03 0.0000000e+00
5.1799999e+03 0.0000000e+00
5.1819997e+03 0.0000000e+00
5.1840010e+03 0.0000000e+00
5.1860013e+03 0.0000000e+00
5.1880001e+03 0.0000000e+00
5.1900008e+03 0.0000000e+00
5.1920001e+03 0.0000000e+00
5.1940012e+03 0.0000000e+00
5.1960009e+03 0.0000000e+00
5.1979996e+03 0.0000000e+00
5.1999997e+03 0.0000000e+00
5.2019988e+03 0.0000000e+00
5.2039994e+03 0.0000000e+00
5.2059989e+03 0.0000000e+00
5.2079996e+03 0.0000000e+00
5.2099995e+03 0.0000000e+00
5.2120006e+03 0.0000000e+00
5.2140009e+03 0.0000000e+00
5.2159998e+03 0.0000000e+00
5.2180002e+03 0.0000000e+00
5.2199995e+03 0.0000000e+00
5.2220004e+03 0.0000000e+00
5.2240000e+03 0.0000000e+00
5.2260009e+03 0.0000000e+00
5.2280010e+03 0.0000000e+00
5.2299996e+03 0.0000000e+00
5.2320001e+03 0.0000000e+00
5.2339991e+03 0.0000000e+00
5.2359996e+03 0.0000000e+00
5.2379990e+03 0.0000000e+00
5.2399999e+03 0.0000000e+00
5.2419997e+03 0.0000000e+00
5.2440006e+03 0.0000000e+00
5.2460007e+03 0.0000000e+00
5.2479994e+03 0.0000000e+00
5.2499998e+03 0.0000000e+00
5.2519988e+03 0.0000000e+00
5.2539993e+03 0.0000000e+00
5.2559986e+03 0.0000000e+00
5.2579995e+03 0.0000000e+00
5.2599992e+03 0.0000000e+00
5.2620003e+03 0.0000000e+00
5.2640000e+03 0.0000000e+00
5.2659988e+03 0.0000000e+00
5.2679988e+03 0.0000000e+00
5.2700007e+03 0.0000000e+00
5.2720010e+03 0.0000000e+00
5.2740001e+03 0.0000000e+00
5.2760008e+03 0.0000000e+00
5.2780002e+03 0.0000000e+00
5.2800012e+03 0.0000000e+00
5.2820006e+03 0.0000000e+00
5.2839992e+03 0.0000000e+00
5.2859989e+03 0.0000000e+00
5.2880004e+03 0.0000000e+00
5.2900004e+03 0.0000000e+00
5.2919992e+03 0.0000000e+00
5.2939995e+03 0.0000000e+00
5.2959986e+03 0.0000000e+00
5.2979992e+03 0.0000000e+00
5.3000013e+03 0.0000000e+00
5.3019991e+03 0.0000000e+00
5.3039987e+03 0.0000000e+00
5.3059995e+03 0.0000000e+00
5.3079994e+03 0.0000000e+00
5.3100004e+03 0.0000000e+00
5.3120003e+03 0.0000000e+00
5.3139988e+03 0.0000000e+00
5.3159989e+03 0.0000000e+00
5.3180005e+03 0.0000000e+00
5.3200008e+03 0.0000000e+00
5.3219995e+03 0.0000000e+00
5.3240000e+03 0.0000000e+00
5.3259990e+03 0.0000000e+00
5.3279998e+03 0.0000000e+00
5.3299990e+03 0.0000000e+00
5.3319996e+03 0.0000000e+00
5.3339990e+03 0.0000000e+00
5.3359999e+03 0.0000000e+00
5.3379996e+03 0.0000000e+00
5.3400003e+03 0.0000000e+00
5.3420002e+03 0.0000000e+00
5.3439984e+03 0.0000000e+00
5.3460012e+03 0.0000000e+00
5.3479996e+03 0.0000000e+00
5.3499995e+03 0.0000000e+00
5.3520012e+03 0.0000000e+00
5.3540013e+03 0.0000000e+00
5.3560001e+03 0.0000000e+00
5.3580000e+03 0.0000000e+00
5.3599990e+03 0.0000000e+00
5.3619994e+03 0.0000000e+00
5.3640010e+03 0.0000000e+00
5.3660017e+03 0.0000000e+00
5.3680006e+03 0.0000000e+00
5.3700011e+03 0.0000000e+00
5.3720002e+03 0.0000000e+00
5.3740008e+03 0.0000000e+00
5.3760001e+03 0.0000000e+00
5.3780009e+03 0.0000000e+00
5.3800003e+03 0.0000000e+00
5.3820008e+03 0.0000000e+00
5.3840004e+03 0.0000000e+00
5.3860011e+03 0.0000000e+00
5.3880008e+03 0.0000000e+00
5.3899989e+03 0.0000000e+00
5.3919983e+03 0.0000000e+00
5.3939993e+03 0.0000000e+00
5.3959989e+03 0.0000000e+00
5.3980000e+03 0.0000000e+00
5.3999994e+03 0.0000000e+00
5.4020006e+03 0.0000000e+00
5.4040005e+03 0.0000000e+00
5.4059986e+03 0.0000000e+00
5.4079982e+03 0.0000000e+00
5.4099996e+03 0.0000000e+00
5.4119994e+03 0.0000000e+00
5.4140005e+03 0.0000000e+00
5.4160003e+03 0.0000000e+00
5.4180016e+03 0.0000000e+00
5.4200015e+03 0.0000000e+00
5.4219996e+03 0.0000000e+00
5.4239996e+03 0.0000000e+00
5.4260007e+03 0.0000000e+00
5.4280007e+03 0.0000000e+00
5.4299990e+03 0.0000000e+00
5.4319987e+03 0.0000000e+00
5.4340000e+03 0.0000000e+00
5.4359998e+03 0.0000000e+00
5.4380010e+03 0.0000000e+00
5.4400009e+03 0.0000000e+00
5.4419990e+03 0.0000000e+00
5.4439989e+03 0.0000000e+00
5.4460003e+03 0.0000000e+00
5.4479999e+03 0.0000000e+00
5.4500010e+03 0.0000000e+00
5.4520010e+03 0.0000000e+00
5.4539992e+03 0.0000000e+00
5.4559988e+03 0.0000000e+00
5.4580000e+03 0.0000000e+00
5.4599996e+03 0.0000000e+00
5.4620004e+03 0.0000000e+00
5.4640001e+03 0.0000000e+00
5.4660013e+03 0.0000000e+00
5.4680006e+03 0.0000000e+00
5.4699985e+03 0.0000000e+00
5.4720012e+03 0.0000000e+00
5.4739991e+03 0.0000000e+00
5.4759984e+03 0.0000000e+00
5.4779992e+03 0.0000000e+00
5.4799986e+03 0.0000000e+00
5.4819994e+03 0.0000000e+00
5.4840016e+03 0.0000000e+00
5.4859991e+03 0.0000000e+00
5.4880014e+03 0.0000000e+00
5.4899988e+03 0.0000000e+00
5.4920010e+03 0.0000000e+00
5.4940014e+03 0.0000000e+00
5.4960003e+03 0.0000000e+00
5.4980006e+03 0.0000000e+00
5.4999994e+03 0.0000000e+00
5.5019997e+03 0.0000000e+00
5.5040015e+03 0.0000000e+00
5.5060017e+03 0.0000000e+00
5.5080000e+03 0.0000000e+00
5.5100002e+03 0.0000000e+00
5.5119985e+03 0.0000000e+00
5.5140016e+03 0.0000000e+00
5.5159998e+03 0.0000000e+00
5.5179995e+03 0.0000000e+00
5.5200006e+03 0.0000000e+00
5.5220002e+03 0.0000000e+00
5.5240013e+03 0.0000000e+00
5.5260008e+03 0.0000000e+00
5.5279984e+03 0.0000000e+00
5.5300008e+03 0.0000000e+00
5.5320017e+03 0.0000000e+00
5.5340007e+03 0.0000000e+00
5.5360011e+03 0.0000000e+00
5.5379999e+03 0.0000000e+00
5.5400006e+03 0.0000000e+00
5.5419994e+03 0.0000000e+00
5.5439995e+03 0.0000000e+00
5.5460012e+03 0.0000000e+00
5.5480009e+03 0.0000000e+00
5.5499994e+03 0.0000000e+00
5.5519993e+03 0.0000000e+00
5.5540003e+03 0.0000000e+00
5.5560002e+03 0.0000000e+00
5.5580011e+03 0.0000000e+00
5.5600004e+03 0.0000000e+00
5.5620015e+03 0.0000000e+00
5.5640006e+03 0.0000000e+00
5.5660012e+03 0.0000000e+00
5.5679999e+03 0.0000000e+00
5.5700003e+03 0.0000000e+00
5.5719992e+03 0.0000000e+00
5.5739995e+03 0.0000000e+00
5.5760008e+03 0.0000000e+00
5.5779975e+03 0.0000000e+00
5.5799991e+03 0.0000000e+00
5.5819987e+03 0.0000000e+00
5.5839997e+03 0.0000000e+00
5.5859994e+03 0.0000000e+00
5.5880003e+03 0.0000000e+00
5.5899991e+03 0.0000000e+00
5.5919997e+03 0.0000000e+00
5.5939987e+03 0.0000000e+00
5.5959992e+03 0.0000000e+00
5.5980007e+03 0.0000000e+00
5.6000009e+03 0.0000000e+00
5.6019992e+03 0.0000000e+00
5.6039992e+03 0.0000000e+00
5.6060003e+03 0.0000000e+00
5.6079997e+03 0.0000000e+00
5.6100006e+03 0.0000000e+00
5.6119998e+03 0.0000000e+00
5.6140005e+03 0.0000000e+00
5.6159995e+03 0.0000000e+00
5.6179995e+03 0.0000000e+00
5.6200013e+03 0.0000000e+00
5.6220015e+03 0.0000000e+00
5.6239996e+03 0.0000000e+00
5.6259992e+03 0.0000000e+00
5.6280006e+03 0.0000000e+00
5.6299999e+03 0.0000000e+00
5.6320006e+03 0.0000000e+00
5.6339996e+03 0.0000000e+00
5.6360001e+03 0.0000000e+00
5.6379989e+03 0.0000000e+00
5.6399987e+03 0.0000000e+00
5.6419972e+03 0.0000000e+00
5.6440003e+03 0.0000000e+00
5.6460012e+03 0.0000000e+00
5.6480009e+03 0.0000000e+00
5.6500016e+03 0.0000000e+00
5.6520006e+03 0.0000000e+00
5.6540010e+03 0.0000000e+00
5.6559996e+03 0.0000000e+00
5.6579997e+03 0.0000000e+00
5.6599981e+03 0.0000000e+00
5.6620011e+03 0.0000000e+00
5.6639992e+03 0.0000000e+00
5.6659986e+03 0.0000000e+00
5.6679992e+03 0.0000000e+00
5.6700015e+03 0.0000000e+00
5.6719985e+03 0.0000000e+00
5.6740002e+03 0.0000000e+00
5.6760004e+03 0.0000000e+00
5.6780017e+03 0.0000000e+00
5.6800013e+03 0.0000000e+00
5.6819991e+03 0.0000000e+00
5.6840014e+03 0.0000000e+00
5.6859985e+03 0.0000000e+00
5.6880005e+03 0.0000000e+00
5.6900008e+03 0.0000000e+00
5.6919989e+03 0.0000000e+00
5.6939989e+03 0.0000000e+00
5.6959998e+03 0.0000000e+00
5.6979994e+03 0.0000000e+00
5.6999999e+03 0.0000000e+00
5.7019987e+03 0.0000000e+00
5.7039989e+03 0.0000000e+00
5.7060006e+03 0.0000000e+00
5.7080004e+03 0.0000000e+00
5.7100016e+03 0.0000000e+00
5.7120011e+03 0.0000000e+00
5.7140015e+03 0.0000000e+00
5.7160006e+03 0.0000000e+00
5.7180007e+03 0.0000000e+00
5.7199993e+03 0.0000000e+00
5.7219990e+03 0.0000000e+00
5.7240001e+03 0.0000000e+00
5.7259993e+03 0.0000000e+00
5.7280000e+03 0.0000000e+00
5.7299988e+03 0.0000000e+00
5.7319991e+03 0.0000000e+00
5.7340007e+03 0.0000000e+00
5.7360006e+03 0.0000000e+00
5.7379986e+03 0.0000000e+00
5.7400008e+03 0.0000000e+00
5.7420016e+03 0.0000000e+00
5.7440002e+03 0.0000000e+00
5.7460005e+03 0.0000000e+00
5.7480019e+03 0.0000000e+00
5.7500014e+03 0.0000000e+00
5.7519991e+03 0.0000000e+00
5.7540014e+03 0.0000000e+00
5.7559986e+03 0.0000000e+00
5.7580005e+03 0.0000000e+00
5.7600005e+03 0.0000000e+00
5.7620015e+03 0.0000000e+00
5.7640010e+03 0.0000000e+00
5.7659983e+03 0.0000000e+00
5.7680006e+03 0.0000000e+00
5.7700007e+03 0.0000000e+00
5.7719993e+03 0.0000000e+00
5.7739988e+03 0.0000000e+00
5.7759998e+03 0.0000000e+00
5.7779989e+03 0.0000000e+00
5.7799993e+03 0.0000000e+00
5.7820012e+03 0.0000000e+00
5.7840012e+03 0.0000000e+00
5.7859988e+03 0.0000000e+00
5.7879983e+03 0.0000000e+00
5.7899992e+03 0.0000000e+00
5.7920010e+03 0.0000000e+00
5.7940013e+03 0.0000000e+00
5.7959994e+03 0.0000000e+00
5.7979988e+03 0.0000000e+00
5.8000000e+03 0.0000000e+00
5.8019989e+03 0.0000000e+00
5.8039991e+03 0.0000000e+00
5.8060008e+03 0.0000000e+00
5.8080005e+03 0.0000000e+00
5.8100012e+03 0.0000000e+00
5.8120004e+03 0.0000000e+00
5.8140009e+03 0.0000000e+00
5.8159992e+03 0.0000000e+00
5.8179992e+03 0.0000000e+00
5.8200002e+03 0.0000000e+00
5.8219992e+03 0.0000000e+00
5.8240000e+03 0.0000000e+00
5.8260018e+03 0.0000000e+00
5.8280017e+03 0.0000000e+00
5.8299996e+03 0.0000000e+00
5.8319989e+03 0.0000000e+00
5.8339995e+03 0.0000000e+00
5.8360015e+03 0.0000000e+00
5.8380012e+03 0.0000000e+00
5.8399993e+03 0.0000000e+00
5.8419983e+03 0.0000000e+00
5.8439992e+03 0.0000000e+00
5.8460010e+03 0.0000000e+00
5.8480012e+03 0.0000000e+00
5.8499991e+03 0.0000000e+00
5.8520016e+03 0.0000000e+00
5.8539989e+03 0.0000000e+00
5.8560009e+03 0.0000000e+00
5.8580008e+03 0.0000000e+00
5.8599988e+03 0.0000000e+00
5.8620015e+03 0.0000000e+00
5.8639985e+03 0.0000000e+00
5.8660006e+03 0.0000000e+00
5.8680006e+03 0.0000000e+00
5.8699983e+03 0.0000000e+00
5.8720011e+03 0.0000000e+00
5.8740015e+03 0.0000000e+00
5.8759999e+03 0.0000000e+00
5.8779996e+03 0.0000000e+00
5.8800008e+03 0.0000000e+00
5.8819998e+03 0.0000000e+00
5.8840003e+03 0.0000000e+00
5.8859987e+03 0.0000000e+00
5.8879985e+03 0.0000000e+00
5.8899997e+03 0.0000000e+00
5.8919983e+03 0.0000000e+00
5.8939988e+03 0.0000000e+00
5.8960007e+03 0.0000000e+00
5.8980000e+03 0.0000000e+00
5.9000007e+03 0.0000000e+00
5.9019999e+03 0.0000000e+00
5.9039999e+03 0.0000000e+00
5.9060013e+03 0.0000000e+00
5.9080006e+03 0.0000000e+00
5.9100013e+03 0.0000000e+00
5.9120000e+03 0.0000000e+00
5.9140000e+03 0.0000000e+00
5.9160009e+03 0.0000000e+00
5.9180002e+03 0.0000000e+00
5.9200008e+03 0.0000000e+00
5.9219989e+03 0.0000000e+00
5.9239988e+03 0.0000000e+00
5.9259997e+03 0.0000000e+00
5.9279984e+03 0.0000000e+00
5.9299989e+03 0.0000000e+00
5.9320004e+03 0.0000000e+00
5.9339998e+03 0.0000000e+00
5.9360005e+03 0.0000000e+00
5.9379991e+03 0.0000000e+00
5.9399990e+03 0.0000000e+00
5.9419999e+03 0.0000000e+00
5.9439991e+03 0.0000000e+00
5.9459997e+03 0.0000000e+00
5.9480012e+03 0.0000000e+00
5.9500010e+03 0.0000000e+00
5.9519982e+03 0.0000000e+00
5.9540007e+03 0.0000000e+00
5.9560006e+03 0.0000000e+00
5.9579984e+03 0.0000000e+00
5.9600011e+03 0.0000000e+00
5.9619981e+03 0.0000000e+00
5.9639999e+03 0.0000000e+00
5.9659996e+03 0.0000000e+00
5.9680007e+03 0.0000000e+00
5.9699996e+03 0.0000000e+00
5.9719998e+03 0.0000000e+00
5.9740010e+03 0.0000000e+00
5.9760004e+03 0.0000000e+00
5.9780008e+03 0.0000000e+00
5.9799994e+03 0.0000000e+00
5.9819989e+03 0.0000000e+00
5.9839998e+03 0.0000000e+00
5.9859990e+03 0.0000000e+00
5.9879990e+03 0.0000000e+00
5.9900004e+03 0.0000000e+00
5.9919996e+03 0.0000000e+00
5.9940001e+03 0.0000000e+00
5.9959981e+03 0.0000000e+00
5.9980013e+03 0.0000000e+00
