  4.2400000e+002  0.0000000e+000
  4.2450000e+002  2.2000000e-005
  4.2500000e+002  6.2500000e-004
  4.2550000e+002  1.5100000e-003
  4.2600000e+002  2.4960000e-003
  4.2650000e+002  4.8770000e-003
  4.2700000e+002  1.0084000e-002
  4.2750000e+002  1.4355000e-002
  4.2800000e+002  2.1039000e-002
  4.2850000e+002  3.0639000e-002
  4.2900000e+002  4.9138000e-002
  4.2950000e+002  6.8964000e-002
  4.3000000e+002  1.0081600e-001
  4.3050000e+002  1.2923500e-001
  4.3100000e+002  1.7612500e-001
  4.3150000e+002  2.2183500e-001
  4.3200000e+002  2.8598600e-001
  4.3250000e+002  3.4746800e-001
  4.3300000e+002  4.2991000e-001
  4.3350000e+002  5.0764100e-001
  4.3400000e+002  5.9119100e-001
  4.3450000e+002  6.7028100e-001
  4.3500000e+002  7.4542400e-001
  4.3550000e+002  8.1471900e-001
  4.3600000e+002  8.7174100e-001
  4.3650000e+002  9.2008500e-001
  4.3700000e+002  9.5395100e-001
  4.3750000e+002  9.7733800e-001
  4.3800000e+002  9.9043600e-001
  4.3850000e+002  9.9693900e-001
  4.3900000e+002  1.0000000e+000
  4.3950000e+002  9.9582200e-001
  4.4000000e+002  9.9191600e-001
  4.4050000e+002  9.8645900e-001
  4.4100000e+002  9.7655300e-001
  4.4150000e+002  9.6907300e-001
  4.4200000e+002  9.6181400e-001
  4.4250000e+002  9.5464600e-001
  4.4300000e+002  9.5147500e-001
  4.4350000e+002  9.5399200e-001
  4.4400000e+002  9.5742500e-001
  4.4450000e+002  9.5975000e-001
  4.4500000e+002  9.5870300e-001
  4.4550000e+002  9.5707200e-001
  4.4600000e+002  9.5732400e-001
  4.4650000e+002  9.5558200e-001
  4.4700000e+002  9.5756600e-001
  4.4750000e+002  9.5964000e-001
  4.4800000e+002  9.5815000e-001
  4.4850000e+002  9.5686100e-001
  4.4900000e+002  9.4787100e-001
  4.4950000e+002  9.3839700e-001
  4.5000000e+002  9.2796700e-001
  4.5050000e+002  9.1872500e-001
  4.5100000e+002  9.1122500e-001
  4.5150000e+002  9.0329200e-001
  4.5200000e+002  8.9167400e-001
  4.5250000e+002  8.7747900e-001
  4.5300000e+002  8.6294200e-001
  4.5350000e+002  8.4553500e-001
  4.5400000e+002  8.2188700e-001
  4.5450000e+002  7.9121100e-001
  4.5500000e+002  7.5023700e-001
  4.5550000e+002  6.9688900e-001
  4.5600000e+002  6.2517900e-001
  4.5650000e+002  5.5398200e-001
  4.5700000e+002  4.7347200e-001
  4.5750000e+002  3.9795600e-001
  4.5800000e+002  3.2248100e-001
  4.5850000e+002  2.4844000e-001
  4.5900000e+002  1.8763100e-001
  4.5950000e+002  1.3333200e-001
  4.6000000e+002  9.3870000e-002
  4.6050000e+002  6.3216000e-002
  4.6100000e+002  4.3036000e-002
  4.6150000e+002  2.8506000e-002
  4.6200000e+002  1.8774000e-002
  4.6250000e+002  1.1861000e-002
  4.6300000e+002  8.3880000e-003
  4.6350000e+002  5.2170000e-003
  4.6400000e+002  2.5570000e-003
  4.6450000e+002  2.2000000e-004
  4.6500000e+002  0.0000000e+000
  4.6550000e+002  0.0000000e+000
  4.6600000e+002  0.0000000e+000
  4.6650000e+002  0.0000000e+000
  4.6700000e+002  0.0000000e+000
  4.6750000e+002  0.0000000e+000
  4.6800000e+002  0.0000000e+000
  4.6850000e+002  0.0000000e+000
  4.6900000e+002  0.0000000e+000
  4.6950000e+002  0.0000000e+000
  4.7000000e+002  0.0000000e+000
  4.7050000e+002  0.0000000e+000
  4.7100000e+002  0.0000000e+000
  4.7150000e+002  0.0000000e+000
  4.7200000e+002  0.0000000e+000
  4.7250000e+002  0.0000000e+000
  4.7300000e+002  0.0000000e+000
  4.7350000e+002  0.0000000e+000
  4.7400000e+002  0.0000000e+000
  4.7450000e+002  0.0000000e+000
  4.7500000e+002  0.0000000e+000
  4.7550000e+002  0.0000000e+000
  4.7600000e+002  0.0000000e+000
  4.7650000e+002  0.0000000e+000
  4.7700000e+002  0.0000000e+000
  4.7750000e+002  0.0000000e+000
  4.7800000e+002  0.0000000e+000
  4.7850000e+002  0.0000000e+000
  4.7900000e+002  0.0000000e+000
  4.7950000e+002  0.0000000e+000
  4.8000000e+002  0.0000000e+000
  4.8050000e+002  0.0000000e+000
  4.8100000e+002  0.0000000e+000
  4.8150000e+002  0.0000000e+000
  4.8200000e+002  0.0000000e+000
  4.8250000e+002  0.0000000e+000
  4.8300000e+002  0.0000000e+000
  4.8350000e+002  0.0000000e+000
  4.8400000e+002  0.0000000e+000
  4.8450000e+002  0.0000000e+000
  4.8500000e+002  0.0000000e+000
  4.8550000e+002  0.0000000e+000
  4.8600000e+002  0.0000000e+000
  4.8650000e+002  0.0000000e+000
  4.8700000e+002  0.0000000e+000
  4.8750000e+002  0.0000000e+000
  4.8800000e+002  0.0000000e+000
  4.8850000e+002  0.0000000e+000
  4.8900000e+002  0.0000000e+000
  4.8950000e+002  0.0000000e+000
  4.9000000e+002  0.0000000e+000
  4.9050000e+002  0.0000000e+000
  4.9100000e+002  0.0000000e+000
  4.9150000e+002  0.0000000e+000
  4.9200000e+002  0.0000000e+000
  4.9250000e+002  0.0000000e+000
  4.9300000e+002  0.0000000e+000
  4.9350000e+002  0.0000000e+000
  4.9400000e+002  0.0000000e+000
  4.9450000e+002  0.0000000e+000
  4.9500000e+002  0.0000000e+000
  4.9550000e+002  0.0000000e+000
  4.9600000e+002  0.0000000e+000
  4.9650000e+002  0.0000000e+000
  4.9700000e+002  0.0000000e+000
  4.9750000e+002  0.0000000e+000
  4.9800000e+002  0.0000000e+000
  4.9850000e+002  0.0000000e+000
  4.9900000e+002  0.0000000e+000
  4.9950000e+002  0.0000000e+000
  5.0000000e+002  0.0000000e+000
  5.0050000e+002  0.0000000e+000
  5.0100000e+002  0.0000000e+000
  5.0150000e+002  0.0000000e+000
  5.0200000e+002  0.0000000e+000
  5.0250000e+002  0.0000000e+000
  5.0300000e+002  0.0000000e+000
  5.0350000e+002  0.0000000e+000
  5.0400000e+002  0.0000000e+000
  5.0450000e+002  0.0000000e+000
  5.0500000e+002  0.0000000e+000
  5.0550000e+002  0.0000000e+000
  5.0600000e+002  0.0000000e+000
  5.0650000e+002  0.0000000e+000
  5.0700000e+002  0.0000000e+000
  5.0750000e+002  0.0000000e+000
  5.0800000e+002  0.0000000e+000
  5.0850000e+002  0.0000000e+000
  5.0900000e+002  0.0000000e+000
  5.0950000e+002  0.0000000e+000
  5.1000000e+002  0.0000000e+000
  5.1050000e+002  0.0000000e+000
  5.1100000e+002  0.0000000e+000
  5.1150000e+002  0.0000000e+000
  5.1200000e+002  0.0000000e+000
  5.1250000e+002  0.0000000e+000
  5.1300000e+002  0.0000000e+000
  5.1350000e+002  0.0000000e+000
  5.1400000e+002  0.0000000e+000
  5.1450000e+002  0.0000000e+000
  5.1500000e+002  0.0000000e+000
  5.1550000e+002  0.0000000e+000
  5.1600000e+002  0.0000000e+000
  5.1650000e+002  0.0000000e+000
  5.1700000e+002  0.0000000e+000
  5.1750000e+002  0.0000000e+000
  5.1800000e+002  0.0000000e+000
  5.1850000e+002  0.0000000e+000
  5.1900000e+002  0.0000000e+000
  5.1950000e+002  0.0000000e+000
  5.2000000e+002  0.0000000e+000
  5.2050000e+002  0.0000000e+000
