  7.9950000e+002  0.0000000e+000
  8.0000000e+002  1.6340000e-003
  8.0050000e+002  1.5240000e-003
  8.0100000e+002  1.3580000e-003
  8.0150000e+002  1.3850000e-003
  8.0200000e+002  1.4580000e-003
  8.0250000e+002  1.5180000e-003
  8.0300000e+002  1.6490000e-003
  8.0350000e+002  1.6320000e-003
  8.0400000e+002  1.6310000e-003
  8.0450000e+002  1.6940000e-003
  8.0500000e+002  1.8660000e-003
  8.0550000e+002  2.1130000e-003
  8.0600000e+002  2.1050000e-003
  8.0650000e+002  2.1610000e-003
  8.0700000e+002  2.2280000e-003
  8.0750000e+002  2.4240000e-003
  8.0800000e+002  2.5930000e-003
  8.0850000e+002  2.9780000e-003
  8.0900000e+002  3.5800000e-003
  8.0950000e+002  4.1480000e-003
  8.1000000e+002  4.9090000e-003
  8.1050000e+002  5.8420000e-003
  8.1100000e+002  6.8370000e-003
  8.1150000e+002  7.9180000e-003
  8.1200000e+002  8.8400000e-003
  8.1250000e+002  9.5230000e-003
  8.1300000e+002  1.0535000e-002
  8.1350000e+002  1.1303000e-002
  8.1400000e+002  1.1508000e-002
  8.1450000e+002  1.1701000e-002
  8.1500000e+002  1.1724000e-002
  8.1550000e+002  1.1559000e-002
  8.1600000e+002  1.1208000e-002
  8.1650000e+002  1.0716000e-002
  8.1700000e+002  9.9210000e-003
  8.1750000e+002  9.2090000e-003
  8.1800000e+002  8.6010000e-003
  8.1850000e+002  8.0340000e-003
  8.1900000e+002  7.2230000e-003
  8.1950000e+002  6.7390000e-003
  8.2000000e+002  6.3520000e-003
  8.2050000e+002  5.9010000e-003
  8.2100000e+002  5.5140000e-003
  8.2150000e+002  5.2250000e-003
  8.2200000e+002  5.0560000e-003
  8.2250000e+002  5.0600000e-003
  8.2300000e+002  5.0180000e-003
  8.2350000e+002  5.1170000e-003
  8.2400000e+002  5.0460000e-003
  8.2450000e+002  5.0960000e-003
  8.2500000e+002  5.3390000e-003
  8.2550000e+002  5.7660000e-003
  8.2600000e+002  5.9930000e-003
  8.2650000e+002  6.2440000e-003
  8.2700000e+002  6.5610000e-003
  8.2750000e+002  6.7920000e-003
  8.2800000e+002  7.2680000e-003
  8.2850000e+002  7.6290000e-003
  8.2900000e+002  7.8830000e-003
  8.2950000e+002  8.3400000e-003
  8.3000000e+002  8.7400000e-003
  8.3050000e+002  8.9660000e-003
  8.3100000e+002  9.1580000e-003
  8.3150000e+002  9.4780000e-003
  8.3200000e+002  9.7200000e-003
  8.3250000e+002  1.0204000e-002
  8.3300000e+002  1.0537000e-002
  8.3350000e+002  1.0738000e-002
  8.3400000e+002  1.0870000e-002
  8.3450000e+002  1.1120000e-002
  8.3500000e+002  1.1263000e-002
  8.3550000e+002  1.1514000e-002
  8.3600000e+002  1.1795000e-002
  8.3650000e+002  1.1961000e-002
  8.3700000e+002  1.2216000e-002
  8.3750000e+002  1.2193000e-002
  8.3800000e+002  1.2353000e-002
  8.3850000e+002  1.2423000e-002
  8.3900000e+002  1.2527000e-002
  8.3950000e+002  1.2718000e-002
  8.4000000e+002  1.2538000e-002
  8.4050000e+002  1.2535000e-002
  8.4100000e+002  1.2792000e-002
  8.4150000e+002  1.2812000e-002
  8.4200000e+002  1.2649000e-002
  8.4250000e+002  1.2776000e-002
  8.4300000e+002  1.2933000e-002
  8.4350000e+002  1.2907000e-002
  8.4400000e+002  1.2938000e-002
  8.4450000e+002  1.2910000e-002
  8.4500000e+002  1.3080000e-002
  8.4550000e+002  1.2982000e-002
  8.4600000e+002  1.2902000e-002
  8.4650000e+002  1.2889000e-002
  8.4700000e+002  1.3073000e-002
  8.4750000e+002  1.3032000e-002
  8.4800000e+002  1.3101000e-002
  8.4850000e+002  1.3105000e-002
  8.4900000e+002  1.3033000e-002
  8.4950000e+002  1.2914000e-002
  8.5000000e+002  1.2878000e-002
  8.5050000e+002  1.2932000e-002
  8.5100000e+002  1.3108000e-002
  8.5150000e+002  1.3301000e-002
  8.5200000e+002  1.3246000e-002
  8.5250000e+002  1.3138000e-002
  8.5300000e+002  1.3313000e-002
  8.5350000e+002  1.3439000e-002
  8.5400000e+002  1.3440000e-002
  8.5450000e+002  1.3220000e-002
  8.5500000e+002  1.3145000e-002
  8.5550000e+002  1.3117000e-002
  8.5600000e+002  1.3332000e-002
  8.5650000e+002  1.3514000e-002
  8.5700000e+002  1.3558000e-002
  8.5750000e+002  1.3418000e-002
  8.5800000e+002  1.3415000e-002
  8.5850000e+002  1.3507000e-002
  8.5900000e+002  1.3616000e-002
  8.5950000e+002  1.3531000e-002
  8.6000000e+002  1.3496000e-002
  8.6050000e+002  1.3604000e-002
  8.6100000e+002  1.3643000e-002
  8.6150000e+002  1.3536000e-002
  8.6200000e+002  1.3609000e-002
  8.6250000e+002  1.3696000e-002
  8.6300000e+002  1.3569000e-002
  8.6350000e+002  1.3562000e-002
  8.6400000e+002  1.3568000e-002
  8.6450000e+002  1.3824000e-002
  8.6500000e+002  1.4057000e-002
  8.6550000e+002  1.4118000e-002
  8.6600000e+002  1.3974000e-002
  8.6650000e+002  1.3910000e-002
  8.6700000e+002  1.3980000e-002
  8.6750000e+002  1.3895000e-002
  8.6800000e+002  1.3885000e-002
  8.6850000e+002  1.3933000e-002
  8.6900000e+002  1.4177000e-002
  8.6950000e+002  1.4138000e-002
  8.7000000e+002  1.4170000e-002
  8.7050000e+002  1.4154000e-002
  8.7100000e+002  1.4240000e-002
  8.7150000e+002  1.4320000e-002
  8.7200000e+002  1.4372000e-002
  8.7250000e+002  1.4483000e-002
  8.7300000e+002  1.4542000e-002
  8.7350000e+002  1.4664000e-002
  8.7400000e+002  1.4577000e-002
  8.7450000e+002  1.4601000e-002
  8.7500000e+002  1.4728000e-002
  8.7550000e+002  1.4600000e-002
  8.7600000e+002  1.4615000e-002
  8.7650000e+002  1.4817000e-002
  8.7700000e+002  1.4768000e-002
  8.7750000e+002  1.4764000e-002
  8.7800000e+002  1.4986000e-002
  8.7850000e+002  1.5081000e-002
  8.7900000e+002  1.4855000e-002
  8.7950000e+002  1.4974000e-002
  8.8000000e+002  1.5023000e-002
  8.8050000e+002  1.4899000e-002
  8.8100000e+002  1.4954000e-002
  8.8150000e+002  1.5033000e-002
  8.8200000e+002  1.5112000e-002
  8.8250000e+002  1.5110000e-002
  8.8300000e+002  1.5239000e-002
  8.8350000e+002  1.5351000e-002
  8.8400000e+002  1.5391000e-002
  8.8450000e+002  1.5429000e-002
  8.8500000e+002  1.5467000e-002
  8.8550000e+002  1.5581000e-002
  8.8600000e+002  1.5615000e-002
  8.8650000e+002  1.5715000e-002
  8.8700000e+002  1.5647000e-002
  8.8750000e+002  1.5611000e-002
  8.8800000e+002  1.5833000e-002
  8.8850000e+002  1.6153000e-002
  8.8900000e+002  1.6368000e-002
  8.8950000e+002  1.6578000e-002
  8.9000000e+002  1.6630000e-002
  8.9050000e+002  1.6776000e-002
  8.9100000e+002  1.6998000e-002
  8.9150000e+002  1.7263000e-002
  8.9200000e+002  1.7519000e-002
  8.9250000e+002  1.7640000e-002
  8.9300000e+002  1.7801000e-002
  8.9350000e+002  1.8199000e-002
  8.9400000e+002  1.8612000e-002
  8.9450000e+002  1.8800000e-002
  8.9500000e+002  1.8982000e-002
  8.9550000e+002  1.9228000e-002
  8.9600000e+002  1.9491000e-002
  8.9650000e+002  1.9652000e-002
  8.9700000e+002  1.9891000e-002
  8.9750000e+002  2.0069000e-002
  8.9800000e+002  2.0108000e-002
  8.9850000e+002  2.0123000e-002
  8.9900000e+002  2.0170000e-002
  8.9950000e+002  2.0332000e-002
  9.0000000e+002  2.0465000e-002
  9.0050000e+002  2.0694000e-002
  9.0100000e+002  2.0788000e-002
  9.0150000e+002  2.0776000e-002
  9.0200000e+002  2.0635000e-002
  9.0250000e+002  2.0012000e-002
  9.0300000e+002  2.0166000e-002
  9.0350000e+002  2.0224000e-002
  9.0400000e+002  2.0346000e-002
  9.0450000e+002  2.0416000e-002
  9.0500000e+002  2.0597000e-002
  9.0550000e+002  2.0648000e-002
  9.0600000e+002  2.0704000e-002
  9.0650000e+002  2.0688000e-002
  9.0700000e+002  2.0893000e-002
  9.0750000e+002  2.1059000e-002
  9.0800000e+002  2.1108000e-002
  9.0850000e+002  2.1032000e-002
  9.0900000e+002  2.1116000e-002
  9.0950000e+002  2.1031000e-002
  9.1000000e+002  2.1660000e-002
  9.1050000e+002  2.1691000e-002
  9.1100000e+002  2.1619000e-002
  9.1150000e+002  2.1453000e-002
  9.1200000e+002  2.1386000e-002
  9.1250000e+002  2.1224000e-002
  9.1300000e+002  2.1168000e-002
  9.1350000e+002  2.1102000e-002
  9.1400000e+002  2.0908000e-002
  9.1450000e+002  2.0766000e-002
  9.1500000e+002  2.0594000e-002
  9.1550000e+002  2.0264000e-002
  9.1600000e+002  2.0097000e-002
  9.1650000e+002  1.9805000e-002
  9.1700000e+002  1.9621000e-002
  9.1750000e+002  1.9350000e-002
  9.1800000e+002  1.9227000e-002
  9.1850000e+002  1.8991000e-002
  9.1900000e+002  1.8760000e-002
  9.1950000e+002  1.8722000e-002
  9.2000000e+002  1.8700000e-002
  9.2050000e+002  1.8413000e-002
  9.2100000e+002  1.8054000e-002
  9.2150000e+002  1.8085000e-002
  9.2200000e+002  1.8039000e-002
  9.2250000e+002  1.8094000e-002
  9.2300000e+002  1.8118000e-002
  9.2350000e+002  1.8059000e-002
  9.2400000e+002  1.7990000e-002
  9.2450000e+002  1.8000000e-002
  9.2500000e+002  1.7994000e-002
  9.2550000e+002  1.8114000e-002
  9.2600000e+002  1.8308000e-002
  9.2650000e+002  1.8072000e-002
  9.2700000e+002  1.8046000e-002
  9.2750000e+002  1.8130000e-002
  9.2800000e+002  1.8329000e-002
  9.2850000e+002  1.8158000e-002
  9.2900000e+002  1.8209000e-002
  9.2950000e+002  1.8206000e-002
  9.3000000e+002  1.8096000e-002
  9.3050000e+002  1.8100000e-002
  9.3100000e+002  1.8156000e-002
  9.3150000e+002  1.8192000e-002
  9.3200000e+002  1.8212000e-002
  9.3250000e+002  1.8120000e-002
  9.3300000e+002  1.8063000e-002
  9.3350000e+002  1.7853000e-002
  9.3400000e+002  1.7697000e-002
  9.3450000e+002  1.7620000e-002
  9.3500000e+002  1.7787000e-002
  9.3550000e+002  1.7732000e-002
  9.3600000e+002  1.7705000e-002
  9.3650000e+002  1.7686000e-002
  9.3700000e+002  1.7402000e-002
  9.3750000e+002  1.7708000e-002
  9.3800000e+002  1.7881000e-002
  9.3850000e+002  1.8103000e-002
  9.3900000e+002  1.8512000e-002
  9.3950000e+002  1.8601000e-002
  9.4000000e+002  1.8467000e-002
  9.4050000e+002  1.8678000e-002
  9.4100000e+002  1.8903000e-002
  9.4150000e+002  1.9239000e-002
  9.4200000e+002  1.9548000e-002
  9.4250000e+002  1.9667000e-002
  9.4300000e+002  1.9894000e-002
  9.4350000e+002  1.9685000e-002
  9.4400000e+002  1.9797000e-002
  9.4450000e+002  1.9848000e-002
  9.4500000e+002  1.9736000e-002
  9.4550000e+002  1.9983000e-002
  9.4600000e+002  2.0101000e-002
  9.4650000e+002  2.0275000e-002
  9.4700000e+002  2.0566000e-002
  9.4750000e+002  2.1393000e-002
  9.4800000e+002  2.1799000e-002
  9.4850000e+002  2.1936000e-002
  9.4900000e+002  2.2244000e-002
  9.4950000e+002  2.2650000e-002
  9.5000000e+002  2.3025000e-002
  9.5050000e+002  2.3753000e-002
  9.5100000e+002  2.4464000e-002
  9.5150000e+002  2.5110000e-002
  9.5200000e+002  2.5582000e-002
  9.5250000e+002  2.6409000e-002
  9.5300000e+002  2.7574000e-002
  9.5350000e+002  2.9027000e-002
  9.5400000e+002  2.9966000e-002
  9.5450000e+002  3.0996000e-002
  9.5500000e+002  3.2412000e-002
  9.5550000e+002  3.4768000e-002
  9.5600000e+002  3.6692000e-002
  9.5650000e+002  3.8959000e-002
  9.5700000e+002  4.1273000e-002
  9.5750000e+002  4.5006000e-002
  9.5800000e+002  4.8575000e-002
  9.5850000e+002  5.3043000e-002
  9.5900000e+002  5.7714000e-002
  9.5950000e+002  6.4119000e-002
  9.6000000e+002  7.0635000e-002
  9.6050000e+002  7.9485000e-002
  9.6100000e+002  8.8217000e-002
  9.6150000e+002  1.0038000e-001
  9.6200000e+002  1.1284900e-001
  9.6250000e+002  1.2873400e-001
  9.6300000e+002  1.4737200e-001
  9.6350000e+002  1.6988100e-001
  9.6400000e+002  1.9315300e-001
  9.6450000e+002  2.2256500e-001
  9.6500000e+002  2.5509200e-001
  9.6550000e+002  2.9297500e-001
  9.6600000e+002  3.3252600e-001
  9.6650000e+002  3.7758400e-001
  9.6700000e+002  4.2410800e-001
  9.6750000e+002  4.7655200e-001
  9.6800000e+002  5.3374800e-001
  9.6850000e+002  5.9009000e-001
  9.6900000e+002  6.4358900e-001
  9.6950000e+002  7.0243300e-001
  9.7000000e+002  7.5299700e-001
  9.7050000e+002  7.9775300e-001
  9.7100000e+002  8.3903300e-001
  9.7150000e+002  8.7342900e-001
  9.7200000e+002  9.0634800e-001
  9.7250000e+002  9.3065500e-001
  9.7300000e+002  9.4975700e-001
  9.7350000e+002  9.6565400e-001
  9.7400000e+002  9.7716000e-001
  9.7450000e+002  9.8370100e-001
  9.7500000e+002  9.8811300e-001
  9.7550000e+002  9.9242300e-001
  9.7600000e+002  9.9371000e-001
  9.7650000e+002  9.9306600e-001
  9.7700000e+002  9.9539800e-001
  9.7750000e+002  9.9855300e-001
  9.7800000e+002  9.9811100e-001
  9.7850000e+002  9.9540800e-001
  9.7900000e+002  9.9610100e-001
  9.7950000e+002  9.9843200e-001
  9.8000000e+002  1.0000000e+000
  9.8050000e+002  9.9976900e-001
  9.8100000e+002  9.9725700e-001
  9.8150000e+002  9.9514700e-001
  9.8200000e+002  9.9527700e-001
  9.8250000e+002  9.9515700e-001
  9.8300000e+002  9.9242300e-001
  9.8350000e+002  9.8612300e-001
  9.8400000e+002  9.8228400e-001
  9.8450000e+002  9.7767200e-001
  9.8500000e+002  9.6878900e-001
  9.8550000e+002  9.5732400e-001
  9.8600000e+002  9.4595900e-001
  9.8650000e+002  9.3281500e-001
  9.8700000e+002  9.1682800e-001
  9.8750000e+002  8.9484200e-001
  9.8800000e+002  8.7346900e-001
  9.8850000e+002  8.4382600e-001
  9.8900000e+002  8.1500600e-001
  9.8950000e+002  7.8179600e-001
  9.9000000e+002  7.4607400e-001
  9.9050000e+002  7.0341800e-001
  9.9100000e+002  6.6233900e-001
  9.9150000e+002  6.1789400e-001
  9.9200000e+002  5.7197300e-001
  9.9250000e+002  5.2821100e-001
  9.9300000e+002  4.8588700e-001
  9.9350000e+002  4.4068900e-001
  9.9400000e+002  3.9949000e-001
  9.9450000e+002  3.5694400e-001
  9.9500000e+002  3.1858900e-001
  9.9550000e+002  2.8246400e-001
  9.9600000e+002  2.4836000e-001
  9.9650000e+002  2.1933900e-001
  9.9700000e+002  1.9282100e-001
  9.9750000e+002  1.6952900e-001
  9.9800000e+002  1.4929100e-001
  9.9850000e+002  1.3179100e-001
  9.9900000e+002  1.1597700e-001
  9.9950000e+002  1.0280600e-001
  1.0000000e+003  9.1779000e-002
  1.0005000e+003  8.2310000e-002
  1.0010000e+003  7.3884000e-002
  1.0015000e+003  6.6930000e-002
  1.0020000e+003  6.0664000e-002
  1.0025000e+003  5.5526000e-002
  1.0030000e+003  5.0818000e-002
  1.0035000e+003  4.6819000e-002
  1.0040000e+003  4.3338000e-002
  1.0045000e+003  4.0623000e-002
  1.0050000e+003  3.7803000e-002
  1.0055000e+003  3.5671000e-002
  1.0060000e+003  3.3811000e-002
  1.0065000e+003  3.1877000e-002
  1.0070000e+003  3.0227000e-002
  1.0075000e+003  2.9080000e-002
  1.0080000e+003  2.7659000e-002
  1.0085000e+003  2.6638000e-002
  1.0090000e+003  2.5563000e-002
  1.0095000e+003  2.4667000e-002
  1.0100000e+003  2.3657000e-002
  1.0105000e+003  2.2979000e-002
  1.0110000e+003  2.2312000e-002
  1.0115000e+003  2.1789000e-002
  1.0120000e+003  2.1441000e-002
  1.0125000e+003  2.1036000e-002
  1.0130000e+003  2.0742000e-002
  1.0135000e+003  2.0330000e-002
  1.0140000e+003  1.9746000e-002
  1.0145000e+003  1.9602000e-002
  1.0150000e+003  1.9512000e-002
  1.0155000e+003  1.9241000e-002
  1.0160000e+003  1.8957000e-002
  1.0165000e+003  1.8841000e-002
  1.0170000e+003  1.8500000e-002
  1.0175000e+003  1.8178000e-002
  1.0180000e+003  1.8125000e-002
  1.0185000e+003  1.8107000e-002
  1.0190000e+003  1.7810000e-002
  1.0195000e+003  1.7694000e-002
  1.0200000e+003  1.7293000e-002
  1.0205000e+003  1.7188000e-002
  1.0210000e+003  1.7371000e-002
  1.0215000e+003  1.7159000e-002
  1.0220000e+003  1.6939000e-002
  1.0225000e+003  1.6938000e-002
  1.0230000e+003  1.7018000e-002
  1.0235000e+003  1.6964000e-002
  1.0240000e+003  1.6727000e-002
  1.0245000e+003  1.6568000e-002
  1.0250000e+003  1.6710000e-002
  1.0255000e+003  1.6733000e-002
  1.0260000e+003  1.6892000e-002
  1.0265000e+003  1.6685000e-002
  1.0270000e+003  1.6863000e-002
  1.0275000e+003  1.6705000e-002
  1.0280000e+003  1.6412000e-002
  1.0285000e+003  1.6334000e-002
  1.0290000e+003  1.6290000e-002
  1.0295000e+003  1.6351000e-002
  1.0300000e+003  1.6266000e-002
  1.0305000e+003  1.6137000e-002
  1.0310000e+003  1.6210000e-002
  1.0315000e+003  1.6170000e-002
  1.0320000e+003  1.6136000e-002
  1.0325000e+003  1.6201000e-002
  1.0330000e+003  1.6413000e-002
  1.0335000e+003  1.6461000e-002
  1.0340000e+003  1.6388000e-002
  1.0345000e+003  1.6211000e-002
  1.0350000e+003  1.6039000e-002
  1.0355000e+003  1.6214000e-002
  1.0360000e+003  1.6229000e-002
  1.0365000e+003  1.5965000e-002
  1.0370000e+003  1.5848000e-002
  1.0375000e+003  1.5616000e-002
  1.0380000e+003  1.5600000e-002
  1.0385000e+003  1.5542000e-002
  1.0390000e+003  1.5793000e-002
  1.0395000e+003  1.5801000e-002
  1.0400000e+003  1.5914000e-002
  1.0405000e+003  1.5625000e-002
  1.0410000e+003  1.5608000e-002
  1.0415000e+003  1.5370000e-002
  1.0420000e+003  1.5215000e-002
  1.0425000e+003  1.5395000e-002
  1.0430000e+003  1.5164000e-002
  1.0435000e+003  1.5209000e-002
  1.0440000e+003  1.5129000e-002
  1.0445000e+003  1.5367000e-002
  1.0450000e+003  1.5136000e-002
  1.0455000e+003  1.4881000e-002
  1.0460000e+003  1.5317000e-002
  1.0465000e+003  1.5232000e-002
  1.0470000e+003  1.5122000e-002
  1.0475000e+003  1.4873000e-002
  1.0480000e+003  1.4894000e-002
  1.0485000e+003  1.4749000e-002
  1.0490000e+003  1.4933000e-002
  1.0495000e+003  1.4520000e-002
  1.0500000e+003  1.4555000e-002
  1.0505000e+003  1.4455000e-002
  1.0510000e+003  1.3948000e-002
  1.0515000e+003  1.3932000e-002
  1.0520000e+003  1.3890000e-002
  1.0525000e+003  1.4072000e-002
  1.0530000e+003  1.4014000e-002
  1.0535000e+003  1.4062000e-002
  1.0540000e+003  1.4018000e-002
  1.0545000e+003  1.3776000e-002
  1.0550000e+003  1.3577000e-002
  1.0555000e+003  1.3730000e-002
  1.0560000e+003  1.3647000e-002
  1.0565000e+003  1.3698000e-002
  1.0570000e+003  1.3489000e-002
  1.0575000e+003  1.2976000e-002
  1.0580000e+003  1.2774000e-002
  1.0585000e+003  1.2693000e-002
  1.0590000e+003  1.2589000e-002
  1.0595000e+003  1.2435000e-002
  1.0600000e+003  1.2474000e-002
  1.0605000e+003  1.2366000e-002
  1.0610000e+003  1.2728000e-002
  1.0615000e+003  1.2725000e-002
  1.0620000e+003  1.2911000e-002
  1.0625000e+003  1.2611000e-002
  1.0630000e+003  1.2147000e-002
  1.0635000e+003  1.1763000e-002
  1.0640000e+003  1.1300000e-002
  1.0645000e+003  1.1660000e-002
  1.0650000e+003  1.1238000e-002
  1.0655000e+003  1.1358000e-002
  1.0660000e+003  1.1133000e-002
  1.0665000e+003  1.1095000e-002
  1.0670000e+003  1.0973000e-002
  1.0675000e+003  1.0841000e-002
  1.0680000e+003  1.0780000e-002
  1.0685000e+003  1.0443000e-002
  1.0690000e+003  1.0226000e-002
  1.0695000e+003  1.0351000e-002
  1.0700000e+003  1.0133000e-002
  1.0705000e+003  9.6150000e-003
  1.0710000e+003  9.4850000e-003
  1.0715000e+003  9.4750000e-003
  1.0720000e+003  9.3910000e-003
  1.0725000e+003  9.7590000e-003
  1.0730000e+003  9.8970000e-003
  1.0735000e+003  9.9350000e-003
  1.0740000e+003  9.8480000e-003
  1.0745000e+003  9.3220000e-003
  1.0750000e+003  9.0270000e-003
  1.0755000e+003  8.4780000e-003
  1.0760000e+003  8.3700000e-003
  1.0765000e+003  8.2580000e-003
  1.0770000e+003  7.6690000e-003
  1.0775000e+003  7.5000000e-003
  1.0780000e+003  7.0440000e-003
  1.0785000e+003  7.7520000e-003
  1.0790000e+003  8.1740000e-003
  1.0795000e+003  8.2320000e-003
  1.0800000e+003  7.5010000e-003
  1.0805000e+003  7.2040000e-003
  1.0810000e+003  7.3110000e-003
  1.0815000e+003  6.7960000e-003
  1.0820000e+003  6.8090000e-003
  1.0825000e+003  7.2010000e-003
  1.0830000e+003  6.6480000e-003
  1.0835000e+003  6.2800000e-003
  1.0840000e+003  6.5360000e-003
  1.0845000e+003  6.5270000e-003
  1.0850000e+003  6.3520000e-003
  1.0855000e+003  6.2000000e-003
  1.0860000e+003  6.6350000e-003
  1.0865000e+003  6.2160000e-003
  1.0870000e+003  5.5770000e-003
  1.0875000e+003  5.5490000e-003
  1.0880000e+003  5.5330000e-003
  1.0885000e+003  5.7650000e-003
  1.0890000e+003  5.2730000e-003
  1.0895000e+003  5.3250000e-003
  1.0900000e+003  5.7240000e-003
  1.0905000e+003  5.5300000e-003
  1.0910000e+003  5.5300000e-003
  1.0915000e+003  5.5080000e-003
  1.0920000e+003  5.8600000e-003
  1.0925000e+003  5.6700000e-003
  1.0930000e+003  5.1840000e-003
  1.0935000e+003  4.8030000e-003
  1.0940000e+003  4.6680000e-003
  1.0945000e+003  4.5460000e-003
  1.0950000e+003  4.5850000e-003
  1.0955000e+003  3.9980000e-003
  1.0960000e+003  3.5320000e-003
  1.0965000e+003  3.7300000e-003
  1.0970000e+003  4.3840000e-003
  1.0975000e+003  4.2610000e-003
  1.0980000e+003  3.8090000e-003
  1.0985000e+003  3.1520000e-003
  1.0990000e+003  3.1120000e-003
  1.0995000e+003  2.7710000e-003
  1.1000000e+003  2.4500000e-003
  1.1005000e+003  0.0000000e+000
