2.5000000e+03 0.0000000e+00
2.5020003e+03 0.0000000e+00
2.5040001e+03 0.0000000e+00
2.5059999e+03 0.0000000e+00
2.5079999e+03 0.0000000e+00
2.5099999e+03 0.0000000e+00
2.5119998e+03 0.0000000e+00
2.5139998e+03 0.0000000e+00
2.5159999e+03 0.0000000e+00
2.5179999e+03 0.0000000e+00
2.5200000e+03 0.0000000e+00
2.5220001e+03 0.0000000e+00
2.5240000e+03 0.0000000e+00
2.5260002e+03 0.0000000e+00
2.5280001e+03 0.0000000e+00
2.5300001e+03 0.0000000e+00
2.5320000e+03 0.0000000e+00
2.5339999e+03 0.0000000e+00
2.5359998e+03 0.0000000e+00
2.5380001e+03 0.0000000e+00
2.5399999e+03 0.0000000e+00
2.5420003e+03 0.0000000e+00
2.5439997e+03 0.0000000e+00
2.5459999e+03 0.0000000e+00
2.5479999e+03 0.0000000e+00
2.5499997e+03 0.0000000e+00
2.5520001e+03 0.0000000e+00
2.5539999e+03 0.0000000e+00
2.5560000e+03 0.0000000e+00
2.5580001e+03 0.0000000e+00
2.5600000e+03 0.0000000e+00
2.5619998e+03 0.0000000e+00
2.5640000e+03 0.0000000e+00
2.5660001e+03 0.0000000e+00
2.5680000e+03 0.0000000e+00
2.5699997e+03 0.0000000e+00
2.5720000e+03 0.0000000e+00
2.5740000e+03 0.0000000e+00
2.5759997e+03 0.0000000e+00
2.5779999e+03 0.0000000e+00
2.5800000e+03 0.0000000e+00
2.5819998e+03 0.0000000e+00
2.5840000e+03 0.0000000e+00
2.5860000e+03 0.0000000e+00
2.5879997e+03 0.0000000e+00
2.5900000e+03 0.0000000e+00
2.5919999e+03 0.0000000e+00
2.5940000e+03 0.0000000e+00
2.5960000e+03 0.0000000e+00
2.5979998e+03 0.0000000e+00
2.5999999e+03 0.0000000e+00
2.6019997e+03 0.0000000e+00
2.6039998e+03 0.0000000e+00
2.6059996e+03 0.0000000e+00
2.6079999e+03 0.0000000e+00
2.6099998e+03 0.0000000e+00
2.6120000e+03 0.0000000e+00
2.6139998e+03 0.0000000e+00
2.6160001e+03 0.0000000e+00
2.6179998e+03 0.0000000e+00
2.6200000e+03 0.0000000e+00
2.6219996e+03 0.0000000e+00
2.6239997e+03 0.0000000e+00
2.6260001e+03 0.0000000e+00
2.6280000e+03 0.0000000e+00
2.6300003e+03 0.0000000e+00
2.6320000e+03 0.0000000e+00
2.6340001e+03 0.0000000e+00
2.6359998e+03 0.0000000e+00
2.6380004e+03 0.0000000e+00
2.6399999e+03 0.0000000e+00
2.6420003e+03 0.0000000e+00
2.6440002e+03 0.0000000e+00
2.6459996e+03 0.0000000e+00
2.6480000e+03 0.0000000e+00
2.6500000e+03 0.0000000e+00
2.6520000e+03 0.0000000e+00
2.6540004e+03 0.0000000e+00
2.6560001e+03 0.0000000e+00
2.6580001e+03 0.0000000e+00
2.6600004e+03 0.0000000e+00
2.6620000e+03 0.0000000e+00
2.6639999e+03 0.0000000e+00
2.6659998e+03 0.0000000e+00
2.6680000e+03 0.0000000e+00
2.6700002e+03 0.0000000e+00
2.6720001e+03 0.0000000e+00
2.6739998e+03 0.0000000e+00
2.6759999e+03 0.0000000e+00
2.6780000e+03 0.0000000e+00
2.6800002e+03 0.0000000e+00
2.6819998e+03 0.0000000e+00
2.6840003e+03 0.0000000e+00
2.6860001e+03 0.0000000e+00
2.6880000e+03 0.0000000e+00
2.6900001e+03 0.0000000e+00
2.6920002e+03 0.0000000e+00
2.6940004e+03 0.0000000e+00
2.6959999e+03 0.0000000e+00
2.6980002e+03 0.0000000e+00
2.6999997e+03 0.0000000e+00
2.7020002e+03 0.0000000e+00
2.7039998e+03 0.0000000e+00
2.7060004e+03 0.0000000e+00
2.7080002e+03 0.0000000e+00
2.7099998e+03 0.0000000e+00
2.7119998e+03 0.0000000e+00
2.7140004e+03 0.0000000e+00
2.7160001e+03 0.0000000e+00
2.7179999e+03 0.0000000e+00
2.7200005e+03 0.0000000e+00
2.7219995e+03 0.0000000e+00
2.7239999e+03 0.0000000e+00
2.7260005e+03 0.0000000e+00
2.7280001e+03 0.0000000e+00
2.7299998e+03 0.0000000e+00
2.7320001e+03 0.0000000e+00
2.7339996e+03 0.0000000e+00
2.7359999e+03 0.0000000e+00
2.7379999e+03 0.0000000e+00
2.7400000e+03 0.0000000e+00
2.7420001e+03 0.0000000e+00
2.7439999e+03 0.0000000e+00
2.7459998e+03 0.0000000e+00
2.7480001e+03 0.0000000e+00
2.7499997e+03 0.0000000e+00
2.7520000e+03 0.0000000e+00
2.7540000e+03 0.0000000e+00
2.7560000e+03 0.0000000e+00
2.7579999e+03 0.0000000e+00
2.7600003e+03 0.0000000e+00
2.7619999e+03 0.0000000e+00
2.7640000e+03 0.0000000e+00
2.7659999e+03 0.0000000e+00
2.7679998e+03 0.0000000e+00
2.7700003e+03 0.0000000e+00
2.7720005e+03 0.0000000e+00
2.7739997e+03 0.0000000e+00
2.7760004e+03 0.0000000e+00
2.7780001e+03 0.0000000e+00
2.7800002e+03 0.0000000e+00
2.7820003e+03 0.0000000e+00
2.7839999e+03 0.0000000e+00
2.7860003e+03 0.0000000e+00
2.7879996e+03 0.0000000e+00
2.7900003e+03 0.0000000e+00
2.7919998e+03 0.0000000e+00
2.7940001e+03 0.0000000e+00
2.7959999e+03 0.0000000e+00
2.7980004e+03 0.0000000e+00
2.7999997e+03 0.0000000e+00
2.8020004e+03 0.0000000e+00
2.8039999e+03 0.0000000e+00
2.8059999e+03 0.0000000e+00
2.8080005e+03 0.0000000e+00
2.8099999e+03 0.0000000e+00
2.8119998e+03 0.0000000e+00
2.8140003e+03 0.0000000e+00
2.8160003e+03 0.0000000e+00
2.8180001e+03 0.0000000e+00
2.8200001e+03 0.0000000e+00
2.8220001e+03 0.0000000e+00
2.8239997e+03 0.0000000e+00
2.8259995e+03 0.0000000e+00
2.8279998e+03 0.0000000e+00
2.8299999e+03 0.0000000e+00
2.8320004e+03 0.0000000e+00
2.8340004e+03 0.0000000e+00
2.8360001e+03 0.0000000e+00
2.8380002e+03 0.0000000e+00
2.8399998e+03 0.0000000e+00
2.8419999e+03 0.0000000e+00
2.8440003e+03 0.0000000e+00
2.8459995e+03 0.0000000e+00
2.8479999e+03 0.0000000e+00
2.8500000e+03 0.0000000e+00
2.8520003e+03 0.0000000e+00
2.8540002e+03 0.0000000e+00
2.8559997e+03 0.0000000e+00
2.8580003e+03 0.0000000e+00
2.8599997e+03 0.0000000e+00
2.8620000e+03 0.0000000e+00
2.8640000e+03 0.0000000e+00
2.8659995e+03 0.0000000e+00
2.8680003e+03 0.0000000e+00
2.8699996e+03 0.0000000e+00
2.8720001e+03 0.0000000e+00
2.8740001e+03 0.0000000e+00
2.8759996e+03 0.0000000e+00
2.8780001e+03 0.0000000e+00
2.8800002e+03 0.0000000e+00
2.8819997e+03 0.0000000e+00
2.8840003e+03 0.0000000e+00
2.8859996e+03 0.0000000e+00
2.8879999e+03 0.0000000e+00
2.8899997e+03 0.0000000e+00
2.8919998e+03 0.0000000e+00
2.8940000e+03 0.0000000e+00
2.8959997e+03 0.0000000e+00
2.8979997e+03 0.0000000e+00
2.9000000e+03 0.0000000e+00
2.9020004e+03 0.0000000e+00
2.9040002e+03 0.0000000e+00
2.9060002e+03 0.0000000e+00
2.9079996e+03 0.0000000e+00
2.9100001e+03 0.0000000e+00
2.9120000e+03 0.0000000e+00
2.9140000e+03 0.0000000e+00
2.9160003e+03 0.0000000e+00
2.9179999e+03 0.0000000e+00
2.9200005e+03 0.0000000e+00
2.9220004e+03 0.0000000e+00
2.9239998e+03 0.0000000e+00
2.9260000e+03 0.0000000e+00
2.9279996e+03 0.0000000e+00
2.9300002e+03 0.0000000e+00
2.9320001e+03 0.0000000e+00
2.9340003e+03 0.0000000e+00
2.9360006e+03 0.0000000e+00
2.9380000e+03 0.0000000e+00
2.9399995e+03 0.0000000e+00
2.9420001e+03 0.0000000e+00
2.9440001e+03 0.0000000e+00
2.9460000e+03 0.0000000e+00
2.9480003e+03 0.0000000e+00
2.9499995e+03 0.0000000e+00
2.9519999e+03 0.0000000e+00
2.9540003e+03 0.0000000e+00
2.9560000e+03 0.0000000e+00
2.9579996e+03 0.0000000e+00
2.9600004e+03 0.0000000e+00
2.9620003e+03 0.0000000e+00
2.9640001e+03 0.0000000e+00
2.9660002e+03 0.0000000e+00
2.9680002e+03 0.0000000e+00
2.9700004e+03 0.0000000e+00
2.9719996e+03 0.0000000e+00
2.9739997e+03 0.0000000e+00
2.9760000e+03 0.0000000e+00
2.9780003e+03 0.0000000e+00
2.9799997e+03 0.0000000e+00
2.9820000e+03 0.0000000e+00
2.9839995e+03 0.0000000e+00
2.9859999e+03 0.0000000e+00
2.9880002e+03 0.0000000e+00
2.9899997e+03 0.0000000e+00
2.9919999e+03 0.0000000e+00
2.9940004e+03 0.0000000e+00
2.9959998e+03 0.0000000e+00
2.9980001e+03 0.0000000e+00
3.0000003e+03 0.0000000e+00
3.0019996e+03 0.0000000e+00
3.0039998e+03 0.0000000e+00
3.0060000e+03 0.0000000e+00
3.0080001e+03 0.0000000e+00
3.0100001e+03 0.0000000e+00
3.0120001e+03 0.0000000e+00
3.0139999e+03 0.0000000e+00
3.0160000e+03 0.0000000e+00
3.0179998e+03 0.0000000e+00
3.0200002e+03 0.0000000e+00
3.0220000e+03 0.0000000e+00
3.0240003e+03 0.0000000e+00
3.0259996e+03 0.0000000e+00
3.0279999e+03 0.0000000e+00
3.0300000e+03 0.0000000e+00
3.0320000e+03 0.0000000e+00
3.0339999e+03 0.0000000e+00
3.0359996e+03 0.0000000e+00
3.0380003e+03 0.0000000e+00
3.0399996e+03 0.0000000e+00
3.0419999e+03 0.0000000e+00
3.0440002e+03 0.0000000e+00
3.0460002e+03 0.0000000e+00
3.0479998e+03 0.0000000e+00
3.0500005e+03 0.0000000e+00
3.0519999e+03 0.0000000e+00
3.0540002e+03 0.0000000e+00
3.0560003e+03 0.0000000e+00
3.0580001e+03 0.0000000e+00
3.0599998e+03 0.0000000e+00
3.0620002e+03 0.0000000e+00
3.0639996e+03 0.0000000e+00
3.0659995e+03 0.0000000e+00
3.0680005e+03 0.0000000e+00
3.0699999e+03 0.0000000e+00
3.0720003e+03 0.0000000e+00
3.0739994e+03 0.0000000e+00
3.0760002e+03 0.0000000e+00
3.0779999e+03 0.0000000e+00
3.0800003e+03 0.0000000e+00
3.0820003e+03 0.0000000e+00
3.0840002e+03 0.0000000e+00
3.0859998e+03 0.0000000e+00
3.0879999e+03 0.0000000e+00
3.0899999e+03 0.0000000e+00
3.0919996e+03 0.0000000e+00
3.0940000e+03 0.0000000e+00
3.0960000e+03 0.0000000e+00
3.0980000e+03 0.0000000e+00
3.0999996e+03 0.0000000e+00
3.1019996e+03 0.0000000e+00
3.1040005e+03 0.0000000e+00
3.1060001e+03 0.0000000e+00
3.1080003e+03 0.0000000e+00
3.1100000e+03 0.0000000e+00
3.1119997e+03 0.0000000e+00
3.1139998e+03 0.0000000e+00
3.1159997e+03 0.0000000e+00
3.1180000e+03 0.0000000e+00
3.1200003e+03 0.0000000e+00
3.1220000e+03 0.0000000e+00
3.1240004e+03 0.0000000e+00
3.1260002e+03 0.0000000e+00
3.1280000e+03 0.0000000e+00
3.1300002e+03 0.0000000e+00
3.1320001e+03 0.0000000e+00
3.1340004e+03 0.0000000e+00
3.1359996e+03 0.0000000e+00
3.1380002e+03 0.0000000e+00
3.1400005e+03 0.0000000e+00
3.1420002e+03 0.0000000e+00
3.1439995e+03 0.0000000e+00
3.1459997e+03 0.0000000e+00
3.1480000e+03 0.0000000e+00
3.1500001e+03 0.0000000e+00
3.1519997e+03 0.0000000e+00
3.1540001e+03 0.0000000e+00
3.1559997e+03 0.0000000e+00
3.1580001e+03 0.0000000e+00
3.1600001e+03 0.0000000e+00
3.1620004e+03 0.0000000e+00
3.1640004e+03 0.0000000e+00
3.1659996e+03 0.0000000e+00
3.1679997e+03 0.0000000e+00
3.1700002e+03 0.0000000e+00
3.1720002e+03 0.0000000e+00
3.1739995e+03 0.0000000e+00
3.1759996e+03 0.0000000e+00
3.1780000e+03 0.0000000e+00
3.1800000e+03 0.0000000e+00
3.1819996e+03 0.0000000e+00
3.1839994e+03 0.0000000e+00
3.1860000e+03 0.0000000e+00
3.1879999e+03 0.0000000e+00
3.1900003e+03 0.0000000e+00
3.1920000e+03 0.0000000e+00
3.1940003e+03 0.0000000e+00
3.1960003e+03 0.0000000e+00
3.1980003e+03 0.0000000e+00
3.2000000e+03 0.0000000e+00
3.2020000e+03 0.0000000e+00
3.2039995e+03 0.0000000e+00
3.2059995e+03 0.0000000e+00
3.2079999e+03 0.0000000e+00
3.2099999e+03 0.0000000e+00
3.2120001e+03 0.0000000e+00
3.2139997e+03 0.0000000e+00
3.2159999e+03 0.0000000e+00
3.2180002e+03 0.0000000e+00
3.2200000e+03 0.0000000e+00
3.2220002e+03 0.0000000e+00
3.2239999e+03 0.0000000e+00
3.2260000e+03 0.0000000e+00
3.2279994e+03 0.0000000e+00
3.2300001e+03 0.0000000e+00
3.2320003e+03 0.0000000e+00
3.2340000e+03 0.0000000e+00
3.2359997e+03 0.0000000e+00
3.2380002e+03 0.0000000e+00
3.2399998e+03 0.0000000e+00
3.2419996e+03 0.0000000e+00
3.2440000e+03 0.0000000e+00
3.2459996e+03 0.0000000e+00
3.2479996e+03 0.0000000e+00
3.2500000e+03 0.0000000e+00
3.2519997e+03 0.0000000e+00
3.2539996e+03 0.0000000e+00
3.2560002e+03 0.0000000e+00
3.2579998e+03 0.0000000e+00
3.2599995e+03 0.0000000e+00
3.2619999e+03 0.0000000e+00
3.2639994e+03 0.0000000e+00
3.2660003e+03 0.0000000e+00
3.2679994e+03 0.0000000e+00
3.2700000e+03 0.0000000e+00
3.2719996e+03 0.0000000e+00
3.2739998e+03 0.0000000e+00
3.2760001e+03 0.0000000e+00
3.2779995e+03 0.0000000e+00
3.2799994e+03 0.0000000e+00
3.2819995e+03 0.0000000e+00
3.2840001e+03 0.0000000e+00
3.2859995e+03 0.0000000e+00
3.2879995e+03 0.0000000e+00
3.2899997e+03 0.0000000e+00
3.2920001e+03 0.0000000e+00
3.2939997e+03 0.0000000e+00
3.2960007e+03 0.0000000e+00
3.2979995e+03 0.0000000e+00
3.3000001e+03 0.0000000e+00
3.3019995e+03 0.0000000e+00
3.3039993e+03 0.0000000e+00
3.3060004e+03 0.0000000e+00
3.3079995e+03 0.0000000e+00
3.3100001e+03 0.0000000e+00
3.3119997e+03 0.0000000e+00
3.3139995e+03 0.0000000e+00
3.3159996e+03 0.0000000e+00
3.3179997e+03 0.0000000e+00
3.3200001e+03 0.0000000e+00
3.3219997e+03 0.0000000e+00
3.3239995e+03 0.0000000e+00
3.3259995e+03 0.0000000e+00
3.3279995e+03 0.0000000e+00
3.3300001e+03 0.0000000e+00
3.3320006e+03 0.0000000e+00
3.3340002e+03 1.6604093e-04
3.3359999e+03 7.2273730e-07
3.3380000e+03 -2.1342780e-04
3.3400000e+03 5.7869570e-06
3.3420003e+03 1.0083127e-03
3.3440008e+03 -8.3174738e-05
3.3460001e+03 -4.4193273e-04
3.3479999e+03 6.1318243e-04
3.3499996e+03 9.2064489e-05
3.3520007e+03 -4.2034537e-04
3.3539997e+03 4.9274514e-04
3.3559997e+03 9.1090432e-04
3.3580002e+03 -2.1034188e-04
3.3599995e+03 5.4477790e-04
3.3620001e+03 -1.5339853e-04
3.3639994e+03 -2.3756090e-04
3.3660004e+03 3.0026410e-04
3.3680001e+03 -2.1330190e-04
3.3700002e+03 -1.4558918e-04
3.3719999e+03 -1.6575394e-04
3.3740001e+03 -6.9507374e-04
3.3760004e+03 -1.6954902e-04
3.3779995e+03 5.6670449e-04
3.3799998e+03 4.9398601e-04
3.3820002e+03 9.0440444e-04
3.3839997e+03 -6.6000252e-04
3.3860004e+03 6.7548582e-04
3.3879998e+03 3.4446653e-05
3.3900005e+03 2.2840925e-04
3.3920002e+03 4.0966319e-04
3.3940000e+03 8.9131921e-05
3.3959996e+03 -2.4057427e-04
3.3980007e+03 -3.1479643e-04
3.4000005e+03 -1.1201864e-04
3.4019993e+03 -2.6248419e-04
3.4040004e+03 -1.7197448e-04
3.4060002e+03 3.5145102e-04
3.4080004e+03 -7.5497024e-05
3.4100003e+03 -1.9314169e-04
3.4119992e+03 -8.6313236e-04
3.4140005e+03 -9.4932382e-04
3.4159995e+03 5.0988896e-05
3.4179995e+03 -1.2411237e-03
3.4199995e+03 5.3214538e-04
3.4219995e+03 3.8509979e-04
3.4239997e+03 -3.0946100e-04
3.4259998e+03 -3.3142735e-04
3.4279997e+03 1.9803685e-04
3.4300000e+03 -1.2634872e-04
3.4320000e+03 1.0837564e-03
3.4340000e+03 -7.7759515e-04
3.4359998e+03 -1.2339901e-03
3.4379998e+03 -1.7331389e-04
3.4399996e+03 5.2444002e-04
3.4419995e+03 -6.9321628e-04
3.4440004e+03 7.0897455e-04
3.4460003e+03 3.5628080e-04
3.4480001e+03 -7.7389312e-05
3.4499996e+03 -3.6960823e-04
3.4519992e+03 1.3713844e-04
3.4539999e+03 6.0677750e-04
3.4559994e+03 2.1341702e-04
3.4580000e+03 1.4472513e-04
3.4600004e+03 -3.2349312e-04
3.4619998e+03 9.4739931e-05
3.4640001e+03 -7.7297183e-04
3.4660004e+03 -1.0655808e-04
3.4680003e+03 -3.7442434e-05
3.4700005e+03 4.4485994e-04
3.4720003e+03 5.0157111e-04
3.4740004e+03 -9.7098795e-04
3.4759998e+03 -6.9217099e-04
3.4779995e+03 -1.6044920e-04
3.4800003e+03 1.3782558e-05
3.4819995e+03 3.6066363e-04
3.4840002e+03 -4.3499758e-04
3.4860005e+03 -8.4802938e-05
3.4879995e+03 1.8707459e-04
3.4899993e+03 2.1835343e-05
3.4920005e+03 -2.3946937e-05
3.4940002e+03 -5.2670224e-05
3.4959997e+03 7.6306773e-05
3.4979992e+03 -1.2644970e-04
3.4999997e+03 6.3125516e-04
3.5020002e+03 -2.6953174e-04
3.5040002e+03 5.6641229e-04
3.5060004e+03 3.2768308e-04
3.5080002e+03 1.5027847e-03
3.5099999e+03 1.1563456e-03
3.5120007e+03 4.6365921e-04
3.5139998e+03 -1.9966000e-04
3.5159999e+03 6.8214221e-04
3.5180003e+03 -2.7759765e-05
3.5200002e+03 9.2400714e-06
3.5219999e+03 1.2516587e-03
3.5239992e+03 -1.7264967e-05
3.5259999e+03 1.4652114e-04
3.5280001e+03 1.7710916e-05
3.5300001e+03 3.2472485e-04
3.5320000e+03 7.3280395e-04
3.5339997e+03 5.0861569e-04
3.5360004e+03 -1.3565166e-04
3.5379995e+03 -3.4542082e-04
3.5399998e+03 5.9417548e-04
3.5419997e+03 8.6295395e-04
3.5440006e+03 1.2138163e-04
3.5459998e+03 -1.2742569e-04
3.5480003e+03 6.6427521e-05
3.5500007e+03 -5.8695715e-04
3.5520005e+03 8.0048922e-05
3.5540001e+03 -4.5893650e-04
3.5560007e+03 2.9391248e-04
3.5579995e+03 3.5853556e-04
3.5599997e+03 -8.4435561e-04
3.5619993e+03 -1.2920893e-04
3.5640003e+03 5.2905962e-04
3.5660007e+03 -1.8326398e-05
3.5680008e+03 1.3772893e-04
3.5699992e+03 -9.8474331e-05
3.5720001e+03 2.2881458e-04
3.5739992e+03 8.7420538e-04
3.5759996e+03 1.8899573e-04
3.5780007e+03 6.3856808e-04
3.5800002e+03 -8.0424937e-04
3.5820005e+03 1.4588420e-03
3.5840008e+03 6.1152467e-05
3.5859992e+03 -7.7796151e-04
3.5879999e+03 2.2795708e-04
3.5900006e+03 2.4332291e-04
3.5920003e+03 4.9667485e-04
3.5940001e+03 -7.7396102e-04
3.5959996e+03 -2.2040402e-04
3.5979998e+03 -1.6444543e-04
3.5999996e+03 5.6462071e-04
3.6020004e+03 6.6132226e-05
3.6039996e+03 7.4330659e-05
3.6059998e+03 -1.9880950e-04
3.6079996e+03 7.4525474e-04
3.6100001e+03 -3.5615504e-04
3.6120003e+03 1.8224542e-04
3.6140001e+03 6.4056279e-04
3.6159996e+03 2.0149972e-04
3.6180000e+03 -1.2062620e-05
3.6200000e+03 1.1955832e-04
3.6219994e+03 9.9523831e-04
3.6239998e+03 -5.7013769e-04
3.6259997e+03 6.4169028e-04
3.6279993e+03 -1.6373012e-04
3.6299999e+03 8.1888638e-06
3.6320000e+03 -8.3807507e-04
3.6339995e+03 -3.0182549e-04
3.6360002e+03 6.2713603e-04
3.6380002e+03 7.8952458e-04
3.6399998e+03 2.1349854e-04
3.6420003e+03 -8.6611905e-04
3.6440001e+03 5.3949386e-04
3.6459998e+03 -1.6265476e-04
3.6480001e+03 2.5266959e-04
3.6499999e+03 2.5282160e-04
3.6519994e+03 7.3658931e-04
3.6539998e+03 4.2743527e-04
3.6559997e+03 6.5022078e-04
3.6580005e+03 -2.4203605e-04
3.6600006e+03 -9.0792781e-04
3.6620002e+03 3.1407955e-04
3.6639994e+03 -1.2191093e-04
3.6659995e+03 -1.3512012e-04
3.6680005e+03 1.0453162e-03
3.6699997e+03 -1.4278211e-04
3.6719994e+03 2.9959949e-04
3.6740000e+03 -5.2577583e-04
3.6760004e+03 1.3831462e-04
3.6780001e+03 4.8119487e-04
3.6800003e+03 1.2151683e-03
3.6820003e+03 2.6064535e-04
3.6839999e+03 2.3836614e-05
3.6860000e+03 2.1295313e-04
3.6879996e+03 1.5935312e-04
3.6900000e+03 -7.8978403e-05
3.6920000e+03 3.5977268e-04
3.6939994e+03 2.0960375e-05
3.6959997e+03 5.5218389e-04
3.6979991e+03 1.5287730e-04
3.6999998e+03 3.1463391e-04
3.7019995e+03 -1.0705926e-04
3.7040001e+03 5.5451912e-04
3.7060002e+03 4.1625093e-04
3.7079994e+03 -3.3867144e-04
3.7099998e+03 -3.0655021e-04
3.7119992e+03 3.3755493e-04
3.7139999e+03 -1.4006188e-04
3.7159996e+03 -2.4232479e-04
3.7180002e+03 -6.7015481e-04
3.7199999e+03 1.1696917e-04
3.7219994e+03 2.3306577e-04
3.7239996e+03 -7.7343336e-04
3.7260003e+03 -1.9448237e-04
3.7279991e+03 -3.0305327e-04
3.7300001e+03 -3.2953901e-04
3.7320005e+03 2.3903373e-04
3.7340003e+03 4.3555425e-04
3.7360008e+03 -1.3802927e-04
3.7379991e+03 -4.8850889e-05
3.7399995e+03 3.6986815e-04
3.7419997e+03 -2.0537678e-04
3.7440003e+03 3.7853108e-05
3.7460003e+03 -5.4700748e-04
3.7479994e+03 1.5416053e-04
3.7499995e+03 7.4834493e-04
3.7520001e+03 -6.9440709e-04
3.7540004e+03 5.4058048e-05
3.7559998e+03 -3.8896533e-04
3.7579999e+03 4.5884404e-04
3.7600007e+03 -4.4206431e-04
3.7620009e+03 4.7489110e-04
3.7640001e+03 8.3788740e-04
3.7660004e+03 -2.0637104e-04
3.7679998e+03 1.6549605e-04
3.7699998e+03 -8.0765669e-05
3.7719992e+03 -4.3873340e-04
3.7740007e+03 -3.9212636e-04
3.7760002e+03 2.3000855e-04
3.7780001e+03 1.2233055e-03
3.7799996e+03 8.5683761e-04
3.7819995e+03 5.9234462e-04
3.7840001e+03 -1.2204093e-03
3.7860000e+03 2.0364794e-04
3.7879993e+03 -3.7798251e-04
3.7900007e+03 -5.6862447e-04
3.7919996e+03 4.3882386e-04
3.7939995e+03 1.2930243e-04
3.7959999e+03 8.7733468e-04
3.7979995e+03 2.2913258e-04
3.7999998e+03 1.9711808e-05
3.8019994e+03 1.2038323e-04
3.8039997e+03 5.7119253e-04
3.8060006e+03 4.5391507e-04
3.8080005e+03 1.7255334e-04
3.8099997e+03 3.4428176e-06
3.8119999e+03 -4.4575855e-04
3.8140004e+03 5.4803595e-04
3.8160002e+03 -1.0082402e-03
3.8180003e+03 -1.3058381e-04
3.8200000e+03 4.3783532e-04
3.8220004e+03 -5.7095103e-04
3.8239997e+03 -7.2823884e-04
3.8259996e+03 -7.0376787e-05
3.8280002e+03 -3.4518537e-04
3.8300000e+03 5.6466891e-04
3.8320005e+03 8.3951966e-04
3.8340001e+03 5.8069930e-04
3.8360001e+03 3.4943450e-04
3.8379997e+03 4.3344850e-04
3.8399995e+03 3.8538163e-04
3.8420000e+03 -5.3887954e-05
3.8439997e+03 -1.0350203e-04
3.8460000e+03 -5.2753353e-04
3.8479995e+03 -1.6279460e-04
3.8499993e+03 1.0240898e-04
3.8520001e+03 3.3315699e-04
3.8539997e+03 4.5712985e-04
3.8559999e+03 -2.4477483e-04
3.8579993e+03 9.5568137e-04
3.8599993e+03 -3.9107207e-04
3.8619999e+03 -6.8705436e-04
3.8639997e+03 4.2496974e-04
3.8659997e+03 -2.2402006e-04
3.8680007e+03 4.5297824e-05
3.8700005e+03 1.6145124e-04
3.8719994e+03 -6.9157315e-05
3.8740004e+03 8.3501689e-04
3.8760005e+03 4.0732810e-04
3.8779998e+03 -2.4989588e-04
3.8799993e+03 1.7771705e-04
3.8819997e+03 -3.4869645e-05
3.8840004e+03 5.7538564e-04
3.8860002e+03 1.9665921e-04
3.8880005e+03 -4.0941985e-04
3.8900000e+03 -7.6605240e-04
3.8920000e+03 -9.6893567e-04
3.8940007e+03 -2.3013572e-04
3.8960000e+03 3.7373425e-04
3.8980003e+03 2.1670586e-04
3.8999993e+03 -2.4949881e-04
3.9020003e+03 5.8266672e-04
3.9040005e+03 -1.0316159e-03
3.9059997e+03 -1.6139183e-04
3.9079994e+03 2.3621228e-04
3.9099997e+03 7.1466318e-04
3.9120002e+03 2.4403307e-05
3.9140002e+03 3.0154534e-04
3.9160003e+03 -2.4796341e-04
3.9179994e+03 3.7538284e-04
3.9200006e+03 1.0376282e-04
3.9220008e+03 -8.9093449e-04
3.9240001e+03 4.9520109e-05
3.9259995e+03 -1.0331147e-04
3.9279998e+03 2.0837598e-04
3.9300003e+03 -4.5609043e-04
3.9319998e+03 1.8385655e-05
3.9340002e+03 8.3467283e-04
3.9360008e+03 1.7544330e-04
3.9380000e+03 -1.3471694e-03
3.9400000e+03 1.6370475e-04
3.9420006e+03 -1.3557859e-04
3.9439998e+03 -6.6401268e-04
3.9459999e+03 6.7491892e-05
3.9480001e+03 2.3509773e-04
3.9499993e+03 5.0868024e-04
3.9519990e+03 4.8322053e-04
3.9540008e+03 2.8176955e-04
3.9559999e+03 -3.9246710e-04
3.9579992e+03 -3.8804955e-04
3.9600009e+03 -7.6816994e-04
3.9619996e+03 -1.4144091e-04
3.9640004e+03 -9.3891990e-04
3.9660005e+03 9.7518659e-04
3.9680006e+03 5.4330629e-04
3.9699994e+03 -4.5780016e-05
3.9719990e+03 -1.3688288e-04
3.9740006e+03 -1.5129060e-04
3.9759992e+03 1.2393773e-05
3.9780002e+03 9.4358070e-04
3.9799997e+03 -9.2354976e-06
3.9819997e+03 -3.8818148e-04
3.9840002e+03 -2.7846647e-04
3.9859996e+03 4.5577771e-04
3.9879994e+03 1.1044027e-03
3.9899993e+03 1.2912967e-03
3.9920000e+03 2.1080600e-04
3.9939993e+03 5.6178298e-05
3.9960009e+03 4.2674161e-04
3.9979994e+03 -3.6340140e-04
4.0000000e+03 1.1509117e-04
4.0019994e+03 -3.4936095e-04
4.0040009e+03 -2.3400279e-04
4.0059992e+03 1.7048369e-04
4.0080000e+03 3.5775629e-05
4.0100011e+03 2.9980396e-05
4.0120007e+03 1.1083137e-04
4.0139992e+03 1.9705865e-04
4.0159997e+03 1.3267259e-04
4.0180006e+03 2.3303562e-04
4.0200003e+03 7.4539072e-05
4.0220004e+03 1.0076154e-03
4.0240006e+03 8.5747970e-04
4.0259999e+03 -3.2102800e-04
4.0279993e+03 1.0877220e-04
4.0300011e+03 -3.0293036e-04
4.0319997e+03 7.5322372e-04
4.0340002e+03 3.5735092e-04
4.0359996e+03 4.0312030e-04
4.0380010e+03 -1.4365074e-03
4.0399991e+03 1.5847214e-03
4.0419997e+03 -5.6007429e-04
4.0440002e+03 -6.4251886e-05
4.0459999e+03 -4.0043557e-05
4.0479996e+03 4.6040193e-05
4.0499997e+03 7.4930285e-05
4.0520001e+03 -4.2722363e-04
4.0539994e+03 6.0077675e-04
4.0560005e+03 1.1571868e-03
4.0580001e+03 2.8078831e-04
4.0600004e+03 -1.1864884e-03
4.0619990e+03 -4.8727714e-04
4.0640001e+03 -6.7007780e-04
4.0659994e+03 1.5843538e-05
4.0680008e+03 3.1302296e-04
4.0700008e+03 -1.0302942e-04
4.0719996e+03 5.6932640e-04
4.0740000e+03 4.6607427e-04
4.0760011e+03 2.7032789e-05
4.0780009e+03 1.1108805e-03
4.0800007e+03 -9.4191160e-04
4.0819992e+03 3.8786311e-04
4.0839996e+03 2.7683485e-04
4.0860003e+03 -4.2493816e-04
4.0879998e+03 3.3810473e-04
4.0899996e+03 -2.3875915e-04
4.0919997e+03 4.6483389e-04
4.0939997e+03 -3.0628673e-04
4.0960004e+03 9.3919807e-06
4.0979994e+03 9.5397927e-04
4.1000008e+03 5.2117615e-04
4.1020004e+03 8.2529726e-04
4.1040003e+03 2.1079826e-04
4.1060006e+03 2.5068005e-04
4.1079995e+03 -1.5081021e-03
4.1099999e+03 8.8212016e-04
4.1119994e+03 3.5316606e-07
4.1140004e+03 6.1834004e-04
4.1160005e+03 2.3274658e-04
4.1180004e+03 8.2384341e-04
4.1199990e+03 1.5677942e-03
4.1219995e+03 4.3108655e-04
4.1240003e+03 9.4085565e-04
4.1259997e+03 1.6418830e-04
4.1279994e+03 -4.7670960e-04
4.1300011e+03 4.6984313e-04
4.1320009e+03 1.9257171e-04
4.1339993e+03 -6.0765701e-04
4.1360001e+03 1.1170117e-04
4.1380007e+03 8.0017070e-04
4.1399999e+03 4.9973570e-04
4.1420011e+03 -1.3497581e-04
4.1440008e+03 -2.6935624e-04
4.1460008e+03 -9.4263622e-04
4.1479989e+03 3.6483005e-04
4.1500011e+03 3.6483546e-04
4.1519997e+03 -4.7228497e-04
4.1540002e+03 8.2269293e-04
4.1559998e+03 -3.6917423e-04
4.1580008e+03 6.4313371e-04
4.1600004e+03 7.0298044e-04
4.1620002e+03 -8.8496780e-04
4.1639998e+03 -5.6633689e-05
4.1660000e+03 6.2754471e-04
4.1680005e+03 -9.0321578e-04
4.1699991e+03 7.4237952e-04
4.1720001e+03 6.4217567e-04
4.1739991e+03 2.0760598e-04
4.1760001e+03 -1.0368187e-03
4.1779995e+03 -1.0836471e-03
4.1800009e+03 -8.6971399e-05
4.1820008e+03 1.0016017e-03
4.1840008e+03 9.0884790e-04
4.1859990e+03 1.5093056e-03
4.1880012e+03 7.2776352e-04
4.1899997e+03 6.1223132e-06
4.1920002e+03 -1.6789103e-04
4.1939995e+03 2.5762097e-04
4.1960003e+03 8.8198824e-05
4.1979996e+03 1.2112583e-04
4.2000008e+03 1.3252988e-03
4.2020001e+03 1.1511280e-03
4.2039999e+03 1.7680287e-03
4.2059999e+03 4.0790520e-04
4.2079997e+03 1.8298189e-03
4.2099996e+03 -7.0592767e-04
4.2120002e+03 1.1818443e-03
4.2140004e+03 1.7690707e-05
4.2159991e+03 3.9511255e-04
4.2179997e+03 -8.9957414e-04
4.2200005e+03 -1.0929237e-03
4.2219997e+03 3.2673846e-04
4.2240003e+03 2.1641257e-03
4.2259998e+03 1.7068514e-03
4.2280007e+03 -1.8729359e-03
4.2300005e+03 1.1312028e-03
4.2320000e+03 2.8808697e-04
4.2339996e+03 2.5631431e-03
4.2359994e+03 2.7534899e-03
4.2379993e+03 -4.8079339e-04
4.2399993e+03 8.8116206e-04
4.2420012e+03 1.5988006e-03
4.2439993e+03 -1.8915185e-03
4.2459997e+03 -8.1555784e-04
4.2479998e+03 -1.3940567e-03
4.2500005e+03 2.6197399e-03
4.2520008e+03 1.4709563e-03
4.2539995e+03 -8.9073139e-05
4.2560001e+03 -2.9728079e-04
4.2579990e+03 2.8096276e-04
4.2599998e+03 -2.7429670e-04
4.2620007e+03 1.2176193e-04
4.2639994e+03 1.3229274e-03
4.2660005e+03 1.0405909e-04
4.2679995e+03 -4.9702317e-04
4.2700008e+03 3.0840784e-03
4.2720000e+03 1.7127225e-03
4.2739992e+03 3.0742122e-03
4.2760004e+03 -3.0121932e-04
4.2779998e+03 1.0267971e-03
4.2800011e+03 3.8621826e-03
4.2820007e+03 1.7355972e-03
4.2839999e+03 1.6178500e-03
4.2859997e+03 7.8209711e-04
4.2879990e+03 1.1906297e-03
4.2900007e+03 2.3277821e-03
4.2920002e+03 1.7080099e-03
4.2939998e+03 7.2471431e-04
4.2959994e+03 2.8465281e-03
4.2979991e+03 2.1873203e-03
4.3000006e+03 1.5438745e-03
4.3020004e+03 3.8376509e-04
4.3040003e+03 4.2863653e-04
4.3059997e+03 1.9765305e-03
4.3079997e+03 2.5698147e-03
4.3099992e+03 4.0712510e-03
4.3119988e+03 1.0724807e-03
4.3140007e+03 1.3321142e-03
4.3160003e+03 1.6937674e-03
4.3180000e+03 -6.4597721e-04
4.3199998e+03 1.0508395e-03
4.3219995e+03 5.3753651e-04
4.3239988e+03 4.8883655e-04
4.3260005e+03 9.2579634e-04
4.3280003e+03 2.2333085e-03
4.3299997e+03 2.0517157e-03
4.3319991e+03 2.8384791e-03
4.3340008e+03 3.2274579e-03
4.3360002e+03 2.3567909e-03
4.3379996e+03 2.1165162e-03
4.3400009e+03 2.8632798e-03
4.3420004e+03 2.0991487e-03
4.3439998e+03 3.0601968e-03
4.3460006e+03 3.9128573e-03
4.3480001e+03 5.2388017e-03
4.3499991e+03 5.8625196e-03
4.3520003e+03 3.9429609e-03
4.3539993e+03 6.6178227e-03
4.3560001e+03 6.9709541e-03
4.3579990e+03 7.6974346e-03
4.3600002e+03 6.9033206e-03
4.3620009e+03 8.6701196e-03
4.3639993e+03 8.4387157e-03
4.3660000e+03 1.0155211e-02
4.3680006e+03 1.1516416e-02
4.3699989e+03 1.2086340e-02
4.3719995e+03 1.3277968e-02
4.3739996e+03 1.4177141e-02
4.3760001e+03 1.6068043e-02
4.3780001e+03 1.8932045e-02
4.3800001e+03 2.2281764e-02
4.3820000e+03 2.4364801e-02
4.3839999e+03 2.7742160e-02
4.3859997e+03 3.1384882e-02
4.3879990e+03 3.4566708e-02
4.3900005e+03 3.9417442e-02
4.3920002e+03 4.5227207e-02
4.3939993e+03 5.2889820e-02
4.3960007e+03 6.0269441e-02
4.3979996e+03 7.0078276e-02
4.4000004e+03 8.8401929e-02
4.4019993e+03 1.0419370e-01
4.4039999e+03 1.2333580e-01
4.4060005e+03 1.4761540e-01
4.4079991e+03 1.7466711e-01
4.4099995e+03 2.0631941e-01
4.4119998e+03 2.4593960e-01
4.4139995e+03 2.9364380e-01
4.4159997e+03 3.4852561e-01
4.4179992e+03 4.1293830e-01
4.4200006e+03 4.7869599e-01
4.4220005e+03 5.5751991e-01
4.4239998e+03 6.3865107e-01
4.4260009e+03 7.2088653e-01
4.4279999e+03 7.9534960e-01
4.4300008e+03 8.6133659e-01
4.4319992e+03 9.1467619e-01
4.4339998e+03 9.5358181e-01
4.4360004e+03 9.8039448e-01
4.4380003e+03 9.9717110e-01
4.4400006e+03 9.9331778e-01
4.4420003e+03 9.9997002e-01
4.4439999e+03 1.0000000e+00
4.4459998e+03 9.9935597e-01
4.4480010e+03 9.9467242e-01
4.4500002e+03 9.8585898e-01
4.4520012e+03 9.6988767e-01
4.4539996e+03 9.4618171e-01
4.4560003e+03 9.1021848e-01
4.4580008e+03 8.5845762e-01
4.4600007e+03 7.8369832e-01
4.4620010e+03 7.1034288e-01
4.4640006e+03 6.3307440e-01
4.4660006e+03 5.5136979e-01
4.4679999e+03 4.7283340e-01
4.4700010e+03 3.9975500e-01
4.4719999e+03 3.3607861e-01
4.4740007e+03 2.8115129e-01
4.4759994e+03 2.3429230e-01
4.4779998e+03 1.9594210e-01
4.4799996e+03 1.6189671e-01
4.4819997e+03 1.3643309e-01
4.4839991e+03 1.1332770e-01
4.4860008e+03 9.4564371e-02
4.4879999e+03 8.1078261e-02
4.4899987e+03 7.0663393e-02
4.4919999e+03 6.0652524e-02
4.4940004e+03 5.1341087e-02
4.4960006e+03 4.5429397e-02
4.4980007e+03 3.8423598e-02
4.5000006e+03 3.3094052e-02
4.5019998e+03 2.9724782e-02
4.5039993e+03 2.6482271e-02
4.5060005e+03 2.2898830e-02
4.5079991e+03 2.0325296e-02
4.5100000e+03 1.9196194e-02
4.5120001e+03 1.6825195e-02
4.5140000e+03 1.4165927e-02
4.5159997e+03 1.3012243e-02
4.5179997e+03 1.1796178e-02
4.5200009e+03 1.1094308e-02
4.5220000e+03 9.8050609e-03
4.5240003e+03 9.4689326e-03
4.5259989e+03 7.3723854e-03
4.5279992e+03 6.3583292e-03
4.5300013e+03 6.9422731e-03
4.5320007e+03 6.4658006e-03
4.5339998e+03 6.9308276e-03
4.5359992e+03 5.7478352e-03
4.5379998e+03 5.7944735e-03
4.5400002e+03 4.0304991e-03
4.5420004e+03 4.7181216e-03
4.5440003e+03 3.5556466e-03
4.5459999e+03 2.6727999e-03
4.5479993e+03 2.8612157e-03
4.5500004e+03 3.4513155e-03
4.5520013e+03 2.6999249e-03
4.5539994e+03 2.5680051e-03
4.5559997e+03 2.2346769e-03
4.5579993e+03 2.1938183e-03
4.5600011e+03 1.9417525e-03
4.5620001e+03 1.6601402e-03
4.5640009e+03 1.5199089e-03
4.5659993e+03 2.5418235e-03
4.5679995e+03 2.3589882e-03
4.5699994e+03 2.0128684e-03
4.5719991e+03 4.8930710e-04
4.5740004e+03 1.3656159e-03
4.5759995e+03 1.6958371e-03
4.5779997e+03 6.5119058e-04
4.5800002e+03 5.2489489e-05
4.5820004e+03 4.6162819e-04
4.5839998e+03 1.2552708e-03
4.5859988e+03 1.4655014e-03
4.5879996e+03 1.9333707e-03
4.5900007e+03 1.6884351e-03
4.5920008e+03 1.7526670e-03
4.5939986e+03 1.2588318e-03
4.5960002e+03 1.8580282e-03
4.5979995e+03 2.1324905e-04
4.5999999e+03 9.0551615e-04
4.6020005e+03 7.6946721e-04
4.6040008e+03 8.5579162e-04
4.6060003e+03 8.4395433e-04
4.6079999e+03 4.2837107e-04
4.6099987e+03 2.5350088e-04
4.6119992e+03 2.4619154e-04
4.6139999e+03 1.3614394e-03
4.6159998e+03 6.7963405e-04
4.6180013e+03 1.7915091e-04
4.6200005e+03 -2.5335173e-04
4.6220013e+03 -1.8990618e-04
4.6239997e+03 5.7683949e-04
4.6259994e+03 4.1000903e-04
4.6279991e+03 1.2378641e-03
4.6300007e+03 1.1668243e-03
4.6319992e+03 1.0229821e-03
4.6340000e+03 3.3113742e-04
4.6359999e+03 5.2755895e-05
4.6379994e+03 -2.4793539e-04
4.6400006e+03 4.7990095e-04
4.6419999e+03 1.0615886e-03
4.6440004e+03 6.8475149e-04
4.6460005e+03 8.7584776e-04
4.6480002e+03 7.0227811e-04
4.6499990e+03 1.1137933e-03
4.6520001e+03 1.0931162e-03
4.6540007e+03 -3.1403860e-04
4.6560005e+03 6.6730665e-04
4.6580003e+03 8.3162991e-04
4.6599992e+03 3.4662336e-04
4.6620004e+03 4.2567533e-04
4.6640007e+03 -3.7853501e-04
4.6660005e+03 -6.7043240e-04
4.6679999e+03 -3.2345793e-05
4.6699994e+03 3.8874432e-04
4.6720002e+03 3.0162034e-04
4.6739978e+03 8.9137182e-05
4.6759998e+03 2.9369601e-04
4.6779992e+03 4.9579953e-04
4.6800004e+03 1.0742141e-03
4.6820006e+03 8.1178889e-04
4.6840009e+03 6.1407761e-04
4.6860002e+03 6.0249702e-04
4.6879997e+03 4.7499588e-04
4.6900003e+03 3.0819094e-04
4.6920004e+03 4.5241750e-04
4.6940007e+03 -5.2971696e-04
4.6959999e+03 -3.6012325e-06
4.6980009e+03 1.1222138e-04
4.6999993e+03 3.0900483e-04
4.7020015e+03 2.9139285e-04
4.7040005e+03 1.2192086e-04
4.7059997e+03 3.2380768e-04
4.7080005e+03 1.1813608e-04
4.7100004e+03 1.8625331e-05
4.7120003e+03 4.2380259e-04
4.7139992e+03 -4.9255112e-05
4.7160003e+03 4.1426669e-04
4.7180004e+03 8.4271822e-05
4.7200001e+03 7.6512122e-05
4.7219992e+03 -4.9815059e-04
4.7240001e+03 -2.6575240e-04
4.7260004e+03 2.9006094e-04
4.7280003e+03 2.2101526e-06
4.7299997e+03 3.2500134e-04
4.7320008e+03 6.3644839e-04
4.7340014e+03 3.5078498e-04
4.7359987e+03 -2.4971904e-04
4.7380005e+03 1.7001109e-04
4.7399990e+03 1.1716022e-04
4.7419998e+03 4.3687567e-05
4.7439995e+03 4.3554866e-04
4.7459987e+03 4.0601776e-04
4.7480001e+03 -2.3431852e-04
4.7500005e+03 -3.0099138e-05
4.7520003e+03 2.0099169e-04
4.7539997e+03 2.4163668e-04
4.7560007e+03 5.6941953e-04
4.7580012e+03 -1.5116065e-04
4.7600006e+03 -1.3462637e-04
4.7620000e+03 -1.6429054e-04
4.7640011e+03 -1.1330497e-04
4.7659989e+03 4.0351716e-04
4.7680011e+03 1.5535972e-04
4.7700001e+03 3.0093222e-05
4.7720012e+03 -1.7337651e-04
4.7740013e+03 -1.2372906e-04
4.7760008e+03 -1.5680805e-04
4.7779997e+03 2.1948830e-04
4.7800004e+03 3.7160426e-04
4.7820004e+03 1.5219438e-04
4.7839999e+03 2.5718191e-04
4.7860011e+03 -4.0564925e-04
4.7879995e+03 -3.6774413e-04
4.7899990e+03 -2.0301485e-04
4.7919985e+03 -1.1227948e-04
4.7939996e+03 5.2794196e-05
4.7959996e+03 -1.4501982e-04
4.7979996e+03 2.2782740e-04
4.8000008e+03 2.1343605e-04
4.8019990e+03 1.6953444e-04
4.8039990e+03 1.9031807e-04
4.8060011e+03 2.7304929e-04
4.8079999e+03 1.7989727e-04
4.8100003e+03 2.6902035e-04
4.8120001e+03 -3.9364473e-05
4.8139993e+03 1.1382942e-04
4.8159997e+03 1.2955160e-04
4.8179999e+03 2.2227326e-04
4.8199996e+03 1.9270550e-04
4.8220009e+03 6.3852305e-05
4.8239988e+03 2.6248532e-04
4.8260012e+03 4.1030429e-04
4.8280001e+03 1.5199602e-04
4.8300007e+03 4.0785308e-05
4.8319984e+03 5.9536160e-05
4.8340006e+03 -2.2012919e-05
4.8359993e+03 -6.8117828e-05
4.8379997e+03 8.1002683e-05
4.8399994e+03 5.6553701e-05
4.8420008e+03 7.5951219e-05
4.8439992e+03 3.0230964e-05
4.8460016e+03 2.2821994e-04
4.8480005e+03 2.0694501e-04
4.8499993e+03 1.1569613e-04
4.8519992e+03 1.6137667e-05
4.8540013e+03 1.1037321e-04
4.8559999e+03 8.1948921e-05
4.8580007e+03 -6.6690482e-05
4.8599980e+03 2.6442323e-05
4.8619992e+03 5.6155401e-05
4.8640004e+03 1.7538804e-04
4.8660003e+03 -1.4316020e-04
4.8679995e+03 -7.1569884e-05
4.8700004e+03 -6.4847103e-05
4.8720006e+03 8.0635858e-05
4.8740001e+03 1.0503539e-04
4.8759983e+03 1.6760657e-04
4.8779988e+03 1.6451180e-04
4.8800009e+03 6.3064713e-06
4.8819995e+03 -2.4000241e-04
4.8840002e+03 2.7191714e-05
4.8860000e+03 1.0151732e-04
4.8879988e+03 3.6188092e-05
4.8899995e+03 1.3823067e-04
4.8919992e+03 -1.4611981e-04
4.8940009e+03 -1.2284137e-04
4.8959992e+03 -1.5709957e-04
4.8979991e+03 4.4538094e-05
4.9000007e+03 5.4663720e-05
4.9019992e+03 6.3884276e-05
4.9039994e+03 -1.2999583e-05
4.9060011e+03 8.0569880e-05
4.9079996e+03 -4.2149561e-05
4.9099996e+03 -7.1826951e-05
4.9119989e+03 7.8299367e-05
4.9140002e+03 -3.7386521e-06
4.9160004e+03 -6.3128209e-05
4.9179996e+03 4.5439174e-05
4.9200007e+03 -4.0822538e-06
4.9220011e+03 7.3862509e-05
4.9239981e+03 -5.9759070e-05
4.9259991e+03 9.5306488e-05
4.9279996e+03 9.6829419e-05
4.9299991e+03 1.7200393e-04
4.9320002e+03 5.7147441e-05
4.9340002e+03 1.2260738e-04
4.9359998e+03 1.0335883e-05
4.9380010e+03 1.2077347e-05
4.9399988e+03 3.4992618e-06
4.9420006e+03 -2.7051060e-06
4.9439992e+03 -6.3118117e-05
4.9459994e+03 -9.4927709e-05
4.9479989e+03 -3.1361473e-05
4.9500000e+03 -1.9136067e-05
4.9520003e+03 3.0894742e-05
4.9539995e+03 2.4335002e-05
4.9560007e+03 -2.2127806e-05
4.9580007e+03 -2.5278692e-05
4.9600000e+03 -7.2032533e-05
4.9620009e+03 3.2702817e-05
4.9640010e+03 5.3129053e-05
4.9660003e+03 -1.0624254e-04
4.9680012e+03 -6.0247021e-05
4.9699986e+03 -3.2106775e-05
4.9720003e+03 8.9776586e-05
4.9740009e+03 7.8953773e-05
4.9760008e+03 -3.8567159e-06
4.9779998e+03 -1.8420049e-05
4.9800004e+03 1.3136912e-05
4.9820002e+03 1.2994006e-04
4.9840012e+03 2.4948049e-05
4.9859994e+03 2.0123140e-05
4.9879988e+03 8.3179897e-05
4.9899999e+03 4.9698647e-05
4.9920004e+03 8.0132042e-05
4.9939998e+03 3.2594919e-05
4.9960008e+03 -3.5217039e-05
4.9980007e+03 6.7799745e-05
5.0000000e+03 7.5169031e-05
5.0020009e+03 0.0000000e+00
5.0040007e+03 0.0000000e+00
5.0059996e+03 0.0000000e+00
5.0080001e+03 0.0000000e+00
5.0099998e+03 0.0000000e+00
5.0120011e+03 0.0000000e+00
5.0139990e+03 0.0000000e+00
5.0160011e+03 0.0000000e+00
5.0179994e+03 0.0000000e+00
5.0199997e+03 0.0000000e+00
5.0219988e+03 0.0000000e+00
5.0239995e+03 0.0000000e+00
5.0259994e+03 0.0000000e+00
5.0280008e+03 0.0000000e+00
5.0299989e+03 0.0000000e+00
5.0320010e+03 0.0000000e+00
5.0339998e+03 0.0000000e+00
5.0359998e+03 0.0000000e+00
5.0379990e+03 0.0000000e+00
5.0400001e+03 0.0000000e+00
5.0419999e+03 0.0000000e+00
5.0440014e+03 0.0000000e+00
5.0459995e+03 0.0000000e+00
5.0479988e+03 0.0000000e+00
5.0500001e+03 0.0000000e+00
5.0520004e+03 0.0000000e+00
5.0539995e+03 0.0000000e+00
5.0560002e+03 0.0000000e+00
5.0580000e+03 0.0000000e+00
5.0599988e+03 0.0000000e+00
5.0619993e+03 0.0000000e+00
5.0639988e+03 0.0000000e+00
5.0659999e+03 0.0000000e+00
5.0679998e+03 0.0000000e+00
5.0700015e+03 0.0000000e+00
5.0719995e+03 0.0000000e+00
5.0739991e+03 0.0000000e+00
5.0760003e+03 0.0000000e+00
5.0779980e+03 0.0000000e+00
5.0799998e+03 0.0000000e+00
5.0820006e+03 0.0000000e+00
5.0840005e+03 0.0000000e+00
5.0859991e+03 0.0000000e+00
5.0879993e+03 0.0000000e+00
5.0900014e+03 0.0000000e+00
5.0919997e+03 0.0000000e+00
5.0939996e+03 0.0000000e+00
5.0960010e+03 0.0000000e+00
5.0979989e+03 0.0000000e+00
5.1000007e+03 0.0000000e+00
5.1019992e+03 0.0000000e+00
5.1039990e+03 0.0000000e+00
5.1060006e+03 0.0000000e+00
5.1079984e+03 0.0000000e+00
5.1099978e+03 0.0000000e+00
5.1119988e+03 0.0000000e+00
5.1139987e+03 0.0000000e+00
5.1160002e+03 0.0000000e+00
5.1180008e+03 0.0000000e+00
5.1200000e+03 0.0000000e+00
5.1220008e+03 0.0000000e+00
5.1240009e+03 0.0000000e+00
5.1259997e+03 0.0000000e+00
5.1280000e+03 0.0000000e+00
5.1299993e+03 0.0000000e+00
5.1320002e+03 0.0000000e+00
5.1340001e+03 0.0000000e+00
5.1360012e+03 0.0000000e+00
5.1379991e+03 0.0000000e+00
5.1400007e+03 0.0000000e+00
5.1419988e+03 0.0000000e+00
5.1440013e+03 0.0000000e+00
5.1459998e+03 0.0000000e+00
5.1480000e+03 0.0000000e+00
5.1499987e+03 0.0000000e+00
5.1519994e+03 0.0000000e+00
5.1539990e+03 0.0000000e+00
5.1559998e+03 0.0000000e+00
5.1580000e+03 0.0000000e+00
5.1600013e+03 0.0000000e+00
5.1619990e+03 0.0000000e+00
5.1640008e+03 0.0000000e+00
5.1659990e+03 0.0000000e+00
5.1680014e+03 0.0000000e+00
5.1700000e+03 0.0000000e+00
5.1719999e+03 0.0000000e+00
5.1739991e+03 0.0000000e+00
5.1759995e+03 0.0000000e+00
5.1779988e+03 0.0000000e+00
5.1799999e+03 0.0000000e+00
5.1819997e+03 0.0000000e+00
5.1840010e+03 0.0000000e+00
5.1860013e+03 0.0000000e+00
5.1880001e+03 0.0000000e+00
5.1900008e+03 0.0000000e+00
5.1920001e+03 0.0000000e+00
5.1940012e+03 0.0000000e+00
5.1960009e+03 0.0000000e+00
5.1979996e+03 0.0000000e+00
5.1999997e+03 0.0000000e+00
5.2019988e+03 0.0000000e+00
5.2039994e+03 0.0000000e+00
5.2059989e+03 0.0000000e+00
5.2079996e+03 0.0000000e+00
5.2099995e+03 0.0000000e+00
5.2120006e+03 0.0000000e+00
5.2140009e+03 0.0000000e+00
5.2159998e+03 0.0000000e+00
5.2180002e+03 0.0000000e+00
5.2199995e+03 0.0000000e+00
5.2220004e+03 0.0000000e+00
5.2240000e+03 0.0000000e+00
5.2260009e+03 0.0000000e+00
5.2280010e+03 0.0000000e+00
5.2299996e+03 0.0000000e+00
5.2320001e+03 0.0000000e+00
5.2339991e+03 0.0000000e+00
5.2359996e+03 0.0000000e+00
5.2379990e+03 0.0000000e+00
5.2399999e+03 0.0000000e+00
5.2419997e+03 0.0000000e+00
5.2440006e+03 0.0000000e+00
5.2460007e+03 0.0000000e+00
5.2479994e+03 0.0000000e+00
5.2499998e+03 0.0000000e+00
5.2519988e+03 0.0000000e+00
5.2539993e+03 0.0000000e+00
5.2559986e+03 0.0000000e+00
5.2579995e+03 0.0000000e+00
5.2599992e+03 0.0000000e+00
5.2620003e+03 0.0000000e+00
5.2640000e+03 0.0000000e+00
5.2659988e+03 0.0000000e+00
5.2679988e+03 0.0000000e+00
5.2700007e+03 0.0000000e+00
5.2720010e+03 0.0000000e+00
5.2740001e+03 0.0000000e+00
5.2760008e+03 0.0000000e+00
5.2780002e+03 0.0000000e+00
5.2800012e+03 0.0000000e+00
5.2820006e+03 0.0000000e+00
5.2839992e+03 0.0000000e+00
5.2859989e+03 0.0000000e+00
5.2880004e+03 0.0000000e+00
5.2900004e+03 0.0000000e+00
5.2919992e+03 0.0000000e+00
5.2939995e+03 0.0000000e+00
5.2959986e+03 0.0000000e+00
5.2979992e+03 0.0000000e+00
5.3000013e+03 0.0000000e+00
5.3019991e+03 0.0000000e+00
5.3039987e+03 0.0000000e+00
5.3059995e+03 0.0000000e+00
5.3079994e+03 0.0000000e+00
5.3100004e+03 0.0000000e+00
5.3120003e+03 0.0000000e+00
5.3139988e+03 0.0000000e+00
5.3159989e+03 0.0000000e+00
5.3180005e+03 0.0000000e+00
5.3200008e+03 0.0000000e+00
5.3219995e+03 0.0000000e+00
5.3240000e+03 0.0000000e+00
5.3259990e+03 0.0000000e+00
5.3279998e+03 0.0000000e+00
5.3299990e+03 0.0000000e+00
5.3319996e+03 0.0000000e+00
5.3339990e+03 0.0000000e+00
5.3359999e+03 0.0000000e+00
5.3379996e+03 0.0000000e+00
5.3400003e+03 0.0000000e+00
5.3420002e+03 0.0000000e+00
5.3439984e+03 0.0000000e+00
5.3460012e+03 0.0000000e+00
5.3479996e+03 0.0000000e+00
5.3499995e+03 0.0000000e+00
5.3520012e+03 0.0000000e+00
5.3540013e+03 0.0000000e+00
5.3560001e+03 0.0000000e+00
5.3580000e+03 0.0000000e+00
5.3599990e+03 0.0000000e+00
5.3619994e+03 0.0000000e+00
5.3640010e+03 0.0000000e+00
5.3660017e+03 0.0000000e+00
5.3680006e+03 0.0000000e+00
5.3700011e+03 0.0000000e+00
5.3720002e+03 0.0000000e+00
5.3740008e+03 0.0000000e+00
5.3760001e+03 0.0000000e+00
5.3780009e+03 0.0000000e+00
5.3800003e+03 0.0000000e+00
5.3820008e+03 0.0000000e+00
5.3840004e+03 0.0000000e+00
5.3860011e+03 0.0000000e+00
5.3880008e+03 0.0000000e+00
5.3899989e+03 0.0000000e+00
5.3919983e+03 0.0000000e+00
5.3939993e+03 0.0000000e+00
5.3959989e+03 0.0000000e+00
5.3980000e+03 0.0000000e+00
5.3999994e+03 0.0000000e+00
5.4020006e+03 0.0000000e+00
5.4040005e+03 0.0000000e+00
5.4059986e+03 0.0000000e+00
5.4079982e+03 0.0000000e+00
5.4099996e+03 0.0000000e+00
5.4119994e+03 0.0000000e+00
5.4140005e+03 0.0000000e+00
5.4160003e+03 0.0000000e+00
5.4180016e+03 0.0000000e+00
5.4200015e+03 0.0000000e+00
5.4219996e+03 0.0000000e+00
5.4239996e+03 0.0000000e+00
5.4260007e+03 0.0000000e+00
5.4280007e+03 0.0000000e+00
5.4299990e+03 0.0000000e+00
5.4319987e+03 0.0000000e+00
5.4340000e+03 0.0000000e+00
5.4359998e+03 0.0000000e+00
5.4380010e+03 0.0000000e+00
5.4400009e+03 0.0000000e+00
5.4419990e+03 0.0000000e+00
5.4439989e+03 0.0000000e+00
5.4460003e+03 0.0000000e+00
5.4479999e+03 0.0000000e+00
5.4500010e+03 0.0000000e+00
5.4520010e+03 0.0000000e+00
5.4539992e+03 0.0000000e+00
5.4559988e+03 0.0000000e+00
5.4580000e+03 0.0000000e+00
5.4599996e+03 0.0000000e+00
5.4620004e+03 0.0000000e+00
5.4640001e+03 0.0000000e+00
5.4660013e+03 0.0000000e+00
5.4680006e+03 0.0000000e+00
5.4699985e+03 0.0000000e+00
5.4720012e+03 0.0000000e+00
5.4739991e+03 0.0000000e+00
5.4759984e+03 0.0000000e+00
5.4779992e+03 0.0000000e+00
5.4799986e+03 0.0000000e+00
5.4819994e+03 0.0000000e+00
5.4840016e+03 0.0000000e+00
5.4859991e+03 0.0000000e+00
5.4880014e+03 0.0000000e+00
5.4899988e+03 0.0000000e+00
5.4920010e+03 0.0000000e+00
5.4940014e+03 0.0000000e+00
5.4960003e+03 0.0000000e+00
5.4980006e+03 0.0000000e+00
5.4999994e+03 0.0000000e+00
5.5019997e+03 0.0000000e+00
5.5040015e+03 0.0000000e+00
5.5060017e+03 0.0000000e+00
5.5080000e+03 0.0000000e+00
5.5100002e+03 0.0000000e+00
5.5119985e+03 0.0000000e+00
5.5140016e+03 0.0000000e+00
5.5159998e+03 0.0000000e+00
5.5179995e+03 0.0000000e+00
5.5200006e+03 0.0000000e+00
5.5220002e+03 0.0000000e+00
5.5240013e+03 0.0000000e+00
5.5260008e+03 0.0000000e+00
5.5279984e+03 0.0000000e+00
5.5300008e+03 0.0000000e+00
5.5320017e+03 0.0000000e+00
5.5340007e+03 0.0000000e+00
5.5360011e+03 0.0000000e+00
5.5379999e+03 0.0000000e+00
5.5400006e+03 0.0000000e+00
5.5419994e+03 0.0000000e+00
5.5439995e+03 0.0000000e+00
5.5460012e+03 0.0000000e+00
5.5480009e+03 0.0000000e+00
5.5499994e+03 0.0000000e+00
5.5519993e+03 0.0000000e+00
5.5540003e+03 0.0000000e+00
5.5560002e+03 0.0000000e+00
5.5580011e+03 0.0000000e+00
5.5600004e+03 0.0000000e+00
5.5620015e+03 0.0000000e+00
5.5640006e+03 0.0000000e+00
5.5660012e+03 0.0000000e+00
5.5679999e+03 0.0000000e+00
5.5700003e+03 0.0000000e+00
5.5719992e+03 0.0000000e+00
5.5739995e+03 0.0000000e+00
5.5760008e+03 0.0000000e+00
5.5779975e+03 0.0000000e+00
5.5799991e+03 0.0000000e+00
5.5819987e+03 0.0000000e+00
5.5839997e+03 0.0000000e+00
5.5859994e+03 0.0000000e+00
5.5880003e+03 0.0000000e+00
5.5899991e+03 0.0000000e+00
5.5919997e+03 0.0000000e+00
5.5939987e+03 0.0000000e+00
5.5959992e+03 0.0000000e+00
5.5980007e+03 0.0000000e+00
5.6000009e+03 0.0000000e+00
5.6019992e+03 0.0000000e+00
5.6039992e+03 0.0000000e+00
5.6060003e+03 0.0000000e+00
5.6079997e+03 0.0000000e+00
5.6100006e+03 0.0000000e+00
5.6119998e+03 0.0000000e+00
5.6140005e+03 0.0000000e+00
5.6159995e+03 0.0000000e+00
5.6179995e+03 0.0000000e+00
5.6200013e+03 0.0000000e+00
5.6220015e+03 0.0000000e+00
5.6239996e+03 0.0000000e+00
5.6259992e+03 0.0000000e+00
5.6280006e+03 0.0000000e+00
5.6299999e+03 0.0000000e+00
5.6320006e+03 0.0000000e+00
5.6339996e+03 0.0000000e+00
5.6360001e+03 0.0000000e+00
5.6379989e+03 0.0000000e+00
5.6399987e+03 0.0000000e+00
5.6419972e+03 0.0000000e+00
5.6440003e+03 0.0000000e+00
5.6460012e+03 0.0000000e+00
5.6480009e+03 0.0000000e+00
5.6500016e+03 0.0000000e+00
5.6520006e+03 0.0000000e+00
5.6540010e+03 0.0000000e+00
5.6559996e+03 0.0000000e+00
5.6579997e+03 0.0000000e+00
5.6599981e+03 0.0000000e+00
5.6620011e+03 0.0000000e+00
5.6639992e+03 0.0000000e+00
5.6659986e+03 0.0000000e+00
5.6679992e+03 0.0000000e+00
5.6700015e+03 0.0000000e+00
5.6719985e+03 0.0000000e+00
5.6740002e+03 0.0000000e+00
5.6760004e+03 0.0000000e+00
5.6780017e+03 0.0000000e+00
5.6800013e+03 0.0000000e+00
5.6819991e+03 0.0000000e+00
5.6840014e+03 0.0000000e+00
5.6859985e+03 0.0000000e+00
5.6880005e+03 0.0000000e+00
5.6900008e+03 0.0000000e+00
5.6919989e+03 0.0000000e+00
5.6939989e+03 0.0000000e+00
5.6959998e+03 0.0000000e+00
5.6979994e+03 0.0000000e+00
5.6999999e+03 0.0000000e+00
5.7019987e+03 0.0000000e+00
5.7039989e+03 0.0000000e+00
5.7060006e+03 0.0000000e+00
5.7080004e+03 0.0000000e+00
5.7100016e+03 0.0000000e+00
5.7120011e+03 0.0000000e+00
5.7140015e+03 0.0000000e+00
5.7160006e+03 0.0000000e+00
5.7180007e+03 0.0000000e+00
5.7199993e+03 0.0000000e+00
5.7219990e+03 0.0000000e+00
5.7240001e+03 0.0000000e+00
5.7259993e+03 0.0000000e+00
5.7280000e+03 0.0000000e+00
5.7299988e+03 0.0000000e+00
5.7319991e+03 0.0000000e+00
5.7340007e+03 0.0000000e+00
5.7360006e+03 0.0000000e+00
5.7379986e+03 0.0000000e+00
5.7400008e+03 0.0000000e+00
5.7420016e+03 0.0000000e+00
5.7440002e+03 0.0000000e+00
5.7460005e+03 0.0000000e+00
5.7480019e+03 0.0000000e+00
5.7500014e+03 0.0000000e+00
5.7519991e+03 0.0000000e+00
5.7540014e+03 0.0000000e+00
5.7559986e+03 0.0000000e+00
5.7580005e+03 0.0000000e+00
5.7600005e+03 0.0000000e+00
5.7620015e+03 0.0000000e+00
5.7640010e+03 0.0000000e+00
5.7659983e+03 0.0000000e+00
5.7680006e+03 0.0000000e+00
5.7700007e+03 0.0000000e+00
5.7719993e+03 0.0000000e+00
5.7739988e+03 0.0000000e+00
5.7759998e+03 0.0000000e+00
5.7779989e+03 0.0000000e+00
5.7799993e+03 0.0000000e+00
5.7820012e+03 0.0000000e+00
5.7840012e+03 0.0000000e+00
5.7859988e+03 0.0000000e+00
5.7879983e+03 0.0000000e+00
5.7899992e+03 0.0000000e+00
5.7920010e+03 0.0000000e+00
5.7940013e+03 0.0000000e+00
5.7959994e+03 0.0000000e+00
5.7979988e+03 0.0000000e+00
5.8000000e+03 0.0000000e+00
5.8019989e+03 0.0000000e+00
5.8039991e+03 0.0000000e+00
5.8060008e+03 0.0000000e+00
5.8080005e+03 0.0000000e+00
5.8100012e+03 0.0000000e+00
5.8120004e+03 0.0000000e+00
5.8140009e+03 0.0000000e+00
5.8159992e+03 0.0000000e+00
5.8179992e+03 0.0000000e+00
5.8200002e+03 0.0000000e+00
5.8219992e+03 0.0000000e+00
5.8240000e+03 0.0000000e+00
5.8260018e+03 0.0000000e+00
5.8280017e+03 0.0000000e+00
5.8299996e+03 0.0000000e+00
5.8319989e+03 0.0000000e+00
5.8339995e+03 0.0000000e+00
5.8360015e+03 0.0000000e+00
5.8380012e+03 0.0000000e+00
5.8399993e+03 0.0000000e+00
5.8419983e+03 0.0000000e+00
5.8439992e+03 0.0000000e+00
5.8460010e+03 0.0000000e+00
5.8480012e+03 0.0000000e+00
5.8499991e+03 0.0000000e+00
5.8520016e+03 0.0000000e+00
5.8539989e+03 0.0000000e+00
5.8560009e+03 0.0000000e+00
5.8580008e+03 0.0000000e+00
5.8599988e+03 0.0000000e+00
5.8620015e+03 0.0000000e+00
5.8639985e+03 0.0000000e+00
5.8660006e+03 0.0000000e+00
5.8680006e+03 0.0000000e+00
5.8699983e+03 0.0000000e+00
5.8720011e+03 0.0000000e+00
5.8740015e+03 0.0000000e+00
5.8759999e+03 0.0000000e+00
5.8779996e+03 0.0000000e+00
5.8800008e+03 0.0000000e+00
5.8819998e+03 0.0000000e+00
5.8840003e+03 0.0000000e+00
5.8859987e+03 0.0000000e+00
5.8879985e+03 0.0000000e+00
5.8899997e+03 0.0000000e+00
5.8919983e+03 0.0000000e+00
5.8939988e+03 0.0000000e+00
5.8960007e+03 0.0000000e+00
5.8980000e+03 0.0000000e+00
5.9000007e+03 0.0000000e+00
5.9019999e+03 0.0000000e+00
5.9039999e+03 0.0000000e+00
5.9060013e+03 0.0000000e+00
5.9080006e+03 0.0000000e+00
5.9100013e+03 0.0000000e+00
5.9120000e+03 0.0000000e+00
5.9140000e+03 0.0000000e+00
5.9160009e+03 0.0000000e+00
5.9180002e+03 0.0000000e+00
5.9200008e+03 0.0000000e+00
5.9219989e+03 0.0000000e+00
5.9239988e+03 0.0000000e+00
5.9259997e+03 0.0000000e+00
5.9279984e+03 0.0000000e+00
5.9299989e+03 0.0000000e+00
5.9320004e+03 0.0000000e+00
5.9339998e+03 0.0000000e+00
5.9360005e+03 0.0000000e+00
5.9379991e+03 0.0000000e+00
5.9399990e+03 0.0000000e+00
5.9419999e+03 0.0000000e+00
5.9439991e+03 0.0000000e+00
5.9459997e+03 0.0000000e+00
5.9480012e+03 0.0000000e+00
5.9500010e+03 0.0000000e+00
5.9519982e+03 0.0000000e+00
5.9540007e+03 0.0000000e+00
5.9560006e+03 0.0000000e+00
5.9579984e+03 0.0000000e+00
5.9600011e+03 0.0000000e+00
5.9619981e+03 0.0000000e+00
5.9639999e+03 0.0000000e+00
5.9659996e+03 0.0000000e+00
5.9680007e+03 0.0000000e+00
5.9699996e+03 0.0000000e+00
5.9719998e+03 0.0000000e+00
5.9740010e+03 0.0000000e+00
5.9760004e+03 0.0000000e+00
5.9780008e+03 0.0000000e+00
5.9799994e+03 0.0000000e+00
5.9819989e+03 0.0000000e+00
5.9839998e+03 0.0000000e+00
5.9859990e+03 0.0000000e+00
5.9879990e+03 0.0000000e+00
5.9900004e+03 0.0000000e+00
5.9919996e+03 0.0000000e+00
5.9940001e+03 0.0000000e+00
5.9959981e+03 0.0000000e+00
5.9980013e+03 0.0000000e+00
