2.5000000e+03 0.0000000e+00
2.5020003e+03 0.0000000e+00
2.5040001e+03 0.0000000e+00
2.5059999e+03 0.0000000e+00
2.5079999e+03 0.0000000e+00
2.5099999e+03 0.0000000e+00
2.5119998e+03 0.0000000e+00
2.5139998e+03 0.0000000e+00
2.5159999e+03 0.0000000e+00
2.5179999e+03 0.0000000e+00
2.5200000e+03 0.0000000e+00
2.5220001e+03 0.0000000e+00
2.5240000e+03 0.0000000e+00
2.5260002e+03 0.0000000e+00
2.5280001e+03 0.0000000e+00
2.5300001e+03 0.0000000e+00
2.5320000e+03 0.0000000e+00
2.5339999e+03 0.0000000e+00
2.5359998e+03 0.0000000e+00
2.5380001e+03 0.0000000e+00
2.5399999e+03 0.0000000e+00
2.5420003e+03 0.0000000e+00
2.5439997e+03 0.0000000e+00
2.5459999e+03 0.0000000e+00
2.5479999e+03 0.0000000e+00
2.5499997e+03 0.0000000e+00
2.5520001e+03 0.0000000e+00
2.5539999e+03 0.0000000e+00
2.5560000e+03 0.0000000e+00
2.5580001e+03 0.0000000e+00
2.5600000e+03 0.0000000e+00
2.5619998e+03 0.0000000e+00
2.5640000e+03 0.0000000e+00
2.5660001e+03 0.0000000e+00
2.5680000e+03 0.0000000e+00
2.5699997e+03 0.0000000e+00
2.5720000e+03 0.0000000e+00
2.5740000e+03 0.0000000e+00
2.5759997e+03 0.0000000e+00
2.5779999e+03 0.0000000e+00
2.5800000e+03 0.0000000e+00
2.5819998e+03 0.0000000e+00
2.5840000e+03 0.0000000e+00
2.5860000e+03 0.0000000e+00
2.5879997e+03 0.0000000e+00
2.5900000e+03 0.0000000e+00
2.5919999e+03 0.0000000e+00
2.5940000e+03 0.0000000e+00
2.5960000e+03 0.0000000e+00
2.5979998e+03 0.0000000e+00
2.5999999e+03 0.0000000e+00
2.6019997e+03 0.0000000e+00
2.6039998e+03 0.0000000e+00
2.6059996e+03 0.0000000e+00
2.6079999e+03 0.0000000e+00
2.6099998e+03 0.0000000e+00
2.6120000e+03 0.0000000e+00
2.6139998e+03 0.0000000e+00
2.6160001e+03 0.0000000e+00
2.6179998e+03 0.0000000e+00
2.6200000e+03 0.0000000e+00
2.6219996e+03 0.0000000e+00
2.6239997e+03 0.0000000e+00
2.6260001e+03 0.0000000e+00
2.6280000e+03 0.0000000e+00
2.6300003e+03 0.0000000e+00
2.6320000e+03 0.0000000e+00
2.6340001e+03 0.0000000e+00
2.6359998e+03 0.0000000e+00
2.6380004e+03 0.0000000e+00
2.6399999e+03 0.0000000e+00
2.6420003e+03 0.0000000e+00
2.6440002e+03 0.0000000e+00
2.6459996e+03 0.0000000e+00
2.6480000e+03 0.0000000e+00
2.6500000e+03 0.0000000e+00
2.6520000e+03 0.0000000e+00
2.6540004e+03 0.0000000e+00
2.6560001e+03 0.0000000e+00
2.6580001e+03 0.0000000e+00
2.6600004e+03 0.0000000e+00
2.6620000e+03 0.0000000e+00
2.6639999e+03 0.0000000e+00
2.6659998e+03 0.0000000e+00
2.6680000e+03 0.0000000e+00
2.6700002e+03 0.0000000e+00
2.6720001e+03 0.0000000e+00
2.6739998e+03 0.0000000e+00
2.6759999e+03 0.0000000e+00
2.6780000e+03 0.0000000e+00
2.6800002e+03 0.0000000e+00
2.6819998e+03 0.0000000e+00
2.6840003e+03 0.0000000e+00
2.6860001e+03 0.0000000e+00
2.6880000e+03 0.0000000e+00
2.6900001e+03 0.0000000e+00
2.6920002e+03 0.0000000e+00
2.6940004e+03 0.0000000e+00
2.6959999e+03 0.0000000e+00
2.6980002e+03 0.0000000e+00
2.6999997e+03 0.0000000e+00
2.7020002e+03 0.0000000e+00
2.7039998e+03 0.0000000e+00
2.7060004e+03 0.0000000e+00
2.7080002e+03 0.0000000e+00
2.7099998e+03 0.0000000e+00
2.7119998e+03 0.0000000e+00
2.7140004e+03 0.0000000e+00
2.7160001e+03 0.0000000e+00
2.7179999e+03 0.0000000e+00
2.7200005e+03 0.0000000e+00
2.7219995e+03 0.0000000e+00
2.7239999e+03 0.0000000e+00
2.7260005e+03 0.0000000e+00
2.7280001e+03 0.0000000e+00
2.7299998e+03 0.0000000e+00
2.7320001e+03 0.0000000e+00
2.7339996e+03 0.0000000e+00
2.7359999e+03 0.0000000e+00
2.7379999e+03 0.0000000e+00
2.7400000e+03 0.0000000e+00
2.7420001e+03 0.0000000e+00
2.7439999e+03 0.0000000e+00
2.7459998e+03 0.0000000e+00
2.7480001e+03 0.0000000e+00
2.7499997e+03 0.0000000e+00
2.7520000e+03 0.0000000e+00
2.7540000e+03 0.0000000e+00
2.7560000e+03 0.0000000e+00
2.7579999e+03 0.0000000e+00
2.7600003e+03 0.0000000e+00
2.7619999e+03 0.0000000e+00
2.7640000e+03 0.0000000e+00
2.7659999e+03 0.0000000e+00
2.7679998e+03 0.0000000e+00
2.7700003e+03 0.0000000e+00
2.7720005e+03 0.0000000e+00
2.7739997e+03 0.0000000e+00
2.7760004e+03 0.0000000e+00
2.7780001e+03 0.0000000e+00
2.7800002e+03 0.0000000e+00
2.7820003e+03 0.0000000e+00
2.7839999e+03 0.0000000e+00
2.7860003e+03 0.0000000e+00
2.7879996e+03 0.0000000e+00
2.7900003e+03 0.0000000e+00
2.7919998e+03 0.0000000e+00
2.7940001e+03 0.0000000e+00
2.7959999e+03 0.0000000e+00
2.7980004e+03 0.0000000e+00
2.7999997e+03 0.0000000e+00
2.8020004e+03 0.0000000e+00
2.8039999e+03 0.0000000e+00
2.8059999e+03 0.0000000e+00
2.8080005e+03 0.0000000e+00
2.8099999e+03 0.0000000e+00
2.8119998e+03 0.0000000e+00
2.8140003e+03 0.0000000e+00
2.8160003e+03 0.0000000e+00
2.8180001e+03 0.0000000e+00
2.8200001e+03 0.0000000e+00
2.8220001e+03 0.0000000e+00
2.8239997e+03 0.0000000e+00
2.8259995e+03 0.0000000e+00
2.8279998e+03 0.0000000e+00
2.8299999e+03 0.0000000e+00
2.8320004e+03 0.0000000e+00
2.8340004e+03 0.0000000e+00
2.8360001e+03 0.0000000e+00
2.8380002e+03 0.0000000e+00
2.8399998e+03 0.0000000e+00
2.8419999e+03 0.0000000e+00
2.8440003e+03 0.0000000e+00
2.8459995e+03 0.0000000e+00
2.8479999e+03 0.0000000e+00
2.8500000e+03 0.0000000e+00
2.8520003e+03 0.0000000e+00
2.8540002e+03 0.0000000e+00
2.8559997e+03 0.0000000e+00
2.8580003e+03 0.0000000e+00
2.8599997e+03 0.0000000e+00
2.8620000e+03 0.0000000e+00
2.8640000e+03 0.0000000e+00
2.8659995e+03 0.0000000e+00
2.8680003e+03 0.0000000e+00
2.8699996e+03 0.0000000e+00
2.8720001e+03 0.0000000e+00
2.8740001e+03 0.0000000e+00
2.8759996e+03 0.0000000e+00
2.8780001e+03 0.0000000e+00
2.8800002e+03 0.0000000e+00
2.8819997e+03 0.0000000e+00
2.8840003e+03 0.0000000e+00
2.8859996e+03 0.0000000e+00
2.8879999e+03 0.0000000e+00
2.8899997e+03 0.0000000e+00
2.8919998e+03 0.0000000e+00
2.8940000e+03 0.0000000e+00
2.8959997e+03 0.0000000e+00
2.8979997e+03 0.0000000e+00
2.9000000e+03 0.0000000e+00
2.9020004e+03 0.0000000e+00
2.9040002e+03 0.0000000e+00
2.9060002e+03 0.0000000e+00
2.9079996e+03 0.0000000e+00
2.9100001e+03 0.0000000e+00
2.9120000e+03 0.0000000e+00
2.9140000e+03 0.0000000e+00
2.9160003e+03 0.0000000e+00
2.9179999e+03 0.0000000e+00
2.9200005e+03 0.0000000e+00
2.9220004e+03 0.0000000e+00
2.9239998e+03 0.0000000e+00
2.9260000e+03 0.0000000e+00
2.9279996e+03 0.0000000e+00
2.9300002e+03 0.0000000e+00
2.9320001e+03 0.0000000e+00
2.9340003e+03 0.0000000e+00
2.9360006e+03 0.0000000e+00
2.9380000e+03 0.0000000e+00
2.9399995e+03 0.0000000e+00
2.9420001e+03 0.0000000e+00
2.9440001e+03 0.0000000e+00
2.9460000e+03 0.0000000e+00
2.9480003e+03 0.0000000e+00
2.9499995e+03 0.0000000e+00
2.9519999e+03 0.0000000e+00
2.9540003e+03 0.0000000e+00
2.9560000e+03 0.0000000e+00
2.9579996e+03 0.0000000e+00
2.9600004e+03 0.0000000e+00
2.9620003e+03 0.0000000e+00
2.9640001e+03 0.0000000e+00
2.9660002e+03 0.0000000e+00
2.9680002e+03 0.0000000e+00
2.9700004e+03 0.0000000e+00
2.9719996e+03 0.0000000e+00
2.9739997e+03 0.0000000e+00
2.9760000e+03 0.0000000e+00
2.9780003e+03 0.0000000e+00
2.9799997e+03 0.0000000e+00
2.9820000e+03 0.0000000e+00
2.9839995e+03 0.0000000e+00
2.9859999e+03 0.0000000e+00
2.9880002e+03 0.0000000e+00
2.9899997e+03 0.0000000e+00
2.9919999e+03 0.0000000e+00
2.9940004e+03 0.0000000e+00
2.9959998e+03 0.0000000e+00
2.9980001e+03 0.0000000e+00
3.0000003e+03 0.0000000e+00
3.0019996e+03 0.0000000e+00
3.0039998e+03 0.0000000e+00
3.0060000e+03 0.0000000e+00
3.0080001e+03 0.0000000e+00
3.0100001e+03 0.0000000e+00
3.0120001e+03 0.0000000e+00
3.0139999e+03 0.0000000e+00
3.0160000e+03 0.0000000e+00
3.0179998e+03 0.0000000e+00
3.0200002e+03 0.0000000e+00
3.0220000e+03 0.0000000e+00
3.0240003e+03 0.0000000e+00
3.0259996e+03 0.0000000e+00
3.0279999e+03 0.0000000e+00
3.0300000e+03 0.0000000e+00
3.0320000e+03 0.0000000e+00
3.0339999e+03 0.0000000e+00
3.0359996e+03 0.0000000e+00
3.0380003e+03 0.0000000e+00
3.0399996e+03 0.0000000e+00
3.0419999e+03 0.0000000e+00
3.0440002e+03 0.0000000e+00
3.0460002e+03 0.0000000e+00
3.0479998e+03 0.0000000e+00
3.0500005e+03 0.0000000e+00
3.0519999e+03 0.0000000e+00
3.0540002e+03 0.0000000e+00
3.0560003e+03 0.0000000e+00
3.0580001e+03 0.0000000e+00
3.0599998e+03 0.0000000e+00
3.0620002e+03 0.0000000e+00
3.0639996e+03 0.0000000e+00
3.0659995e+03 0.0000000e+00
3.0680005e+03 0.0000000e+00
3.0699999e+03 0.0000000e+00
3.0720003e+03 0.0000000e+00
3.0739994e+03 0.0000000e+00
3.0760002e+03 0.0000000e+00
3.0779999e+03 0.0000000e+00
3.0800003e+03 0.0000000e+00
3.0820003e+03 0.0000000e+00
3.0840002e+03 0.0000000e+00
3.0859998e+03 0.0000000e+00
3.0879999e+03 0.0000000e+00
3.0899999e+03 0.0000000e+00
3.0919996e+03 0.0000000e+00
3.0940000e+03 0.0000000e+00
3.0960000e+03 0.0000000e+00
3.0980000e+03 0.0000000e+00
3.0999996e+03 0.0000000e+00
3.1019996e+03 0.0000000e+00
3.1040005e+03 0.0000000e+00
3.1060001e+03 0.0000000e+00
3.1080003e+03 0.0000000e+00
3.1100000e+03 0.0000000e+00
3.1119997e+03 0.0000000e+00
3.1139998e+03 0.0000000e+00
3.1159997e+03 0.0000000e+00
3.1180000e+03 0.0000000e+00
3.1200003e+03 0.0000000e+00
3.1220000e+03 0.0000000e+00
3.1240004e+03 0.0000000e+00
3.1260002e+03 0.0000000e+00
3.1280000e+03 0.0000000e+00
3.1300002e+03 0.0000000e+00
3.1320001e+03 0.0000000e+00
3.1340004e+03 0.0000000e+00
3.1359996e+03 0.0000000e+00
3.1380002e+03 0.0000000e+00
3.1400005e+03 0.0000000e+00
3.1420002e+03 0.0000000e+00
3.1439995e+03 0.0000000e+00
3.1459997e+03 0.0000000e+00
3.1480000e+03 0.0000000e+00
3.1500001e+03 0.0000000e+00
3.1519997e+03 0.0000000e+00
3.1540001e+03 0.0000000e+00
3.1559997e+03 0.0000000e+00
3.1580001e+03 0.0000000e+00
3.1600001e+03 0.0000000e+00
3.1620004e+03 0.0000000e+00
3.1640004e+03 0.0000000e+00
3.1659996e+03 0.0000000e+00
3.1679997e+03 0.0000000e+00
3.1700002e+03 0.0000000e+00
3.1720002e+03 0.0000000e+00
3.1739995e+03 0.0000000e+00
3.1759996e+03 0.0000000e+00
3.1780000e+03 0.0000000e+00
3.1800000e+03 0.0000000e+00
3.1819996e+03 0.0000000e+00
3.1839994e+03 0.0000000e+00
3.1860000e+03 0.0000000e+00
3.1879999e+03 0.0000000e+00
3.1900003e+03 0.0000000e+00
3.1920000e+03 0.0000000e+00
3.1940003e+03 0.0000000e+00
3.1960003e+03 0.0000000e+00
3.1980003e+03 0.0000000e+00
3.2000000e+03 0.0000000e+00
3.2020000e+03 0.0000000e+00
3.2039995e+03 0.0000000e+00
3.2059995e+03 0.0000000e+00
3.2079999e+03 0.0000000e+00
3.2099999e+03 0.0000000e+00
3.2120001e+03 0.0000000e+00
3.2139997e+03 0.0000000e+00
3.2159999e+03 0.0000000e+00
3.2180002e+03 0.0000000e+00
3.2200000e+03 0.0000000e+00
3.2220002e+03 0.0000000e+00
3.2239999e+03 0.0000000e+00
3.2260000e+03 0.0000000e+00
3.2279994e+03 0.0000000e+00
3.2300001e+03 0.0000000e+00
3.2320003e+03 0.0000000e+00
3.2340000e+03 0.0000000e+00
3.2359997e+03 0.0000000e+00
3.2380002e+03 0.0000000e+00
3.2399998e+03 0.0000000e+00
3.2419996e+03 0.0000000e+00
3.2440000e+03 0.0000000e+00
3.2459996e+03 0.0000000e+00
3.2479996e+03 0.0000000e+00
3.2500000e+03 0.0000000e+00
3.2519997e+03 0.0000000e+00
3.2539996e+03 0.0000000e+00
3.2560002e+03 0.0000000e+00
3.2579998e+03 0.0000000e+00
3.2599995e+03 0.0000000e+00
3.2619999e+03 0.0000000e+00
3.2639994e+03 0.0000000e+00
3.2660003e+03 0.0000000e+00
3.2679994e+03 0.0000000e+00
3.2700000e+03 0.0000000e+00
3.2719996e+03 0.0000000e+00
3.2739998e+03 0.0000000e+00
3.2760001e+03 0.0000000e+00
3.2779995e+03 0.0000000e+00
3.2799994e+03 0.0000000e+00
3.2819995e+03 0.0000000e+00
3.2840001e+03 0.0000000e+00
3.2859995e+03 0.0000000e+00
3.2879995e+03 0.0000000e+00
3.2899997e+03 0.0000000e+00
3.2920001e+03 0.0000000e+00
3.2939997e+03 0.0000000e+00
3.2960007e+03 0.0000000e+00
3.2979995e+03 0.0000000e+00
3.3000001e+03 0.0000000e+00
3.3019995e+03 0.0000000e+00
3.3039993e+03 0.0000000e+00
3.3060004e+03 0.0000000e+00
3.3079995e+03 0.0000000e+00
3.3100001e+03 0.0000000e+00
3.3119997e+03 0.0000000e+00
3.3139995e+03 0.0000000e+00
3.3159996e+03 0.0000000e+00
3.3179997e+03 0.0000000e+00
3.3200001e+03 0.0000000e+00
3.3219997e+03 0.0000000e+00
3.3239995e+03 0.0000000e+00
3.3259995e+03 0.0000000e+00
3.3279995e+03 0.0000000e+00
3.3300001e+03 0.0000000e+00
3.3320006e+03 0.0000000e+00
3.3340002e+03 1.7052474e-03
3.3359999e+03 9.5941934e-05
3.3380000e+03 -5.8671960e-04
3.3400000e+03 2.0910578e-03
3.3420003e+03 1.5064519e-03
3.3440008e+03 -3.6350181e-04
3.3460001e+03 7.4997610e-05
3.3479999e+03 -5.8049382e-06
3.3499996e+03 1.4611527e-03
3.3520007e+03 -1.3237803e-03
3.3539997e+03 -1.8079823e-03
3.3559997e+03 1.2930735e-03
3.3580002e+03 1.4351248e-03
3.3599995e+03 2.6907958e-03
3.3620001e+03 -2.9117467e-03
3.3639994e+03 1.1747436e-04
3.3660004e+03 -8.4891228e-04
3.3680001e+03 -1.4255799e-03
3.3700002e+03 -1.5298456e-03
3.3719999e+03 -5.7022204e-04
3.3740001e+03 1.1433340e-03
3.3760004e+03 -7.8572572e-04
3.3779995e+03 -1.7289860e-04
3.3799998e+03 -5.2058301e-04
3.3820002e+03 9.0150902e-04
3.3839997e+03 -2.1200486e-04
3.3860004e+03 1.7383678e-03
3.3879998e+03 -1.6924586e-03
3.3900005e+03 5.3586793e-04
3.3920002e+03 -1.7218490e-03
3.3940000e+03 -9.1923628e-04
3.3959996e+03 3.6703111e-04
3.3980007e+03 1.0094710e-03
3.4000005e+03 1.8541564e-03
3.4019993e+03 9.8643079e-04
3.4040004e+03 -1.1679505e-03
3.4060002e+03 1.7775984e-03
3.4080004e+03 -1.9399952e-03
3.4100003e+03 1.8249135e-04
3.4119992e+03 1.5232721e-03
3.4140005e+03 -1.0368460e-03
3.4159995e+03 2.7768239e-03
3.4179995e+03 1.6059734e-04
3.4199995e+03 1.6459120e-03
3.4219995e+03 9.5606950e-04
3.4239997e+03 5.0813204e-04
3.4259998e+03 -7.2850485e-04
3.4279997e+03 -2.2205596e-03
3.4300000e+03 7.9938740e-04
3.4320000e+03 7.2758907e-05
3.4340000e+03 -3.9616125e-06
3.4359998e+03 7.8421662e-04
3.4379998e+03 1.5499523e-03
3.4399996e+03 -3.1732435e-03
3.4419995e+03 5.3115195e-04
3.4440004e+03 3.2479349e-03
3.4460003e+03 -1.5353570e-03
3.4480001e+03 -7.9035776e-04
3.4499996e+03 -2.6443441e-04
3.4519992e+03 -6.7652675e-04
3.4539999e+03 3.6857327e-04
3.4559994e+03 -1.2513159e-03
3.4580000e+03 -1.7101838e-03
3.4600004e+03 9.8905899e-04
3.4619998e+03 -3.3952142e-04
3.4640001e+03 2.1031101e-03
3.4660004e+03 -2.5414527e-04
3.4680003e+03 1.3542362e-03
3.4700005e+03 -2.1200685e-03
3.4720003e+03 4.9727561e-04
3.4740004e+03 1.8777794e-03
3.4759998e+03 -2.2947467e-03
3.4779995e+03 -4.6787825e-03
3.4800003e+03 -1.5923734e-03
3.4819995e+03 -1.0685980e-03
3.4840002e+03 4.0064389e-03
3.4860005e+03 -5.7404354e-04
3.4879995e+03 -1.7185630e-03
3.4899993e+03 2.2505501e-03
3.4920005e+03 -1.7426537e-03
3.4940002e+03 -2.2059128e-04
3.4959997e+03 -2.0715403e-03
3.4979992e+03 4.9603067e-04
3.4999997e+03 -1.5511175e-04
3.5020002e+03 -1.8242828e-03
3.5040002e+03 4.7231157e-04
3.5060004e+03 -2.7441073e-04
3.5080002e+03 2.4593340e-03
3.5099999e+03 -3.1414570e-03
3.5120007e+03 1.3161182e-03
3.5139998e+03 7.2938774e-04
3.5159999e+03 -1.1311331e-03
3.5180003e+03 -1.4017997e-03
3.5200002e+03 -5.1780423e-04
3.5219999e+03 1.8205030e-03
3.5239992e+03 1.6034404e-03
3.5259999e+03 1.9884922e-03
3.5280001e+03 2.7706448e-03
3.5300001e+03 1.6959335e-03
3.5320000e+03 -1.0394308e-03
3.5339997e+03 -1.3719469e-04
3.5360004e+03 2.2556148e-03
3.5379995e+03 -1.5889896e-03
3.5399998e+03 -4.2352825e-04
3.5419997e+03 -1.4238931e-03
3.5440006e+03 -1.5426533e-03
3.5459998e+03 -1.1420323e-03
3.5480003e+03 -3.6739506e-04
3.5500007e+03 -1.4817214e-03
3.5520005e+03 3.4833332e-03
3.5540001e+03 3.0553057e-03
3.5560007e+03 -2.6702217e-03
3.5579995e+03 -6.5758958e-04
3.5599997e+03 4.1475254e-03
3.5619993e+03 1.4512012e-03
3.5640003e+03 1.9691428e-03
3.5660007e+03 2.4745152e-03
3.5680008e+03 1.3618694e-03
3.5699992e+03 1.0894249e-05
3.5720001e+03 -2.6408704e-03
3.5739992e+03 -2.3838978e-03
3.5759996e+03 1.0754035e-03
3.5780007e+03 2.3822600e-03
3.5800002e+03 1.8930509e-03
3.5820005e+03 -1.3320770e-03
3.5840008e+03 -7.3681964e-04
3.5859992e+03 -1.3205743e-03
3.5879999e+03 1.5120223e-04
3.5900006e+03 -6.0066388e-05
3.5920003e+03 -4.0904970e-07
3.5940001e+03 -2.4899177e-03
3.5959996e+03 3.1779548e-03
3.5979998e+03 1.9696014e-05
3.5999996e+03 3.3646324e-04
3.6020004e+03 -1.3245153e-03
3.6039996e+03 -3.9322102e-03
3.6059998e+03 -1.1899848e-04
3.6079996e+03 1.7313800e-03
3.6100001e+03 5.7201978e-04
3.6120003e+03 -1.1206629e-03
3.6140001e+03 2.4738573e-03
3.6159996e+03 -2.0746155e-04
3.6180000e+03 2.6228598e-03
3.6200000e+03 -2.4489997e-05
3.6219994e+03 -1.6083379e-03
3.6239998e+03 2.0964209e-03
3.6259997e+03 1.6625641e-03
3.6279993e+03 -3.3785789e-03
3.6299999e+03 3.0976810e-04
3.6320000e+03 -1.1375025e-03
3.6339995e+03 7.2514283e-04
3.6360002e+03 -2.3791326e-05
3.6380002e+03 2.3644473e-03
3.6399998e+03 2.0955419e-03
3.6420003e+03 -2.4480359e-03
3.6440001e+03 -9.3837641e-04
3.6459998e+03 -8.1063947e-04
3.6480001e+03 -6.0770230e-04
3.6499999e+03 4.0756552e-03
3.6519994e+03 2.4946476e-04
3.6539998e+03 4.9609778e-04
3.6559997e+03 2.1497968e-04
3.6580005e+03 1.0355718e-03
3.6600006e+03 -1.2610505e-03
3.6620002e+03 -3.2796324e-04
3.6639994e+03 1.8467137e-03
3.6659995e+03 8.7423727e-04
3.6680005e+03 3.5753581e-04
3.6699997e+03 2.2964911e-03
3.6719994e+03 -2.5750261e-03
3.6740000e+03 2.2153719e-04
3.6760004e+03 3.3403825e-04
3.6780001e+03 -2.6258437e-03
3.6800003e+03 -2.5885331e-03
3.6820003e+03 -2.6873914e-03
3.6839999e+03 -1.6845403e-03
3.6860000e+03 2.1771083e-03
3.6879996e+03 -1.5368576e-03
3.6900000e+03 -1.7178926e-03
3.6920000e+03 4.2224911e-04
3.6939994e+03 1.8900168e-03
3.6959997e+03 2.7704440e-04
3.6979991e+03 -1.7502559e-03
3.6999998e+03 2.9345037e-04
3.7019995e+03 -8.4825867e-04
3.7040001e+03 -1.0584997e-03
3.7060002e+03 -1.6895034e-04
3.7079994e+03 2.6776248e-03
3.7099998e+03 -2.1580877e-03
3.7119992e+03 1.6592073e-03
3.7139999e+03 -1.7041017e-03
3.7159996e+03 -2.7821278e-03
3.7180002e+03 1.5561912e-03
3.7199999e+03 3.9049536e-03
3.7219994e+03 -8.0727774e-04
3.7239996e+03 9.4828871e-04
3.7260003e+03 1.3917593e-03
3.7279991e+03 1.5834264e-03
3.7300001e+03 1.9771124e-03
3.7320005e+03 -7.4780261e-04
3.7340003e+03 6.3929759e-04
3.7360008e+03 1.3495901e-03
3.7379991e+03 1.0244888e-03
3.7399995e+03 -2.2774437e-04
3.7419997e+03 -1.0196381e-03
3.7440003e+03 3.0175745e-04
3.7460003e+03 -1.2083034e-03
3.7479994e+03 8.2866274e-05
3.7499995e+03 1.9129265e-04
3.7520001e+03 1.5760185e-03
3.7540004e+03 -8.2798178e-06
3.7559998e+03 -1.8363965e-03
3.7579999e+03 1.5408128e-03
3.7600007e+03 2.0050108e-03
3.7620009e+03 -8.6250680e-04
3.7640001e+03 1.7372764e-03
3.7660004e+03 2.8851975e-04
3.7679998e+03 -1.0115362e-03
3.7699998e+03 -1.8317176e-03
3.7719992e+03 2.3543797e-03
3.7740007e+03 -9.8796771e-04
3.7760002e+03 1.2946198e-03
3.7780001e+03 -1.2617252e-03
3.7799996e+03 1.9429033e-03
3.7819995e+03 1.5250064e-03
3.7840001e+03 3.1040478e-03
3.7860000e+03 8.0181501e-04
3.7879993e+03 7.0704184e-05
3.7900007e+03 1.1450045e-03
3.7919996e+03 -2.4071385e-03
3.7939995e+03 -2.2794181e-04
3.7959999e+03 9.5593376e-04
3.7979995e+03 -4.1863928e-03
3.7999998e+03 -2.3864899e-03
3.8019994e+03 8.5576304e-04
3.8039997e+03 6.1045802e-04
3.8060006e+03 -1.6615324e-03
3.8080005e+03 -1.7470305e-03
3.8099997e+03 1.7313531e-03
3.8119999e+03 2.4773632e-04
3.8140004e+03 -5.6010135e-03
3.8160002e+03 2.7148178e-04
3.8180003e+03 1.4465334e-03
3.8200000e+03 2.6938694e-03
3.8220004e+03 1.1901824e-04
3.8239997e+03 1.9958965e-03
3.8259996e+03 -1.4980626e-04
3.8280002e+03 -2.2104490e-03
3.8300000e+03 9.5147104e-04
3.8320005e+03 -6.4004003e-04
3.8340001e+03 -4.0741442e-03
3.8360001e+03 -4.9239560e-04
3.8379997e+03 -2.9482371e-03
3.8399995e+03 -3.3758690e-03
3.8420000e+03 -5.9275248e-04
3.8439997e+03 -1.8897665e-03
3.8460000e+03 6.5922301e-04
3.8479995e+03 7.1248919e-04
3.8499993e+03 -5.1250687e-04
3.8520001e+03 -9.3729811e-04
3.8539997e+03 -2.3062504e-04
3.8559999e+03 -1.7759410e-03
3.8579993e+03 1.5596902e-03
3.8599993e+03 2.3356102e-04
3.8619999e+03 1.8848050e-03
3.8639997e+03 5.2034901e-04
3.8659997e+03 1.8432189e-04
3.8680007e+03 1.4920970e-03
3.8700005e+03 -5.3903990e-04
3.8719994e+03 7.2443443e-05
3.8740004e+03 1.5406985e-03
3.8760005e+03 1.3649742e-03
3.8779998e+03 9.5645670e-04
3.8799993e+03 -1.1189814e-04
3.8819997e+03 -2.2693516e-03
3.8840004e+03 -1.8540364e-03
3.8860002e+03 -7.9840340e-04
3.8880005e+03 7.3819526e-04
3.8900000e+03 -9.5695624e-04
3.8920000e+03 6.5366889e-04
3.8940007e+03 2.0963605e-03
3.8960000e+03 -2.7918522e-03
3.8980003e+03 2.4735711e-03
3.8999993e+03 -5.4585258e-04
3.9020003e+03 -3.0483524e-04
3.9040005e+03 1.3937756e-03
3.9059997e+03 -4.2293011e-04
3.9079994e+03 1.1116927e-03
3.9099997e+03 -4.2817320e-04
3.9120002e+03 -3.2386261e-03
3.9140002e+03 -2.2179720e-03
3.9160003e+03 -2.1241624e-03
3.9179994e+03 -5.9383578e-04
3.9200006e+03 -6.2250707e-04
3.9220008e+03 9.9390128e-04
3.9240001e+03 -1.9498020e-03
3.9259995e+03 1.4110494e-03
3.9279998e+03 1.9760563e-03
3.9300003e+03 -3.7257181e-04
3.9319998e+03 -1.9700653e-03
3.9340002e+03 -1.4307682e-04
3.9360008e+03 2.3516950e-03
3.9380000e+03 3.4982713e-03
3.9400000e+03 4.9506086e-03
3.9420006e+03 2.9510299e-03
3.9439998e+03 -2.2888468e-03
3.9459999e+03 7.6895760e-04
3.9480001e+03 1.8060051e-03
3.9499993e+03 -5.7571434e-04
3.9519990e+03 2.3426649e-03
3.9540008e+03 1.6819446e-03
3.9559999e+03 -3.2082926e-03
3.9579992e+03 3.1865379e-04
3.9600009e+03 1.2475727e-03
3.9619996e+03 2.2326971e-03
3.9640004e+03 -2.0088153e-03
3.9660005e+03 2.2170476e-03
3.9680006e+03 3.7537009e-04
3.9699994e+03 3.3716327e-03
3.9719990e+03 2.4405601e-04
3.9740006e+03 4.8760958e-03
3.9759992e+03 1.8804419e-04
3.9780002e+03 7.2124193e-04
3.9799997e+03 2.1064586e-03
3.9819997e+03 8.0148988e-05
3.9840002e+03 -3.3562223e-04
3.9859996e+03 -5.8437773e-04
3.9879994e+03 -4.2931308e-04
3.9899993e+03 -1.9638971e-03
3.9920000e+03 1.7511545e-03
3.9939993e+03 5.7278149e-04
3.9960009e+03 4.0337635e-04
3.9979994e+03 -5.6663773e-04
4.0000000e+03 -1.4816143e-05
4.0019994e+03 2.5952130e-03
4.0040009e+03 2.5499847e-03
4.0059992e+03 3.9587491e-03
4.0080000e+03 -1.3391072e-03
4.0100011e+03 -7.2736182e-04
4.0120007e+03 2.9700887e-03
4.0139992e+03 -3.1866496e-03
4.0159997e+03 9.4801479e-04
4.0180006e+03 1.2604238e-03
4.0200003e+03 1.4600331e-03
4.0220004e+03 2.5174816e-03
4.0240006e+03 3.1263067e-03
4.0259999e+03 1.6544879e-03
4.0279993e+03 1.8089769e-03
4.0300011e+03 -9.1558509e-04
4.0319997e+03 5.8674412e-03
4.0340002e+03 2.9238441e-03
4.0359996e+03 3.4049803e-03
4.0380010e+03 4.4886701e-04
4.0399991e+03 2.6494849e-03
4.0419997e+03 -2.0485055e-05
4.0440002e+03 1.6626281e-03
4.0459999e+03 2.1856108e-03
4.0479996e+03 5.8878656e-03
4.0499997e+03 3.1690663e-04
4.0520001e+03 2.9773633e-03
4.0539994e+03 4.3368799e-04
4.0560005e+03 1.9245679e-03
4.0580001e+03 -2.2378680e-03
4.0600004e+03 -1.5822492e-03
4.0619990e+03 -2.2756718e-03
4.0640001e+03 -3.5003710e-03
4.0659994e+03 -3.7931241e-04
4.0680008e+03 -7.7647949e-04
4.0700008e+03 -2.1692365e-03
4.0719996e+03 2.2539019e-03
4.0740000e+03 5.8951823e-04
4.0760011e+03 8.4497657e-04
4.0780009e+03 2.3952387e-03
4.0800007e+03 -6.4738607e-04
4.0819992e+03 -3.1686948e-05
4.0839996e+03 -4.5172355e-04
4.0860003e+03 -2.4665747e-04
4.0879998e+03 1.7374818e-03
4.0899996e+03 4.1264612e-03
4.0919997e+03 1.9971870e-03
4.0939997e+03 -1.4655751e-03
4.0960004e+03 2.4025184e-03
4.0979994e+03 -1.3097365e-03
4.1000008e+03 2.5451099e-04
4.1020004e+03 2.0627421e-03
4.1040003e+03 1.6507409e-03
4.1060006e+03 1.7038593e-03
4.1079995e+03 1.0190716e-05
4.1099999e+03 3.9774887e-03
4.1119994e+03 -6.4577349e-04
4.1140004e+03 4.7268003e-04
4.1160005e+03 1.9943960e-04
4.1180004e+03 9.2765765e-04
4.1199990e+03 1.2961215e-03
4.1219995e+03 1.4082129e-03
4.1240003e+03 2.3503783e-03
4.1259997e+03 -2.7346838e-04
4.1279994e+03 3.3143975e-04
4.1300011e+03 2.7453047e-03
4.1320009e+03 -6.5491407e-04
4.1339993e+03 4.3735505e-04
4.1360001e+03 2.5466576e-03
4.1380007e+03 2.5848015e-03
4.1399999e+03 -4.2997088e-04
4.1420011e+03 1.5516910e-03
4.1440008e+03 -3.6563579e-04
4.1460008e+03 3.6059769e-03
4.1479989e+03 2.8454997e-03
4.1500011e+03 3.6283847e-04
4.1519997e+03 -2.6255008e-03
4.1540002e+03 -3.4168141e-04
4.1559998e+03 -4.3926277e-04
4.1580008e+03 -6.1037875e-04
4.1600004e+03 3.3201526e-03
4.1620002e+03 4.4488275e-05
4.1639998e+03 2.5054009e-03
4.1660000e+03 -1.9855546e-03
4.1680005e+03 -9.3303871e-04
4.1699991e+03 -4.2410302e-03
4.1720001e+03 2.7499039e-04
4.1739991e+03 1.3401168e-03
4.1760001e+03 4.7362065e-03
4.1779995e+03 -1.1836403e-03
4.1800009e+03 -1.0016855e-03
4.1820008e+03 -1.4977651e-03
4.1840008e+03 8.8210398e-04
4.1859990e+03 -3.7224466e-04
4.1880012e+03 2.3702021e-04
4.1899997e+03 6.7128381e-04
4.1920002e+03 5.0870917e-04
4.1939995e+03 4.6198349e-04
4.1960003e+03 2.5493177e-04
4.1979996e+03 -1.3826193e-03
4.2000008e+03 2.8632605e-03
4.2020001e+03 3.5876159e-03
4.2039999e+03 -8.2685670e-05
4.2059999e+03 -2.7576201e-03
4.2079997e+03 -1.5024082e-03
4.2099996e+03 -1.3422100e-03
4.2120002e+03 -6.5451051e-04
4.2140004e+03 2.2342319e-03
4.2159991e+03 -3.7106783e-03
4.2179997e+03 -1.1458623e-03
4.2200005e+03 -1.9010074e-03
4.2219997e+03 1.5911007e-03
4.2240003e+03 3.4214623e-04
4.2259998e+03 -7.4688054e-04
4.2280007e+03 4.3055363e-04
4.2300005e+03 -2.7359583e-04
4.2320000e+03 4.3216767e-03
4.2339996e+03 -2.3455757e-03
4.2359994e+03 -5.1220716e-03
4.2379993e+03 -2.5079187e-03
4.2399993e+03 1.8815749e-04
4.2420012e+03 2.7869919e-03
4.2439993e+03 -2.0433895e-03
4.2459997e+03 -2.7145327e-03
4.2479998e+03 -1.5236022e-03
4.2500005e+03 4.2464212e-03
4.2520008e+03 4.4137580e-04
4.2539995e+03 -8.6523988e-04
4.2560001e+03 -9.2611014e-04
4.2579990e+03 1.1510332e-03
4.2599998e+03 8.0286991e-04
4.2620007e+03 -1.2334562e-03
4.2639994e+03 -4.2347689e-03
4.2660005e+03 3.4070942e-03
4.2679995e+03 -4.9042952e-04
4.2700008e+03 -6.7479420e-04
4.2720000e+03 -4.0457309e-03
4.2739992e+03 4.2332415e-03
4.2760004e+03 -5.1573792e-04
4.2779998e+03 -6.7116361e-04
4.2800011e+03 5.9117246e-03
4.2820007e+03 -3.2933613e-03
4.2839999e+03 4.3539872e-04
4.2859997e+03 -1.3191218e-04
4.2879990e+03 -8.8979863e-03
4.2900007e+03 3.8046485e-03
4.2920002e+03 -1.5780965e-03
4.2939998e+03 3.8909288e-03
4.2959994e+03 9.6665826e-05
4.2979991e+03 5.3613447e-04
4.3000006e+03 2.4781206e-03
4.3020004e+03 -1.9608228e-03
4.3040003e+03 3.3870323e-03
4.3059997e+03 8.7345915e-04
4.3079997e+03 -4.2517460e-03
4.3099992e+03 -1.5959365e-03
4.3119988e+03 -1.7097180e-03
4.3140007e+03 -2.6464544e-03
4.3160003e+03 4.1547008e-03
4.3180000e+03 -1.7660885e-03
4.3199998e+03 -1.9473613e-04
4.3219995e+03 1.1219739e-03
4.3239988e+03 2.2752585e-03
4.3260005e+03 6.9153216e-04
4.3280003e+03 1.1788267e-03
4.3299997e+03 2.7014434e-04
4.3319991e+03 1.2777575e-05
4.3340008e+03 7.7151164e-04
4.3360002e+03 6.1421812e-04
4.3379996e+03 -4.7507955e-04
4.3400009e+03 -1.2992596e-03
4.3420004e+03 4.7642799e-04
4.3439998e+03 -2.7418910e-03
4.3460006e+03 -3.2550197e-03
4.3480001e+03 -1.1870877e-03
4.3499991e+03 4.5393611e-04
4.3520003e+03 8.5755368e-04
4.3539993e+03 9.7128045e-04
4.3560001e+03 -2.2920542e-03
4.3579990e+03 -1.1791060e-04
4.3600002e+03 -3.2309713e-04
4.3620009e+03 -1.6374928e-03
4.3639993e+03 -8.9998951e-04
4.3660000e+03 1.5400545e-03
4.3680006e+03 2.5844811e-03
4.3699989e+03 3.7778702e-03
4.3719995e+03 1.0688130e-03
4.3739996e+03 3.1418239e-03
4.3760001e+03 4.5126239e-03
4.3780001e+03 1.4324388e-03
4.3800001e+03 1.9679402e-03
4.3820000e+03 -1.1948126e-03
4.3839999e+03 7.8149367e-04
4.3859997e+03 -1.6349390e-03
4.3879990e+03 2.6544902e-04
4.3900005e+03 3.4359444e-03
4.3920002e+03 -1.4489616e-03
4.3939993e+03 9.3609747e-04
4.3960007e+03 4.2927000e-04
4.3979996e+03 3.0721776e-04
4.4000004e+03 -2.3759464e-03
4.4019993e+03 1.7913101e-04
4.4039999e+03 2.5753411e-03
4.4060005e+03 1.2792383e-03
4.4079991e+03 -4.7915336e-04
4.4099995e+03 1.7878052e-03
4.4119998e+03 1.9503229e-03
4.4139995e+03 1.3848958e-03
4.4159997e+03 -2.1881210e-03
4.4179992e+03 -8.9684449e-04
4.4200006e+03 2.4621247e-03
4.4220005e+03 2.1058677e-03
4.4239998e+03 -1.0371907e-03
4.4260009e+03 2.5391881e-04
4.4279999e+03 2.8041953e-03
4.4300008e+03 7.7655510e-04
4.4319992e+03 3.1710139e-03
4.4339998e+03 -1.7167042e-03
4.4360004e+03 2.1412598e-03
4.4380003e+03 5.6689011e-04
4.4400006e+03 1.1133828e-03
4.4420003e+03 -8.5788197e-04
4.4439999e+03 2.1955231e-03
4.4459998e+03 2.2228663e-03
4.4480010e+03 -7.6263619e-04
4.4500002e+03 1.7961535e-03
4.4520012e+03 5.7517583e-03
4.4539996e+03 3.6165104e-03
4.4560003e+03 2.7491066e-03
4.4580008e+03 4.3502296e-03
4.4600007e+03 4.9296538e-03
4.4620010e+03 3.0912245e-03
4.4640006e+03 8.0004511e-03
4.4660006e+03 2.1546399e-03
4.4679999e+03 3.8036995e-03
4.4700010e+03 4.1964152e-03
4.4719999e+03 6.1915168e-03
4.4740007e+03 2.5752441e-03
4.4759994e+03 9.1660116e-03
4.4779998e+03 9.4126873e-03
4.4799996e+03 1.0881458e-02
4.4819997e+03 1.0615989e-02
4.4839991e+03 1.2929064e-02
4.4860008e+03 1.1668667e-02
4.4879999e+03 7.5122011e-03
4.4899987e+03 1.2325099e-02
4.4919999e+03 1.2928754e-02
4.4940004e+03 1.6318819e-02
4.4960006e+03 1.6859794e-02
4.4980007e+03 1.7521644e-02
4.5000006e+03 1.8006749e-02
4.5019998e+03 2.4826584e-02
4.5039993e+03 3.2496314e-02
4.5060005e+03 2.8763168e-02
4.5079991e+03 2.9283924e-02
4.5100000e+03 3.7863508e-02
4.5120001e+03 4.1625876e-02
4.5140000e+03 4.9509026e-02
4.5159997e+03 5.6793224e-02
4.5179997e+03 6.6865936e-02
4.5200009e+03 7.6164462e-02
4.5220000e+03 8.6790465e-02
4.5240003e+03 1.0205590e-01
4.5259989e+03 1.2133500e-01
4.5279992e+03 1.4755011e-01
4.5300013e+03 1.7292050e-01
4.5320007e+03 2.0789680e-01
4.5339998e+03 2.4533470e-01
4.5359992e+03 2.9243791e-01
4.5379998e+03 3.5101631e-01
4.5400002e+03 4.1296560e-01
4.5420004e+03 4.8907951e-01
4.5440003e+03 5.6719887e-01
4.5459999e+03 6.5522510e-01
4.5479993e+03 7.3587632e-01
4.5500004e+03 8.1567889e-01
4.5520013e+03 8.8708162e-01
4.5539994e+03 9.4093418e-01
4.5559997e+03 9.7814089e-01
4.5579993e+03 1.0000000e+00
4.5600011e+03 9.9663842e-01
4.5620001e+03 9.9652642e-01
4.5640009e+03 9.9395871e-01
4.5659993e+03 9.7509128e-01
4.5679995e+03 9.6345681e-01
4.5699994e+03 9.4606388e-01
4.5719991e+03 9.3119901e-01
4.5740004e+03 9.1182399e-01
4.5759995e+03 8.9154261e-01
4.5779997e+03 8.6232632e-01
4.5800002e+03 8.2440019e-01
4.5820004e+03 7.7387112e-01
4.5839998e+03 7.2185272e-01
4.5859988e+03 6.6197252e-01
4.5879996e+03 5.9200722e-01
4.5900007e+03 5.2859157e-01
4.5920008e+03 4.5769191e-01
4.5939986e+03 3.9352751e-01
4.5960002e+03 3.3561039e-01
4.5979995e+03 2.8492099e-01
4.5999999e+03 2.5096250e-01
4.6020005e+03 2.0999470e-01
4.6040008e+03 1.7325620e-01
4.6060003e+03 1.4991990e-01
4.6079999e+03 1.2552680e-01
4.6099987e+03 1.0332030e-01
4.6119992e+03 9.0051860e-02
4.6139999e+03 7.4297555e-02
4.6159998e+03 6.3696593e-02
4.6180013e+03 5.2238904e-02
4.6200005e+03 4.5263268e-02
4.6220013e+03 3.8972344e-02
4.6239997e+03 3.1711612e-02
4.6259994e+03 2.7970962e-02
4.6279991e+03 2.4993600e-02
4.6300007e+03 2.2885945e-02
4.6319992e+03 2.1230929e-02
4.6340000e+03 1.8301267e-02
4.6359999e+03 1.2899352e-02
4.6379994e+03 1.2936166e-02
4.6400006e+03 1.1108486e-02
4.6419999e+03 9.3773613e-03
4.6440004e+03 1.0891877e-02
4.6460005e+03 9.5817866e-03
4.6480002e+03 1.1432689e-02
4.6499990e+03 7.2580492e-03
4.6520001e+03 5.6050140e-03
4.6540007e+03 5.4820371e-03
4.6560005e+03 4.5051957e-03
4.6580003e+03 5.9159854e-03
4.6599992e+03 5.0317030e-03
4.6620004e+03 4.6853796e-03
4.6640007e+03 3.7303951e-03
4.6660005e+03 3.5940963e-03
4.6679999e+03 3.8489790e-03
4.6699994e+03 1.1388256e-03
4.6720002e+03 3.1465110e-03
4.6739978e+03 2.7097918e-03
4.6759998e+03 2.2665965e-03
4.6779992e+03 1.3741320e-03
4.6800004e+03 2.3102579e-03
4.6820006e+03 -1.1471409e-03
4.6840009e+03 2.4289850e-03
4.6860002e+03 2.6027260e-03
4.6879997e+03 1.5298569e-03
4.6900003e+03 5.8268695e-05
4.6920004e+03 2.3933058e-04
4.6940007e+03 4.9385114e-04
4.6959999e+03 -3.2337289e-04
4.6980009e+03 1.4755498e-03
4.6999993e+03 -2.1191745e-03
4.7020015e+03 1.1153490e-04
4.7040005e+03 1.5321054e-03
4.7059997e+03 2.3227746e-03
4.7080005e+03 3.4077100e-03
4.7100004e+03 -9.3249220e-04
4.7120003e+03 1.1254107e-03
4.7139992e+03 -1.9561196e-05
4.7160003e+03 1.2444782e-03
4.7180004e+03 1.6745790e-03
4.7200001e+03 1.5379534e-03
4.7219992e+03 1.0193037e-03
4.7240001e+03 1.1666895e-04
4.7260004e+03 -9.5586508e-04
4.7280003e+03 -3.6920499e-04
4.7299997e+03 1.2630959e-03
4.7320008e+03 2.8946582e-04
4.7340014e+03 -9.6649094e-04
4.7359987e+03 -2.0558783e-03
4.7380005e+03 -2.6019948e-04
4.7399990e+03 1.6823859e-03
4.7419998e+03 5.6659913e-04
4.7439995e+03 3.3511949e-04
4.7459987e+03 -6.6808664e-04
4.7480001e+03 -3.9021277e-05
4.7500005e+03 5.9412577e-04
4.7520003e+03 4.8737918e-04
4.7539997e+03 -8.7786186e-04
4.7560007e+03 -1.5588357e-03
4.7580012e+03 1.3851192e-03
4.7600006e+03 1.4233592e-03
4.7620000e+03 -3.0902508e-04
4.7640011e+03 -7.0549146e-04
4.7659989e+03 -6.2985928e-04
4.7680011e+03 1.2889827e-03
4.7700001e+03 8.5417624e-04
4.7720012e+03 1.0613328e-03
4.7740013e+03 -3.4571692e-04
4.7760008e+03 -3.9898434e-05
4.7779997e+03 -2.7296031e-04
4.7800004e+03 4.2475734e-04
4.7820004e+03 4.5833352e-04
4.7839999e+03 -8.9105764e-05
4.7860011e+03 -6.7515051e-05
4.7879995e+03 -1.4457890e-03
4.7899990e+03 -5.4331194e-04
4.7919985e+03 1.4481743e-04
4.7939996e+03 9.7653113e-04
4.7959996e+03 6.5120845e-04
4.7979996e+03 3.3653248e-04
4.8000008e+03 8.2968373e-04
4.8019990e+03 3.5787839e-04
4.8039990e+03 1.2324932e-04
4.8060011e+03 1.9712682e-04
4.8079999e+03 -1.0670535e-04
4.8100003e+03 -2.4783486e-04
4.8120001e+03 1.7723780e-04
4.8139993e+03 1.3034060e-04
4.8159997e+03 7.2714372e-04
4.8179999e+03 -2.3075806e-04
4.8199996e+03 3.2377854e-04
4.8220009e+03 3.3011849e-04
4.8239988e+03 -2.7922145e-04
4.8260012e+03 5.5057480e-04
4.8280001e+03 5.5935547e-05
4.8300007e+03 -3.4755204e-04
4.8319984e+03 2.2744690e-04
4.8340006e+03 1.1491341e-03
4.8359993e+03 4.6459015e-04
4.8379997e+03 7.1363302e-04
4.8399994e+03 4.6896638e-04
4.8420008e+03 -1.0965970e-04
4.8439992e+03 -4.6350344e-04
4.8460016e+03 -1.0315841e-03
4.8480005e+03 2.0798881e-04
4.8499993e+03 -1.3428451e-04
4.8519992e+03 -8.1695624e-05
4.8540013e+03 2.5399993e-04
4.8559999e+03 -2.1842793e-04
4.8580007e+03 2.6161241e-04
4.8599980e+03 6.9465389e-04
4.8619992e+03 9.5984369e-04
4.8640004e+03 -4.1946187e-04
4.8660003e+03 4.5732918e-04
4.8679995e+03 6.8875833e-04
4.8700004e+03 3.1695381e-04
4.8720006e+03 2.7153737e-04
4.8740001e+03 -2.3728580e-04
4.8759983e+03 -3.7352348e-04
4.8779988e+03 -5.7328178e-04
4.8800009e+03 1.8726656e-04
4.8819995e+03 5.8639806e-04
4.8840002e+03 7.9827973e-05
4.8860000e+03 5.2505144e-04
4.8879988e+03 3.3914379e-04
4.8899995e+03 -2.0020765e-04
4.8919992e+03 -4.7355640e-04
4.8940009e+03 -1.4008042e-04
4.8959992e+03 -2.3565945e-05
4.8979991e+03 -1.5257212e-04
4.9000007e+03 -7.2589944e-05
4.9019992e+03 1.3628814e-04
4.9039994e+03 2.4350410e-04
4.9060011e+03 2.6148877e-05
4.9079996e+03 -3.4352017e-04
4.9099996e+03 -1.9273242e-04
4.9119989e+03 1.7452119e-04
4.9140002e+03 -3.0878827e-04
4.9160004e+03 1.5304662e-05
4.9179996e+03 -2.5338095e-04
4.9200007e+03 -3.5556228e-04
4.9220011e+03 -4.1370388e-04
4.9239981e+03 -5.2868400e-04
4.9259991e+03 -2.1421791e-04
4.9279996e+03 -1.1976006e-04
4.9299991e+03 7.0520386e-05
4.9320002e+03 -1.6991519e-04
4.9340002e+03 -1.8076517e-04
4.9359998e+03 3.9121856e-05
4.9380010e+03 4.4215107e-05
4.9399988e+03 3.5792116e-05
4.9420006e+03 1.0066592e-04
4.9439992e+03 -4.4992474e-05
4.9459994e+03 -5.5387350e-06
4.9479989e+03 1.3947804e-04
4.9500000e+03 -1.3464685e-04
4.9520003e+03 1.5102619e-04
4.9539995e+03 2.5672574e-05
4.9560007e+03 1.0830390e-04
4.9580007e+03 1.6075661e-04
4.9600000e+03 2.0169721e-04
4.9620009e+03 -2.5981044e-05
4.9640010e+03 1.2334528e-04
4.9660003e+03 1.5069566e-04
4.9680012e+03 3.6731127e-04
4.9699986e+03 3.1309979e-04
4.9720003e+03 1.0333730e-04
4.9740009e+03 5.6460136e-05
4.9760008e+03 2.8670527e-04
4.9779998e+03 1.3367408e-04
4.9800004e+03 1.2231202e-05
4.9820002e+03 -8.8838897e-05
4.9840012e+03 8.0052021e-05
4.9859994e+03 5.4756460e-05
4.9879988e+03 2.7597045e-05
4.9899999e+03 -2.3762815e-04
4.9920004e+03 -7.0089671e-05
4.9939998e+03 2.4150960e-04
4.9960008e+03 2.6090461e-04
4.9980007e+03 -1.0331632e-05
5.0000000e+03 -3.8792510e-05
5.0020009e+03 0.0000000e+00
5.0040007e+03 0.0000000e+00
5.0059996e+03 0.0000000e+00
5.0080001e+03 0.0000000e+00
5.0099998e+03 0.0000000e+00
5.0120011e+03 0.0000000e+00
5.0139990e+03 0.0000000e+00
5.0160011e+03 0.0000000e+00
5.0179994e+03 0.0000000e+00
5.0199997e+03 0.0000000e+00
5.0219988e+03 0.0000000e+00
5.0239995e+03 0.0000000e+00
5.0259994e+03 0.0000000e+00
5.0280008e+03 0.0000000e+00
5.0299989e+03 0.0000000e+00
5.0320010e+03 0.0000000e+00
5.0339998e+03 0.0000000e+00
5.0359998e+03 0.0000000e+00
5.0379990e+03 0.0000000e+00
5.0400001e+03 0.0000000e+00
5.0419999e+03 0.0000000e+00
5.0440014e+03 0.0000000e+00
5.0459995e+03 0.0000000e+00
5.0479988e+03 0.0000000e+00
5.0500001e+03 0.0000000e+00
5.0520004e+03 0.0000000e+00
5.0539995e+03 0.0000000e+00
5.0560002e+03 0.0000000e+00
5.0580000e+03 0.0000000e+00
5.0599988e+03 0.0000000e+00
5.0619993e+03 0.0000000e+00
5.0639988e+03 0.0000000e+00
5.0659999e+03 0.0000000e+00
5.0679998e+03 0.0000000e+00
5.0700015e+03 0.0000000e+00
5.0719995e+03 0.0000000e+00
5.0739991e+03 0.0000000e+00
5.0760003e+03 0.0000000e+00
5.0779980e+03 0.0000000e+00
5.0799998e+03 0.0000000e+00
5.0820006e+03 0.0000000e+00
5.0840005e+03 0.0000000e+00
5.0859991e+03 0.0000000e+00
5.0879993e+03 0.0000000e+00
5.0900014e+03 0.0000000e+00
5.0919997e+03 0.0000000e+00
5.0939996e+03 0.0000000e+00
5.0960010e+03 0.0000000e+00
5.0979989e+03 0.0000000e+00
5.1000007e+03 0.0000000e+00
5.1019992e+03 0.0000000e+00
5.1039990e+03 0.0000000e+00
5.1060006e+03 0.0000000e+00
5.1079984e+03 0.0000000e+00
5.1099978e+03 0.0000000e+00
5.1119988e+03 0.0000000e+00
5.1139987e+03 0.0000000e+00
5.1160002e+03 0.0000000e+00
5.1180008e+03 0.0000000e+00
5.1200000e+03 0.0000000e+00
5.1220008e+03 0.0000000e+00
5.1240009e+03 0.0000000e+00
5.1259997e+03 0.0000000e+00
5.1280000e+03 0.0000000e+00
5.1299993e+03 0.0000000e+00
5.1320002e+03 0.0000000e+00
5.1340001e+03 0.0000000e+00
5.1360012e+03 0.0000000e+00
5.1379991e+03 0.0000000e+00
5.1400007e+03 0.0000000e+00
5.1419988e+03 0.0000000e+00
5.1440013e+03 0.0000000e+00
5.1459998e+03 0.0000000e+00
5.1480000e+03 0.0000000e+00
5.1499987e+03 0.0000000e+00
5.1519994e+03 0.0000000e+00
5.1539990e+03 0.0000000e+00
5.1559998e+03 0.0000000e+00
5.1580000e+03 0.0000000e+00
5.1600013e+03 0.0000000e+00
5.1619990e+03 0.0000000e+00
5.1640008e+03 0.0000000e+00
5.1659990e+03 0.0000000e+00
5.1680014e+03 0.0000000e+00
5.1700000e+03 0.0000000e+00
5.1719999e+03 0.0000000e+00
5.1739991e+03 0.0000000e+00
5.1759995e+03 0.0000000e+00
5.1779988e+03 0.0000000e+00
5.1799999e+03 0.0000000e+00
5.1819997e+03 0.0000000e+00
5.1840010e+03 0.0000000e+00
5.1860013e+03 0.0000000e+00
5.1880001e+03 0.0000000e+00
5.1900008e+03 0.0000000e+00
5.1920001e+03 0.0000000e+00
5.1940012e+03 0.0000000e+00
5.1960009e+03 0.0000000e+00
5.1979996e+03 0.0000000e+00
5.1999997e+03 0.0000000e+00
5.2019988e+03 0.0000000e+00
5.2039994e+03 0.0000000e+00
5.2059989e+03 0.0000000e+00
5.2079996e+03 0.0000000e+00
5.2099995e+03 0.0000000e+00
5.2120006e+03 0.0000000e+00
5.2140009e+03 0.0000000e+00
5.2159998e+03 0.0000000e+00
5.2180002e+03 0.0000000e+00
5.2199995e+03 0.0000000e+00
5.2220004e+03 0.0000000e+00
5.2240000e+03 0.0000000e+00
5.2260009e+03 0.0000000e+00
5.2280010e+03 0.0000000e+00
5.2299996e+03 0.0000000e+00
5.2320001e+03 0.0000000e+00
5.2339991e+03 0.0000000e+00
5.2359996e+03 0.0000000e+00
5.2379990e+03 0.0000000e+00
5.2399999e+03 0.0000000e+00
5.2419997e+03 0.0000000e+00
5.2440006e+03 0.0000000e+00
5.2460007e+03 0.0000000e+00
5.2479994e+03 0.0000000e+00
5.2499998e+03 0.0000000e+00
5.2519988e+03 0.0000000e+00
5.2539993e+03 0.0000000e+00
5.2559986e+03 0.0000000e+00
5.2579995e+03 0.0000000e+00
5.2599992e+03 0.0000000e+00
5.2620003e+03 0.0000000e+00
5.2640000e+03 0.0000000e+00
5.2659988e+03 0.0000000e+00
5.2679988e+03 0.0000000e+00
5.2700007e+03 0.0000000e+00
5.2720010e+03 0.0000000e+00
5.2740001e+03 0.0000000e+00
5.2760008e+03 0.0000000e+00
5.2780002e+03 0.0000000e+00
5.2800012e+03 0.0000000e+00
5.2820006e+03 0.0000000e+00
5.2839992e+03 0.0000000e+00
5.2859989e+03 0.0000000e+00
5.2880004e+03 0.0000000e+00
5.2900004e+03 0.0000000e+00
5.2919992e+03 0.0000000e+00
5.2939995e+03 0.0000000e+00
5.2959986e+03 0.0000000e+00
5.2979992e+03 0.0000000e+00
5.3000013e+03 0.0000000e+00
5.3019991e+03 0.0000000e+00
5.3039987e+03 0.0000000e+00
5.3059995e+03 0.0000000e+00
5.3079994e+03 0.0000000e+00
5.3100004e+03 0.0000000e+00
5.3120003e+03 0.0000000e+00
5.3139988e+03 0.0000000e+00
5.3159989e+03 0.0000000e+00
5.3180005e+03 0.0000000e+00
5.3200008e+03 0.0000000e+00
5.3219995e+03 0.0000000e+00
5.3240000e+03 0.0000000e+00
5.3259990e+03 0.0000000e+00
5.3279998e+03 0.0000000e+00
5.3299990e+03 0.0000000e+00
5.3319996e+03 0.0000000e+00
5.3339990e+03 0.0000000e+00
5.3359999e+03 0.0000000e+00
5.3379996e+03 0.0000000e+00
5.3400003e+03 0.0000000e+00
5.3420002e+03 0.0000000e+00
5.3439984e+03 0.0000000e+00
5.3460012e+03 0.0000000e+00
5.3479996e+03 0.0000000e+00
5.3499995e+03 0.0000000e+00
5.3520012e+03 0.0000000e+00
5.3540013e+03 0.0000000e+00
5.3560001e+03 0.0000000e+00
5.3580000e+03 0.0000000e+00
5.3599990e+03 0.0000000e+00
5.3619994e+03 0.0000000e+00
5.3640010e+03 0.0000000e+00
5.3660017e+03 0.0000000e+00
5.3680006e+03 0.0000000e+00
5.3700011e+03 0.0000000e+00
5.3720002e+03 0.0000000e+00
5.3740008e+03 0.0000000e+00
5.3760001e+03 0.0000000e+00
5.3780009e+03 0.0000000e+00
5.3800003e+03 0.0000000e+00
5.3820008e+03 0.0000000e+00
5.3840004e+03 0.0000000e+00
5.3860011e+03 0.0000000e+00
5.3880008e+03 0.0000000e+00
5.3899989e+03 0.0000000e+00
5.3919983e+03 0.0000000e+00
5.3939993e+03 0.0000000e+00
5.3959989e+03 0.0000000e+00
5.3980000e+03 0.0000000e+00
5.3999994e+03 0.0000000e+00
5.4020006e+03 0.0000000e+00
5.4040005e+03 0.0000000e+00
5.4059986e+03 0.0000000e+00
5.4079982e+03 0.0000000e+00
5.4099996e+03 0.0000000e+00
5.4119994e+03 0.0000000e+00
5.4140005e+03 0.0000000e+00
5.4160003e+03 0.0000000e+00
5.4180016e+03 0.0000000e+00
5.4200015e+03 0.0000000e+00
5.4219996e+03 0.0000000e+00
5.4239996e+03 0.0000000e+00
5.4260007e+03 0.0000000e+00
5.4280007e+03 0.0000000e+00
5.4299990e+03 0.0000000e+00
5.4319987e+03 0.0000000e+00
5.4340000e+03 0.0000000e+00
5.4359998e+03 0.0000000e+00
5.4380010e+03 0.0000000e+00
5.4400009e+03 0.0000000e+00
5.4419990e+03 0.0000000e+00
5.4439989e+03 0.0000000e+00
5.4460003e+03 0.0000000e+00
5.4479999e+03 0.0000000e+00
5.4500010e+03 0.0000000e+00
5.4520010e+03 0.0000000e+00
5.4539992e+03 0.0000000e+00
5.4559988e+03 0.0000000e+00
5.4580000e+03 0.0000000e+00
5.4599996e+03 0.0000000e+00
5.4620004e+03 0.0000000e+00
5.4640001e+03 0.0000000e+00
5.4660013e+03 0.0000000e+00
5.4680006e+03 0.0000000e+00
5.4699985e+03 0.0000000e+00
5.4720012e+03 0.0000000e+00
5.4739991e+03 0.0000000e+00
5.4759984e+03 0.0000000e+00
5.4779992e+03 0.0000000e+00
5.4799986e+03 0.0000000e+00
5.4819994e+03 0.0000000e+00
5.4840016e+03 0.0000000e+00
5.4859991e+03 0.0000000e+00
5.4880014e+03 0.0000000e+00
5.4899988e+03 0.0000000e+00
5.4920010e+03 0.0000000e+00
5.4940014e+03 0.0000000e+00
5.4960003e+03 0.0000000e+00
5.4980006e+03 0.0000000e+00
5.4999994e+03 0.0000000e+00
5.5019997e+03 0.0000000e+00
5.5040015e+03 0.0000000e+00
5.5060017e+03 0.0000000e+00
5.5080000e+03 0.0000000e+00
5.5100002e+03 0.0000000e+00
5.5119985e+03 0.0000000e+00
5.5140016e+03 0.0000000e+00
5.5159998e+03 0.0000000e+00
5.5179995e+03 0.0000000e+00
5.5200006e+03 0.0000000e+00
5.5220002e+03 0.0000000e+00
5.5240013e+03 0.0000000e+00
5.5260008e+03 0.0000000e+00
5.5279984e+03 0.0000000e+00
5.5300008e+03 0.0000000e+00
5.5320017e+03 0.0000000e+00
5.5340007e+03 0.0000000e+00
5.5360011e+03 0.0000000e+00
5.5379999e+03 0.0000000e+00
5.5400006e+03 0.0000000e+00
5.5419994e+03 0.0000000e+00
5.5439995e+03 0.0000000e+00
5.5460012e+03 0.0000000e+00
5.5480009e+03 0.0000000e+00
5.5499994e+03 0.0000000e+00
5.5519993e+03 0.0000000e+00
5.5540003e+03 0.0000000e+00
5.5560002e+03 0.0000000e+00
5.5580011e+03 0.0000000e+00
5.5600004e+03 0.0000000e+00
5.5620015e+03 0.0000000e+00
5.5640006e+03 0.0000000e+00
5.5660012e+03 0.0000000e+00
5.5679999e+03 0.0000000e+00
5.5700003e+03 0.0000000e+00
5.5719992e+03 0.0000000e+00
5.5739995e+03 0.0000000e+00
5.5760008e+03 0.0000000e+00
5.5779975e+03 0.0000000e+00
5.5799991e+03 0.0000000e+00
5.5819987e+03 0.0000000e+00
5.5839997e+03 0.0000000e+00
5.5859994e+03 0.0000000e+00
5.5880003e+03 0.0000000e+00
5.5899991e+03 0.0000000e+00
5.5919997e+03 0.0000000e+00
5.5939987e+03 0.0000000e+00
5.5959992e+03 0.0000000e+00
5.5980007e+03 0.0000000e+00
5.6000009e+03 0.0000000e+00
5.6019992e+03 0.0000000e+00
5.6039992e+03 0.0000000e+00
5.6060003e+03 0.0000000e+00
5.6079997e+03 0.0000000e+00
5.6100006e+03 0.0000000e+00
5.6119998e+03 0.0000000e+00
5.6140005e+03 0.0000000e+00
5.6159995e+03 0.0000000e+00
5.6179995e+03 0.0000000e+00
5.6200013e+03 0.0000000e+00
5.6220015e+03 0.0000000e+00
5.6239996e+03 0.0000000e+00
5.6259992e+03 0.0000000e+00
5.6280006e+03 0.0000000e+00
5.6299999e+03 0.0000000e+00
5.6320006e+03 0.0000000e+00
5.6339996e+03 0.0000000e+00
5.6360001e+03 0.0000000e+00
5.6379989e+03 0.0000000e+00
5.6399987e+03 0.0000000e+00
5.6419972e+03 0.0000000e+00
5.6440003e+03 0.0000000e+00
5.6460012e+03 0.0000000e+00
5.6480009e+03 0.0000000e+00
5.6500016e+03 0.0000000e+00
5.6520006e+03 0.0000000e+00
5.6540010e+03 0.0000000e+00
5.6559996e+03 0.0000000e+00
5.6579997e+03 0.0000000e+00
5.6599981e+03 0.0000000e+00
5.6620011e+03 0.0000000e+00
5.6639992e+03 0.0000000e+00
5.6659986e+03 0.0000000e+00
5.6679992e+03 0.0000000e+00
5.6700015e+03 0.0000000e+00
5.6719985e+03 0.0000000e+00
5.6740002e+03 0.0000000e+00
5.6760004e+03 0.0000000e+00
5.6780017e+03 0.0000000e+00
5.6800013e+03 0.0000000e+00
5.6819991e+03 0.0000000e+00
5.6840014e+03 0.0000000e+00
5.6859985e+03 0.0000000e+00
5.6880005e+03 0.0000000e+00
5.6900008e+03 0.0000000e+00
5.6919989e+03 0.0000000e+00
5.6939989e+03 0.0000000e+00
5.6959998e+03 0.0000000e+00
5.6979994e+03 0.0000000e+00
5.6999999e+03 0.0000000e+00
5.7019987e+03 0.0000000e+00
5.7039989e+03 0.0000000e+00
5.7060006e+03 0.0000000e+00
5.7080004e+03 0.0000000e+00
5.7100016e+03 0.0000000e+00
5.7120011e+03 0.0000000e+00
5.7140015e+03 0.0000000e+00
5.7160006e+03 0.0000000e+00
5.7180007e+03 0.0000000e+00
5.7199993e+03 0.0000000e+00
5.7219990e+03 0.0000000e+00
5.7240001e+03 0.0000000e+00
5.7259993e+03 0.0000000e+00
5.7280000e+03 0.0000000e+00
5.7299988e+03 0.0000000e+00
5.7319991e+03 0.0000000e+00
5.7340007e+03 0.0000000e+00
5.7360006e+03 0.0000000e+00
5.7379986e+03 0.0000000e+00
5.7400008e+03 0.0000000e+00
5.7420016e+03 0.0000000e+00
5.7440002e+03 0.0000000e+00
5.7460005e+03 0.0000000e+00
5.7480019e+03 0.0000000e+00
5.7500014e+03 0.0000000e+00
5.7519991e+03 0.0000000e+00
5.7540014e+03 0.0000000e+00
5.7559986e+03 0.0000000e+00
5.7580005e+03 0.0000000e+00
5.7600005e+03 0.0000000e+00
5.7620015e+03 0.0000000e+00
5.7640010e+03 0.0000000e+00
5.7659983e+03 0.0000000e+00
5.7680006e+03 0.0000000e+00
5.7700007e+03 0.0000000e+00
5.7719993e+03 0.0000000e+00
5.7739988e+03 0.0000000e+00
5.7759998e+03 0.0000000e+00
5.7779989e+03 0.0000000e+00
5.7799993e+03 0.0000000e+00
5.7820012e+03 0.0000000e+00
5.7840012e+03 0.0000000e+00
5.7859988e+03 0.0000000e+00
5.7879983e+03 0.0000000e+00
5.7899992e+03 0.0000000e+00
5.7920010e+03 0.0000000e+00
5.7940013e+03 0.0000000e+00
5.7959994e+03 0.0000000e+00
5.7979988e+03 0.0000000e+00
5.8000000e+03 0.0000000e+00
5.8019989e+03 0.0000000e+00
5.8039991e+03 0.0000000e+00
5.8060008e+03 0.0000000e+00
5.8080005e+03 0.0000000e+00
5.8100012e+03 0.0000000e+00
5.8120004e+03 0.0000000e+00
5.8140009e+03 0.0000000e+00
5.8159992e+03 0.0000000e+00
5.8179992e+03 0.0000000e+00
5.8200002e+03 0.0000000e+00
5.8219992e+03 0.0000000e+00
5.8240000e+03 0.0000000e+00
5.8260018e+03 0.0000000e+00
5.8280017e+03 0.0000000e+00
5.8299996e+03 0.0000000e+00
5.8319989e+03 0.0000000e+00
5.8339995e+03 0.0000000e+00
5.8360015e+03 0.0000000e+00
5.8380012e+03 0.0000000e+00
5.8399993e+03 0.0000000e+00
5.8419983e+03 0.0000000e+00
5.8439992e+03 0.0000000e+00
5.8460010e+03 0.0000000e+00
5.8480012e+03 0.0000000e+00
5.8499991e+03 0.0000000e+00
5.8520016e+03 0.0000000e+00
5.8539989e+03 0.0000000e+00
5.8560009e+03 0.0000000e+00
5.8580008e+03 0.0000000e+00
5.8599988e+03 0.0000000e+00
5.8620015e+03 0.0000000e+00
5.8639985e+03 0.0000000e+00
5.8660006e+03 0.0000000e+00
5.8680006e+03 0.0000000e+00
5.8699983e+03 0.0000000e+00
5.8720011e+03 0.0000000e+00
5.8740015e+03 0.0000000e+00
5.8759999e+03 0.0000000e+00
5.8779996e+03 0.0000000e+00
5.8800008e+03 0.0000000e+00
5.8819998e+03 0.0000000e+00
5.8840003e+03 0.0000000e+00
5.8859987e+03 0.0000000e+00
5.8879985e+03 0.0000000e+00
5.8899997e+03 0.0000000e+00
5.8919983e+03 0.0000000e+00
5.8939988e+03 0.0000000e+00
5.8960007e+03 0.0000000e+00
5.8980000e+03 0.0000000e+00
5.9000007e+03 0.0000000e+00
5.9019999e+03 0.0000000e+00
5.9039999e+03 0.0000000e+00
5.9060013e+03 0.0000000e+00
5.9080006e+03 0.0000000e+00
5.9100013e+03 0.0000000e+00
5.9120000e+03 0.0000000e+00
5.9140000e+03 0.0000000e+00
5.9160009e+03 0.0000000e+00
5.9180002e+03 0.0000000e+00
5.9200008e+03 0.0000000e+00
5.9219989e+03 0.0000000e+00
5.9239988e+03 0.0000000e+00
5.9259997e+03 0.0000000e+00
5.9279984e+03 0.0000000e+00
5.9299989e+03 0.0000000e+00
5.9320004e+03 0.0000000e+00
5.9339998e+03 0.0000000e+00
5.9360005e+03 0.0000000e+00
5.9379991e+03 0.0000000e+00
5.9399990e+03 0.0000000e+00
5.9419999e+03 0.0000000e+00
5.9439991e+03 0.0000000e+00
5.9459997e+03 0.0000000e+00
5.9480012e+03 0.0000000e+00
5.9500010e+03 0.0000000e+00
5.9519982e+03 0.0000000e+00
5.9540007e+03 0.0000000e+00
5.9560006e+03 0.0000000e+00
5.9579984e+03 0.0000000e+00
5.9600011e+03 0.0000000e+00
5.9619981e+03 0.0000000e+00
5.9639999e+03 0.0000000e+00
5.9659996e+03 0.0000000e+00
5.9680007e+03 0.0000000e+00
5.9699996e+03 0.0000000e+00
5.9719998e+03 0.0000000e+00
5.9740010e+03 0.0000000e+00
5.9760004e+03 0.0000000e+00
5.9780008e+03 0.0000000e+00
5.9799994e+03 0.0000000e+00
5.9819989e+03 0.0000000e+00
5.9839998e+03 0.0000000e+00
5.9859990e+03 0.0000000e+00
5.9879990e+03 0.0000000e+00
5.9900004e+03 0.0000000e+00
5.9919996e+03 0.0000000e+00
5.9940001e+03 0.0000000e+00
5.9959981e+03 0.0000000e+00
5.9980013e+03 0.0000000e+00
