2.5000000e+03 0.0000000e+00
2.5020003e+03 0.0000000e+00
2.5040001e+03 0.0000000e+00
2.5059999e+03 0.0000000e+00
2.5079999e+03 0.0000000e+00
2.5099999e+03 0.0000000e+00
2.5119998e+03 0.0000000e+00
2.5139998e+03 0.0000000e+00
2.5159999e+03 0.0000000e+00
2.5179999e+03 0.0000000e+00
2.5200000e+03 0.0000000e+00
2.5220001e+03 0.0000000e+00
2.5240000e+03 0.0000000e+00
2.5260002e+03 0.0000000e+00
2.5280001e+03 0.0000000e+00
2.5300001e+03 0.0000000e+00
2.5320000e+03 0.0000000e+00
2.5339999e+03 0.0000000e+00
2.5359998e+03 0.0000000e+00
2.5380001e+03 0.0000000e+00
2.5399999e+03 0.0000000e+00
2.5420003e+03 0.0000000e+00
2.5439997e+03 0.0000000e+00
2.5459999e+03 0.0000000e+00
2.5479999e+03 0.0000000e+00
2.5499997e+03 0.0000000e+00
2.5520001e+03 0.0000000e+00
2.5539999e+03 0.0000000e+00
2.5560000e+03 0.0000000e+00
2.5580001e+03 0.0000000e+00
2.5600000e+03 0.0000000e+00
2.5619998e+03 0.0000000e+00
2.5640000e+03 0.0000000e+00
2.5660001e+03 0.0000000e+00
2.5680000e+03 0.0000000e+00
2.5699997e+03 0.0000000e+00
2.5720000e+03 0.0000000e+00
2.5740000e+03 0.0000000e+00
2.5759997e+03 0.0000000e+00
2.5779999e+03 0.0000000e+00
2.5800000e+03 0.0000000e+00
2.5819998e+03 0.0000000e+00
2.5840000e+03 0.0000000e+00
2.5860000e+03 0.0000000e+00
2.5879997e+03 0.0000000e+00
2.5900000e+03 0.0000000e+00
2.5919999e+03 0.0000000e+00
2.5940000e+03 0.0000000e+00
2.5960000e+03 0.0000000e+00
2.5979998e+03 0.0000000e+00
2.5999999e+03 0.0000000e+00
2.6019997e+03 0.0000000e+00
2.6039998e+03 0.0000000e+00
2.6059996e+03 0.0000000e+00
2.6079999e+03 0.0000000e+00
2.6099998e+03 0.0000000e+00
2.6120000e+03 0.0000000e+00
2.6139998e+03 0.0000000e+00
2.6160001e+03 0.0000000e+00
2.6179998e+03 0.0000000e+00
2.6200000e+03 0.0000000e+00
2.6219996e+03 0.0000000e+00
2.6239997e+03 0.0000000e+00
2.6260001e+03 0.0000000e+00
2.6280000e+03 0.0000000e+00
2.6300003e+03 0.0000000e+00
2.6320000e+03 0.0000000e+00
2.6340001e+03 0.0000000e+00
2.6359998e+03 0.0000000e+00
2.6380004e+03 0.0000000e+00
2.6399999e+03 0.0000000e+00
2.6420003e+03 0.0000000e+00
2.6440002e+03 0.0000000e+00
2.6459996e+03 0.0000000e+00
2.6480000e+03 0.0000000e+00
2.6500000e+03 0.0000000e+00
2.6520000e+03 0.0000000e+00
2.6540004e+03 0.0000000e+00
2.6560001e+03 0.0000000e+00
2.6580001e+03 0.0000000e+00
2.6600004e+03 0.0000000e+00
2.6620000e+03 0.0000000e+00
2.6639999e+03 0.0000000e+00
2.6659998e+03 0.0000000e+00
2.6680000e+03 0.0000000e+00
2.6700002e+03 0.0000000e+00
2.6720001e+03 0.0000000e+00
2.6739998e+03 0.0000000e+00
2.6759999e+03 0.0000000e+00
2.6780000e+03 0.0000000e+00
2.6800002e+03 0.0000000e+00
2.6819998e+03 0.0000000e+00
2.6840003e+03 0.0000000e+00
2.6860001e+03 0.0000000e+00
2.6880000e+03 0.0000000e+00
2.6900001e+03 0.0000000e+00
2.6920002e+03 0.0000000e+00
2.6940004e+03 0.0000000e+00
2.6959999e+03 0.0000000e+00
2.6980002e+03 0.0000000e+00
2.6999997e+03 0.0000000e+00
2.7020002e+03 0.0000000e+00
2.7039998e+03 0.0000000e+00
2.7060004e+03 0.0000000e+00
2.7080002e+03 0.0000000e+00
2.7099998e+03 0.0000000e+00
2.7119998e+03 0.0000000e+00
2.7140004e+03 0.0000000e+00
2.7160001e+03 0.0000000e+00
2.7179999e+03 0.0000000e+00
2.7200005e+03 0.0000000e+00
2.7219995e+03 0.0000000e+00
2.7239999e+03 0.0000000e+00
2.7260005e+03 0.0000000e+00
2.7280001e+03 0.0000000e+00
2.7299998e+03 0.0000000e+00
2.7320001e+03 0.0000000e+00
2.7339996e+03 0.0000000e+00
2.7359999e+03 0.0000000e+00
2.7379999e+03 0.0000000e+00
2.7400000e+03 0.0000000e+00
2.7420001e+03 0.0000000e+00
2.7439999e+03 0.0000000e+00
2.7459998e+03 0.0000000e+00
2.7480001e+03 0.0000000e+00
2.7499997e+03 0.0000000e+00
2.7520000e+03 0.0000000e+00
2.7540000e+03 0.0000000e+00
2.7560000e+03 0.0000000e+00
2.7579999e+03 0.0000000e+00
2.7600003e+03 0.0000000e+00
2.7619999e+03 0.0000000e+00
2.7640000e+03 0.0000000e+00
2.7659999e+03 0.0000000e+00
2.7679998e+03 0.0000000e+00
2.7700003e+03 0.0000000e+00
2.7720005e+03 0.0000000e+00
2.7739997e+03 0.0000000e+00
2.7760004e+03 0.0000000e+00
2.7780001e+03 0.0000000e+00
2.7800002e+03 0.0000000e+00
2.7820003e+03 0.0000000e+00
2.7839999e+03 0.0000000e+00
2.7860003e+03 0.0000000e+00
2.7879996e+03 0.0000000e+00
2.7900003e+03 0.0000000e+00
2.7919998e+03 0.0000000e+00
2.7940001e+03 0.0000000e+00
2.7959999e+03 0.0000000e+00
2.7980004e+03 0.0000000e+00
2.7999997e+03 0.0000000e+00
2.8020004e+03 0.0000000e+00
2.8039999e+03 0.0000000e+00
2.8059999e+03 0.0000000e+00
2.8080005e+03 0.0000000e+00
2.8099999e+03 0.0000000e+00
2.8119998e+03 0.0000000e+00
2.8140003e+03 0.0000000e+00
2.8160003e+03 0.0000000e+00
2.8180001e+03 0.0000000e+00
2.8200001e+03 0.0000000e+00
2.8220001e+03 0.0000000e+00
2.8239997e+03 0.0000000e+00
2.8259995e+03 0.0000000e+00
2.8279998e+03 0.0000000e+00
2.8299999e+03 0.0000000e+00
2.8320004e+03 0.0000000e+00
2.8340004e+03 0.0000000e+00
2.8360001e+03 0.0000000e+00
2.8380002e+03 0.0000000e+00
2.8399998e+03 0.0000000e+00
2.8419999e+03 0.0000000e+00
2.8440003e+03 0.0000000e+00
2.8459995e+03 0.0000000e+00
2.8479999e+03 0.0000000e+00
2.8500000e+03 0.0000000e+00
2.8520003e+03 0.0000000e+00
2.8540002e+03 0.0000000e+00
2.8559997e+03 0.0000000e+00
2.8580003e+03 0.0000000e+00
2.8599997e+03 0.0000000e+00
2.8620000e+03 0.0000000e+00
2.8640000e+03 0.0000000e+00
2.8659995e+03 0.0000000e+00
2.8680003e+03 0.0000000e+00
2.8699996e+03 0.0000000e+00
2.8720001e+03 0.0000000e+00
2.8740001e+03 0.0000000e+00
2.8759996e+03 0.0000000e+00
2.8780001e+03 0.0000000e+00
2.8800002e+03 0.0000000e+00
2.8819997e+03 0.0000000e+00
2.8840003e+03 0.0000000e+00
2.8859996e+03 0.0000000e+00
2.8879999e+03 0.0000000e+00
2.8899997e+03 0.0000000e+00
2.8919998e+03 0.0000000e+00
2.8940000e+03 0.0000000e+00
2.8959997e+03 0.0000000e+00
2.8979997e+03 0.0000000e+00
2.9000000e+03 0.0000000e+00
2.9020004e+03 0.0000000e+00
2.9040002e+03 0.0000000e+00
2.9060002e+03 0.0000000e+00
2.9079996e+03 0.0000000e+00
2.9100001e+03 0.0000000e+00
2.9120000e+03 0.0000000e+00
2.9140000e+03 0.0000000e+00
2.9160003e+03 0.0000000e+00
2.9179999e+03 0.0000000e+00
2.9200005e+03 0.0000000e+00
2.9220004e+03 0.0000000e+00
2.9239998e+03 0.0000000e+00
2.9260000e+03 0.0000000e+00
2.9279996e+03 0.0000000e+00
2.9300002e+03 0.0000000e+00
2.9320001e+03 0.0000000e+00
2.9340003e+03 0.0000000e+00
2.9360006e+03 0.0000000e+00
2.9380000e+03 0.0000000e+00
2.9399995e+03 0.0000000e+00
2.9420001e+03 0.0000000e+00
2.9440001e+03 0.0000000e+00
2.9460000e+03 0.0000000e+00
2.9480003e+03 0.0000000e+00
2.9499995e+03 0.0000000e+00
2.9519999e+03 0.0000000e+00
2.9540003e+03 0.0000000e+00
2.9560000e+03 0.0000000e+00
2.9579996e+03 0.0000000e+00
2.9600004e+03 0.0000000e+00
2.9620003e+03 0.0000000e+00
2.9640001e+03 0.0000000e+00
2.9660002e+03 0.0000000e+00
2.9680002e+03 0.0000000e+00
2.9700004e+03 0.0000000e+00
2.9719996e+03 0.0000000e+00
2.9739997e+03 0.0000000e+00
2.9760000e+03 0.0000000e+00
2.9780003e+03 0.0000000e+00
2.9799997e+03 0.0000000e+00
2.9820000e+03 0.0000000e+00
2.9839995e+03 0.0000000e+00
2.9859999e+03 0.0000000e+00
2.9880002e+03 0.0000000e+00
2.9899997e+03 0.0000000e+00
2.9919999e+03 0.0000000e+00
2.9940004e+03 0.0000000e+00
2.9959998e+03 0.0000000e+00
2.9980001e+03 0.0000000e+00
3.0000003e+03 0.0000000e+00
3.0019996e+03 0.0000000e+00
3.0039998e+03 0.0000000e+00
3.0060000e+03 0.0000000e+00
3.0080001e+03 0.0000000e+00
3.0100001e+03 0.0000000e+00
3.0120001e+03 0.0000000e+00
3.0139999e+03 0.0000000e+00
3.0160000e+03 0.0000000e+00
3.0179998e+03 0.0000000e+00
3.0200002e+03 0.0000000e+00
3.0220000e+03 0.0000000e+00
3.0240003e+03 0.0000000e+00
3.0259996e+03 0.0000000e+00
3.0279999e+03 0.0000000e+00
3.0300000e+03 0.0000000e+00
3.0320000e+03 0.0000000e+00
3.0339999e+03 0.0000000e+00
3.0359996e+03 0.0000000e+00
3.0380003e+03 0.0000000e+00
3.0399996e+03 0.0000000e+00
3.0419999e+03 0.0000000e+00
3.0440002e+03 0.0000000e+00
3.0460002e+03 0.0000000e+00
3.0479998e+03 0.0000000e+00
3.0500005e+03 0.0000000e+00
3.0519999e+03 0.0000000e+00
3.0540002e+03 0.0000000e+00
3.0560003e+03 0.0000000e+00
3.0580001e+03 0.0000000e+00
3.0599998e+03 0.0000000e+00
3.0620002e+03 0.0000000e+00
3.0639996e+03 0.0000000e+00
3.0659995e+03 0.0000000e+00
3.0680005e+03 0.0000000e+00
3.0699999e+03 0.0000000e+00
3.0720003e+03 0.0000000e+00
3.0739994e+03 0.0000000e+00
3.0760002e+03 0.0000000e+00
3.0779999e+03 0.0000000e+00
3.0800003e+03 0.0000000e+00
3.0820003e+03 0.0000000e+00
3.0840002e+03 0.0000000e+00
3.0859998e+03 0.0000000e+00
3.0879999e+03 0.0000000e+00
3.0899999e+03 0.0000000e+00
3.0919996e+03 0.0000000e+00
3.0940000e+03 0.0000000e+00
3.0960000e+03 0.0000000e+00
3.0980000e+03 0.0000000e+00
3.0999996e+03 0.0000000e+00
3.1019996e+03 0.0000000e+00
3.1040005e+03 0.0000000e+00
3.1060001e+03 0.0000000e+00
3.1080003e+03 0.0000000e+00
3.1100000e+03 0.0000000e+00
3.1119997e+03 0.0000000e+00
3.1139998e+03 0.0000000e+00
3.1159997e+03 0.0000000e+00
3.1180000e+03 0.0000000e+00
3.1200003e+03 0.0000000e+00
3.1220000e+03 0.0000000e+00
3.1240004e+03 0.0000000e+00
3.1260002e+03 0.0000000e+00
3.1280000e+03 0.0000000e+00
3.1300002e+03 0.0000000e+00
3.1320001e+03 0.0000000e+00
3.1340004e+03 0.0000000e+00
3.1359996e+03 0.0000000e+00
3.1380002e+03 0.0000000e+00
3.1400005e+03 0.0000000e+00
3.1420002e+03 0.0000000e+00
3.1439995e+03 0.0000000e+00
3.1459997e+03 0.0000000e+00
3.1480000e+03 0.0000000e+00
3.1500001e+03 0.0000000e+00
3.1519997e+03 0.0000000e+00
3.1540001e+03 0.0000000e+00
3.1559997e+03 0.0000000e+00
3.1580001e+03 0.0000000e+00
3.1600001e+03 0.0000000e+00
3.1620004e+03 0.0000000e+00
3.1640004e+03 0.0000000e+00
3.1659996e+03 0.0000000e+00
3.1679997e+03 0.0000000e+00
3.1700002e+03 0.0000000e+00
3.1720002e+03 0.0000000e+00
3.1739995e+03 0.0000000e+00
3.1759996e+03 0.0000000e+00
3.1780000e+03 0.0000000e+00
3.1800000e+03 0.0000000e+00
3.1819996e+03 0.0000000e+00
3.1839994e+03 0.0000000e+00
3.1860000e+03 0.0000000e+00
3.1879999e+03 0.0000000e+00
3.1900003e+03 0.0000000e+00
3.1920000e+03 0.0000000e+00
3.1940003e+03 0.0000000e+00
3.1960003e+03 0.0000000e+00
3.1980003e+03 0.0000000e+00
3.2000000e+03 0.0000000e+00
3.2020000e+03 0.0000000e+00
3.2039995e+03 0.0000000e+00
3.2059995e+03 0.0000000e+00
3.2079999e+03 0.0000000e+00
3.2099999e+03 0.0000000e+00
3.2120001e+03 0.0000000e+00
3.2139997e+03 0.0000000e+00
3.2159999e+03 0.0000000e+00
3.2180002e+03 0.0000000e+00
3.2200000e+03 0.0000000e+00
3.2220002e+03 0.0000000e+00
3.2239999e+03 0.0000000e+00
3.2260000e+03 0.0000000e+00
3.2279994e+03 0.0000000e+00
3.2300001e+03 0.0000000e+00
3.2320003e+03 0.0000000e+00
3.2340000e+03 0.0000000e+00
3.2359997e+03 0.0000000e+00
3.2380002e+03 0.0000000e+00
3.2399998e+03 0.0000000e+00
3.2419996e+03 0.0000000e+00
3.2440000e+03 0.0000000e+00
3.2459996e+03 0.0000000e+00
3.2479996e+03 0.0000000e+00
3.2500000e+03 0.0000000e+00
3.2519997e+03 0.0000000e+00
3.2539996e+03 0.0000000e+00
3.2560002e+03 0.0000000e+00
3.2579998e+03 0.0000000e+00
3.2599995e+03 0.0000000e+00
3.2619999e+03 0.0000000e+00
3.2639994e+03 0.0000000e+00
3.2660003e+03 0.0000000e+00
3.2679994e+03 0.0000000e+00
3.2700000e+03 0.0000000e+00
3.2719996e+03 0.0000000e+00
3.2739998e+03 0.0000000e+00
3.2760001e+03 0.0000000e+00
3.2779995e+03 0.0000000e+00
3.2799994e+03 0.0000000e+00
3.2819995e+03 0.0000000e+00
3.2840001e+03 0.0000000e+00
3.2859995e+03 0.0000000e+00
3.2879995e+03 0.0000000e+00
3.2899997e+03 0.0000000e+00
3.2920001e+03 0.0000000e+00
3.2939997e+03 0.0000000e+00
3.2960007e+03 0.0000000e+00
3.2979995e+03 0.0000000e+00
3.3000001e+03 0.0000000e+00
3.3019995e+03 0.0000000e+00
3.3039993e+03 0.0000000e+00
3.3060004e+03 0.0000000e+00
3.3079995e+03 0.0000000e+00
3.3100001e+03 0.0000000e+00
3.3119997e+03 0.0000000e+00
3.3139995e+03 0.0000000e+00
3.3159996e+03 0.0000000e+00
3.3179997e+03 0.0000000e+00
3.3200001e+03 0.0000000e+00
3.3219997e+03 0.0000000e+00
3.3239995e+03 0.0000000e+00
3.3259995e+03 0.0000000e+00
3.3279995e+03 0.0000000e+00
3.3300001e+03 0.0000000e+00
3.3320006e+03 0.0000000e+00
3.3340002e+03 6.1067048e-04
3.3359999e+03 -1.5586634e-04
3.3380000e+03 -8.0057078e-05
3.3400000e+03 4.0035771e-04
3.3420003e+03 6.6654559e-04
3.3440008e+03 9.4359578e-04
3.3460001e+03 2.0026544e-04
3.3479999e+03 4.2056959e-04
3.3499996e+03 -6.8004934e-05
3.3520007e+03 1.5714274e-04
3.3539997e+03 6.8347284e-04
3.3559997e+03 -6.4624895e-05
3.3580002e+03 6.4347132e-06
3.3599995e+03 6.6917605e-04
3.3620001e+03 -5.7903049e-04
3.3639994e+03 8.8633176e-05
3.3660004e+03 4.4694741e-04
3.3680001e+03 5.4973346e-04
3.3700002e+03 1.1062727e-04
3.3719999e+03 1.7587842e-04
3.3740001e+03 2.2303678e-04
3.3760004e+03 3.9507379e-04
3.3779995e+03 4.1103706e-04
3.3799998e+03 3.0168059e-04
3.3820002e+03 -1.0787122e-04
3.3839997e+03 1.6101908e-04
3.3860004e+03 7.9422793e-04
3.3879998e+03 -2.2259251e-04
3.3900005e+03 3.8305379e-04
3.3920002e+03 1.0890778e-03
3.3940000e+03 -6.8632420e-04
3.3959996e+03 9.4221519e-05
3.3980007e+03 -3.6535013e-04
3.4000005e+03 3.2036085e-05
3.4019993e+03 3.3993434e-04
3.4040004e+03 -6.7956292e-04
3.4060002e+03 3.5162040e-04
3.4080004e+03 -6.9747526e-05
3.4100003e+03 6.4920617e-04
3.4119992e+03 -6.5130350e-04
3.4140005e+03 6.9486332e-04
3.4159995e+03 -2.8131821e-04
3.4179995e+03 -5.7891587e-04
3.4199995e+03 1.2651899e-04
3.4219995e+03 1.0400629e-03
3.4239997e+03 6.3169682e-05
3.4259998e+03 -3.0991505e-05
3.4279997e+03 -1.0011931e-03
3.4300000e+03 8.1945275e-04
3.4320000e+03 1.5159836e-05
3.4340000e+03 1.9913739e-04
3.4359998e+03 -5.7988746e-05
3.4379998e+03 1.1014714e-04
3.4399996e+03 1.0973085e-03
3.4419995e+03 1.8983662e-04
3.4440004e+03 -1.5591596e-04
3.4460003e+03 7.9372217e-04
3.4480001e+03 4.2716268e-04
3.4499996e+03 -1.6588805e-04
3.4519992e+03 -2.3032083e-04
3.4539999e+03 2.2664237e-04
3.4559994e+03 -7.8440258e-05
3.4580000e+03 8.7870390e-04
3.4600004e+03 -4.8872031e-04
3.4619998e+03 6.3721451e-04
3.4640001e+03 -3.5070599e-04
3.4660004e+03 3.9438327e-04
3.4680003e+03 -3.6381063e-04
3.4700005e+03 6.4973353e-04
3.4720003e+03 -2.5400441e-04
3.4740004e+03 9.7790908e-04
3.4759998e+03 -2.8815810e-04
3.4779995e+03 3.2266256e-04
3.4800003e+03 3.1980933e-04
3.4819995e+03 7.2731270e-04
3.4840002e+03 2.7430919e-04
3.4860005e+03 6.6720089e-04
3.4879995e+03 1.4744066e-04
3.4899993e+03 1.2636103e-03
3.4920005e+03 -2.5552869e-04
3.4940002e+03 -4.0722571e-04
3.4959997e+03 -3.0610006e-04
3.4979992e+03 1.7515025e-06
3.4999997e+03 -2.1719717e-04
3.5020002e+03 3.2312324e-05
3.5040002e+03 -2.2733822e-05
3.5060004e+03 1.7037940e-04
3.5080002e+03 1.5969831e-03
3.5099999e+03 2.0149509e-04
3.5120007e+03 1.7821803e-05
3.5139998e+03 1.1867116e-03
3.5159999e+03 -2.5571237e-04
3.5180003e+03 -4.7116548e-05
3.5200002e+03 7.0350704e-04
3.5219999e+03 -3.6320020e-04
3.5239992e+03 5.7463895e-04
3.5259999e+03 4.3875480e-04
3.5280001e+03 5.1705010e-04
3.5300001e+03 -2.9682829e-05
3.5320000e+03 9.8081003e-04
3.5339997e+03 9.7327528e-04
3.5360004e+03 6.9501373e-04
3.5379995e+03 3.1330077e-05
3.5399998e+03 1.1740493e-03
3.5419997e+03 -2.9854578e-04
3.5440006e+03 -5.8127433e-04
3.5459998e+03 -3.4428906e-04
3.5480003e+03 -3.8321270e-04
3.5500007e+03 -2.9976267e-04
3.5520005e+03 3.8427906e-04
3.5540001e+03 -7.0390065e-04
3.5560007e+03 8.3997980e-04
3.5579995e+03 -6.5668247e-04
3.5599997e+03 -2.1447334e-04
3.5619993e+03 -2.6529457e-04
3.5640003e+03 5.6453014e-04
3.5660007e+03 3.4168796e-04
3.5680008e+03 3.1342141e-05
3.5699992e+03 7.6928269e-04
3.5720001e+03 8.7759487e-04
3.5739992e+03 -8.2085730e-04
3.5759996e+03 5.5055128e-04
3.5780007e+03 -1.9930410e-05
3.5800002e+03 2.2416882e-04
3.5820005e+03 -1.0050708e-04
3.5840008e+03 -1.6656137e-04
3.5859992e+03 -6.9154834e-04
3.5879999e+03 1.3047308e-04
3.5900006e+03 -8.4677355e-05
3.5920003e+03 4.6414995e-04
3.5940001e+03 2.7003378e-04
3.5959996e+03 1.0432786e-03
3.5979998e+03 2.3133338e-04
3.5999996e+03 6.6767377e-04
3.6020004e+03 -3.5664230e-04
3.6039996e+03 3.0713851e-04
3.6059998e+03 -2.5994424e-04
3.6079996e+03 3.8855779e-04
3.6100001e+03 -1.0083702e-03
3.6120003e+03 4.4765245e-04
3.6140001e+03 5.0337811e-04
3.6159996e+03 1.6565547e-04
3.6180000e+03 -4.5267207e-06
3.6200000e+03 4.4099495e-04
3.6219994e+03 -8.8113773e-04
3.6239998e+03 -1.7763153e-04
3.6259997e+03 2.1480382e-04
3.6279993e+03 1.0810444e-03
3.6299999e+03 4.8955593e-05
3.6320000e+03 -1.7566491e-04
3.6339995e+03 4.5112980e-04
3.6360002e+03 -3.1163706e-04
3.6380002e+03 1.5896559e-05
3.6399998e+03 1.1088730e-04
3.6420003e+03 9.2093891e-04
3.6440001e+03 2.0848418e-04
3.6459998e+03 6.1981555e-04
3.6480001e+03 2.9248407e-04
3.6499999e+03 6.0506974e-04
3.6519994e+03 5.7338219e-04
3.6539998e+03 -2.7626829e-04
3.6559997e+03 4.9026236e-05
3.6580005e+03 1.8039800e-04
3.6600006e+03 -2.5046448e-04
3.6620002e+03 -2.7347679e-04
3.6639994e+03 -1.9954455e-04
3.6659995e+03 -5.3479441e-04
3.6680005e+03 3.2605111e-04
3.6699997e+03 -5.6633588e-05
3.6719994e+03 -1.7719366e-06
3.6740000e+03 -2.4242503e-05
3.6760004e+03 -2.2584994e-04
3.6780001e+03 -7.7107042e-04
3.6800003e+03 -3.4612330e-04
3.6820003e+03 -1.5303848e-04
3.6839999e+03 4.9018522e-04
3.6860000e+03 -4.9922615e-04
3.6879996e+03 2.0454546e-04
3.6900000e+03 4.3645636e-05
3.6920000e+03 -1.9860131e-04
3.6939994e+03 -4.4428776e-05
3.6959997e+03 -5.0168991e-04
3.6979991e+03 -1.1508196e-04
3.6999998e+03 6.7159237e-04
3.7019995e+03 3.2542611e-04
3.7040001e+03 1.0547831e-03
3.7060002e+03 2.8684552e-04
3.7079994e+03 -3.0370688e-04
3.7099998e+03 2.5512071e-04
3.7119992e+03 1.0533404e-04
3.7139999e+03 2.2260001e-04
3.7159996e+03 2.0026853e-05
3.7180002e+03 1.6104302e-04
3.7199999e+03 2.2879303e-04
3.7219994e+03 -9.5626950e-04
3.7239996e+03 5.3227128e-04
3.7260003e+03 5.9233297e-04
3.7279991e+03 9.5785101e-04
3.7300001e+03 5.5058470e-05
3.7320005e+03 -1.7251734e-05
3.7340003e+03 -4.0379525e-04
3.7360008e+03 5.7164498e-04
3.7379991e+03 2.0684497e-04
3.7399995e+03 5.7576137e-04
3.7419997e+03 4.8495558e-04
3.7440003e+03 -3.6421488e-04
3.7460003e+03 8.8951341e-04
3.7479994e+03 5.2707252e-04
3.7499995e+03 -1.3146026e-04
3.7520001e+03 -2.0075892e-04
3.7540004e+03 -4.2044623e-05
3.7559998e+03 4.9285847e-04
3.7579999e+03 5.8780651e-04
3.7600007e+03 1.0919052e-03
3.7620009e+03 -3.7571331e-04
3.7640001e+03 -8.4446295e-04
3.7660004e+03 6.3745210e-05
3.7679998e+03 -7.1409886e-05
3.7699998e+03 -8.5422776e-05
3.7719992e+03 -3.4628017e-04
3.7740007e+03 -1.8878876e-04
3.7760002e+03 3.0282696e-04
3.7780001e+03 9.1068068e-04
3.7799996e+03 -5.0912480e-05
3.7819995e+03 3.3224269e-04
3.7840001e+03 7.3210784e-04
3.7860000e+03 6.2448780e-05
3.7879993e+03 3.6516169e-04
3.7900007e+03 -1.0991722e-04
3.7919996e+03 -3.5126295e-04
3.7939995e+03 -5.7697605e-04
3.7959999e+03 4.0448687e-04
3.7979995e+03 -3.7355721e-04
3.7999998e+03 8.7217416e-04
3.8019994e+03 1.6782648e-04
3.8039997e+03 3.2156026e-05
3.8060006e+03 3.9632931e-05
3.8080005e+03 6.7537115e-04
3.8099997e+03 -8.6310210e-06
3.8119999e+03 -3.5314911e-04
3.8140004e+03 6.0036918e-04
3.8160002e+03 -1.4250558e-04
3.8180003e+03 3.7100888e-04
3.8200000e+03 -3.2102736e-04
3.8220004e+03 -4.7213020e-04
3.8239997e+03 -1.5242820e-04
3.8259996e+03 -7.1519520e-05
3.8280002e+03 3.2369141e-04
3.8300000e+03 2.9693430e-04
3.8320005e+03 1.4770817e-04
3.8340001e+03 -3.6137077e-04
3.8360001e+03 7.3863042e-04
3.8379997e+03 3.9390480e-04
3.8399995e+03 -3.6289863e-04
3.8420000e+03 -2.3626095e-04
3.8439997e+03 -9.6962074e-05
3.8460000e+03 3.1982138e-04
3.8479995e+03 -3.4171296e-04
3.8499993e+03 -9.7085565e-04
3.8520001e+03 2.0796705e-04
3.8539997e+03 7.8550715e-04
3.8559999e+03 -5.8458169e-04
3.8579993e+03 -8.1609935e-05
3.8599993e+03 -2.8715402e-04
3.8619999e+03 3.5785430e-04
3.8639997e+03 5.4859318e-04
3.8659997e+03 -8.2188009e-05
3.8680007e+03 -6.2601763e-04
3.8700005e+03 9.3628751e-04
3.8719994e+03 -2.1398939e-04
3.8740004e+03 -2.0767156e-04
3.8760005e+03 -1.6064294e-04
3.8779998e+03 3.7305357e-04
3.8799993e+03 3.0407149e-04
3.8819997e+03 2.6930330e-04
3.8840004e+03 1.3095675e-04
3.8860002e+03 2.1492973e-05
3.8880005e+03 3.2314431e-04
3.8900000e+03 6.5874157e-04
3.8920000e+03 1.9316604e-07
3.8940007e+03 -6.1763400e-05
3.8960000e+03 -4.2370858e-04
3.8980003e+03 1.7905963e-04
3.8999993e+03 -5.9281381e-05
3.9020003e+03 2.3909437e-04
3.9040005e+03 1.1062139e-04
3.9059997e+03 6.2448904e-04
3.9079994e+03 -3.4523211e-05
3.9099997e+03 -1.4297415e-04
3.9120002e+03 2.4866409e-04
3.9140002e+03 1.2079674e-04
3.9160003e+03 6.1347685e-04
3.9179994e+03 1.0392030e-03
3.9200006e+03 -2.2439570e-04
3.9220008e+03 -7.2456918e-05
3.9240001e+03 2.5009687e-04
3.9259995e+03 1.0001023e-04
3.9279998e+03 -1.0613006e-04
3.9300003e+03 7.9601283e-05
3.9319998e+03 -7.9090794e-05
3.9340002e+03 -5.7386613e-05
3.9360008e+03 2.5111443e-04
3.9380000e+03 1.0567675e-04
3.9400000e+03 5.7768810e-04
3.9420006e+03 1.1271954e-03
3.9439998e+03 2.1372184e-04
3.9459999e+03 6.2622724e-04
3.9480001e+03 6.1983959e-04
3.9499993e+03 3.5916986e-05
3.9519990e+03 -1.5424512e-04
3.9540008e+03 4.8486114e-04
3.9559999e+03 2.8883933e-05
3.9579992e+03 3.8581798e-04
3.9600009e+03 1.5339783e-03
3.9619996e+03 -1.7543367e-04
3.9640004e+03 1.5039668e-04
3.9660005e+03 8.8603258e-05
3.9680006e+03 7.9380238e-04
3.9699994e+03 8.3898479e-04
3.9719990e+03 -4.7416167e-04
3.9740006e+03 1.2319818e-03
3.9759992e+03 -1.4869886e-04
3.9780002e+03 -3.1543922e-04
3.9799997e+03 -2.3172585e-04
3.9819997e+03 1.3819708e-04
3.9840002e+03 -1.1426741e-05
3.9859996e+03 -2.5576213e-04
3.9879994e+03 -2.4099936e-04
3.9899993e+03 1.6578120e-04
3.9920000e+03 -5.9142220e-04
3.9939993e+03 5.6434487e-04
3.9960009e+03 2.9926920e-05
3.9979994e+03 -1.9819844e-04
4.0000000e+03 2.6357625e-04
4.0019994e+03 -2.3182918e-04
4.0040009e+03 -1.2330251e-03
4.0059992e+03 -5.4199185e-04
4.0080000e+03 5.1316072e-04
4.0100011e+03 1.2262028e-03
4.0120007e+03 3.5207061e-04
4.0139992e+03 6.8864558e-04
4.0159997e+03 -4.8863632e-04
4.0180006e+03 5.3903181e-04
4.0200003e+03 5.4000661e-04
4.0220004e+03 -8.6980156e-04
4.0240006e+03 6.7453342e-04
4.0259999e+03 -1.6376916e-04
4.0279993e+03 -9.3416864e-04
4.0300011e+03 5.3266832e-04
4.0319997e+03 6.3098501e-04
4.0340002e+03 2.9990001e-04
4.0359996e+03 -6.5644406e-04
4.0380010e+03 -7.8704831e-04
4.0399991e+03 5.6507223e-04
4.0419997e+03 2.0434146e-04
4.0440002e+03 -9.4487955e-04
4.0459999e+03 -5.5389991e-04
4.0479996e+03 9.2670007e-04
4.0499997e+03 7.0004631e-04
4.0520001e+03 -4.2748204e-04
4.0539994e+03 2.4318686e-04
4.0560005e+03 1.0387478e-03
4.0580001e+03 -4.8529313e-05
4.0600004e+03 1.0074164e-04
4.0619990e+03 -3.0777592e-04
4.0640001e+03 -1.6550746e-04
4.0659994e+03 -5.6000549e-04
4.0680008e+03 2.0245495e-04
4.0700008e+03 -8.3117870e-05
4.0719996e+03 -1.8297738e-04
4.0740000e+03 -9.6070173e-04
4.0760011e+03 -4.6109810e-04
4.0780009e+03 2.7175958e-04
4.0800007e+03 5.2423271e-05
4.0819992e+03 -3.3248207e-04
4.0839996e+03 9.8387638e-05
4.0860003e+03 -6.2922679e-04
4.0879998e+03 6.9496884e-05
4.0899996e+03 2.5399349e-04
4.0919997e+03 5.8490073e-04
4.0939997e+03 1.8265298e-05
4.0960004e+03 -4.0209648e-04
4.0979994e+03 -3.9015629e-04
4.1000008e+03 -2.0360546e-04
4.1020004e+03 8.8440819e-04
4.1040003e+03 -8.0264927e-06
4.1060006e+03 -5.1979977e-04
4.1079995e+03 4.5905335e-04
4.1099999e+03 7.2295108e-04
4.1119994e+03 -1.1186795e-04
4.1140004e+03 -2.5158777e-04
4.1160005e+03 -1.8089279e-04
4.1180004e+03 6.4542488e-04
4.1199990e+03 4.6465601e-04
4.1219995e+03 1.1800770e-03
4.1240003e+03 7.5342017e-04
4.1259997e+03 2.3153565e-04
4.1279994e+03 -3.3547697e-04
4.1300011e+03 5.3121132e-04
4.1320009e+03 6.3795398e-04
4.1339993e+03 -8.3943807e-05
4.1360001e+03 4.0375092e-04
4.1380007e+03 -1.0531369e-03
4.1399999e+03 -2.6940045e-04
4.1420011e+03 1.1615318e-03
4.1440008e+03 -3.3986208e-04
4.1460008e+03 -5.4205087e-04
4.1479989e+03 -3.1216926e-04
4.1500011e+03 -1.5426366e-04
4.1519997e+03 -7.1615214e-06
4.1540002e+03 -5.9909630e-04
4.1559998e+03 1.9581737e-04
4.1580008e+03 -3.7350750e-04
4.1600004e+03 3.5642547e-04
4.1620002e+03 6.3276856e-04
4.1639998e+03 -6.3741731e-04
4.1660000e+03 7.0437411e-04
4.1680005e+03 9.0412633e-04
4.1699991e+03 6.2828057e-04
4.1720001e+03 -2.6780841e-04
4.1739991e+03 -3.6032256e-04
4.1760001e+03 -3.5362216e-05
4.1779995e+03 8.5696398e-04
4.1800009e+03 -2.1228261e-04
4.1820008e+03 8.1338041e-04
4.1840008e+03 5.8932195e-04
4.1859990e+03 5.2802014e-04
4.1880012e+03 -1.3253649e-04
4.1899997e+03 4.9558657e-06
4.1920002e+03 -1.9263702e-04
4.1939995e+03 -2.8885138e-04
4.1960003e+03 1.2557516e-04
4.1979996e+03 -1.8514955e-04
4.2000008e+03 1.1257598e-03
4.2020001e+03 6.0584297e-04
4.2039999e+03 2.0900182e-04
4.2059999e+03 1.0121951e-03
4.2079997e+03 6.6018128e-04
4.2099996e+03 -2.3887289e-04
4.2120002e+03 7.0973963e-04
4.2140004e+03 8.2283361e-05
4.2159991e+03 3.3380411e-04
4.2179997e+03 8.0072298e-04
4.2200005e+03 1.5823509e-03
4.2219997e+03 8.4567670e-05
4.2240003e+03 2.0082507e-03
4.2259998e+03 -2.8926638e-04
4.2280007e+03 -6.4320362e-04
4.2300005e+03 1.0860452e-03
4.2320000e+03 -8.2572235e-04
4.2339996e+03 -5.0774153e-04
4.2359994e+03 -2.1307840e-04
4.2379993e+03 9.5239363e-04
4.2399993e+03 4.4969239e-04
4.2420012e+03 9.4603078e-04
4.2439993e+03 -7.2708761e-04
4.2459997e+03 5.2045612e-04
4.2479998e+03 3.1212159e-03
4.2500005e+03 6.1905006e-04
4.2520008e+03 -6.3838401e-05
4.2539995e+03 -1.0906623e-04
4.2560001e+03 3.8910768e-04
4.2579990e+03 2.6664950e-03
4.2599998e+03 1.0463299e-03
4.2620007e+03 1.7127254e-03
4.2639994e+03 -6.9810171e-04
4.2660005e+03 1.7152182e-03
4.2679995e+03 -8.6158943e-05
4.2700008e+03 -1.9143298e-03
4.2720000e+03 1.2237404e-03
4.2739992e+03 3.4272260e-04
4.2760004e+03 2.6875266e-04
4.2779998e+03 -6.0401775e-04
4.2800011e+03 8.4772706e-04
4.2820007e+03 8.1668317e-04
4.2839999e+03 -3.6582717e-04
4.2859997e+03 -1.2373893e-03
4.2879990e+03 8.7437371e-04
4.2900007e+03 2.2323919e-03
4.2920002e+03 2.0733920e-03
4.2939998e+03 7.1220484e-04
4.2959994e+03 -2.8248609e-04
4.2979991e+03 1.3948276e-03
4.3000006e+03 -2.8544501e-04
4.3020004e+03 1.6177150e-04
4.3040003e+03 6.9672335e-04
4.3059997e+03 5.4578460e-04
4.3079997e+03 -7.3663090e-05
4.3099992e+03 -6.4622836e-05
4.3119988e+03 2.5153035e-04
4.3140007e+03 -7.7214412e-04
4.3160003e+03 9.2275522e-04
4.3180000e+03 1.1920915e-03
4.3199998e+03 1.1863547e-03
4.3219995e+03 5.7592784e-04
4.3239988e+03 3.4793472e-04
4.3260005e+03 1.1251477e-03
4.3280003e+03 2.4095054e-05
4.3299997e+03 1.5433539e-03
4.3319991e+03 1.0858641e-03
4.3340008e+03 2.6384977e-04
4.3360002e+03 1.0608715e-03
4.3379996e+03 6.8123324e-04
4.3400009e+03 2.0704574e-04
4.3420004e+03 1.8489551e-03
4.3439998e+03 1.1451684e-03
4.3460006e+03 1.9535145e-03
4.3480001e+03 1.2606019e-03
4.3499991e+03 5.8765302e-04
4.3520003e+03 9.6468552e-04
4.3539993e+03 7.0673367e-04
4.3560001e+03 1.3931550e-03
4.3579990e+03 1.2331306e-03
4.3600002e+03 6.7381444e-04
4.3620009e+03 -3.1320320e-04
4.3639993e+03 -2.9774485e-04
4.3660000e+03 9.6481788e-04
4.3680006e+03 1.5970907e-03
4.3699989e+03 1.0476705e-03
4.3719995e+03 1.7265496e-03
4.3739996e+03 1.6910546e-03
4.3760001e+03 1.5204194e-03
4.3780001e+03 5.7104969e-04
4.3800001e+03 1.4819567e-03
4.3820000e+03 1.7316929e-03
4.3839999e+03 2.0521714e-03
4.3859997e+03 1.7340014e-03
4.3879990e+03 2.0542138e-03
4.3900005e+03 1.6161961e-03
4.3920002e+03 2.2863024e-03
4.3939993e+03 1.4195464e-03
4.3960007e+03 1.1550807e-03
4.3979996e+03 1.7809675e-03
4.4000004e+03 3.4370313e-03
4.4019993e+03 1.3586372e-03
4.4039999e+03 1.9797657e-03
4.4060005e+03 2.1634945e-03
4.4079991e+03 2.7065303e-03
4.4099995e+03 4.6297614e-03
4.4119998e+03 3.5647210e-03
4.4139995e+03 2.5517824e-03
4.4159997e+03 3.0387358e-03
4.4179992e+03 3.4015460e-03
4.4200006e+03 6.2129684e-03
4.4220005e+03 5.1389909e-03
4.4239998e+03 5.1123896e-03
4.4260009e+03 5.4422836e-03
4.4279999e+03 6.9310181e-03
4.4300008e+03 6.9845561e-03
4.4319992e+03 8.3737858e-03
4.4339998e+03 8.3426330e-03
4.4360004e+03 9.3071517e-03
4.4380003e+03 1.0497478e-02
4.4400006e+03 1.0879647e-02
4.4420003e+03 1.1643410e-02
4.4439999e+03 1.3827483e-02
4.4459998e+03 1.5127792e-02
4.4480010e+03 1.6620046e-02
4.4500002e+03 1.8709725e-02
4.4520012e+03 2.0195339e-02
4.4539996e+03 2.3314834e-02
4.4560003e+03 2.5847876e-02
4.4580008e+03 2.9309051e-02
4.4600007e+03 3.4329426e-02
4.4620010e+03 3.9278872e-02
4.4640006e+03 4.4254165e-02
4.4660006e+03 5.0689835e-02
4.4679999e+03 5.9603833e-02
4.4700010e+03 6.7451403e-02
4.4719999e+03 7.8899361e-02
4.4740007e+03 9.2304207e-02
4.4759994e+03 1.0896240e-01
4.4779998e+03 1.2793460e-01
4.4799996e+03 1.4959760e-01
4.4819997e+03 1.7558390e-01
4.4839991e+03 2.0752139e-01
4.4860008e+03 2.4502011e-01
4.4879999e+03 2.8952339e-01
4.4899987e+03 3.4150249e-01
4.4919999e+03 4.0055650e-01
4.4940004e+03 4.6849501e-01
4.4960006e+03 5.4081911e-01
4.4980007e+03 6.1796910e-01
4.5000006e+03 6.9148731e-01
4.5019998e+03 7.6472288e-01
4.5039993e+03 8.3115357e-01
4.5060005e+03 8.8773638e-01
4.5079991e+03 9.3209201e-01
4.5100000e+03 9.6421301e-01
4.5120001e+03 9.8458290e-01
4.5140000e+03 9.9505007e-01
4.5159997e+03 1.0000000e+00
4.5179997e+03 9.9865121e-01
4.5200009e+03 9.8582911e-01
4.5220000e+03 9.8065561e-01
4.5240003e+03 9.7517288e-01
4.5259989e+03 9.6430200e-01
4.5279992e+03 9.4982898e-01
4.5300013e+03 9.3066448e-01
4.5320007e+03 9.0049869e-01
4.5339998e+03 8.6129981e-01
4.5359992e+03 8.1227392e-01
4.5379998e+03 7.5356668e-01
4.5400002e+03 6.7938161e-01
4.5420004e+03 6.0817701e-01
4.5440003e+03 5.3565192e-01
4.5459999e+03 4.6353999e-01
4.5479993e+03 3.9816481e-01
4.5500004e+03 3.3675149e-01
4.5520013e+03 2.8432789e-01
4.5539994e+03 2.3901451e-01
4.5559997e+03 1.9996440e-01
4.5579993e+03 1.6815780e-01
4.5600011e+03 1.4037099e-01
4.5620001e+03 1.1781760e-01
4.5640009e+03 9.9590547e-02
4.5659993e+03 8.5276850e-02
4.5679995e+03 7.2616860e-02
4.5699994e+03 6.1893098e-02
4.5719991e+03 5.3005006e-02
4.5740004e+03 4.5922175e-02
4.5759995e+03 4.1183915e-02
4.5779997e+03 3.5111278e-02
4.5800002e+03 3.0258536e-02
4.5820004e+03 2.6040183e-02
4.5839998e+03 2.4142187e-02
4.5859988e+03 1.9949416e-02
4.5879996e+03 1.8475691e-02
4.5900007e+03 1.6113661e-02
4.5920008e+03 1.4277725e-02
4.5939986e+03 1.2194152e-02
4.5960002e+03 1.1292872e-02
4.5979995e+03 1.0402145e-02
4.5999999e+03 9.2175333e-03
4.6020005e+03 8.5840952e-03
4.6040008e+03 7.5827125e-03
4.6060003e+03 6.8816487e-03
4.6079999e+03 6.9836150e-03
4.6099987e+03 6.4795502e-03
4.6119992e+03 5.8037331e-03
4.6139999e+03 5.1154131e-03
4.6159998e+03 4.9276254e-03
4.6180013e+03 4.4153025e-03
4.6200005e+03 4.2233593e-03
4.6220013e+03 3.2283228e-03
4.6239997e+03 2.8774033e-03
4.6259994e+03 2.7473760e-03
4.6279991e+03 3.0872582e-03
4.6300007e+03 2.8805486e-03
4.6319992e+03 2.4612262e-03
4.6340000e+03 2.8332782e-03
4.6359999e+03 2.4212643e-03
4.6379994e+03 1.9117815e-03
4.6400006e+03 1.6710412e-03
4.6419999e+03 2.5195642e-03
4.6440004e+03 2.3565360e-03
4.6460005e+03 1.5576080e-03
4.6480002e+03 1.6515219e-03
4.6499990e+03 1.0177710e-03
4.6520001e+03 1.2724128e-03
4.6540007e+03 1.3509865e-03
4.6560005e+03 1.0283210e-03
4.6580003e+03 1.5810602e-03
4.6599992e+03 1.2509082e-03
4.6620004e+03 1.4723305e-03
4.6640007e+03 1.4575558e-03
4.6660005e+03 3.8852068e-04
4.6679999e+03 6.0538686e-04
4.6699994e+03 1.2965829e-03
4.6720002e+03 8.6273823e-04
4.6739978e+03 1.3569869e-03
4.6759998e+03 1.1276469e-03
4.6779992e+03 5.3663243e-04
4.6800004e+03 6.3881150e-04
4.6820006e+03 1.0326034e-03
4.6840009e+03 9.2998391e-04
4.6860002e+03 5.7555252e-04
4.6879997e+03 7.6959759e-04
4.6900003e+03 7.8790699e-04
4.6920004e+03 9.0062973e-04
4.6940007e+03 6.2330760e-04
4.6959999e+03 1.4537214e-03
4.6980009e+03 1.0522422e-03
4.6999993e+03 2.9875679e-04
4.7020015e+03 6.1753613e-04
4.7040005e+03 6.9301907e-04
4.7059997e+03 8.3893648e-04
4.7080005e+03 6.2799919e-04
4.7100004e+03 8.2283199e-04
4.7120003e+03 3.0300440e-04
4.7139992e+03 1.2073469e-05
4.7160003e+03 2.5645515e-04
4.7180004e+03 1.3704326e-04
4.7200001e+03 3.8991024e-04
4.7219992e+03 6.3856179e-04
4.7240001e+03 1.3417047e-03
4.7260004e+03 6.3833123e-04
4.7280003e+03 5.4579083e-04
4.7299997e+03 4.1850633e-04
4.7320008e+03 4.4156550e-04
4.7340014e+03 4.4203055e-04
4.7359987e+03 2.2363201e-04
4.7380005e+03 3.5302230e-04
4.7399990e+03 6.3537253e-04
4.7419998e+03 4.4520211e-04
4.7439995e+03 5.5391254e-04
4.7459987e+03 3.3799195e-05
4.7480001e+03 1.3011340e-04
4.7500005e+03 5.4991530e-04
4.7520003e+03 2.1066975e-04
4.7539997e+03 -2.3638571e-04
4.7560007e+03 2.8529370e-05
4.7580012e+03 -8.7531887e-05
4.7600006e+03 4.8461245e-04
4.7620000e+03 3.6120950e-04
4.7640011e+03 4.2313282e-04
4.7659989e+03 4.9328001e-04
4.7680011e+03 3.1743234e-04
4.7700001e+03 4.0770596e-04
4.7720012e+03 2.1231985e-04
4.7740013e+03 3.2650749e-04
4.7760008e+03 8.6929886e-06
4.7779997e+03 -1.1240043e-04
4.7800004e+03 1.4883828e-04
4.7820004e+03 1.3931027e-04
4.7839999e+03 3.8996837e-04
4.7860011e+03 2.5534048e-04
4.7879995e+03 4.8201870e-05
4.7899990e+03 3.9355035e-04
4.7919985e+03 3.7911281e-04
4.7939996e+03 1.3857124e-04
4.7959996e+03 2.2480654e-04
4.7979996e+03 -9.8325347e-07
4.8000008e+03 6.6980785e-05
4.8019990e+03 1.1412879e-04
4.8039990e+03 -2.6310472e-05
4.8060011e+03 1.9743523e-04
4.8079999e+03 3.1775769e-05
4.8100003e+03 1.1442711e-04
4.8120001e+03 1.9781008e-04
4.8139993e+03 1.0010126e-04
4.8159997e+03 1.9348215e-04
4.8179999e+03 2.4656059e-05
4.8199996e+03 7.1111637e-05
4.8220009e+03 2.0016260e-04
4.8239988e+03 3.7138697e-04
4.8260012e+03 1.4019800e-04
4.8280001e+03 4.4292436e-05
4.8300007e+03 1.1616929e-04
4.8319984e+03 2.1261112e-04
4.8340006e+03 2.2776992e-04
4.8359993e+03 8.3880906e-05
4.8379997e+03 1.1726620e-04
4.8399994e+03 1.5061871e-05
4.8420008e+03 1.3070143e-04
4.8439992e+03 2.4345136e-04
4.8460016e+03 1.0123667e-04
4.8480005e+03 2.3902411e-04
4.8499993e+03 1.7117517e-04
4.8519992e+03 5.8895454e-05
4.8540013e+03 3.5244192e-04
4.8559999e+03 -2.0107857e-06
4.8580007e+03 -1.2721911e-04
4.8599980e+03 5.6204510e-05
4.8619992e+03 1.5880784e-04
4.8640004e+03 1.7624558e-04
4.8660003e+03 1.5637817e-04
4.8679995e+03 -2.2348877e-05
4.8700004e+03 -1.9522637e-04
4.8720006e+03 6.7128378e-05
4.8740001e+03 9.8492987e-05
4.8759983e+03 2.7794549e-05
4.8779988e+03 4.5897876e-05
4.8800009e+03 1.2847641e-04
4.8819995e+03 2.0307767e-04
4.8840002e+03 2.2101257e-04
4.8860000e+03 -9.1819857e-05
4.8879988e+03 -1.3619181e-04
4.8899995e+03 -3.5095956e-05
4.8919992e+03 5.2123160e-05
4.8940009e+03 2.6484309e-05
4.8959992e+03 -9.3837451e-05
4.8979991e+03 -6.2971085e-06
4.9000007e+03 1.4248041e-04
4.9019992e+03 1.1796760e-04
4.9039994e+03 8.1920931e-05
4.9060011e+03 -3.1902746e-05
4.9079996e+03 -3.4098521e-05
4.9099996e+03 -7.4160642e-05
4.9119989e+03 -7.7291821e-05
4.9140002e+03 -1.1423965e-04
4.9160004e+03 -3.6011526e-05
4.9179996e+03 6.6478919e-05
4.9200007e+03 1.0413861e-04
4.9220011e+03 7.8131248e-05
4.9239981e+03 7.8951034e-06
4.9259991e+03 -1.2747081e-06
4.9279996e+03 6.1290120e-05
4.9299991e+03 -1.5374178e-05
4.9320002e+03 -2.6448266e-05
4.9340002e+03 3.7291535e-05
4.9359998e+03 1.3880078e-04
4.9380010e+03 1.5642993e-04
4.9399988e+03 1.3191284e-04
4.9420006e+03 1.0803820e-04
4.9439992e+03 -2.4325198e-06
4.9459994e+03 1.6179083e-05
4.9479989e+03 5.3171283e-05
4.9500000e+03 2.1948301e-05
4.9520003e+03 4.9760201e-05
4.9539995e+03 -4.4683318e-05
4.9560007e+03 -1.0221307e-04
4.9580007e+03 -9.0400419e-05
4.9600000e+03 -8.5124375e-06
4.9620009e+03 3.8420789e-05
4.9640010e+03 2.6160400e-05
4.9660003e+03 3.3720567e-05
4.9680012e+03 1.8826700e-05
4.9699986e+03 5.2508356e-05
4.9720003e+03 6.3972948e-05
4.9740009e+03 4.9160091e-05
4.9760008e+03 2.0438780e-05
4.9779998e+03 5.7667839e-05
4.9800004e+03 9.6918215e-05
4.9820002e+03 1.7320730e-05
4.9840012e+03 -4.2597589e-05
4.9859994e+03 1.1152246e-05
4.9879988e+03 6.3206651e-05
4.9899999e+03 -4.5540510e-06
4.9920004e+03 1.9245646e-05
4.9939998e+03 -6.0473631e-06
4.9960008e+03 4.4086111e-05
4.9980007e+03 1.0262006e-04
5.0000000e+03 5.8913989e-05
5.0020009e+03 0.0000000e+00
5.0040007e+03 0.0000000e+00
5.0059996e+03 0.0000000e+00
5.0080001e+03 0.0000000e+00
5.0099998e+03 0.0000000e+00
5.0120011e+03 0.0000000e+00
5.0139990e+03 0.0000000e+00
5.0160011e+03 0.0000000e+00
5.0179994e+03 0.0000000e+00
5.0199997e+03 0.0000000e+00
5.0219988e+03 0.0000000e+00
5.0239995e+03 0.0000000e+00
5.0259994e+03 0.0000000e+00
5.0280008e+03 0.0000000e+00
5.0299989e+03 0.0000000e+00
5.0320010e+03 0.0000000e+00
5.0339998e+03 0.0000000e+00
5.0359998e+03 0.0000000e+00
5.0379990e+03 0.0000000e+00
5.0400001e+03 0.0000000e+00
5.0419999e+03 0.0000000e+00
5.0440014e+03 0.0000000e+00
5.0459995e+03 0.0000000e+00
5.0479988e+03 0.0000000e+00
5.0500001e+03 0.0000000e+00
5.0520004e+03 0.0000000e+00
5.0539995e+03 0.0000000e+00
5.0560002e+03 0.0000000e+00
5.0580000e+03 0.0000000e+00
5.0599988e+03 0.0000000e+00
5.0619993e+03 0.0000000e+00
5.0639988e+03 0.0000000e+00
5.0659999e+03 0.0000000e+00
5.0679998e+03 0.0000000e+00
5.0700015e+03 0.0000000e+00
5.0719995e+03 0.0000000e+00
5.0739991e+03 0.0000000e+00
5.0760003e+03 0.0000000e+00
5.0779980e+03 0.0000000e+00
5.0799998e+03 0.0000000e+00
5.0820006e+03 0.0000000e+00
5.0840005e+03 0.0000000e+00
5.0859991e+03 0.0000000e+00
5.0879993e+03 0.0000000e+00
5.0900014e+03 0.0000000e+00
5.0919997e+03 0.0000000e+00
5.0939996e+03 0.0000000e+00
5.0960010e+03 0.0000000e+00
5.0979989e+03 0.0000000e+00
5.1000007e+03 0.0000000e+00
5.1019992e+03 0.0000000e+00
5.1039990e+03 0.0000000e+00
5.1060006e+03 0.0000000e+00
5.1079984e+03 0.0000000e+00
5.1099978e+03 0.0000000e+00
5.1119988e+03 0.0000000e+00
5.1139987e+03 0.0000000e+00
5.1160002e+03 0.0000000e+00
5.1180008e+03 0.0000000e+00
5.1200000e+03 0.0000000e+00
5.1220008e+03 0.0000000e+00
5.1240009e+03 0.0000000e+00
5.1259997e+03 0.0000000e+00
5.1280000e+03 0.0000000e+00
5.1299993e+03 0.0000000e+00
5.1320002e+03 0.0000000e+00
5.1340001e+03 0.0000000e+00
5.1360012e+03 0.0000000e+00
5.1379991e+03 0.0000000e+00
5.1400007e+03 0.0000000e+00
5.1419988e+03 0.0000000e+00
5.1440013e+03 0.0000000e+00
5.1459998e+03 0.0000000e+00
5.1480000e+03 0.0000000e+00
5.1499987e+03 0.0000000e+00
5.1519994e+03 0.0000000e+00
5.1539990e+03 0.0000000e+00
5.1559998e+03 0.0000000e+00
5.1580000e+03 0.0000000e+00
5.1600013e+03 0.0000000e+00
5.1619990e+03 0.0000000e+00
5.1640008e+03 0.0000000e+00
5.1659990e+03 0.0000000e+00
5.1680014e+03 0.0000000e+00
5.1700000e+03 0.0000000e+00
5.1719999e+03 0.0000000e+00
5.1739991e+03 0.0000000e+00
5.1759995e+03 0.0000000e+00
5.1779988e+03 0.0000000e+00
5.1799999e+03 0.0000000e+00
5.1819997e+03 0.0000000e+00
5.1840010e+03 0.0000000e+00
5.1860013e+03 0.0000000e+00
5.1880001e+03 0.0000000e+00
5.1900008e+03 0.0000000e+00
5.1920001e+03 0.0000000e+00
5.1940012e+03 0.0000000e+00
5.1960009e+03 0.0000000e+00
5.1979996e+03 0.0000000e+00
5.1999997e+03 0.0000000e+00
5.2019988e+03 0.0000000e+00
5.2039994e+03 0.0000000e+00
5.2059989e+03 0.0000000e+00
5.2079996e+03 0.0000000e+00
5.2099995e+03 0.0000000e+00
5.2120006e+03 0.0000000e+00
5.2140009e+03 0.0000000e+00
5.2159998e+03 0.0000000e+00
5.2180002e+03 0.0000000e+00
5.2199995e+03 0.0000000e+00
5.2220004e+03 0.0000000e+00
5.2240000e+03 0.0000000e+00
5.2260009e+03 0.0000000e+00
5.2280010e+03 0.0000000e+00
5.2299996e+03 0.0000000e+00
5.2320001e+03 0.0000000e+00
5.2339991e+03 0.0000000e+00
5.2359996e+03 0.0000000e+00
5.2379990e+03 0.0000000e+00
5.2399999e+03 0.0000000e+00
5.2419997e+03 0.0000000e+00
5.2440006e+03 0.0000000e+00
5.2460007e+03 0.0000000e+00
5.2479994e+03 0.0000000e+00
5.2499998e+03 0.0000000e+00
5.2519988e+03 0.0000000e+00
5.2539993e+03 0.0000000e+00
5.2559986e+03 0.0000000e+00
5.2579995e+03 0.0000000e+00
5.2599992e+03 0.0000000e+00
5.2620003e+03 0.0000000e+00
5.2640000e+03 0.0000000e+00
5.2659988e+03 0.0000000e+00
5.2679988e+03 0.0000000e+00
5.2700007e+03 0.0000000e+00
5.2720010e+03 0.0000000e+00
5.2740001e+03 0.0000000e+00
5.2760008e+03 0.0000000e+00
5.2780002e+03 0.0000000e+00
5.2800012e+03 0.0000000e+00
5.2820006e+03 0.0000000e+00
5.2839992e+03 0.0000000e+00
5.2859989e+03 0.0000000e+00
5.2880004e+03 0.0000000e+00
5.2900004e+03 0.0000000e+00
5.2919992e+03 0.0000000e+00
5.2939995e+03 0.0000000e+00
5.2959986e+03 0.0000000e+00
5.2979992e+03 0.0000000e+00
5.3000013e+03 0.0000000e+00
5.3019991e+03 0.0000000e+00
5.3039987e+03 0.0000000e+00
5.3059995e+03 0.0000000e+00
5.3079994e+03 0.0000000e+00
5.3100004e+03 0.0000000e+00
5.3120003e+03 0.0000000e+00
5.3139988e+03 0.0000000e+00
5.3159989e+03 0.0000000e+00
5.3180005e+03 0.0000000e+00
5.3200008e+03 0.0000000e+00
5.3219995e+03 0.0000000e+00
5.3240000e+03 0.0000000e+00
5.3259990e+03 0.0000000e+00
5.3279998e+03 0.0000000e+00
5.3299990e+03 0.0000000e+00
5.3319996e+03 0.0000000e+00
5.3339990e+03 0.0000000e+00
5.3359999e+03 0.0000000e+00
5.3379996e+03 0.0000000e+00
5.3400003e+03 0.0000000e+00
5.3420002e+03 0.0000000e+00
5.3439984e+03 0.0000000e+00
5.3460012e+03 0.0000000e+00
5.3479996e+03 0.0000000e+00
5.3499995e+03 0.0000000e+00
5.3520012e+03 0.0000000e+00
5.3540013e+03 0.0000000e+00
5.3560001e+03 0.0000000e+00
5.3580000e+03 0.0000000e+00
5.3599990e+03 0.0000000e+00
5.3619994e+03 0.0000000e+00
5.3640010e+03 0.0000000e+00
5.3660017e+03 0.0000000e+00
5.3680006e+03 0.0000000e+00
5.3700011e+03 0.0000000e+00
5.3720002e+03 0.0000000e+00
5.3740008e+03 0.0000000e+00
5.3760001e+03 0.0000000e+00
5.3780009e+03 0.0000000e+00
5.3800003e+03 0.0000000e+00
5.3820008e+03 0.0000000e+00
5.3840004e+03 0.0000000e+00
5.3860011e+03 0.0000000e+00
5.3880008e+03 0.0000000e+00
5.3899989e+03 0.0000000e+00
5.3919983e+03 0.0000000e+00
5.3939993e+03 0.0000000e+00
5.3959989e+03 0.0000000e+00
5.3980000e+03 0.0000000e+00
5.3999994e+03 0.0000000e+00
5.4020006e+03 0.0000000e+00
5.4040005e+03 0.0000000e+00
5.4059986e+03 0.0000000e+00
5.4079982e+03 0.0000000e+00
5.4099996e+03 0.0000000e+00
5.4119994e+03 0.0000000e+00
5.4140005e+03 0.0000000e+00
5.4160003e+03 0.0000000e+00
5.4180016e+03 0.0000000e+00
5.4200015e+03 0.0000000e+00
5.4219996e+03 0.0000000e+00
5.4239996e+03 0.0000000e+00
5.4260007e+03 0.0000000e+00
5.4280007e+03 0.0000000e+00
5.4299990e+03 0.0000000e+00
5.4319987e+03 0.0000000e+00
5.4340000e+03 0.0000000e+00
5.4359998e+03 0.0000000e+00
5.4380010e+03 0.0000000e+00
5.4400009e+03 0.0000000e+00
5.4419990e+03 0.0000000e+00
5.4439989e+03 0.0000000e+00
5.4460003e+03 0.0000000e+00
5.4479999e+03 0.0000000e+00
5.4500010e+03 0.0000000e+00
5.4520010e+03 0.0000000e+00
5.4539992e+03 0.0000000e+00
5.4559988e+03 0.0000000e+00
5.4580000e+03 0.0000000e+00
5.4599996e+03 0.0000000e+00
5.4620004e+03 0.0000000e+00
5.4640001e+03 0.0000000e+00
5.4660013e+03 0.0000000e+00
5.4680006e+03 0.0000000e+00
5.4699985e+03 0.0000000e+00
5.4720012e+03 0.0000000e+00
5.4739991e+03 0.0000000e+00
5.4759984e+03 0.0000000e+00
5.4779992e+03 0.0000000e+00
5.4799986e+03 0.0000000e+00
5.4819994e+03 0.0000000e+00
5.4840016e+03 0.0000000e+00
5.4859991e+03 0.0000000e+00
5.4880014e+03 0.0000000e+00
5.4899988e+03 0.0000000e+00
5.4920010e+03 0.0000000e+00
5.4940014e+03 0.0000000e+00
5.4960003e+03 0.0000000e+00
5.4980006e+03 0.0000000e+00
5.4999994e+03 0.0000000e+00
5.5019997e+03 0.0000000e+00
5.5040015e+03 0.0000000e+00
5.5060017e+03 0.0000000e+00
5.5080000e+03 0.0000000e+00
5.5100002e+03 0.0000000e+00
5.5119985e+03 0.0000000e+00
5.5140016e+03 0.0000000e+00
5.5159998e+03 0.0000000e+00
5.5179995e+03 0.0000000e+00
5.5200006e+03 0.0000000e+00
5.5220002e+03 0.0000000e+00
5.5240013e+03 0.0000000e+00
5.5260008e+03 0.0000000e+00
5.5279984e+03 0.0000000e+00
5.5300008e+03 0.0000000e+00
5.5320017e+03 0.0000000e+00
5.5340007e+03 0.0000000e+00
5.5360011e+03 0.0000000e+00
5.5379999e+03 0.0000000e+00
5.5400006e+03 0.0000000e+00
5.5419994e+03 0.0000000e+00
5.5439995e+03 0.0000000e+00
5.5460012e+03 0.0000000e+00
5.5480009e+03 0.0000000e+00
5.5499994e+03 0.0000000e+00
5.5519993e+03 0.0000000e+00
5.5540003e+03 0.0000000e+00
5.5560002e+03 0.0000000e+00
5.5580011e+03 0.0000000e+00
5.5600004e+03 0.0000000e+00
5.5620015e+03 0.0000000e+00
5.5640006e+03 0.0000000e+00
5.5660012e+03 0.0000000e+00
5.5679999e+03 0.0000000e+00
5.5700003e+03 0.0000000e+00
5.5719992e+03 0.0000000e+00
5.5739995e+03 0.0000000e+00
5.5760008e+03 0.0000000e+00
5.5779975e+03 0.0000000e+00
5.5799991e+03 0.0000000e+00
5.5819987e+03 0.0000000e+00
5.5839997e+03 0.0000000e+00
5.5859994e+03 0.0000000e+00
5.5880003e+03 0.0000000e+00
5.5899991e+03 0.0000000e+00
5.5919997e+03 0.0000000e+00
5.5939987e+03 0.0000000e+00
5.5959992e+03 0.0000000e+00
5.5980007e+03 0.0000000e+00
5.6000009e+03 0.0000000e+00
5.6019992e+03 0.0000000e+00
5.6039992e+03 0.0000000e+00
5.6060003e+03 0.0000000e+00
5.6079997e+03 0.0000000e+00
5.6100006e+03 0.0000000e+00
5.6119998e+03 0.0000000e+00
5.6140005e+03 0.0000000e+00
5.6159995e+03 0.0000000e+00
5.6179995e+03 0.0000000e+00
5.6200013e+03 0.0000000e+00
5.6220015e+03 0.0000000e+00
5.6239996e+03 0.0000000e+00
5.6259992e+03 0.0000000e+00
5.6280006e+03 0.0000000e+00
5.6299999e+03 0.0000000e+00
5.6320006e+03 0.0000000e+00
5.6339996e+03 0.0000000e+00
5.6360001e+03 0.0000000e+00
5.6379989e+03 0.0000000e+00
5.6399987e+03 0.0000000e+00
5.6419972e+03 0.0000000e+00
5.6440003e+03 0.0000000e+00
5.6460012e+03 0.0000000e+00
5.6480009e+03 0.0000000e+00
5.6500016e+03 0.0000000e+00
5.6520006e+03 0.0000000e+00
5.6540010e+03 0.0000000e+00
5.6559996e+03 0.0000000e+00
5.6579997e+03 0.0000000e+00
5.6599981e+03 0.0000000e+00
5.6620011e+03 0.0000000e+00
5.6639992e+03 0.0000000e+00
5.6659986e+03 0.0000000e+00
5.6679992e+03 0.0000000e+00
5.6700015e+03 0.0000000e+00
5.6719985e+03 0.0000000e+00
5.6740002e+03 0.0000000e+00
5.6760004e+03 0.0000000e+00
5.6780017e+03 0.0000000e+00
5.6800013e+03 0.0000000e+00
5.6819991e+03 0.0000000e+00
5.6840014e+03 0.0000000e+00
5.6859985e+03 0.0000000e+00
5.6880005e+03 0.0000000e+00
5.6900008e+03 0.0000000e+00
5.6919989e+03 0.0000000e+00
5.6939989e+03 0.0000000e+00
5.6959998e+03 0.0000000e+00
5.6979994e+03 0.0000000e+00
5.6999999e+03 0.0000000e+00
5.7019987e+03 0.0000000e+00
5.7039989e+03 0.0000000e+00
5.7060006e+03 0.0000000e+00
5.7080004e+03 0.0000000e+00
5.7100016e+03 0.0000000e+00
5.7120011e+03 0.0000000e+00
5.7140015e+03 0.0000000e+00
5.7160006e+03 0.0000000e+00
5.7180007e+03 0.0000000e+00
5.7199993e+03 0.0000000e+00
5.7219990e+03 0.0000000e+00
5.7240001e+03 0.0000000e+00
5.7259993e+03 0.0000000e+00
5.7280000e+03 0.0000000e+00
5.7299988e+03 0.0000000e+00
5.7319991e+03 0.0000000e+00
5.7340007e+03 0.0000000e+00
5.7360006e+03 0.0000000e+00
5.7379986e+03 0.0000000e+00
5.7400008e+03 0.0000000e+00
5.7420016e+03 0.0000000e+00
5.7440002e+03 0.0000000e+00
5.7460005e+03 0.0000000e+00
5.7480019e+03 0.0000000e+00
5.7500014e+03 0.0000000e+00
5.7519991e+03 0.0000000e+00
5.7540014e+03 0.0000000e+00
5.7559986e+03 0.0000000e+00
5.7580005e+03 0.0000000e+00
5.7600005e+03 0.0000000e+00
5.7620015e+03 0.0000000e+00
5.7640010e+03 0.0000000e+00
5.7659983e+03 0.0000000e+00
5.7680006e+03 0.0000000e+00
5.7700007e+03 0.0000000e+00
5.7719993e+03 0.0000000e+00
5.7739988e+03 0.0000000e+00
5.7759998e+03 0.0000000e+00
5.7779989e+03 0.0000000e+00
5.7799993e+03 0.0000000e+00
5.7820012e+03 0.0000000e+00
5.7840012e+03 0.0000000e+00
5.7859988e+03 0.0000000e+00
5.7879983e+03 0.0000000e+00
5.7899992e+03 0.0000000e+00
5.7920010e+03 0.0000000e+00
5.7940013e+03 0.0000000e+00
5.7959994e+03 0.0000000e+00
5.7979988e+03 0.0000000e+00
5.8000000e+03 0.0000000e+00
5.8019989e+03 0.0000000e+00
5.8039991e+03 0.0000000e+00
5.8060008e+03 0.0000000e+00
5.8080005e+03 0.0000000e+00
5.8100012e+03 0.0000000e+00
5.8120004e+03 0.0000000e+00
5.8140009e+03 0.0000000e+00
5.8159992e+03 0.0000000e+00
5.8179992e+03 0.0000000e+00
5.8200002e+03 0.0000000e+00
5.8219992e+03 0.0000000e+00
5.8240000e+03 0.0000000e+00
5.8260018e+03 0.0000000e+00
5.8280017e+03 0.0000000e+00
5.8299996e+03 0.0000000e+00
5.8319989e+03 0.0000000e+00
5.8339995e+03 0.0000000e+00
5.8360015e+03 0.0000000e+00
5.8380012e+03 0.0000000e+00
5.8399993e+03 0.0000000e+00
5.8419983e+03 0.0000000e+00
5.8439992e+03 0.0000000e+00
5.8460010e+03 0.0000000e+00
5.8480012e+03 0.0000000e+00
5.8499991e+03 0.0000000e+00
5.8520016e+03 0.0000000e+00
5.8539989e+03 0.0000000e+00
5.8560009e+03 0.0000000e+00
5.8580008e+03 0.0000000e+00
5.8599988e+03 0.0000000e+00
5.8620015e+03 0.0000000e+00
5.8639985e+03 0.0000000e+00
5.8660006e+03 0.0000000e+00
5.8680006e+03 0.0000000e+00
5.8699983e+03 0.0000000e+00
5.8720011e+03 0.0000000e+00
5.8740015e+03 0.0000000e+00
5.8759999e+03 0.0000000e+00
5.8779996e+03 0.0000000e+00
5.8800008e+03 0.0000000e+00
5.8819998e+03 0.0000000e+00
5.8840003e+03 0.0000000e+00
5.8859987e+03 0.0000000e+00
5.8879985e+03 0.0000000e+00
5.8899997e+03 0.0000000e+00
5.8919983e+03 0.0000000e+00
5.8939988e+03 0.0000000e+00
5.8960007e+03 0.0000000e+00
5.8980000e+03 0.0000000e+00
5.9000007e+03 0.0000000e+00
5.9019999e+03 0.0000000e+00
5.9039999e+03 0.0000000e+00
5.9060013e+03 0.0000000e+00
5.9080006e+03 0.0000000e+00
5.9100013e+03 0.0000000e+00
5.9120000e+03 0.0000000e+00
5.9140000e+03 0.0000000e+00
5.9160009e+03 0.0000000e+00
5.9180002e+03 0.0000000e+00
5.9200008e+03 0.0000000e+00
5.9219989e+03 0.0000000e+00
5.9239988e+03 0.0000000e+00
5.9259997e+03 0.0000000e+00
5.9279984e+03 0.0000000e+00
5.9299989e+03 0.0000000e+00
5.9320004e+03 0.0000000e+00
5.9339998e+03 0.0000000e+00
5.9360005e+03 0.0000000e+00
5.9379991e+03 0.0000000e+00
5.9399990e+03 0.0000000e+00
5.9419999e+03 0.0000000e+00
5.9439991e+03 0.0000000e+00
5.9459997e+03 0.0000000e+00
5.9480012e+03 0.0000000e+00
5.9500010e+03 0.0000000e+00
5.9519982e+03 0.0000000e+00
5.9540007e+03 0.0000000e+00
5.9560006e+03 0.0000000e+00
5.9579984e+03 0.0000000e+00
5.9600011e+03 0.0000000e+00
5.9619981e+03 0.0000000e+00
5.9639999e+03 0.0000000e+00
5.9659996e+03 0.0000000e+00
5.9680007e+03 0.0000000e+00
5.9699996e+03 0.0000000e+00
5.9719998e+03 0.0000000e+00
5.9740010e+03 0.0000000e+00
5.9760004e+03 0.0000000e+00
5.9780008e+03 0.0000000e+00
5.9799994e+03 0.0000000e+00
5.9819989e+03 0.0000000e+00
5.9839998e+03 0.0000000e+00
5.9859990e+03 0.0000000e+00
5.9879990e+03 0.0000000e+00
5.9900004e+03 0.0000000e+00
5.9919996e+03 0.0000000e+00
5.9940001e+03 0.0000000e+00
5.9959981e+03 0.0000000e+00
5.9980013e+03 0.0000000e+00
