  4.6700000e+002  0.0000000e+000
  4.6750000e+002  2.6000000e-005
  4.6800000e+002  7.5100000e-004
  4.6850000e+002  1.6500000e-003
  4.6900000e+002  2.0020000e-003
  4.6950000e+002  2.6070000e-003
  4.7000000e+002  4.1750000e-003
  4.7050000e+002  6.8480000e-003
  4.7100000e+002  1.1341000e-002
  4.7150000e+002  1.6036000e-002
  4.7200000e+002  2.3511000e-002
  4.7250000e+002  3.2649000e-002
  4.7300000e+002  4.6370000e-002
  4.7350000e+002  6.1218000e-002
  4.7400000e+002  8.2180000e-002
  4.7450000e+002  1.0732500e-001
  4.7500000e+002  1.4751700e-001
  4.7550000e+002  1.7995400e-001
  4.7600000e+002  2.3283400e-001
  4.7650000e+002  2.8002800e-001
  4.7700000e+002  3.4572300e-001
  4.7750000e+002  4.0898600e-001
  4.7800000e+002  4.8014900e-001
  4.7850000e+002  5.5202500e-001
  4.7900000e+002  6.1897700e-001
  4.7950000e+002  6.8375700e-001
  4.8000000e+002  7.4084800e-001
  4.8050000e+002  7.8827000e-001
  4.8100000e+002  8.3056600e-001
  4.8150000e+002  8.6281000e-001
  4.8200000e+002  8.8669200e-001
  4.8250000e+002  9.0706600e-001
  4.8300000e+002  9.2412300e-001
  4.8350000e+002  9.4055700e-001
  4.8400000e+002  9.5352300e-001
  4.8450000e+002  9.6402700e-001
  4.8500000e+002  9.7496200e-001
  4.8550000e+002  9.8427000e-001
  4.8600000e+002  9.8963700e-001
  4.8650000e+002  9.9518500e-001
  4.8700000e+002  9.9832100e-001
  4.8750000e+002  9.9937700e-001
  4.8800000e+002  1.0000000e+000
  4.8850000e+002  9.9941700e-001
  4.8900000e+002  9.9798000e-001
  4.8950000e+002  9.9528600e-001
  4.9000000e+002  9.9303400e-001
  4.9050000e+002  9.8858200e-001
  4.9100000e+002  9.8287300e-001
  4.9150000e+002  9.7487200e-001
  4.9200000e+002  9.6685100e-001
  4.9250000e+002  9.5779500e-001
  4.9300000e+002  9.4740200e-001
  4.9350000e+002  9.3245600e-001
  4.9400000e+002  9.1687600e-001
  4.9450000e+002  8.9718600e-001
  4.9500000e+002  8.7246000e-001
  4.9550000e+002  8.4310000e-001
  4.9600000e+002  8.0908600e-001
  4.9650000e+002  7.6805700e-001
  4.9700000e+002  7.2257500e-001
  4.9750000e+002  6.7593700e-001
  4.9800000e+002  6.1554900e-001
  4.9850000e+002  5.5697100e-001
  4.9900000e+002  4.9131600e-001
  4.9950000e+002  4.2698800e-001
  5.0000000e+002  3.6361400e-001
  5.0050000e+002  3.0347800e-001
  5.0100000e+002  2.5077900e-001
  5.0150000e+002  2.0177300e-001
  5.0200000e+002  1.6211900e-001
  5.0250000e+002  1.2682100e-001
  5.0300000e+002  1.0085500e-001
  5.0350000e+002  7.8847000e-002
  5.0400000e+002  6.2273000e-002
  5.0450000e+002  4.8145000e-002
  5.0500000e+002  3.7976000e-002
  5.0550000e+002  2.9665000e-002
  5.0600000e+002  2.4013000e-002
  5.0650000e+002  1.9036000e-002
  5.0700000e+002  1.4202000e-002
  5.0750000e+002  1.0109000e-002
  5.0800000e+002  7.5940000e-003
  5.0850000e+002  4.9030000e-003
  5.0900000e+002  2.0120000e-003
  5.0950000e+002  1.0480000e-003
  5.1000000e+002  8.1700000e-004
  5.1050000e+002  3.5000000e-004
  5.1100000e+002  2.8300000e-004
  5.1150000e+002  2.3000000e-004
  5.1200000e+002  2.1600000e-004
  5.1250000e+002  1.7600000e-004
  5.1300000e+002  1.5300000e-004
  5.1350000e+002  1.4400000e-004
  5.1400000e+002  1.4300000e-004
  5.1450000e+002  1.4900000e-004
  5.1500000e+002  1.4400000e-004
  5.1550000e+002  1.3900000e-004
  5.1600000e+002  1.3300000e-004
  5.1650000e+002  1.2600000e-004
  5.1700000e+002  1.2300000e-004
  5.1750000e+002  1.2200000e-004
  5.1800000e+002  1.2600000e-004
  5.1850000e+002  1.2400000e-004
  5.1900000e+002  1.3100000e-004
  5.1950000e+002  1.2000000e-004
  5.2000000e+002  1.0100000e-004
  5.2050000e+002  1.0900000e-004
  5.2100000e+002  1.1700000e-004
  5.2150000e+002  1.1000000e-004
  5.2200000e+002  1.0900000e-004
  5.2250000e+002  1.0500000e-004
  5.2300000e+002  1.0900000e-004
  5.2350000e+002  1.0800000e-004
  5.2400000e+002  1.0800000e-004
  5.2450000e+002  1.0600000e-004
  5.2500000e+002  1.0900000e-004
  5.2550000e+002  1.0800000e-004
  5.2600000e+002  1.0500000e-004
  5.2650000e+002  1.0100000e-004
  5.2700000e+002  9.4000000e-005
  5.2750000e+002  1.0200000e-004
  5.2800000e+002  1.0500000e-004
  5.2850000e+002  1.0100000e-004
  5.2900000e+002  1.1100000e-004
  5.2950000e+002  1.1300000e-004
  5.3000000e+002  1.0200000e-004
  5.3050000e+002  1.0000000e-004
  5.3100000e+002  1.0000000e-004
  5.3150000e+002  1.0000000e-004
  5.3200000e+002  9.5000000e-005
  5.3250000e+002  9.3000000e-005
  5.3300000e+002  9.5000000e-005
  5.3350000e+002  8.8000000e-005
  5.3400000e+002  8.8000000e-005
  5.3450000e+002  8.6000000e-005
  5.3500000e+002  8.9000000e-005
  5.3550000e+002  8.8000000e-005
  5.3600000e+002  8.9000000e-005
  5.3650000e+002  9.0000000e-005
  5.3700000e+002  8.6000000e-005
  5.3750000e+002  9.4000000e-005
  5.3800000e+002  8.9000000e-005
  5.3850000e+002  8.6000000e-005
  5.3900000e+002  8.6000000e-005
  5.3950000e+002  8.7000000e-005
  5.4000000e+002  9.1000000e-005
  5.4050000e+002  9.2000000e-005
  5.4100000e+002  8.8000000e-005
  5.4150000e+002  8.4000000e-005
  5.4200000e+002  8.0000000e-005
  5.4250000e+002  8.6000000e-005
  5.4300000e+002  9.2000000e-005
  5.4350000e+002  8.4000000e-005
  5.4400000e+002  9.0000000e-005
  5.4450000e+002  9.0000000e-005
  5.4500000e+002  8.0000000e-005
  5.4550000e+002  8.7000000e-005
  5.4600000e+002  8.3000000e-005
  5.4650000e+002  7.9000000e-005
  5.4700000e+002  8.5000000e-005
  5.4750000e+002  8.6000000e-005
  5.4800000e+002  8.4000000e-005
  5.4850000e+002  7.9000000e-005
  5.4900000e+002  7.8000000e-005
  5.4950000e+002  7.5000000e-005
  5.5000000e+002  7.3000000e-005
  5.5050000e+002  7.9000000e-005
  5.5100000e+002  8.1000000e-005
  5.5150000e+002  7.5000000e-005
  5.5200000e+002  7.5000000e-005
  5.5250000e+002  7.2000000e-005
  5.5300000e+002  7.5000000e-005
  5.5350000e+002  7.8000000e-005
  5.5400000e+002  7.1000000e-005
  5.5450000e+002  7.1000000e-005
  5.5500000e+002  7.4000000e-005
  5.5550000e+002  8.5000000e-005
  5.5600000e+002  8.1000000e-005
  5.5650000e+002  7.8000000e-005
  5.5700000e+002  8.1000000e-005
  5.5750000e+002  8.0000000e-005
  5.5800000e+002  7.5000000e-005
  5.5850000e+002  7.4000000e-005
  5.5900000e+002  6.4000000e-005
  5.5950000e+002  6.8000000e-005
  5.6000000e+002  7.7000000e-005
  5.6050000e+002  7.5000000e-005
  5.6100000e+002  7.1000000e-005
  5.6150000e+002  7.6000000e-005
  5.6200000e+002  7.2000000e-005
  5.6250000e+002  7.3000000e-005
  5.6300000e+002  9.7000000e-005
  5.6350000e+002  1.0800000e-004
  5.6400000e+002  1.2000000e-004
  5.6450000e+002  1.2300000e-004
  5.6500000e+002  1.3500000e-004
  5.6550000e+002  1.3900000e-004
  5.6600000e+002  1.6500000e-004
  5.6650000e+002  1.9800000e-004
  5.6700000e+002  2.2000000e-004
  5.6750000e+002  2.3100000e-004
  5.6800000e+002  2.5900000e-004
  5.6850000e+002  2.8300000e-004
  5.6900000e+002  2.9700000e-004
  5.6950000e+002  3.2200000e-004
  5.7000000e+002  3.3100000e-004
  5.7050000e+002  0.0000000e+000
