1000.0 0.0008179
1001.0 0.001049
1002.0 0.001279
1003.0 0.001191
1004.0 0.001103
1005.0 0.001244
1006.0 0.001383
1007.0 0.001097
1008.0 0.0008117
1009.0 0.0007546
1010.0 0.0006974
1011.0 0.0009782
1012.0 0.001259
1013.0 0.001286
1014.0 0.001312
1015.0 0.001171
1016.0 0.00103
1017.0 0.0009726
1018.0 0.0009166
1019.0 0.0009985
1020.0 0.001079
1021.0 0.0009135
1022.0 0.0007475
1023.0 0.0008568
1024.0 0.0009662
1025.0 0.0009387
1026.0 0.0009107
1027.0 0.001128
1028.0 0.001344
1029.0 0.001016
1030.0 0.0006898
1031.0 0.0006353
1032.0 0.0005817
1033.0 0.0007711
1034.0 0.0009597
1035.0 0.000851
1036.0 0.0007423
1037.0 0.0006343
1038.0 0.0005269
1039.0 0.0009298
1040.0 0.001332
1041.0 0.001224
1042.0 0.001115
1043.0 0.001008
1044.0 0.0009001
1045.0 0.0007662
1046.0 0.0006332
1047.0 0.0007394
1048.0 0.0008459
1049.0 0.001005
1050.0 0.001161
1051.0 0.001029
1052.0 0.000897
1053.0 0.0009481
1054.0 0.001
1055.0 0.0008423
1056.0 0.0006836
1057.0 0.0009198
1058.0 0.001155
1059.0 0.001102
1060.0 0.001049
1061.0 0.001101
1062.0 0.001152
1063.0 0.001048
1064.0 0.0009427
1065.0 0.001021
1066.0 0.001097
1067.0 0.0009934
1068.0 0.0008896
1069.0 0.0009667
1070.0 0.001044
1071.0 0.0009146
1072.0 0.0007854
1073.0 0.000707
1074.0 0.000629
1075.0 0.0007326
1076.0 0.0008367
1077.0 0.0009908
1078.0 0.001145
1079.0 0.001119
1080.0 0.001091
1081.0 0.0009627
1082.0 0.0008342
1083.0 0.0009621
1084.0 0.00109
1085.0 0.0008597
1086.0 0.0006285
1087.0 0.0007562
1088.0 0.0008839
1089.0 0.0008839
1090.0 0.0008845
1091.0 0.0009866
1092.0 0.001089
1093.0 0.001165
1094.0 0.001242
1095.0 0.001267
1096.0 0.001293
1097.0 0.001114
1098.0 0.000935
1099.0 0.0009861
1100.0 0.001036
1101.0 0.0006782
1102.0 0.0003205
1103.0 0.0005506
1104.0 0.0007807
1105.0 0.0008835
1106.0 0.000986
1107.0 0.0009357
1108.0 0.0008846
1109.0 0.001064
1110.0 0.001241
1111.0 0.0009331
1112.0 0.0006294
1113.0 0.0008092
1114.0 0.0009869
1115.0 0.0009099
1116.0 0.0008331
1117.0 0.0007818
1118.0 0.0007316
1119.0 0.0008082
1120.0 0.0008848
1121.0 0.0008854
1122.0 0.0008854
1123.0 0.0005525
1124.0 0.0002178
1125.0 0.0004989
1126.0 0.0007821
1127.0 0.000731
1128.0 0.0006797
1129.0 0.0007312
1130.0 0.0007827
1131.0 0.0008343
1132.0 0.0008856
1133.0 0.000911
1134.0 0.0009365
1135.0 0.0008594
1136.0 0.0007821
1137.0 0.0007306
1138.0 0.0006792
1139.0 0.0006537
1140.0 0.0006281
1141.0 0.0006793
1142.0 0.000731
1143.0 0.0008332
1144.0 0.0009355
1145.0 0.0008594
1146.0 0.0007821
1147.0 0.0007563
1148.0 0.0007301
1149.0 0.0006534
1150.0 0.0005768
1151.0 0.0007056
1152.0 0.000833
1153.0 0.0007819
1154.0 0.0007309
1155.0 0.0008333
1156.0 0.0009357
1157.0 0.0008081
1158.0 0.0006803
1159.0 0.0008851
1160.0 0.00109
1161.0 0.001091
1162.0 0.001092
1163.0 0.001194
1164.0 0.001296
1165.0 0.001065
1166.0 0.000834
1167.0 0.0008853
1168.0 0.0009368
1169.0 0.0008855
1170.0 0.000835
1171.0 0.0009382
1172.0 0.001041
1173.0 0.0009894
1174.0 0.0009379
1175.0 0.0007315
1176.0 0.0005257
1177.0 0.0008362
1178.0 0.001147
1179.0 0.001018
1180.0 0.0008888
1181.0 0.0007333
1182.0 0.0005779
1183.0 0.0008889
1184.0 0.001201
1185.0 0.00115
1186.0 0.001099
1187.0 0.0008906
1188.0 0.0006823
1189.0 0.0009957
1190.0 0.001309
1191.0 0.001205
1192.0 0.001101
1193.0 0.001128
1194.0 0.001153
1195.0 0.0008645
1196.0 0.0005783
1197.0 0.0005784
1198.0 0.0005784
1199.0 0.0002899
1200.0 0.0
1201.0 0.0004743
1202.0 0.0009479
1203.0 0.0009748
1204.0 0.001002
1205.0 0.001029
1206.0 0.001056
1207.0 0.0009234
1208.0 0.0007913
1209.0 0.0007651
1210.0 0.000739
1211.0 0.0008719
1212.0 0.001006
1213.0 0.0009524
1214.0 0.0009
1215.0 0.0009269
1216.0 0.0009538
1217.0 0.0009811
1218.0 0.001006
1219.0 0.0007929
1220.0 0.0005806
1221.0 0.0009823
1222.0 0.001384
1223.0 0.001199
1224.0 0.001012
1225.0 0.001282
1226.0 0.001552
1227.0 0.001499
1228.0 0.001447
1229.0 0.001176
1230.0 0.0009075
1231.0 0.001151
1232.0 0.001395
1233.0 0.001232
1234.0 0.00107
1235.0 0.001124
1236.0 0.001179
1237.0 0.00118
1238.0 0.001182
1239.0 0.001428
1240.0 0.001672
1241.0 0.0017
1242.0 0.001728
1243.0 0.00151
1244.0 0.001293
1245.0 0.001212
1246.0 0.001133
1247.0 0.001656
1248.0 0.002177
1249.0 0.001876
1250.0 0.001576
1251.0 0.001799
1252.0 0.00202
1253.0 0.002022
1254.0 0.002024
1255.0 0.002025
1256.0 0.002027
1257.0 0.002001
1258.0 0.001975
1259.0 0.002116
1260.0 0.002257
1261.0 0.002315
1262.0 0.002373
1263.0 0.002347
1264.0 0.002323
1265.0 0.002409
1266.0 0.002495
1267.0 0.002639
1268.0 0.002782
1269.0 0.002927
1270.0 0.003072
1271.0 0.003219
1272.0 0.003365
1273.0 0.003429
1274.0 0.003494
1275.0 0.003757
1276.0 0.004021
1277.0 0.004145
1278.0 0.004268
1279.0 0.004421
1280.0 0.004574
1281.0 0.005134
1282.0 0.005694
1283.0 0.005995
1284.0 0.006295
1285.0 0.006569
1286.0 0.006843
1287.0 0.007855
1288.0 0.00887
1289.0 0.009622
1290.0 0.01037
1291.0 0.01158
1292.0 0.01278
1293.0 0.01418
1294.0 0.01558
1295.0 0.01749
1296.0 0.0194
1297.0 0.02222
1298.0 0.02505
1299.0 0.02892
1300.0 0.03279
1301.0 0.03777
1302.0 0.04275
1303.0 0.04973
1304.0 0.05671
1305.0 0.06627
1306.0 0.07583
1307.0 0.08877
1308.0 0.1017
1309.0 0.1196
1310.0 0.1374
1311.0 0.1617
1312.0 0.1859
1313.0 0.217
1314.0 0.2481
1315.0 0.2867
1316.0 0.3254
1317.0 0.3704
1318.0 0.4155
1319.0 0.4654
1320.0 0.5153
1321.0 0.5685
1322.0 0.6216
1323.0 0.6697
1324.0 0.7177
1325.0 0.7587
1326.0 0.7996
1327.0 0.8317
1328.0 0.8637
1329.0 0.8865
1330.0 0.9093
1331.0 0.9201
1332.0 0.9309
1333.0 0.9382
1334.0 0.9455
1335.0 0.9499
1336.0 0.9543
1337.0 0.9557
1338.0 0.9571
1339.0 0.9599
1340.0 0.9627
1341.0 0.9693
1342.0 0.9759
1343.0 0.9739
1344.0 0.972
1345.0 0.9745
1346.0 0.9769
1347.0 0.9341
1348.0 0.8914
1349.0 0.8552
1350.0 0.819
1351.0 0.7863
1352.0 0.7537
1353.0 0.7895
1354.0 0.8255
1355.0 0.8339
1356.0 0.8426
1357.0 0.8764
1358.0 0.9101
1359.0 0.933
1360.0 0.9556
1361.0 0.9475
1362.0 0.9395
1363.0 0.97
1364.0 1.0
1365.0 0.9528
1366.0 0.9059
1367.0 0.8947
1368.0 0.8838
1369.0 0.9187
1370.0 0.9536
1371.0 0.9244
1372.0 0.8949
1373.0 0.8306
1374.0 0.7665
1375.0 0.7456
1376.0 0.7244
1377.0 0.6546
1378.0 0.5849
1379.0 0.5249
1380.0 0.465
1381.0 0.4316
1382.0 0.3983
1383.0 0.3739
1384.0 0.3496
1385.0 0.3116
1386.0 0.2737
1387.0 0.2416
1388.0 0.2096
1389.0 0.1773
1390.0 0.1451
1391.0 0.1251
1392.0 0.1051
1393.0 0.09732
1394.0 0.08953
1395.0 0.07887
1396.0 0.06821
1397.0 0.06163
1398.0 0.05504
1399.0 0.04858
1400.0 0.04212
1401.0 0.03566
1402.0 0.02923
1403.0 0.02687
1404.0 0.02453
1405.0 0.02383
1406.0 0.02314
1407.0 0.02248
1408.0 0.02181
1409.0 0.02002
1410.0 0.01823
1411.0 0.01678
1412.0 0.01533
1413.0 0.0141
1414.0 0.01287
1415.0 0.01189
1416.0 0.01091
1417.0 0.0105
1418.0 0.01009
1419.0 0.009177
1420.0 0.008266
1421.0 0.008053
1422.0 0.007839
1423.0 0.007501
1424.0 0.007163
1425.0 0.006695
1426.0 0.006226
1427.0 0.005819
1428.0 0.005414
1429.0 0.00545
1430.0 0.005487
1431.0 0.00524
1432.0 0.004992
1433.0 0.004903
1434.0 0.004811
1435.0 0.004435
1436.0 0.004058
1437.0 0.004031
1438.0 0.004003
1439.0 0.003848
1440.0 0.003692
1441.0 0.003536
1442.0 0.003378
1443.0 0.00306
1444.0 0.002743
1445.0 0.003008
1446.0 0.003273
1447.0 0.003246
1448.0 0.003217
1449.0 0.002993
1450.0 0.002768
1451.0 0.00254
1452.0 0.002313
1453.0 0.002711
1454.0 0.003109
1455.0 0.002815
1456.0 0.00252
1457.0 0.002422
1458.0 0.002324
1459.0 0.002194
1460.0 0.002063
1461.0 0.002366
1462.0 0.002672
1463.0 0.002277
1464.0 0.00188
1465.0 0.001815
1466.0 0.001751
1467.0 0.001856
1468.0 0.001962
1469.0 0.002035
1470.0 0.002108
1471.0 0.002214
1472.0 0.002319
1473.0 0.002219
1474.0 0.00212
1475.0 0.002053
1476.0 0.001986
1477.0 0.00178
1478.0 0.001575
1479.0 0.00175
1480.0 0.001926
1481.0 0.002033
1482.0 0.002139
1483.0 0.002
1484.0 0.001863
1485.0 0.001935
1486.0 0.002006
1487.0 0.001973
1488.0 0.001939
1489.0 0.001905
1490.0 0.001871
1491.0 0.001734
1492.0 0.001596
1493.0 0.001741
1494.0 0.001886
1495.0 0.001855
1496.0 0.001823
1497.0 0.001862
1498.0 0.001902
1499.0 0.001906
1500.0 0.00191
1501.0 0.001876
1502.0 0.001842
1503.0 0.001844
1504.0 0.001846
1505.0 0.001739
1506.0 0.001632
1507.0 0.001816
1508.0 0.002001
1509.0 0.001858
1510.0 0.001713
1511.0 0.001789
1512.0 0.001865
1513.0 0.001756
1514.0 0.001648
1515.0 0.001352
1516.0 0.001057
1517.0 0.001095
1518.0 0.001137
1519.0 0.001548
1520.0 0.00196
1521.0 0.001438
1522.0 0.000913
1523.0 0.001255
1524.0 0.001595
1525.0 0.001598
1526.0 0.0016
1527.0 0.001564
1528.0 0.001529
1529.0 0.001607
1530.0 0.001686
1531.0 0.001689
1532.0 0.00169
1533.0 0.001423
1534.0 0.001156
1535.0 0.00108
1536.0 0.001004
1537.0 0.001356
1538.0 0.001708
1539.0 0.001593
1540.0 0.001479
1541.0 0.001363
1542.0 0.001247
1543.0 0.001604
1544.0 0.001961
1545.0 0.001333
1546.0 0.0007009
1547.0 0.000817
1548.0 0.0009364
1549.0 0.0008572
1550.0 0.0007808
1551.0 0.001063
1552.0 0.001342
1553.0 0.001223
1554.0 0.001105
1555.0 0.0009839
1556.0 0.0008632
1557.0 0.00135
1558.0 0.001839
1559.0 0.001639
1560.0 0.001437
1561.0 0.00148
1562.0 0.001523
1563.0 0.001648
1564.0 0.001773
1565.0 0.00157
1566.0 0.001366
1567.0 0.001284
1568.0 0.001203
1569.0 0.001121
1570.0 0.00104
1571.0 0.001166
1572.0 0.001291
1573.0 0.001125
1574.0 0.0009594
1575.0 0.001045
1576.0 0.001127
1577.0 0.0008331
1578.0 0.0005401
1579.0 0.0006671
1580.0 0.0007942
1581.0 0.0008376
1582.0 0.0008808
1583.0 0.001181
1584.0 0.001479
1585.0 0.0009659
1586.0 0.0004551
1587.0 0.0006277
1588.0 0.0008005
1589.0 0.001105
1590.0 0.001409
1591.0 0.001411
1592.0 0.001413
1593.0 0.001283
1594.0 0.001154
1595.0 0.001243
1596.0 0.001332
1597.0 0.001112
1598.0 0.0008944
1599.0 0.0008952
1600.0 0.0008981
1601.0 0.001164
1602.0 0.00143
1603.0 0.001344
1604.0 0.001256
1605.0 0.0007631
1606.0 0.0002763
1607.0 0.000768
1608.0 0.00126
1609.0 0.001173
1610.0 0.001083
1611.0 0.0009946
1612.0 0.0009058
1613.0 0.001043
1614.0 0.001181
1615.0 0.001137
1616.0 0.001093
1617.0 0.001141
1618.0 0.001188
1619.0 0.001144
1620.0 0.0011
1621.0 0.001519
1622.0 0.001938
1623.0 0.001476
1624.0 0.001012
1625.0 0.0006851
1626.0 0.0003586
1627.0 0.0007326
1628.0 0.001109
1629.0 0.001205
1630.0 0.0013
1631.0 0.001301
1632.0 0.001302
1633.0 0.001257
1634.0 0.001212
1635.0 0.001308
1636.0 0.001404
1637.0 0.001263
1638.0 0.001121
1639.0 0.0006408
1640.0 0.0001597
1641.0 0.0005469
1642.0 0.0009329
1643.0 0.001079
1644.0 0.001225
1645.0 0.0007894
1646.0 0.0003507
1647.0 0.0009394
1648.0 0.001525
1649.0 0.001527
1650.0 0.001529
1651.0 0.001184
1652.0 0.0008418
1653.0 0.0008423
1654.0 0.0008427
1655.0 0.0008432
1656.0 0.0008437
1657.0 0.001242
1658.0 0.001639
1659.0 0.001591
1660.0 0.001543
1661.0 0.001396
1662.0 0.001248
1663.0 0.001601
1664.0 0.001954
1665.0 0.001657
1666.0 0.001357
1667.0 0.001459
1668.0 0.001563
1669.0 0.00121
1670.0 0.0008555
1671.0 0.0008035
1672.0 0.0007529
1673.0 0.000702
1674.0 0.000651
1675.0 0.0007543
1676.0 0.0008581
1677.0 0.00117
1678.0 0.001477
1679.0 0.000807
1680.0 0.0001367
1681.0 0.0009122
1682.0 0.001697
1683.0 0.001752
1684.0 0.001803
1685.0 0.001177
1686.0 0.0005505
1687.0 0.001025
1688.0 0.001499
1689.0 0.001395
1690.0 0.001291
1691.0 0.001346
1692.0 0.0014
1693.0 0.001349
1694.0 0.001298
1695.0 0.001353
1696.0 0.001408
1697.0 0.001249
1698.0 0.001089
1699.0 0.001413
1700.0 0.001739
1701.0 0.00158
1702.0 0.001419
1703.0 0.0009332
1704.0 0.000445
1705.0 0.00055
1706.0 0.0006591
1707.0 0.0009858
1708.0 0.001314
1709.0 0.001807
1710.0 0.002302
1711.0 0.001538
1712.0 0.0007712
1713.0 0.0008271
1714.0 0.0008831
1715.0 0.0009391
1716.0 0.0009951
1717.0 0.0009966
1718.0 0.0009977
1719.0 0.001055
1720.0 0.001112
1721.0 0.00117
1722.0 0.001227
1723.0 0.001116
1724.0 0.001006
1725.0 0.001291
1726.0 0.001575
1727.0 0.001065
1728.0 0.0005551
1729.0 0.0007824
1730.0 0.001012
1731.0 0.00107
1732.0 0.001128
1733.0 0.0009565
1734.0 0.0007848
1735.0 0.0008433
1736.0 0.0009018
1737.0 0.001194
1738.0 0.001486
1739.0 0.001371
1740.0 0.001256
1741.0 0.001198
1742.0 0.001141
1743.0 0.0009649
1744.0 0.0007903
1745.0 0.001086
1746.0 0.00138
1747.0 0.001322
1748.0 0.001264
1749.0 0.001383
1750.0 0.001503
1751.0 0.001386
1752.0 0.001267
1753.0 0.001031
1754.0 0.0007952
1755.0 0.001394
1756.0 0.001992
1757.0 0.001335
1758.0 0.000678
1759.0 0.000737
1760.0 0.0007996
1761.0 0.001102
1762.0 0.001404
1763.0 0.0008589
1764.0 0.0003141
1765.0 0.0008598
1766.0 0.001408
1767.0 0.001473
1768.0 0.001535
1769.0 0.001291
1770.0 0.001051
1771.0 0.001484
1772.0 0.001914
1773.0 0.001918
1774.0 0.001921
1775.0 0.001987
1776.0 0.002054
1777.0 0.001683
1778.0 0.001311
1779.0 0.0006824
1780.0 5.534e-05
1781.0 0.001069
1782.0 0.002077
1783.0 0.002144
1784.0 0.00221
1785.0 0.002341
1786.0 0.002471
1787.0 0.002028
1788.0 0.001586
1789.0 0.001522
1790.0 0.001459
1791.0 0.001268
1792.0 0.001077
1793.0 0.001208
1794.0 0.001339
1795.0 0.001473
1796.0 0.001605
1797.0 0.001345
1798.0 0.001086
1799.0 0.0008896
1800.0 0.0006933
