8.7565674e+03 1.8810000e-05
8.7642419e+03 3.6009998e-05
8.7719298e+03 5.4429998e-05
8.7796313e+03 7.3739997e-05
8.7873462e+03 9.3499999e-05
8.7950748e+03 1.1310000e-04
8.8028169e+03 1.3180000e-04
8.8105727e+03 1.4880000e-04
8.8183422e+03 1.6370000e-04
8.8261253e+03 1.7580000e-04
8.8339223e+03 1.8500000e-04
8.8417330e+03 1.9180001e-04
8.8495575e+03 1.9690000e-04
8.8573959e+03 2.0130000e-04
8.8652482e+03 2.0650000e-04
8.8731145e+03 2.1380000e-04
8.8809947e+03 2.2459999e-04
8.8888889e+03 2.3999999e-04
8.8967972e+03 2.6100001e-04
8.9047195e+03 2.8800001e-04
8.9126560e+03 3.2150000e-04
8.9206066e+03 3.6149999e-04
8.9285714e+03 4.0809999e-04
8.9365505e+03 4.6109999e-04
8.9445438e+03 5.2030000e-04
8.9525515e+03 5.8549998e-04
8.9605735e+03 6.5599999e-04
8.9686099e+03 7.3149998e-04
8.9766607e+03 8.1090000e-04
8.9847260e+03 8.9339999e-04
8.9928058e+03 9.7790000e-04
9.0009001e+03 1.0629999e-03
9.0090090e+03 1.1490000e-03
9.0171326e+03 1.2340000e-03
9.0252708e+03 1.3190000e-03
9.0334237e+03 1.4010000e-03
9.0415913e+03 1.4850000e-03
9.0497738e+03 1.5690000e-03
9.0579710e+03 1.6550000e-03
9.0661831e+03 1.7480000e-03
9.0744102e+03 1.8510000e-03
9.0826521e+03 1.9680001e-03
9.0909091e+03 2.1019999e-03
9.0991811e+03 2.2580000e-03
9.1074681e+03 2.4329999e-03
9.1157703e+03 2.6260000e-03
9.1240876e+03 2.8349999e-03
9.1324201e+03 3.0509999e-03
9.1407678e+03 3.2690000e-03
9.1491308e+03 3.4830000e-03
9.1575092e+03 3.6869999e-03
9.1659028e+03 3.8790000e-03
9.1743119e+03 4.0560002e-03
9.1827365e+03 4.2190002e-03
9.1911765e+03 4.3700002e-03
9.1996320e+03 4.5099999e-03
9.2081031e+03 4.6399999e-03
9.2165899e+03 4.7610002e-03
9.2250923e+03 4.8739999e-03
9.2336103e+03 4.9790000e-03
9.2421442e+03 5.0750002e-03
9.2506938e+03 5.1620002e-03
9.2592593e+03 5.2419999e-03
9.2678406e+03 5.3160000e-03
9.2764378e+03 5.3849998e-03
9.2850511e+03 5.4509998e-03
9.2936803e+03 5.5169999e-03
9.3023256e+03 5.5840001e-03
9.3109870e+03 5.6520002e-03
9.3196645e+03 5.7199998e-03
9.3283582e+03 5.7899999e-03
9.3370682e+03 5.8610002e-03
9.3457944e+03 5.9300000e-03
9.3545370e+03 6.0009998e-03
9.3632959e+03 6.0740001e-03
9.3720712e+03 6.1490000e-03
9.3808630e+03 6.2279999e-03
9.3896714e+03 6.3129999e-03
9.3984962e+03 6.4039999e-03
9.4073377e+03 6.5020001e-03
9.4161959e+03 6.6049998e-03
9.4250707e+03 6.7130001e-03
9.4339623e+03 6.8230000e-03
9.4428706e+03 6.9309999e-03
9.4517958e+03 7.0400001e-03
9.4607379e+03 7.1450002e-03
9.4696970e+03 7.2479998e-03
9.4786730e+03 7.3509999e-03
9.4876660e+03 7.4550002e-03
9.4966762e+03 7.5630001e-03
9.5057034e+03 7.6790000e-03
9.5147479e+03 7.8059998e-03
9.5238095e+03 7.9490002e-03
9.5328885e+03 8.1099998e-03
9.5419847e+03 8.2949996e-03
9.5510984e+03 8.5060000e-03
9.5602294e+03 8.7500000e-03
9.5693780e+03 9.0279998e-03
9.5785441e+03 9.3430001e-03
9.5877277e+03 9.6979998e-03
9.5969290e+03 1.0100000e-02
9.6061479e+03 1.0530000e-02
9.6153846e+03 1.1010000e-02
9.6246391e+03 1.1530000e-02
9.6339114e+03 1.2080000e-02
9.6432015e+03 1.2680000e-02
9.6525097e+03 1.3320000e-02
9.6618357e+03 1.4000000e-02
9.6711799e+03 1.4710000e-02
9.6805421e+03 1.5480000e-02
9.6899225e+03 1.6300000e-02
9.6993210e+03 1.7180000e-02
9.7087379e+03 1.8110000e-02
9.7181730e+03 1.9120000e-02
9.7276265e+03 2.0199999e-02
9.7370983e+03 2.1350000e-02
9.7465887e+03 2.2580000e-02
9.7560976e+03 2.3879999e-02
9.7656250e+03 2.5260000e-02
9.7751711e+03 2.6710000e-02
9.7847358e+03 2.8220000e-02
9.7943193e+03 2.9780000e-02
9.8039216e+03 3.1410001e-02
9.8135427e+03 3.3070002e-02
9.8231827e+03 3.4790002e-02
9.8328417e+03 3.6580000e-02
9.8425197e+03 3.8430002e-02
9.8522167e+03 4.0380001e-02
9.8619329e+03 4.2450000e-02
9.8716683e+03 4.4670001e-02
9.8814229e+03 4.7060002e-02
9.8911968e+03 4.9649999e-02
9.9009901e+03 5.2450001e-02
9.9108028e+03 5.5459999e-02
9.9206349e+03 5.8710001e-02
9.9304866e+03 6.2199999e-02
9.9403579e+03 6.5959997e-02
9.9502488e+03 7.0040002e-02
9.9601594e+03 7.4440002e-02
9.9700897e+03 7.9219997e-02
9.9800399e+03 8.4370002e-02
9.9900100e+03 8.9900002e-02
1.0000000e+04 9.8200001e-02
1.0010010e+04 1.0450000e-01
1.0020040e+04 1.1110000e-01
1.0030090e+04 1.1800000e-01
1.0040161e+04 1.2510000e-01
1.0050251e+04 1.3270000e-01
1.0060362e+04 1.4060000e-01
1.0070493e+04 1.4880000e-01
1.0080645e+04 1.5750000e-01
1.0090817e+04 1.6630000e-01
1.0101010e+04 1.7550001e-01
1.0111223e+04 1.8480000e-01
1.0121457e+04 1.9410001e-01
1.0131712e+04 2.0360000e-01
1.0141988e+04 2.1330000e-01
1.0152284e+04 2.2310001e-01
1.0162602e+04 2.3330000e-01
1.0172940e+04 2.4390000e-01
1.0183299e+04 2.5520000e-01
1.0193680e+04 2.6699999e-01
1.0204082e+04 2.7950001e-01
1.0214505e+04 2.9240000e-01
1.0224949e+04 3.0579999e-01
1.0235415e+04 3.1970000e-01
1.0245902e+04 3.3410001e-01
1.0256410e+04 3.4920001e-01
1.0266940e+04 3.6530000e-01
1.0277492e+04 3.8280001e-01
1.0288066e+04 4.0210000e-01
1.0298661e+04 4.2340001e-01
1.0309278e+04 4.4679999e-01
1.0319917e+04 4.7220001e-01
1.0330579e+04 4.9939999e-01
1.0341262e+04 5.2800000e-01
1.0351967e+04 5.5720001e-01
1.0362694e+04 5.8630002e-01
1.0373444e+04 6.1500001e-01
1.0384216e+04 6.4300001e-01
1.0395010e+04 6.7009997e-01
1.0405827e+04 6.9669998e-01
1.0416667e+04 7.2270000e-01
1.0427529e+04 7.4849999e-01
1.0438413e+04 7.7410001e-01
1.0449321e+04 7.9930001e-01
1.0460251e+04 8.2410002e-01
1.0471204e+04 8.4820002e-01
1.0482180e+04 8.7159997e-01
1.0493179e+04 8.9420003e-01
1.0504202e+04 9.1579998e-01
1.0515247e+04 9.3610001e-01
1.0526316e+04 9.5459998e-01
1.0537408e+04 9.7070003e-01
1.0548523e+04 9.8369998e-01
1.0559662e+04 9.9299997e-01
1.0570825e+04 9.9830002e-01
1.0582011e+04 9.9980003e-01
1.0593220e+04 9.9830002e-01
1.0604454e+04 9.9430001e-01
1.0615711e+04 9.8850000e-01
1.0626993e+04 9.8159999e-01
1.0638298e+04 9.7409999e-01
1.0649627e+04 9.6640003e-01
1.0660981e+04 9.5880002e-01
1.0672359e+04 9.5190001e-01
1.0683761e+04 9.4569999e-01
1.0695187e+04 9.4040000e-01
1.0706638e+04 9.3570000e-01
1.0718114e+04 9.3140000e-01
1.0729614e+04 9.2729998e-01
1.0741139e+04 9.2330003e-01
1.0752688e+04 9.1960001e-01
1.0764263e+04 9.1659999e-01
1.0775862e+04 9.1479999e-01
1.0787487e+04 9.1479999e-01
1.0799136e+04 9.1700000e-01
1.0810811e+04 9.2159998e-01
1.0822511e+04 9.2820001e-01
1.0834236e+04 9.3550003e-01
1.0845987e+04 9.4239998e-01
1.0857763e+04 9.4770002e-01
1.0869565e+04 9.5039999e-01
1.0881393e+04 9.4989997e-01
1.0893246e+04 9.4700003e-01
1.0905125e+04 9.4290000e-01
1.0917031e+04 9.3889999e-01
1.0928962e+04 9.3599999e-01
1.0940919e+04 9.3470001e-01
1.0952903e+04 9.3419999e-01
1.0964912e+04 9.3379998e-01
1.0976948e+04 9.3250000e-01
1.0989011e+04 9.3010002e-01
1.1001100e+04 9.2670000e-01
1.1013216e+04 9.2290002e-01
1.1025358e+04 9.1909999e-01
1.1037528e+04 9.1530001e-01
1.1049724e+04 9.1090000e-01
1.1061947e+04 9.0490001e-01
1.1074197e+04 8.9700001e-01
1.1086475e+04 8.8709998e-01
1.1098779e+04 8.7580001e-01
1.1111111e+04 8.6390001e-01
1.1123471e+04 8.5219997e-01
1.1135857e+04 8.4079999e-01
1.1148272e+04 8.2940000e-01
1.1160714e+04 8.1750000e-01
1.1173184e+04 8.0400002e-01
1.1185682e+04 7.8839999e-01
1.1198208e+04 7.7029997e-01
1.1210762e+04 7.4910003e-01
1.1223345e+04 7.2460002e-01
1.1235955e+04 6.9760001e-01
1.1248594e+04 6.6869998e-01
1.1261261e+04 6.3779998e-01
1.1273957e+04 6.0519999e-01
1.1286682e+04 5.7110000e-01
1.1299435e+04 5.3560001e-01
1.1312217e+04 4.9930000e-01
1.1325028e+04 4.6349999e-01
1.1337868e+04 4.2940000e-01
1.1350738e+04 3.9820001e-01
1.1363636e+04 3.7099999e-01
1.1376564e+04 3.4750000e-01
1.1389522e+04 3.2720000e-01
1.1402509e+04 3.1000000e-01
1.1415525e+04 2.9460001e-01
1.1428571e+04 2.8009999e-01
1.1441648e+04 2.6560000e-01
1.1454754e+04 2.5070000e-01
1.1467890e+04 2.3530000e-01
1.1481056e+04 2.1940000e-01
1.1494253e+04 2.0340000e-01
1.1507480e+04 1.8750000e-01
1.1520737e+04 1.7209999e-01
1.1534025e+04 1.5760000e-01
1.1547344e+04 1.4410000e-01
1.1560694e+04 1.3180000e-01
1.1574074e+04 1.2120000e-01
1.1587486e+04 1.1170000e-01
1.1600928e+04 1.0350000e-01
1.1614402e+04 9.6189998e-02
1.1627907e+04 8.9659996e-02
1.1641444e+04 8.3829999e-02
1.1655012e+04 7.8589998e-02
1.1668611e+04 7.3820002e-02
1.1682243e+04 6.9480002e-02
1.1695906e+04 6.5449998e-02
1.1709602e+04 6.1650001e-02
1.1723329e+04 5.8070000e-02
1.1737089e+04 5.4660000e-02
1.1750881e+04 5.1399998e-02
1.1764706e+04 4.8349999e-02
1.1778563e+04 4.5520000e-02
1.1792453e+04 4.3019999e-02
1.1806375e+04 4.0879998e-02
1.1820331e+04 3.9060000e-02
1.1834320e+04 3.7549999e-02
1.1848341e+04 3.6180001e-02
1.1862396e+04 3.4910001e-02
1.1876485e+04 3.3720002e-02
1.1890606e+04 3.2650001e-02
1.1904762e+04 3.1760000e-02
1.1918951e+04 3.1050000e-02
1.1933174e+04 3.0540001e-02
1.1947431e+04 3.0169999e-02
1.1961722e+04 2.9890001e-02
1.1976048e+04 2.9640000e-02
1.1990408e+04 2.9390000e-02
1.2004802e+04 2.9130001e-02
1.2019231e+04 2.8850000e-02
1.2033694e+04 2.8530000e-02
1.2048193e+04 2.8160000e-02
1.2062726e+04 2.7700000e-02
1.2077295e+04 2.7190000e-02
1.2091898e+04 2.6670000e-02
1.2106538e+04 2.6210001e-02
1.2121212e+04 2.5830001e-02
1.2135922e+04 2.5550000e-02
1.2150668e+04 2.5319999e-02
1.2165450e+04 2.5160000e-02
1.2180268e+04 2.5060000e-02
1.2195122e+04 2.5060000e-02
1.2210012e+04 2.5149999e-02
1.2224939e+04 2.5289999e-02
1.2239902e+04 2.5410000e-02
1.2254902e+04 2.5380000e-02
1.2269939e+04 2.5140001e-02
1.2285012e+04 2.4580000e-02
1.2300123e+04 2.3739999e-02
1.2315271e+04 2.2590000e-02
1.2330456e+04 2.1250000e-02
1.2345679e+04 1.9830000e-02
1.2360939e+04 1.8500000e-02
1.2376238e+04 1.7449999e-02
1.2391574e+04 1.6810000e-02
1.2406948e+04 1.6600000e-02
1.2422360e+04 1.6759999e-02
1.2437811e+04 1.7150000e-02
1.2453300e+04 1.7619999e-02
1.2468828e+04 1.8060001e-02
1.2484395e+04 1.8379999e-02
1.2500000e+04 1.8560000e-02
1.2515645e+04 1.8570000e-02
1.2531328e+04 1.8379999e-02
1.2547051e+04 1.7929999e-02
1.2562814e+04 1.7230000e-02
1.2578616e+04 1.6349999e-02
1.2594458e+04 1.5430000e-02
1.2610340e+04 1.4610000e-02
1.2626263e+04 1.3940000e-02
1.2642225e+04 1.3350000e-02
1.2658228e+04 1.2780000e-02
1.2674271e+04 1.2210000e-02
1.2690355e+04 1.1630000e-02
1.2706480e+04 1.1050000e-02
1.2722646e+04 1.0460000e-02
1.2738854e+04 9.8639997e-03
1.2755102e+04 9.2359995e-03
1.2771392e+04 8.6080004e-03
1.2787724e+04 8.0180001e-03
1.2804097e+04 7.4950000e-03
1.2820513e+04 7.0429998e-03
1.2836970e+04 6.6519999e-03
1.2853470e+04 6.2810001e-03
1.2870013e+04 5.8960002e-03
1.2886598e+04 5.4779998e-03
1.2903226e+04 5.0440002e-03
1.2919897e+04 4.6179998e-03
1.2936611e+04 4.2130002e-03
1.2953368e+04 3.8040001e-03
1.2970169e+04 3.3630000e-03
1.2987013e+04 2.8880001e-03
1.3003901e+04 2.4329999e-03
1.3020833e+04 2.0630001e-03
1.3037810e+04 1.8240000e-03
1.3054830e+04 1.6970000e-03
1.3071895e+04 1.6370000e-03
1.3089005e+04 1.6180000e-03
1.3106160e+04 1.6560000e-03
1.3123360e+04 1.7730000e-03
1.3140604e+04 1.9700001e-03
1.3157895e+04 2.1970000e-03
1.3175231e+04 2.3779999e-03
1.3192612e+04 2.4740000e-03
1.3210040e+04 2.4880001e-03
1.3227513e+04 2.4480000e-03
1.3245033e+04 2.3860000e-03
1.3262599e+04 2.3020001e-03
1.3280212e+04 2.1830001e-03
1.3297872e+04 2.0109999e-03
1.3315579e+04 1.8070000e-03
1.3333333e+04 1.6050000e-03
1.3351135e+04 1.4490000e-03
1.3368984e+04 1.3610000e-03
1.3386881e+04 1.3260000e-03
1.3404826e+04 1.3160000e-03
1.3422819e+04 1.3090000e-03
1.3440860e+04 1.3000000e-03
1.3458950e+04 1.2910001e-03
1.3477089e+04 1.2850000e-03
1.3495277e+04 1.2769999e-03
1.3513514e+04 1.2570000e-03
1.3531800e+04 1.2200000e-03
1.3550136e+04 1.1600000e-03
1.3568521e+04 1.0779999e-03
1.3586957e+04 9.7719999e-04
1.3605442e+04 8.6009997e-04
1.3623978e+04 7.3099998e-04
1.3642565e+04 5.9309998e-04
1.3661202e+04 4.5150000e-04
1.3679891e+04 3.1539999e-04
1.3698630e+04 1.9680000e-04
1.3717421e+04 1.0260000e-04
1.3736264e+04 3.3079999e-05
