2.5000000e+03 0.0000000e+00
2.5020003e+03 0.0000000e+00
2.5040001e+03 0.0000000e+00
2.5059999e+03 0.0000000e+00
2.5079999e+03 0.0000000e+00
2.5099999e+03 0.0000000e+00
2.5119998e+03 0.0000000e+00
2.5139998e+03 0.0000000e+00
2.5159999e+03 0.0000000e+00
2.5179999e+03 0.0000000e+00
2.5200000e+03 0.0000000e+00
2.5220001e+03 0.0000000e+00
2.5240000e+03 0.0000000e+00
2.5260002e+03 0.0000000e+00
2.5280001e+03 0.0000000e+00
2.5300001e+03 0.0000000e+00
2.5320000e+03 0.0000000e+00
2.5339999e+03 0.0000000e+00
2.5359998e+03 0.0000000e+00
2.5380001e+03 0.0000000e+00
2.5399999e+03 0.0000000e+00
2.5420003e+03 0.0000000e+00
2.5439997e+03 0.0000000e+00
2.5459999e+03 0.0000000e+00
2.5479999e+03 0.0000000e+00
2.5499997e+03 0.0000000e+00
2.5520001e+03 0.0000000e+00
2.5539999e+03 0.0000000e+00
2.5560000e+03 0.0000000e+00
2.5580001e+03 0.0000000e+00
2.5600000e+03 0.0000000e+00
2.5619998e+03 0.0000000e+00
2.5640000e+03 0.0000000e+00
2.5660001e+03 0.0000000e+00
2.5680000e+03 0.0000000e+00
2.5699997e+03 0.0000000e+00
2.5720000e+03 0.0000000e+00
2.5740000e+03 0.0000000e+00
2.5759997e+03 0.0000000e+00
2.5779999e+03 0.0000000e+00
2.5800000e+03 0.0000000e+00
2.5819998e+03 0.0000000e+00
2.5840000e+03 0.0000000e+00
2.5860000e+03 0.0000000e+00
2.5879997e+03 0.0000000e+00
2.5900000e+03 0.0000000e+00
2.5919999e+03 0.0000000e+00
2.5940000e+03 0.0000000e+00
2.5960000e+03 0.0000000e+00
2.5979998e+03 0.0000000e+00
2.5999999e+03 0.0000000e+00
2.6019997e+03 0.0000000e+00
2.6039998e+03 0.0000000e+00
2.6059996e+03 0.0000000e+00
2.6079999e+03 0.0000000e+00
2.6099998e+03 0.0000000e+00
2.6120000e+03 0.0000000e+00
2.6139998e+03 0.0000000e+00
2.6160001e+03 0.0000000e+00
2.6179998e+03 0.0000000e+00
2.6200000e+03 0.0000000e+00
2.6219996e+03 0.0000000e+00
2.6239997e+03 0.0000000e+00
2.6260001e+03 0.0000000e+00
2.6280000e+03 0.0000000e+00
2.6300003e+03 0.0000000e+00
2.6320000e+03 0.0000000e+00
2.6340001e+03 0.0000000e+00
2.6359998e+03 0.0000000e+00
2.6380004e+03 0.0000000e+00
2.6399999e+03 0.0000000e+00
2.6420003e+03 0.0000000e+00
2.6440002e+03 0.0000000e+00
2.6459996e+03 0.0000000e+00
2.6480000e+03 0.0000000e+00
2.6500000e+03 0.0000000e+00
2.6520000e+03 0.0000000e+00
2.6540004e+03 0.0000000e+00
2.6560001e+03 0.0000000e+00
2.6580001e+03 0.0000000e+00
2.6600004e+03 0.0000000e+00
2.6620000e+03 0.0000000e+00
2.6639999e+03 0.0000000e+00
2.6659998e+03 0.0000000e+00
2.6680000e+03 0.0000000e+00
2.6700002e+03 0.0000000e+00
2.6720001e+03 0.0000000e+00
2.6739998e+03 0.0000000e+00
2.6759999e+03 0.0000000e+00
2.6780000e+03 0.0000000e+00
2.6800002e+03 0.0000000e+00
2.6819998e+03 0.0000000e+00
2.6840003e+03 0.0000000e+00
2.6860001e+03 0.0000000e+00
2.6880000e+03 0.0000000e+00
2.6900001e+03 0.0000000e+00
2.6920002e+03 0.0000000e+00
2.6940004e+03 0.0000000e+00
2.6959999e+03 0.0000000e+00
2.6980002e+03 0.0000000e+00
2.6999997e+03 0.0000000e+00
2.7020002e+03 0.0000000e+00
2.7039998e+03 0.0000000e+00
2.7060004e+03 0.0000000e+00
2.7080002e+03 0.0000000e+00
2.7099998e+03 0.0000000e+00
2.7119998e+03 0.0000000e+00
2.7140004e+03 0.0000000e+00
2.7160001e+03 0.0000000e+00
2.7179999e+03 0.0000000e+00
2.7200005e+03 0.0000000e+00
2.7219995e+03 0.0000000e+00
2.7239999e+03 0.0000000e+00
2.7260005e+03 0.0000000e+00
2.7280001e+03 0.0000000e+00
2.7299998e+03 0.0000000e+00
2.7320001e+03 0.0000000e+00
2.7339996e+03 0.0000000e+00
2.7359999e+03 0.0000000e+00
2.7379999e+03 0.0000000e+00
2.7400000e+03 0.0000000e+00
2.7420001e+03 0.0000000e+00
2.7439999e+03 0.0000000e+00
2.7459998e+03 0.0000000e+00
2.7480001e+03 0.0000000e+00
2.7499997e+03 0.0000000e+00
2.7520000e+03 0.0000000e+00
2.7540000e+03 0.0000000e+00
2.7560000e+03 0.0000000e+00
2.7579999e+03 0.0000000e+00
2.7600003e+03 0.0000000e+00
2.7619999e+03 0.0000000e+00
2.7640000e+03 0.0000000e+00
2.7659999e+03 0.0000000e+00
2.7679998e+03 0.0000000e+00
2.7700003e+03 0.0000000e+00
2.7720005e+03 0.0000000e+00
2.7739997e+03 0.0000000e+00
2.7760004e+03 0.0000000e+00
2.7780001e+03 0.0000000e+00
2.7800002e+03 0.0000000e+00
2.7820003e+03 0.0000000e+00
2.7839999e+03 0.0000000e+00
2.7860003e+03 0.0000000e+00
2.7879996e+03 0.0000000e+00
2.7900003e+03 0.0000000e+00
2.7919998e+03 0.0000000e+00
2.7940001e+03 0.0000000e+00
2.7959999e+03 0.0000000e+00
2.7980004e+03 0.0000000e+00
2.7999997e+03 0.0000000e+00
2.8020004e+03 0.0000000e+00
2.8039999e+03 0.0000000e+00
2.8059999e+03 0.0000000e+00
2.8080005e+03 0.0000000e+00
2.8099999e+03 0.0000000e+00
2.8119998e+03 0.0000000e+00
2.8140003e+03 0.0000000e+00
2.8160003e+03 0.0000000e+00
2.8180001e+03 0.0000000e+00
2.8200001e+03 0.0000000e+00
2.8220001e+03 0.0000000e+00
2.8239997e+03 0.0000000e+00
2.8259995e+03 0.0000000e+00
2.8279998e+03 0.0000000e+00
2.8299999e+03 0.0000000e+00
2.8320004e+03 0.0000000e+00
2.8340004e+03 0.0000000e+00
2.8360001e+03 0.0000000e+00
2.8380002e+03 0.0000000e+00
2.8399998e+03 0.0000000e+00
2.8419999e+03 0.0000000e+00
2.8440003e+03 0.0000000e+00
2.8459995e+03 0.0000000e+00
2.8479999e+03 0.0000000e+00
2.8500000e+03 0.0000000e+00
2.8520003e+03 0.0000000e+00
2.8540002e+03 0.0000000e+00
2.8559997e+03 0.0000000e+00
2.8580003e+03 0.0000000e+00
2.8599997e+03 0.0000000e+00
2.8620000e+03 0.0000000e+00
2.8640000e+03 0.0000000e+00
2.8659995e+03 0.0000000e+00
2.8680003e+03 0.0000000e+00
2.8699996e+03 0.0000000e+00
2.8720001e+03 0.0000000e+00
2.8740001e+03 0.0000000e+00
2.8759996e+03 0.0000000e+00
2.8780001e+03 0.0000000e+00
2.8800002e+03 0.0000000e+00
2.8819997e+03 0.0000000e+00
2.8840003e+03 0.0000000e+00
2.8859996e+03 0.0000000e+00
2.8879999e+03 0.0000000e+00
2.8899997e+03 0.0000000e+00
2.8919998e+03 0.0000000e+00
2.8940000e+03 0.0000000e+00
2.8959997e+03 0.0000000e+00
2.8979997e+03 0.0000000e+00
2.9000000e+03 0.0000000e+00
2.9020004e+03 0.0000000e+00
2.9040002e+03 0.0000000e+00
2.9060002e+03 0.0000000e+00
2.9079996e+03 0.0000000e+00
2.9100001e+03 0.0000000e+00
2.9120000e+03 0.0000000e+00
2.9140000e+03 0.0000000e+00
2.9160003e+03 0.0000000e+00
2.9179999e+03 0.0000000e+00
2.9200005e+03 0.0000000e+00
2.9220004e+03 0.0000000e+00
2.9239998e+03 0.0000000e+00
2.9260000e+03 0.0000000e+00
2.9279996e+03 0.0000000e+00
2.9300002e+03 0.0000000e+00
2.9320001e+03 0.0000000e+00
2.9340003e+03 0.0000000e+00
2.9360006e+03 0.0000000e+00
2.9380000e+03 0.0000000e+00
2.9399995e+03 0.0000000e+00
2.9420001e+03 0.0000000e+00
2.9440001e+03 0.0000000e+00
2.9460000e+03 0.0000000e+00
2.9480003e+03 0.0000000e+00
2.9499995e+03 0.0000000e+00
2.9519999e+03 0.0000000e+00
2.9540003e+03 0.0000000e+00
2.9560000e+03 0.0000000e+00
2.9579996e+03 0.0000000e+00
2.9600004e+03 0.0000000e+00
2.9620003e+03 0.0000000e+00
2.9640001e+03 0.0000000e+00
2.9660002e+03 0.0000000e+00
2.9680002e+03 0.0000000e+00
2.9700004e+03 0.0000000e+00
2.9719996e+03 0.0000000e+00
2.9739997e+03 0.0000000e+00
2.9760000e+03 0.0000000e+00
2.9780003e+03 0.0000000e+00
2.9799997e+03 0.0000000e+00
2.9820000e+03 0.0000000e+00
2.9839995e+03 0.0000000e+00
2.9859999e+03 0.0000000e+00
2.9880002e+03 0.0000000e+00
2.9899997e+03 0.0000000e+00
2.9919999e+03 0.0000000e+00
2.9940004e+03 0.0000000e+00
2.9959998e+03 0.0000000e+00
2.9980001e+03 0.0000000e+00
3.0000003e+03 0.0000000e+00
3.0019996e+03 0.0000000e+00
3.0039998e+03 0.0000000e+00
3.0060000e+03 0.0000000e+00
3.0080001e+03 0.0000000e+00
3.0100001e+03 0.0000000e+00
3.0120001e+03 0.0000000e+00
3.0139999e+03 0.0000000e+00
3.0160000e+03 0.0000000e+00
3.0179998e+03 0.0000000e+00
3.0200002e+03 0.0000000e+00
3.0220000e+03 0.0000000e+00
3.0240003e+03 0.0000000e+00
3.0259996e+03 0.0000000e+00
3.0279999e+03 0.0000000e+00
3.0300000e+03 0.0000000e+00
3.0320000e+03 0.0000000e+00
3.0339999e+03 0.0000000e+00
3.0359996e+03 0.0000000e+00
3.0380003e+03 0.0000000e+00
3.0399996e+03 0.0000000e+00
3.0419999e+03 0.0000000e+00
3.0440002e+03 0.0000000e+00
3.0460002e+03 0.0000000e+00
3.0479998e+03 0.0000000e+00
3.0500005e+03 0.0000000e+00
3.0519999e+03 0.0000000e+00
3.0540002e+03 0.0000000e+00
3.0560003e+03 0.0000000e+00
3.0580001e+03 0.0000000e+00
3.0599998e+03 0.0000000e+00
3.0620002e+03 0.0000000e+00
3.0639996e+03 0.0000000e+00
3.0659995e+03 0.0000000e+00
3.0680005e+03 0.0000000e+00
3.0699999e+03 0.0000000e+00
3.0720003e+03 0.0000000e+00
3.0739994e+03 0.0000000e+00
3.0760002e+03 0.0000000e+00
3.0779999e+03 0.0000000e+00
3.0800003e+03 0.0000000e+00
3.0820003e+03 0.0000000e+00
3.0840002e+03 0.0000000e+00
3.0859998e+03 0.0000000e+00
3.0879999e+03 0.0000000e+00
3.0899999e+03 0.0000000e+00
3.0919996e+03 0.0000000e+00
3.0940000e+03 0.0000000e+00
3.0960000e+03 0.0000000e+00
3.0980000e+03 0.0000000e+00
3.0999996e+03 0.0000000e+00
3.1019996e+03 0.0000000e+00
3.1040005e+03 0.0000000e+00
3.1060001e+03 0.0000000e+00
3.1080003e+03 0.0000000e+00
3.1100000e+03 0.0000000e+00
3.1119997e+03 0.0000000e+00
3.1139998e+03 0.0000000e+00
3.1159997e+03 0.0000000e+00
3.1180000e+03 0.0000000e+00
3.1200003e+03 0.0000000e+00
3.1220000e+03 0.0000000e+00
3.1240004e+03 0.0000000e+00
3.1260002e+03 0.0000000e+00
3.1280000e+03 0.0000000e+00
3.1300002e+03 0.0000000e+00
3.1320001e+03 0.0000000e+00
3.1340004e+03 0.0000000e+00
3.1359996e+03 0.0000000e+00
3.1380002e+03 0.0000000e+00
3.1400005e+03 0.0000000e+00
3.1420002e+03 0.0000000e+00
3.1439995e+03 0.0000000e+00
3.1459997e+03 0.0000000e+00
3.1480000e+03 0.0000000e+00
3.1500001e+03 0.0000000e+00
3.1519997e+03 0.0000000e+00
3.1540001e+03 0.0000000e+00
3.1559997e+03 0.0000000e+00
3.1580001e+03 0.0000000e+00
3.1600001e+03 0.0000000e+00
3.1620004e+03 0.0000000e+00
3.1640004e+03 0.0000000e+00
3.1659996e+03 0.0000000e+00
3.1679997e+03 0.0000000e+00
3.1700002e+03 0.0000000e+00
3.1720002e+03 0.0000000e+00
3.1739995e+03 0.0000000e+00
3.1759996e+03 0.0000000e+00
3.1780000e+03 0.0000000e+00
3.1800000e+03 0.0000000e+00
3.1819996e+03 0.0000000e+00
3.1839994e+03 0.0000000e+00
3.1860000e+03 0.0000000e+00
3.1879999e+03 0.0000000e+00
3.1900003e+03 0.0000000e+00
3.1920000e+03 0.0000000e+00
3.1940003e+03 0.0000000e+00
3.1960003e+03 0.0000000e+00
3.1980003e+03 0.0000000e+00
3.2000000e+03 0.0000000e+00
3.2020000e+03 0.0000000e+00
3.2039995e+03 0.0000000e+00
3.2059995e+03 0.0000000e+00
3.2079999e+03 0.0000000e+00
3.2099999e+03 0.0000000e+00
3.2120001e+03 0.0000000e+00
3.2139997e+03 0.0000000e+00
3.2159999e+03 0.0000000e+00
3.2180002e+03 0.0000000e+00
3.2200000e+03 0.0000000e+00
3.2220002e+03 0.0000000e+00
3.2239999e+03 0.0000000e+00
3.2260000e+03 0.0000000e+00
3.2279994e+03 0.0000000e+00
3.2300001e+03 0.0000000e+00
3.2320003e+03 0.0000000e+00
3.2340000e+03 0.0000000e+00
3.2359997e+03 0.0000000e+00
3.2380002e+03 0.0000000e+00
3.2399998e+03 0.0000000e+00
3.2419996e+03 0.0000000e+00
3.2440000e+03 0.0000000e+00
3.2459996e+03 0.0000000e+00
3.2479996e+03 0.0000000e+00
3.2500000e+03 0.0000000e+00
3.2519997e+03 0.0000000e+00
3.2539996e+03 0.0000000e+00
3.2560002e+03 0.0000000e+00
3.2579998e+03 0.0000000e+00
3.2599995e+03 0.0000000e+00
3.2619999e+03 0.0000000e+00
3.2639994e+03 0.0000000e+00
3.2660003e+03 0.0000000e+00
3.2679994e+03 0.0000000e+00
3.2700000e+03 0.0000000e+00
3.2719996e+03 0.0000000e+00
3.2739998e+03 0.0000000e+00
3.2760001e+03 0.0000000e+00
3.2779995e+03 0.0000000e+00
3.2799994e+03 0.0000000e+00
3.2819995e+03 0.0000000e+00
3.2840001e+03 0.0000000e+00
3.2859995e+03 0.0000000e+00
3.2879995e+03 0.0000000e+00
3.2899997e+03 0.0000000e+00
3.2920001e+03 0.0000000e+00
3.2939997e+03 0.0000000e+00
3.2960007e+03 0.0000000e+00
3.2979995e+03 0.0000000e+00
3.3000001e+03 0.0000000e+00
3.3019995e+03 0.0000000e+00
3.3039993e+03 0.0000000e+00
3.3060004e+03 0.0000000e+00
3.3079995e+03 0.0000000e+00
3.3100001e+03 0.0000000e+00
3.3119997e+03 0.0000000e+00
3.3139995e+03 0.0000000e+00
3.3159996e+03 0.0000000e+00
3.3179997e+03 0.0000000e+00
3.3200001e+03 0.0000000e+00
3.3219997e+03 0.0000000e+00
3.3239995e+03 0.0000000e+00
3.3259995e+03 0.0000000e+00
3.3279995e+03 0.0000000e+00
3.3300001e+03 0.0000000e+00
3.3320006e+03 0.0000000e+00
3.3340002e+03 4.6468587e-04
3.3359999e+03 3.1892657e-03
3.3380000e+03 3.7394851e-04
3.3400000e+03 2.1731344e-03
3.3420003e+03 3.5524453e-04
3.3440008e+03 -2.4303624e-03
3.3460001e+03 1.0571707e-03
3.3479999e+03 -1.7621890e-03
3.3499996e+03 -1.1207935e-04
3.3520007e+03 -6.8352866e-04
3.3539997e+03 2.2078911e-04
3.3559997e+03 1.8637888e-03
3.3580002e+03 -7.2362000e-04
3.3599995e+03 1.8382915e-03
3.3620001e+03 -7.3744421e-04
3.3639994e+03 7.3421729e-04
3.3660004e+03 -3.6419898e-03
3.3680001e+03 -2.8398111e-03
3.3700002e+03 -2.3974231e-03
3.3719999e+03 9.0506679e-04
3.3740001e+03 1.6391875e-03
3.3760004e+03 1.8984510e-04
3.3779995e+03 -2.0074737e-03
3.3799998e+03 -1.7452398e-03
3.3820002e+03 1.5731385e-03
3.3839997e+03 1.9497211e-03
3.3860004e+03 -2.3172486e-03
3.3879998e+03 2.0237740e-04
3.3900005e+03 1.8500129e-03
3.3920002e+03 3.5594942e-03
3.3940000e+03 1.0572710e-03
3.3959996e+03 1.0289034e-03
3.3980007e+03 9.5859187e-04
3.4000005e+03 -1.4299259e-03
3.4019993e+03 5.0367513e-03
3.4040004e+03 1.1542599e-03
3.4060002e+03 1.5779411e-03
3.4080004e+03 3.7465192e-04
3.4100003e+03 1.3929218e-03
3.4119992e+03 8.4425753e-04
3.4140005e+03 9.4274756e-06
3.4159995e+03 3.8439846e-03
3.4179995e+03 -1.3069300e-03
3.4199995e+03 9.5747906e-04
3.4219995e+03 1.1174708e-03
3.4239997e+03 5.6890270e-04
3.4259998e+03 -6.5765815e-04
3.4279997e+03 4.2653335e-03
3.4300000e+03 -7.0952240e-04
3.4320000e+03 3.3113537e-03
3.4340000e+03 1.7126703e-03
3.4359998e+03 2.0184508e-03
3.4379998e+03 -2.7280110e-03
3.4399996e+03 3.0106562e-03
3.4419995e+03 1.0201561e-03
3.4440004e+03 1.5289901e-03
3.4460003e+03 1.9078805e-03
3.4480001e+03 7.7998266e-04
3.4499996e+03 8.5478713e-04
3.4519992e+03 -2.9545873e-03
3.4539999e+03 1.4776372e-03
3.4559994e+03 2.6478206e-03
3.4580000e+03 2.7197450e-03
3.4600004e+03 7.9683517e-04
3.4619998e+03 -9.3842646e-05
3.4640001e+03 1.1936240e-03
3.4660004e+03 2.4538362e-04
3.4680003e+03 3.2748026e-04
3.4700005e+03 3.2593727e-03
3.4720003e+03 2.4828811e-03
3.4740004e+03 -1.9072137e-03
3.4759998e+03 1.9594105e-03
3.4779995e+03 5.9757321e-03
3.4800003e+03 3.7421158e-04
3.4819995e+03 1.5271574e-03
3.4840002e+03 2.7039265e-03
3.4860005e+03 -7.7385153e-04
3.4879995e+03 1.7855181e-03
3.4899993e+03 2.7754365e-03
3.4920005e+03 2.3083843e-04
3.4940002e+03 6.5716668e-03
3.4959997e+03 4.3225912e-03
3.4979992e+03 -2.3608850e-03
3.4999997e+03 7.1967719e-05
3.5020002e+03 -2.7574406e-03
3.5040002e+03 4.5581176e-03
3.5060004e+03 6.3084094e-03
3.5080002e+03 2.1987958e-03
3.5099999e+03 2.8187644e-03
3.5120007e+03 4.3928423e-03
3.5139998e+03 1.2743257e-03
3.5159999e+03 -2.8737926e-05
3.5180003e+03 -4.7437628e-04
3.5200002e+03 1.0323812e-03
3.5219999e+03 1.8554309e-03
3.5239992e+03 2.5194078e-03
3.5259999e+03 6.1042132e-03
3.5280001e+03 -1.5455921e-03
3.5300001e+03 4.1655824e-03
3.5320000e+03 2.5128119e-03
3.5339997e+03 -3.6636053e-04
3.5360004e+03 8.5326303e-03
3.5379995e+03 2.6186029e-03
3.5399998e+03 3.3214593e-03
3.5419997e+03 3.7547725e-03
3.5440006e+03 4.7342340e-03
3.5459998e+03 6.9636484e-03
3.5480003e+03 4.8510353e-03
3.5500007e+03 4.9669393e-03
3.5520005e+03 8.4487461e-03
3.5540001e+03 8.6710583e-03
3.5560007e+03 8.0188923e-03
3.5579995e+03 3.9564827e-03
3.5599997e+03 4.5553353e-03
3.5619993e+03 4.6824515e-03
3.5640003e+03 4.1159587e-03
3.5660007e+03 9.3268733e-03
3.5680008e+03 6.7696986e-03
3.5699992e+03 1.0809117e-02
3.5720001e+03 9.7366422e-03
3.5739992e+03 7.4065216e-03
3.5759996e+03 9.5253987e-03
3.5780007e+03 7.3417746e-03
3.5800002e+03 1.0327639e-02
3.5820005e+03 9.6319448e-03
3.5840008e+03 1.2325154e-02
3.5859992e+03 1.0978137e-02
3.5879999e+03 8.8746138e-03
3.5900006e+03 1.1010695e-02
3.5920003e+03 1.1722407e-02
3.5940001e+03 1.2986486e-02
3.5959996e+03 1.3087596e-02
3.5979998e+03 1.6984545e-02
3.5999996e+03 1.4823507e-02
3.6020004e+03 1.5438507e-02
3.6039996e+03 1.5131825e-02
3.6059998e+03 1.9567380e-02
3.6079996e+03 1.9689091e-02
3.6100001e+03 1.9754022e-02
3.6120003e+03 2.2617158e-02
3.6140001e+03 2.2490438e-02
3.6159996e+03 2.2214837e-02
3.6180000e+03 2.2637382e-02
3.6200000e+03 2.3837386e-02
3.6219994e+03 2.7086934e-02
3.6239998e+03 3.0018395e-02
3.6259997e+03 3.3785064e-02
3.6279993e+03 3.4569003e-02
3.6299999e+03 3.2697629e-02
3.6320000e+03 3.5597172e-02
3.6339995e+03 3.8841501e-02
3.6360002e+03 3.8808439e-02
3.6380002e+03 4.2981159e-02
3.6399998e+03 4.7857087e-02
3.6420003e+03 5.3487327e-02
3.6440001e+03 5.4949719e-02
3.6459998e+03 5.9543379e-02
3.6480001e+03 6.1783951e-02
3.6499999e+03 6.7666441e-02
3.6519994e+03 7.2305515e-02
3.6539998e+03 7.8500606e-02
3.6559997e+03 8.5734501e-02
3.6580005e+03 9.4793521e-02
3.6600006e+03 1.0161950e-01
3.6620002e+03 1.0925800e-01
3.6639994e+03 1.1603140e-01
3.6659995e+03 1.2922060e-01
3.6680005e+03 1.4206301e-01
3.6699997e+03 1.5585700e-01
3.6719994e+03 1.6659489e-01
3.6740000e+03 1.7973050e-01
3.6760004e+03 1.9812050e-01
3.6780001e+03 2.1645190e-01
3.6800003e+03 2.3322320e-01
3.6820003e+03 2.5451469e-01
3.6839999e+03 2.7484331e-01
3.6860000e+03 3.0812830e-01
3.6879996e+03 3.2956621e-01
3.6900000e+03 3.5845679e-01
3.6920000e+03 3.8980299e-01
3.6939994e+03 4.1799819e-01
3.6959997e+03 4.5618999e-01
3.6979991e+03 4.8946470e-01
3.6999998e+03 5.2686661e-01
3.7019995e+03 5.6675500e-01
3.7040001e+03 5.9990168e-01
3.7060002e+03 6.3098317e-01
3.7079994e+03 6.6329879e-01
3.7099998e+03 6.9630921e-01
3.7119992e+03 7.2952318e-01
3.7139999e+03 7.5720417e-01
3.7159996e+03 7.7526760e-01
3.7180002e+03 7.9697353e-01
3.7199999e+03 8.2265693e-01
3.7219994e+03 8.3662093e-01
3.7239996e+03 8.4428757e-01
3.7260003e+03 8.6110091e-01
3.7279991e+03 8.6629969e-01
3.7300001e+03 8.6576968e-01
3.7320005e+03 8.6832422e-01
3.7340003e+03 8.7848508e-01
3.7360008e+03 8.7306881e-01
3.7379991e+03 8.7292713e-01
3.7399995e+03 8.7902731e-01
3.7419997e+03 8.7180042e-01
3.7440003e+03 8.7126368e-01
3.7460003e+03 8.6824572e-01
3.7479994e+03 8.6661261e-01
3.7499995e+03 8.6703563e-01
3.7520001e+03 8.7026948e-01
3.7540004e+03 8.6961812e-01
3.7559998e+03 8.7289518e-01
3.7579999e+03 8.7633872e-01
3.7600007e+03 8.8539672e-01
3.7620009e+03 8.9125937e-01
3.7640001e+03 8.9399529e-01
3.7660004e+03 8.9730978e-01
3.7679998e+03 9.0501219e-01
3.7699998e+03 9.1216338e-01
3.7719992e+03 9.2117608e-01
3.7740007e+03 9.2608708e-01
3.7760002e+03 9.3612027e-01
3.7780001e+03 9.3564671e-01
3.7799996e+03 9.5125562e-01
3.7819995e+03 9.6346593e-01
3.7840001e+03 9.7887599e-01
3.7860000e+03 9.8866642e-01
3.7879993e+03 9.9617368e-01
3.7900007e+03 1.0000000e+00
3.7919996e+03 9.9950129e-01
3.7939995e+03 9.9085188e-01
3.7959999e+03 9.7984922e-01
3.7979995e+03 9.7054988e-01
3.7999998e+03 8.7184823e-01
3.8019994e+03 8.4503168e-01
3.8039997e+03 8.1157279e-01
3.8060006e+03 7.7085078e-01
3.8080005e+03 7.3300111e-01
3.8099997e+03 6.8958598e-01
3.8119999e+03 6.4669418e-01
3.8140004e+03 6.0471141e-01
3.8160002e+03 5.7018262e-01
3.8180003e+03 5.2841783e-01
3.8200000e+03 5.1278502e-01
3.8220004e+03 4.7732881e-01
3.8239997e+03 4.3841830e-01
3.8259996e+03 4.0379119e-01
3.8280002e+03 3.7699741e-01
3.8300000e+03 3.4586650e-01
3.8320005e+03 3.2085741e-01
3.8340001e+03 2.9779649e-01
3.8360001e+03 2.6742509e-01
3.8379997e+03 2.5049081e-01
3.8399995e+03 2.3924071e-01
3.8420000e+03 2.1782181e-01
3.8439997e+03 2.0169570e-01
3.8460000e+03 1.8878441e-01
3.8479995e+03 1.7423840e-01
3.8499993e+03 1.5897261e-01
3.8520001e+03 1.4643760e-01
3.8539997e+03 1.3129160e-01
3.8559999e+03 1.2852331e-01
3.8579993e+03 1.1624960e-01
3.8599993e+03 1.1679930e-01
3.8619999e+03 1.0818590e-01
3.8639997e+03 9.8648384e-02
3.8659997e+03 9.0420932e-02
3.8680007e+03 8.5209548e-02
3.8700005e+03 8.3648622e-02
3.8719994e+03 7.5289316e-02
3.8740004e+03 6.9560714e-02
3.8760005e+03 5.8464378e-02
3.8779998e+03 5.9764087e-02
3.8799993e+03 5.7372984e-02
3.8819997e+03 5.1382452e-02
3.8840004e+03 5.3968109e-02
3.8860002e+03 5.0553106e-02
3.8880005e+03 4.5335751e-02
3.8900000e+03 4.0992152e-02
3.8920000e+03 4.1914016e-02
3.8940007e+03 3.8342450e-02
3.8960000e+03 3.8456902e-02
3.8980003e+03 3.3430375e-02
3.8999993e+03 3.2027196e-02
3.9020003e+03 3.4968708e-02
3.9040005e+03 3.3389308e-02
3.9059997e+03 2.9066084e-02
3.9079994e+03 2.7761424e-02
3.9099997e+03 2.4951430e-02
3.9120002e+03 2.7637936e-02
3.9140002e+03 2.7940098e-02
3.9160003e+03 2.3815265e-02
3.9179994e+03 2.3505559e-02
3.9200006e+03 2.2006286e-02
3.9220008e+03 2.6078628e-02
3.9240001e+03 1.9034440e-02
3.9259995e+03 2.3673175e-02
3.9279998e+03 2.2829810e-02
3.9300003e+03 1.6811455e-02
3.9319998e+03 1.5803587e-02
3.9340002e+03 1.6445644e-02
3.9360008e+03 1.8854348e-02
3.9380000e+03 1.8492477e-02
3.9400000e+03 1.0129415e-02
3.9420006e+03 1.4741876e-02
3.9439998e+03 1.2840252e-02
3.9459999e+03 1.2106441e-02
3.9480001e+03 1.5429780e-02
3.9499993e+03 1.2772889e-02
3.9519990e+03 1.3141497e-02
3.9540008e+03 1.1020145e-02
3.9559999e+03 9.7944997e-03
3.9579992e+03 1.3599826e-02
3.9600009e+03 9.7665535e-03
3.9619996e+03 9.0130912e-03
3.9640004e+03 1.1853947e-02
3.9660005e+03 9.0633612e-03
3.9680006e+03 8.9419037e-03
3.9699994e+03 1.0743298e-02
3.9719990e+03 7.4988725e-03
3.9740006e+03 6.6644023e-03
3.9759992e+03 1.0810060e-02
3.9780002e+03 7.7639548e-03
3.9799997e+03 8.6582331e-03
3.9819997e+03 6.5319776e-03
3.9840002e+03 7.9473015e-03
3.9859996e+03 6.2991697e-03
3.9879994e+03 1.2454475e-02
3.9899993e+03 1.2484406e-02
3.9920000e+03 4.5491299e-03
3.9939993e+03 6.1583961e-03
3.9960009e+03 1.3525198e-02
3.9979994e+03 1.4761861e-02
4.0000000e+03 6.5223151e-03
4.0019994e+03 6.7946357e-03
4.0040009e+03 6.8896762e-03
4.0059992e+03 2.6327230e-03
4.0080000e+03 6.0981666e-03
4.0100011e+03 6.9170278e-03
4.0120007e+03 7.0362352e-03
4.0139992e+03 3.7362839e-03
4.0159997e+03 4.8195436e-03
4.0180006e+03 5.7609105e-03
4.0200003e+03 8.1281336e-03
4.0220004e+03 9.0194996e-03
4.0240006e+03 5.3411541e-03
4.0259999e+03 4.5964890e-03
4.0279993e+03 5.8453577e-03
4.0300011e+03 7.3580081e-03
4.0319997e+03 5.0252681e-03
4.0340002e+03 5.3899223e-03
4.0359996e+03 1.8015028e-03
4.0380010e+03 4.1404632e-03
4.0399991e+03 3.2183826e-03
4.0419997e+03 3.4466684e-03
4.0440002e+03 1.6889452e-03
4.0459999e+03 3.5898769e-03
4.0479996e+03 6.8741054e-03
4.0499997e+03 4.4010160e-03
4.0520001e+03 2.0715958e-03
4.0539994e+03 8.2715601e-03
4.0560005e+03 -3.1213134e-03
4.0580001e+03 -3.4401168e-03
4.0600004e+03 5.9169708e-03
4.0619990e+03 4.0878556e-03
4.0640001e+03 5.9033055e-03
4.0659994e+03 2.9658044e-03
4.0680008e+03 2.4736228e-03
4.0700008e+03 4.6005030e-03
4.0719996e+03 3.8021661e-03
4.0740000e+03 6.6611392e-04
4.0760011e+03 3.9012092e-03
4.0780009e+03 -6.0657530e-05
4.0800007e+03 1.9594673e-03
4.0819992e+03 -4.6896869e-03
4.0839996e+03 2.3953107e-03
4.0860003e+03 4.3295398e-03
4.0879998e+03 7.1931012e-05
4.0899996e+03 -6.5722567e-04
4.0919997e+03 -2.4305331e-04
4.0939997e+03 9.6259394e-04
4.0960004e+03 6.0315891e-03
4.0979994e+03 3.2815572e-03
4.1000008e+03 3.9906707e-03
4.1020004e+03 2.6780590e-03
4.1040003e+03 -7.2371349e-04
4.1060006e+03 1.5751135e-03
4.1079995e+03 -1.3768260e-03
4.1099999e+03 -4.3782038e-03
4.1119994e+03 4.1211816e-03
4.1140004e+03 7.9554543e-03
4.1160005e+03 1.7382106e-03
4.1180004e+03 6.0575027e-03
4.1199990e+03 -1.8563702e-04
4.1219995e+03 3.9207612e-04
4.1240003e+03 5.6474619e-03
4.1259997e+03 2.9936640e-03
4.1279994e+03 4.8065322e-04
4.1300011e+03 1.0158210e-03
4.1320009e+03 5.7384344e-03
4.1339993e+03 1.1576659e-03
4.1360001e+03 -1.5426456e-04
4.1380007e+03 8.2944491e-04
4.1399999e+03 6.0887230e-03
4.1420011e+03 3.7101274e-03
4.1440008e+03 1.5145156e-03
4.1460008e+03 8.9793617e-04
4.1479989e+03 2.4585030e-03
4.1500011e+03 2.2404061e-03
4.1519997e+03 2.7765294e-03
4.1540002e+03 3.3879969e-03
4.1559998e+03 5.1190131e-03
4.1580008e+03 3.6153069e-04
4.1600004e+03 -4.4853694e-04
4.1620002e+03 2.4785316e-03
4.1639998e+03 2.3799555e-03
4.1660000e+03 -2.2656254e-04
4.1680005e+03 -4.9139879e-04
4.1699991e+03 3.6276898e-03
4.1720001e+03 1.8531010e-03
4.1739991e+03 -2.3307754e-03
4.1760001e+03 1.4614471e-04
4.1779995e+03 2.5290546e-03
4.1800009e+03 3.8327151e-03
4.1820008e+03 1.0781267e-03
4.1840008e+03 1.7188363e-03
4.1859990e+03 3.5920592e-03
4.1880012e+03 2.2691092e-03
4.1899997e+03 4.7952379e-03
4.1920002e+03 2.0266203e-03
4.1939995e+03 1.2875256e-03
4.1960003e+03 -3.0592098e-03
4.1979996e+03 -4.2791475e-04
4.2000008e+03 2.8908849e-03
4.2020001e+03 4.7349506e-03
4.2039999e+03 -3.3353202e-03
4.2059999e+03 -8.6232909e-04
4.2079997e+03 -2.6129680e-03
4.2099996e+03 3.2378507e-03
4.2120002e+03 2.1554230e-04
4.2140004e+03 3.6195928e-04
4.2159991e+03 1.0268461e-03
4.2179997e+03 -2.0490144e-03
4.2200005e+03 -1.9787028e-03
4.2219997e+03 -7.6694152e-04
4.2240003e+03 -2.3646555e-03
4.2259998e+03 4.0178355e-03
4.2280007e+03 5.5820553e-04
4.2300005e+03 -2.9067849e-03
4.2320000e+03 -4.8179640e-03
4.2339996e+03 2.9508977e-03
4.2359994e+03 -1.9469539e-03
4.2379993e+03 5.9286519e-03
4.2399993e+03 5.9079402e-04
4.2420012e+03 -2.4986549e-03
4.2439993e+03 -9.4911400e-03
4.2459997e+03 -8.2502291e-03
4.2479998e+03 4.0520485e-03
4.2500005e+03 -3.1524049e-03
4.2520008e+03 6.6889409e-04
4.2539995e+03 -6.6981057e-04
4.2560001e+03 -3.1984823e-03
4.2579990e+03 3.9610430e-03
4.2599998e+03 2.0651494e-03
4.2620007e+03 -2.6298342e-03
4.2639994e+03 5.5704342e-04
4.2660005e+03 2.4271244e-03
4.2679995e+03 3.4204696e-03
4.2700008e+03 2.2884065e-03
4.2720000e+03 3.6364540e-03
4.2739992e+03 -2.5747684e-03
4.2760004e+03 -4.0175079e-04
4.2779998e+03 1.7043322e-03
4.2800011e+03 -1.1715178e-03
4.2820007e+03 3.3485983e-03
4.2839999e+03 -2.3070404e-03
4.2859997e+03 4.6715490e-03
4.2879990e+03 -3.0338432e-04
4.2900007e+03 3.5707251e-04
4.2920002e+03 4.6646511e-03
4.2939998e+03 -1.0192724e-02
4.2959994e+03 -9.2844595e-05
4.2979991e+03 -5.6338310e-03
4.3000006e+03 -3.9882571e-03
4.3020004e+03 5.4364107e-03
4.3040003e+03 4.9967216e-03
4.3059997e+03 1.3021891e-03
4.3079997e+03 2.8415634e-03
4.3099992e+03 -3.2792429e-03
4.3119988e+03 -1.5641387e-03
4.3140007e+03 1.4613225e-03
4.3160003e+03 -1.9551730e-03
4.3180000e+03 -1.8420764e-03
4.3199998e+03 -9.8392344e-04
4.3219995e+03 1.5112595e-03
4.3239988e+03 5.2431375e-03
4.3260005e+03 2.2470644e-03
4.3280003e+03 6.3808000e-04
4.3299997e+03 -5.0708617e-04
4.3319991e+03 3.8930252e-03
4.3340008e+03 1.5738053e-03
4.3360002e+03 -2.8057590e-03
4.3379996e+03 -1.3807189e-03
4.3400009e+03 -7.4218435e-04
4.3420004e+03 3.3570419e-03
4.3439998e+03 1.3156991e-03
4.3460006e+03 -2.8913424e-03
4.3480001e+03 1.4707405e-03
4.3499991e+03 8.6881890e-04
4.3520003e+03 1.5546187e-03
4.3539993e+03 7.1978121e-04
4.3560001e+03 2.1680330e-03
4.3579990e+03 -7.5573166e-06
4.3600002e+03 2.1920924e-03
4.3620009e+03 2.1514592e-04
4.3639993e+03 5.1846155e-03
4.3660000e+03 -5.6236249e-04
4.3680006e+03 -6.2490115e-04
4.3699989e+03 9.5574034e-04
4.3719995e+03 3.1752742e-03
4.3739996e+03 4.8184372e-03
4.3760001e+03 -7.0586643e-04
4.3780001e+03 1.8444568e-03
4.3800001e+03 -1.0899589e-03
4.3820000e+03 1.6073999e-03
4.3839999e+03 3.2249279e-03
4.3859997e+03 5.0010602e-04
4.3879990e+03 3.3636659e-04
4.3900005e+03 2.3144523e-04
4.3920002e+03 7.7264925e-04
4.3939993e+03 -9.5641194e-04
4.3960007e+03 -1.3263758e-03
4.3979996e+03 2.4813712e-03
4.4000004e+03 3.2317201e-03
4.4019993e+03 5.8953109e-04
4.4039999e+03 -1.5817772e-04
4.4060005e+03 3.0422912e-03
4.4079991e+03 -2.0159925e-04
4.4099995e+03 -2.1691455e-03
4.4119998e+03 -5.0634881e-03
4.4139995e+03 5.8474956e-04
4.4159997e+03 8.6864689e-04
4.4179992e+03 5.0819814e-03
4.4200006e+03 -2.2521682e-04
4.4220005e+03 -1.3528233e-03
4.4239998e+03 2.4806701e-03
4.4260009e+03 -3.6574816e-03
4.4279999e+03 -1.1928311e-03
4.4300008e+03 1.7532996e-03
4.4319992e+03 1.3890167e-03
4.4339998e+03 -1.4213786e-03
4.4360004e+03 2.6864822e-03
4.4380003e+03 -2.5143737e-03
4.4400006e+03 -8.7625207e-04
4.4420003e+03 1.3575375e-03
4.4439999e+03 2.2109554e-03
4.4459998e+03 1.6028737e-03
4.4480010e+03 3.1423268e-03
4.4500002e+03 -1.8621291e-04
4.4520012e+03 -2.0577165e-03
4.4539996e+03 1.0980362e-04
4.4560003e+03 2.7290962e-03
4.4580008e+03 -2.1758231e-03
4.4600007e+03 6.0934218e-04
4.4620010e+03 3.1841649e-03
4.4640006e+03 -2.8262455e-03
4.4660006e+03 1.6594622e-03
4.4679999e+03 4.5604939e-03
4.4700010e+03 -1.9652008e-03
4.4719999e+03 5.0656809e-03
4.4740007e+03 -1.5662748e-03
4.4759994e+03 -1.5389592e-03
4.4779998e+03 1.7515274e-03
4.4799996e+03 3.4695342e-03
4.4819997e+03 2.0548871e-03
4.4839991e+03 -2.8430747e-03
4.4860008e+03 3.7729584e-05
4.4879999e+03 3.7203517e-03
4.4899987e+03 -1.0003215e-03
4.4919999e+03 -1.1717217e-03
4.4940004e+03 -5.2289519e-04
4.4960006e+03 3.4953759e-03
4.4980007e+03 4.7967713e-03
4.5000006e+03 4.0784888e-03
4.5019998e+03 1.8158897e-03
4.5039993e+03 -8.3580363e-04
4.5060005e+03 -4.7899154e-03
4.5079991e+03 1.8642879e-04
4.5100000e+03 4.8380201e-03
4.5120001e+03 -8.1481138e-04
4.5140000e+03 -3.1147868e-04
4.5159997e+03 -3.1145203e-03
4.5179997e+03 9.9113653e-04
4.5200009e+03 -2.9494468e-04
4.5220000e+03 2.6362746e-03
4.5240003e+03 4.0457137e-03
4.5259989e+03 1.1302532e-03
4.5279992e+03 2.9607043e-03
4.5300013e+03 3.2174846e-03
4.5320007e+03 -1.9485147e-03
4.5339998e+03 2.7961545e-03
4.5359992e+03 6.5294174e-03
4.5379998e+03 -2.2164939e-03
4.5400002e+03 3.2977221e-04
4.5420004e+03 2.8339762e-03
4.5440003e+03 -9.0161571e-04
4.5459999e+03 1.9193671e-03
4.5479993e+03 -2.9026766e-04
4.5500004e+03 4.0659779e-03
4.5520013e+03 3.8929103e-04
4.5539994e+03 -5.2744665e-05
4.5559997e+03 -9.6521975e-04
4.5579993e+03 1.8987274e-03
4.5600011e+03 -1.0676889e-03
4.5620001e+03 -7.0544367e-04
4.5640009e+03 2.6206127e-03
4.5659993e+03 4.3332581e-03
4.5679995e+03 5.0411106e-04
4.5699994e+03 -3.3018917e-03
4.5719991e+03 -4.9283600e-04
4.5740004e+03 4.4588041e-03
4.5759995e+03 2.1854194e-03
4.5779997e+03 1.2741633e-03
4.5800002e+03 5.2784663e-03
4.5820004e+03 2.2156502e-03
4.5839998e+03 1.2959376e-03
4.5859988e+03 -2.3758234e-03
4.5879996e+03 -6.5956134e-05
4.5900007e+03 1.6415814e-03
4.5920008e+03 2.5349557e-03
4.5939986e+03 -6.7205622e-04
4.5960002e+03 2.7755061e-03
4.5979995e+03 6.9631649e-05
4.5999999e+03 1.0229106e-03
4.6020005e+03 3.5368226e-04
4.6040008e+03 -1.0272810e-03
4.6060003e+03 1.6173988e-03
4.6079999e+03 7.2218897e-04
4.6099987e+03 1.6369643e-04
4.6119992e+03 2.4741463e-04
4.6139999e+03 -4.9908669e-03
4.6159998e+03 -1.7769800e-03
4.6180013e+03 1.9983945e-03
4.6200005e+03 2.4004197e-03
4.6220013e+03 -7.5947341e-05
4.6239997e+03 -4.8823850e-04
4.6259994e+03 -4.8833801e-05
4.6279991e+03 5.7761571e-03
4.6300007e+03 -3.8604900e-05
4.6319992e+03 2.2164398e-04
4.6340000e+03 -1.4033216e-03
4.6359999e+03 -9.5520675e-04
4.6379994e+03 -1.8076930e-04
4.6400006e+03 1.9644733e-04
4.6419999e+03 -1.5942836e-05
4.6440004e+03 -2.7072744e-03
4.6460005e+03 -3.1543276e-03
4.6480002e+03 1.7510778e-04
4.6499990e+03 -2.3954101e-03
4.6520001e+03 1.4503816e-03
4.6540007e+03 1.8704371e-03
4.6560005e+03 -2.2720853e-04
4.6580003e+03 1.1143637e-03
4.6599992e+03 -7.1870041e-04
4.6620004e+03 2.8173819e-03
4.6640007e+03 1.6014333e-03
4.6660005e+03 1.2493341e-03
4.6679999e+03 4.6893694e-03
4.6699994e+03 2.8544229e-03
4.6720002e+03 1.1655515e-03
4.6739978e+03 1.1277822e-03
4.6759998e+03 -1.3123924e-03
4.6779992e+03 -3.1075373e-03
4.6800004e+03 -4.6115033e-03
4.6820006e+03 -1.7081613e-03
4.6840009e+03 -5.2754276e-05
4.6860002e+03 8.6102722e-04
4.6879997e+03 2.8336146e-03
4.6900003e+03 1.9870016e-03
4.6920004e+03 2.1430424e-03
4.6940007e+03 3.7699044e-03
4.6959999e+03 1.2409347e-03
4.6980009e+03 -2.5397989e-03
4.6999993e+03 -1.0314480e-04
4.7020015e+03 7.1136176e-04
4.7040005e+03 -2.4472459e-03
4.7059997e+03 -1.4248226e-03
4.7080005e+03 -2.7378863e-03
4.7100004e+03 -6.2144391e-04
4.7120003e+03 1.2006147e-03
4.7139992e+03 -2.1702081e-03
4.7160003e+03 1.0987773e-03
4.7180004e+03 3.2323992e-04
4.7200001e+03 2.9158429e-04
4.7219992e+03 1.9582464e-04
4.7240001e+03 5.2926748e-04
4.7260004e+03 8.9946996e-05
4.7280003e+03 -2.3939789e-03
4.7299997e+03 4.3428331e-04
4.7320008e+03 1.5130623e-04
4.7340014e+03 -1.4515647e-04
4.7359987e+03 1.9764383e-03
4.7380005e+03 -2.3813298e-04
4.7399990e+03 2.2654708e-03
4.7419998e+03 5.3840893e-04
4.7439995e+03 -9.8084100e-04
4.7459987e+03 1.2670006e-03
4.7480001e+03 4.1210921e-03
4.7500005e+03 9.0796326e-04
4.7520003e+03 1.5962917e-03
4.7539997e+03 2.9795626e-04
4.7560007e+03 -9.3661848e-04
4.7580012e+03 1.4900035e-03
4.7600006e+03 1.3591229e-03
4.7620000e+03 7.4255670e-04
4.7640011e+03 7.5961254e-04
4.7659989e+03 1.1389443e-03
4.7680011e+03 -1.0239052e-04
4.7700001e+03 -7.6465093e-04
4.7720012e+03 5.8546674e-04
4.7740013e+03 1.9898305e-03
4.7760008e+03 6.9585710e-04
4.7779997e+03 4.1271051e-04
4.7800004e+03 1.6242490e-03
4.7820004e+03 5.0946797e-04
4.7839999e+03 -4.3235248e-04
4.7860011e+03 3.0329320e-04
4.7879995e+03 4.5005276e-05
4.7899990e+03 -1.1639640e-04
4.7919985e+03 3.3232439e-04
4.7939996e+03 1.2639345e-03
4.7959996e+03 1.9651006e-03
4.7979996e+03 2.4478213e-04
4.8000008e+03 -3.3475790e-04
4.8019990e+03 1.7647484e-04
4.8039990e+03 -4.3613929e-04
4.8060011e+03 6.1151583e-04
4.8079999e+03 1.0424600e-03
4.8100003e+03 3.0089001e-04
4.8120001e+03 -1.0509958e-03
4.8139993e+03 -4.3704396e-04
4.8159997e+03 6.1463559e-04
4.8179999e+03 1.1027409e-03
4.8199996e+03 -2.5187936e-04
4.8220009e+03 8.4906780e-05
4.8239988e+03 1.2189746e-03
4.8260012e+03 -1.4103428e-04
4.8280001e+03 -2.5910983e-04
4.8300007e+03 -2.6728853e-04
4.8319984e+03 -6.0739479e-04
4.8340006e+03 3.2800986e-04
4.8359993e+03 4.9718871e-04
4.8379997e+03 3.8462228e-04
4.8399994e+03 4.7213983e-04
4.8420008e+03 1.0638910e-03
4.8439992e+03 8.8791171e-04
4.8460016e+03 6.4660679e-04
4.8480005e+03 -3.4828259e-05
4.8499993e+03 2.2632399e-04
4.8519992e+03 7.3040725e-04
4.8540013e+03 6.3305983e-05
4.8559999e+03 1.5056091e-04
4.8580007e+03 1.0405310e-03
4.8599980e+03 3.0743703e-04
4.8619992e+03 -7.2979774e-06
4.8640004e+03 -3.9104911e-04
4.8660003e+03 1.1357944e-03
4.8679995e+03 1.7442022e-05
4.8700004e+03 -7.8278856e-04
4.8720006e+03 -1.8736240e-04
4.8740001e+03 4.4193704e-04
4.8759983e+03 -1.4450570e-04
4.8779988e+03 5.9305585e-04
4.8800009e+03 2.0282285e-04
4.8819995e+03 -6.0010916e-05
4.8840002e+03 6.3699234e-04
4.8860000e+03 -4.5083027e-05
4.8879988e+03 -1.6105753e-04
4.8899995e+03 -7.9889514e-04
4.8919992e+03 -2.8968832e-04
4.8940009e+03 3.6296435e-04
4.8959992e+03 2.9631666e-04
4.8979991e+03 3.3853296e-04
4.9000007e+03 -7.4630814e-05
4.9019992e+03 -1.1433824e-04
4.9039994e+03 1.6614504e-04
4.9060011e+03 2.4406267e-04
4.9079996e+03 2.6402235e-04
4.9099996e+03 2.3373874e-04
4.9119989e+03 4.7499314e-04
4.9140002e+03 4.8127089e-04
4.9160004e+03 1.9680960e-04
4.9179996e+03 -5.2971409e-05
4.9200007e+03 4.5231842e-05
4.9220011e+03 6.0056255e-04
4.9239981e+03 1.2526511e-04
4.9259991e+03 7.6175056e-05
4.9279996e+03 -2.7570693e-04
4.9299991e+03 -3.0995300e-04
4.9320002e+03 1.8277447e-04
4.9340002e+03 2.5066675e-04
4.9359998e+03 1.3138326e-04
4.9380010e+03 -4.3175107e-05
4.9399988e+03 -2.9875295e-07
4.9420006e+03 -2.1551979e-04
4.9439992e+03 -1.0134344e-04
4.9459994e+03 -1.6551977e-04
4.9479989e+03 -1.8651056e-04
4.9500000e+03 3.5500940e-04
4.9520003e+03 -2.6356574e-07
4.9539995e+03 -1.6268995e-04
4.9560007e+03 -3.9823011e-05
4.9580007e+03 -4.0022100e-05
4.9600000e+03 3.6993275e-05
4.9620009e+03 1.3145790e-04
4.9640010e+03 1.0481544e-04
4.9660003e+03 -2.1159534e-04
4.9680012e+03 1.8134713e-04
4.9699986e+03 2.2430863e-04
4.9720003e+03 -3.3105098e-04
4.9740009e+03 -3.1265875e-04
4.9760008e+03 -6.3895066e-05
4.9779998e+03 1.2514042e-04
4.9800004e+03 2.5817848e-04
4.9820002e+03 -8.3781968e-05
4.9840012e+03 -2.4925524e-04
4.9859994e+03 2.8090706e-04
4.9879988e+03 7.7972785e-05
4.9899999e+03 -1.0808959e-04
4.9920004e+03 -6.0675633e-05
4.9939998e+03 -8.3573368e-06
4.9960008e+03 1.5915230e-04
4.9980007e+03 1.5082610e-04
5.0000000e+03 3.7083065e-04
5.0020009e+03 0.0000000e+00
5.0040007e+03 0.0000000e+00
5.0059996e+03 0.0000000e+00
5.0080001e+03 0.0000000e+00
5.0099998e+03 0.0000000e+00
5.0120011e+03 0.0000000e+00
5.0139990e+03 0.0000000e+00
5.0160011e+03 0.0000000e+00
5.0179994e+03 0.0000000e+00
5.0199997e+03 0.0000000e+00
5.0219988e+03 0.0000000e+00
5.0239995e+03 0.0000000e+00
5.0259994e+03 0.0000000e+00
5.0280008e+03 0.0000000e+00
5.0299989e+03 0.0000000e+00
5.0320010e+03 0.0000000e+00
5.0339998e+03 0.0000000e+00
5.0359998e+03 0.0000000e+00
5.0379990e+03 0.0000000e+00
5.0400001e+03 0.0000000e+00
5.0419999e+03 0.0000000e+00
5.0440014e+03 0.0000000e+00
5.0459995e+03 0.0000000e+00
5.0479988e+03 0.0000000e+00
5.0500001e+03 0.0000000e+00
5.0520004e+03 0.0000000e+00
5.0539995e+03 0.0000000e+00
5.0560002e+03 0.0000000e+00
5.0580000e+03 0.0000000e+00
5.0599988e+03 0.0000000e+00
5.0619993e+03 0.0000000e+00
5.0639988e+03 0.0000000e+00
5.0659999e+03 0.0000000e+00
5.0679998e+03 0.0000000e+00
5.0700015e+03 0.0000000e+00
5.0719995e+03 0.0000000e+00
5.0739991e+03 0.0000000e+00
5.0760003e+03 0.0000000e+00
5.0779980e+03 0.0000000e+00
5.0799998e+03 0.0000000e+00
5.0820006e+03 0.0000000e+00
5.0840005e+03 0.0000000e+00
5.0859991e+03 0.0000000e+00
5.0879993e+03 0.0000000e+00
5.0900014e+03 0.0000000e+00
5.0919997e+03 0.0000000e+00
5.0939996e+03 0.0000000e+00
5.0960010e+03 0.0000000e+00
5.0979989e+03 0.0000000e+00
5.1000007e+03 0.0000000e+00
5.1019992e+03 0.0000000e+00
5.1039990e+03 0.0000000e+00
5.1060006e+03 0.0000000e+00
5.1079984e+03 0.0000000e+00
5.1099978e+03 0.0000000e+00
5.1119988e+03 0.0000000e+00
5.1139987e+03 0.0000000e+00
5.1160002e+03 0.0000000e+00
5.1180008e+03 0.0000000e+00
5.1200000e+03 0.0000000e+00
5.1220008e+03 0.0000000e+00
5.1240009e+03 0.0000000e+00
5.1259997e+03 0.0000000e+00
5.1280000e+03 0.0000000e+00
5.1299993e+03 0.0000000e+00
5.1320002e+03 0.0000000e+00
5.1340001e+03 0.0000000e+00
5.1360012e+03 0.0000000e+00
5.1379991e+03 0.0000000e+00
5.1400007e+03 0.0000000e+00
5.1419988e+03 0.0000000e+00
5.1440013e+03 0.0000000e+00
5.1459998e+03 0.0000000e+00
5.1480000e+03 0.0000000e+00
5.1499987e+03 0.0000000e+00
5.1519994e+03 0.0000000e+00
5.1539990e+03 0.0000000e+00
5.1559998e+03 0.0000000e+00
5.1580000e+03 0.0000000e+00
5.1600013e+03 0.0000000e+00
5.1619990e+03 0.0000000e+00
5.1640008e+03 0.0000000e+00
5.1659990e+03 0.0000000e+00
5.1680014e+03 0.0000000e+00
5.1700000e+03 0.0000000e+00
5.1719999e+03 0.0000000e+00
5.1739991e+03 0.0000000e+00
5.1759995e+03 0.0000000e+00
5.1779988e+03 0.0000000e+00
5.1799999e+03 0.0000000e+00
5.1819997e+03 0.0000000e+00
5.1840010e+03 0.0000000e+00
5.1860013e+03 0.0000000e+00
5.1880001e+03 0.0000000e+00
5.1900008e+03 0.0000000e+00
5.1920001e+03 0.0000000e+00
5.1940012e+03 0.0000000e+00
5.1960009e+03 0.0000000e+00
5.1979996e+03 0.0000000e+00
5.1999997e+03 0.0000000e+00
5.2019988e+03 0.0000000e+00
5.2039994e+03 0.0000000e+00
5.2059989e+03 0.0000000e+00
5.2079996e+03 0.0000000e+00
5.2099995e+03 0.0000000e+00
5.2120006e+03 0.0000000e+00
5.2140009e+03 0.0000000e+00
5.2159998e+03 0.0000000e+00
5.2180002e+03 0.0000000e+00
5.2199995e+03 0.0000000e+00
5.2220004e+03 0.0000000e+00
5.2240000e+03 0.0000000e+00
5.2260009e+03 0.0000000e+00
5.2280010e+03 0.0000000e+00
5.2299996e+03 0.0000000e+00
5.2320001e+03 0.0000000e+00
5.2339991e+03 0.0000000e+00
5.2359996e+03 0.0000000e+00
5.2379990e+03 0.0000000e+00
5.2399999e+03 0.0000000e+00
5.2419997e+03 0.0000000e+00
5.2440006e+03 0.0000000e+00
5.2460007e+03 0.0000000e+00
5.2479994e+03 0.0000000e+00
5.2499998e+03 0.0000000e+00
5.2519988e+03 0.0000000e+00
5.2539993e+03 0.0000000e+00
5.2559986e+03 0.0000000e+00
5.2579995e+03 0.0000000e+00
5.2599992e+03 0.0000000e+00
5.2620003e+03 0.0000000e+00
5.2640000e+03 0.0000000e+00
5.2659988e+03 0.0000000e+00
5.2679988e+03 0.0000000e+00
5.2700007e+03 0.0000000e+00
5.2720010e+03 0.0000000e+00
5.2740001e+03 0.0000000e+00
5.2760008e+03 0.0000000e+00
5.2780002e+03 0.0000000e+00
5.2800012e+03 0.0000000e+00
5.2820006e+03 0.0000000e+00
5.2839992e+03 0.0000000e+00
5.2859989e+03 0.0000000e+00
5.2880004e+03 0.0000000e+00
5.2900004e+03 0.0000000e+00
5.2919992e+03 0.0000000e+00
5.2939995e+03 0.0000000e+00
5.2959986e+03 0.0000000e+00
5.2979992e+03 0.0000000e+00
5.3000013e+03 0.0000000e+00
5.3019991e+03 0.0000000e+00
5.3039987e+03 0.0000000e+00
5.3059995e+03 0.0000000e+00
5.3079994e+03 0.0000000e+00
5.3100004e+03 0.0000000e+00
5.3120003e+03 0.0000000e+00
5.3139988e+03 0.0000000e+00
5.3159989e+03 0.0000000e+00
5.3180005e+03 0.0000000e+00
5.3200008e+03 0.0000000e+00
5.3219995e+03 0.0000000e+00
5.3240000e+03 0.0000000e+00
5.3259990e+03 0.0000000e+00
5.3279998e+03 0.0000000e+00
5.3299990e+03 0.0000000e+00
5.3319996e+03 0.0000000e+00
5.3339990e+03 0.0000000e+00
5.3359999e+03 0.0000000e+00
5.3379996e+03 0.0000000e+00
5.3400003e+03 0.0000000e+00
5.3420002e+03 0.0000000e+00
5.3439984e+03 0.0000000e+00
5.3460012e+03 0.0000000e+00
5.3479996e+03 0.0000000e+00
5.3499995e+03 0.0000000e+00
5.3520012e+03 0.0000000e+00
5.3540013e+03 0.0000000e+00
5.3560001e+03 0.0000000e+00
5.3580000e+03 0.0000000e+00
5.3599990e+03 0.0000000e+00
5.3619994e+03 0.0000000e+00
5.3640010e+03 0.0000000e+00
5.3660017e+03 0.0000000e+00
5.3680006e+03 0.0000000e+00
5.3700011e+03 0.0000000e+00
5.3720002e+03 0.0000000e+00
5.3740008e+03 0.0000000e+00
5.3760001e+03 0.0000000e+00
5.3780009e+03 0.0000000e+00
5.3800003e+03 0.0000000e+00
5.3820008e+03 0.0000000e+00
5.3840004e+03 0.0000000e+00
5.3860011e+03 0.0000000e+00
5.3880008e+03 0.0000000e+00
5.3899989e+03 0.0000000e+00
5.3919983e+03 0.0000000e+00
5.3939993e+03 0.0000000e+00
5.3959989e+03 0.0000000e+00
5.3980000e+03 0.0000000e+00
5.3999994e+03 0.0000000e+00
5.4020006e+03 0.0000000e+00
5.4040005e+03 0.0000000e+00
5.4059986e+03 0.0000000e+00
5.4079982e+03 0.0000000e+00
5.4099996e+03 0.0000000e+00
5.4119994e+03 0.0000000e+00
5.4140005e+03 0.0000000e+00
5.4160003e+03 0.0000000e+00
5.4180016e+03 0.0000000e+00
5.4200015e+03 0.0000000e+00
5.4219996e+03 0.0000000e+00
5.4239996e+03 0.0000000e+00
5.4260007e+03 0.0000000e+00
5.4280007e+03 0.0000000e+00
5.4299990e+03 0.0000000e+00
5.4319987e+03 0.0000000e+00
5.4340000e+03 0.0000000e+00
5.4359998e+03 0.0000000e+00
5.4380010e+03 0.0000000e+00
5.4400009e+03 0.0000000e+00
5.4419990e+03 0.0000000e+00
5.4439989e+03 0.0000000e+00
5.4460003e+03 0.0000000e+00
5.4479999e+03 0.0000000e+00
5.4500010e+03 0.0000000e+00
5.4520010e+03 0.0000000e+00
5.4539992e+03 0.0000000e+00
5.4559988e+03 0.0000000e+00
5.4580000e+03 0.0000000e+00
5.4599996e+03 0.0000000e+00
5.4620004e+03 0.0000000e+00
5.4640001e+03 0.0000000e+00
5.4660013e+03 0.0000000e+00
5.4680006e+03 0.0000000e+00
5.4699985e+03 0.0000000e+00
5.4720012e+03 0.0000000e+00
5.4739991e+03 0.0000000e+00
5.4759984e+03 0.0000000e+00
5.4779992e+03 0.0000000e+00
5.4799986e+03 0.0000000e+00
5.4819994e+03 0.0000000e+00
5.4840016e+03 0.0000000e+00
5.4859991e+03 0.0000000e+00
5.4880014e+03 0.0000000e+00
5.4899988e+03 0.0000000e+00
5.4920010e+03 0.0000000e+00
5.4940014e+03 0.0000000e+00
5.4960003e+03 0.0000000e+00
5.4980006e+03 0.0000000e+00
5.4999994e+03 0.0000000e+00
5.5019997e+03 0.0000000e+00
5.5040015e+03 0.0000000e+00
5.5060017e+03 0.0000000e+00
5.5080000e+03 0.0000000e+00
5.5100002e+03 0.0000000e+00
5.5119985e+03 0.0000000e+00
5.5140016e+03 0.0000000e+00
5.5159998e+03 0.0000000e+00
5.5179995e+03 0.0000000e+00
5.5200006e+03 0.0000000e+00
5.5220002e+03 0.0000000e+00
5.5240013e+03 0.0000000e+00
5.5260008e+03 0.0000000e+00
5.5279984e+03 0.0000000e+00
5.5300008e+03 0.0000000e+00
5.5320017e+03 0.0000000e+00
5.5340007e+03 0.0000000e+00
5.5360011e+03 0.0000000e+00
5.5379999e+03 0.0000000e+00
5.5400006e+03 0.0000000e+00
5.5419994e+03 0.0000000e+00
5.5439995e+03 0.0000000e+00
5.5460012e+03 0.0000000e+00
5.5480009e+03 0.0000000e+00
5.5499994e+03 0.0000000e+00
5.5519993e+03 0.0000000e+00
5.5540003e+03 0.0000000e+00
5.5560002e+03 0.0000000e+00
5.5580011e+03 0.0000000e+00
5.5600004e+03 0.0000000e+00
5.5620015e+03 0.0000000e+00
5.5640006e+03 0.0000000e+00
5.5660012e+03 0.0000000e+00
5.5679999e+03 0.0000000e+00
5.5700003e+03 0.0000000e+00
5.5719992e+03 0.0000000e+00
5.5739995e+03 0.0000000e+00
5.5760008e+03 0.0000000e+00
5.5779975e+03 0.0000000e+00
5.5799991e+03 0.0000000e+00
5.5819987e+03 0.0000000e+00
5.5839997e+03 0.0000000e+00
5.5859994e+03 0.0000000e+00
5.5880003e+03 0.0000000e+00
5.5899991e+03 0.0000000e+00
5.5919997e+03 0.0000000e+00
5.5939987e+03 0.0000000e+00
5.5959992e+03 0.0000000e+00
5.5980007e+03 0.0000000e+00
5.6000009e+03 0.0000000e+00
5.6019992e+03 0.0000000e+00
5.6039992e+03 0.0000000e+00
5.6060003e+03 0.0000000e+00
5.6079997e+03 0.0000000e+00
5.6100006e+03 0.0000000e+00
5.6119998e+03 0.0000000e+00
5.6140005e+03 0.0000000e+00
5.6159995e+03 0.0000000e+00
5.6179995e+03 0.0000000e+00
5.6200013e+03 0.0000000e+00
5.6220015e+03 0.0000000e+00
5.6239996e+03 0.0000000e+00
5.6259992e+03 0.0000000e+00
5.6280006e+03 0.0000000e+00
5.6299999e+03 0.0000000e+00
5.6320006e+03 0.0000000e+00
5.6339996e+03 0.0000000e+00
5.6360001e+03 0.0000000e+00
5.6379989e+03 0.0000000e+00
5.6399987e+03 0.0000000e+00
5.6419972e+03 0.0000000e+00
5.6440003e+03 0.0000000e+00
5.6460012e+03 0.0000000e+00
5.6480009e+03 0.0000000e+00
5.6500016e+03 0.0000000e+00
5.6520006e+03 0.0000000e+00
5.6540010e+03 0.0000000e+00
5.6559996e+03 0.0000000e+00
5.6579997e+03 0.0000000e+00
5.6599981e+03 0.0000000e+00
5.6620011e+03 0.0000000e+00
5.6639992e+03 0.0000000e+00
5.6659986e+03 0.0000000e+00
5.6679992e+03 0.0000000e+00
5.6700015e+03 0.0000000e+00
5.6719985e+03 0.0000000e+00
5.6740002e+03 0.0000000e+00
5.6760004e+03 0.0000000e+00
5.6780017e+03 0.0000000e+00
5.6800013e+03 0.0000000e+00
5.6819991e+03 0.0000000e+00
5.6840014e+03 0.0000000e+00
5.6859985e+03 0.0000000e+00
5.6880005e+03 0.0000000e+00
5.6900008e+03 0.0000000e+00
5.6919989e+03 0.0000000e+00
5.6939989e+03 0.0000000e+00
5.6959998e+03 0.0000000e+00
5.6979994e+03 0.0000000e+00
5.6999999e+03 0.0000000e+00
5.7019987e+03 0.0000000e+00
5.7039989e+03 0.0000000e+00
5.7060006e+03 0.0000000e+00
5.7080004e+03 0.0000000e+00
5.7100016e+03 0.0000000e+00
5.7120011e+03 0.0000000e+00
5.7140015e+03 0.0000000e+00
5.7160006e+03 0.0000000e+00
5.7180007e+03 0.0000000e+00
5.7199993e+03 0.0000000e+00
5.7219990e+03 0.0000000e+00
5.7240001e+03 0.0000000e+00
5.7259993e+03 0.0000000e+00
5.7280000e+03 0.0000000e+00
5.7299988e+03 0.0000000e+00
5.7319991e+03 0.0000000e+00
5.7340007e+03 0.0000000e+00
5.7360006e+03 0.0000000e+00
5.7379986e+03 0.0000000e+00
5.7400008e+03 0.0000000e+00
5.7420016e+03 0.0000000e+00
5.7440002e+03 0.0000000e+00
5.7460005e+03 0.0000000e+00
5.7480019e+03 0.0000000e+00
5.7500014e+03 0.0000000e+00
5.7519991e+03 0.0000000e+00
5.7540014e+03 0.0000000e+00
5.7559986e+03 0.0000000e+00
5.7580005e+03 0.0000000e+00
5.7600005e+03 0.0000000e+00
5.7620015e+03 0.0000000e+00
5.7640010e+03 0.0000000e+00
5.7659983e+03 0.0000000e+00
5.7680006e+03 0.0000000e+00
5.7700007e+03 0.0000000e+00
5.7719993e+03 0.0000000e+00
5.7739988e+03 0.0000000e+00
5.7759998e+03 0.0000000e+00
5.7779989e+03 0.0000000e+00
5.7799993e+03 0.0000000e+00
5.7820012e+03 0.0000000e+00
5.7840012e+03 0.0000000e+00
5.7859988e+03 0.0000000e+00
5.7879983e+03 0.0000000e+00
5.7899992e+03 0.0000000e+00
5.7920010e+03 0.0000000e+00
5.7940013e+03 0.0000000e+00
5.7959994e+03 0.0000000e+00
5.7979988e+03 0.0000000e+00
5.8000000e+03 0.0000000e+00
5.8019989e+03 0.0000000e+00
5.8039991e+03 0.0000000e+00
5.8060008e+03 0.0000000e+00
5.8080005e+03 0.0000000e+00
5.8100012e+03 0.0000000e+00
5.8120004e+03 0.0000000e+00
5.8140009e+03 0.0000000e+00
5.8159992e+03 0.0000000e+00
5.8179992e+03 0.0000000e+00
5.8200002e+03 0.0000000e+00
5.8219992e+03 0.0000000e+00
5.8240000e+03 0.0000000e+00
5.8260018e+03 0.0000000e+00
5.8280017e+03 0.0000000e+00
5.8299996e+03 0.0000000e+00
5.8319989e+03 0.0000000e+00
5.8339995e+03 0.0000000e+00
5.8360015e+03 0.0000000e+00
5.8380012e+03 0.0000000e+00
5.8399993e+03 0.0000000e+00
5.8419983e+03 0.0000000e+00
5.8439992e+03 0.0000000e+00
5.8460010e+03 0.0000000e+00
5.8480012e+03 0.0000000e+00
5.8499991e+03 0.0000000e+00
5.8520016e+03 0.0000000e+00
5.8539989e+03 0.0000000e+00
5.8560009e+03 0.0000000e+00
5.8580008e+03 0.0000000e+00
5.8599988e+03 0.0000000e+00
5.8620015e+03 0.0000000e+00
5.8639985e+03 0.0000000e+00
5.8660006e+03 0.0000000e+00
5.8680006e+03 0.0000000e+00
5.8699983e+03 0.0000000e+00
5.8720011e+03 0.0000000e+00
5.8740015e+03 0.0000000e+00
5.8759999e+03 0.0000000e+00
5.8779996e+03 0.0000000e+00
5.8800008e+03 0.0000000e+00
5.8819998e+03 0.0000000e+00
5.8840003e+03 0.0000000e+00
5.8859987e+03 0.0000000e+00
5.8879985e+03 0.0000000e+00
5.8899997e+03 0.0000000e+00
5.8919983e+03 0.0000000e+00
5.8939988e+03 0.0000000e+00
5.8960007e+03 0.0000000e+00
5.8980000e+03 0.0000000e+00
5.9000007e+03 0.0000000e+00
5.9019999e+03 0.0000000e+00
5.9039999e+03 0.0000000e+00
5.9060013e+03 0.0000000e+00
5.9080006e+03 0.0000000e+00
5.9100013e+03 0.0000000e+00
5.9120000e+03 0.0000000e+00
5.9140000e+03 0.0000000e+00
5.9160009e+03 0.0000000e+00
5.9180002e+03 0.0000000e+00
5.9200008e+03 0.0000000e+00
5.9219989e+03 0.0000000e+00
5.9239988e+03 0.0000000e+00
5.9259997e+03 0.0000000e+00
5.9279984e+03 0.0000000e+00
5.9299989e+03 0.0000000e+00
5.9320004e+03 0.0000000e+00
5.9339998e+03 0.0000000e+00
5.9360005e+03 0.0000000e+00
5.9379991e+03 0.0000000e+00
5.9399990e+03 0.0000000e+00
5.9419999e+03 0.0000000e+00
5.9439991e+03 0.0000000e+00
5.9459997e+03 0.0000000e+00
5.9480012e+03 0.0000000e+00
5.9500010e+03 0.0000000e+00
5.9519982e+03 0.0000000e+00
5.9540007e+03 0.0000000e+00
5.9560006e+03 0.0000000e+00
5.9579984e+03 0.0000000e+00
5.9600011e+03 0.0000000e+00
5.9619981e+03 0.0000000e+00
5.9639999e+03 0.0000000e+00
5.9659996e+03 0.0000000e+00
5.9680007e+03 0.0000000e+00
5.9699996e+03 0.0000000e+00
5.9719998e+03 0.0000000e+00
5.9740010e+03 0.0000000e+00
5.9760004e+03 0.0000000e+00
5.9780008e+03 0.0000000e+00
5.9799994e+03 0.0000000e+00
5.9819989e+03 0.0000000e+00
5.9839998e+03 0.0000000e+00
5.9859990e+03 0.0000000e+00
5.9879990e+03 0.0000000e+00
5.9900004e+03 0.0000000e+00
5.9919996e+03 0.0000000e+00
5.9940001e+03 0.0000000e+00
5.9959981e+03 0.0000000e+00
5.9980013e+03 0.0000000e+00
