1200.0 0.0008824
1201.0 0.0009051
1202.0 0.0009277
1203.0 0.0009275
1204.0 0.0009274
1205.0 0.0009273
1206.0 0.0009271
1207.0 0.00095
1208.0 0.0009728
1209.0 0.0009956
1210.0 0.001018
1211.0 0.001019
1212.0 0.001019
1213.0 0.001042
1214.0 0.001065
1215.0 0.001065
1216.0 0.001065
1217.0 0.001041
1218.0 0.001019
1219.0 0.001042
1220.0 0.001065
1221.0 0.001088
1222.0 0.001111
1223.0 0.001065
1224.0 0.001018
1225.0 0.001065
1226.0 0.001112
1227.0 0.001065
1228.0 0.001018
1229.0 0.001041
1230.0 0.001065
1231.0 0.001089
1232.0 0.001112
1233.0 0.001112
1234.0 0.001112
1235.0 0.001112
1236.0 0.001112
1237.0 0.001112
1238.0 0.001112
1239.0 0.001112
1240.0 0.001112
1241.0 0.001112
1242.0 0.001112
1243.0 0.001112
1244.0 0.001113
1245.0 0.001113
1246.0 0.001113
1247.0 0.001113
1248.0 0.001113
1249.0 0.001113
1250.0 0.001113
1251.0 0.001113
1252.0 0.001113
1253.0 0.001113
1254.0 0.001114
1255.0 0.001138
1256.0 0.001161
1257.0 0.001138
1258.0 0.001114
1259.0 0.001114
1260.0 0.001114
1261.0 0.001114
1262.0 0.001114
1263.0 0.00109
1264.0 0.001066
1265.0 0.001114
1266.0 0.001163
1267.0 0.001139
1268.0 0.001115
1269.0 0.001115
1270.0 0.001115
1271.0 0.001115
1272.0 0.001115
1273.0 0.001115
1274.0 0.001115
1275.0 0.001116
1276.0 0.001116
1277.0 0.001116
1278.0 0.001116
1279.0 0.001116
1280.0 0.001116
1281.0 0.001116
1282.0 0.001117
1283.0 0.001117
1284.0 0.001117
1285.0 0.001117
1286.0 0.001117
1287.0 0.001117
1288.0 0.001117
1289.0 0.001118
1290.0 0.001118
1291.0 0.001118
1292.0 0.001118
1293.0 0.001092
1294.0 0.001067
1295.0 0.001067
1296.0 0.001067
1297.0 0.001093
1298.0 0.001119
1299.0 0.001119
1300.0 0.001119
1301.0 0.001119
1302.0 0.001119
1303.0 0.001119
1304.0 0.001118
1305.0 0.001144
1306.0 0.001169
1307.0 0.001143
1308.0 0.001118
1309.0 0.001117
1310.0 0.001117
1311.0 0.001117
1312.0 0.001117
1313.0 0.001116
1314.0 0.001116
1315.0 0.001116
1316.0 0.001116
1317.0 0.001116
1318.0 0.001115
1319.0 0.001115
1320.0 0.001115
1321.0 0.001115
1322.0 0.001115
1323.0 0.001115
1324.0 0.001115
1325.0 0.001114
1326.0 0.001114
1327.0 0.001138
1328.0 0.001162
1329.0 0.001138
1330.0 0.001114
1331.0 0.001114
1332.0 0.001114
1333.0 0.001114
1334.0 0.001114
1335.0 0.001114
1336.0 0.001114
1337.0 0.001114
1338.0 0.001114
1339.0 0.001114
1340.0 0.001114
1341.0 0.001114
1342.0 0.001114
1343.0 0.001115
1344.0 0.001115
1345.0 0.001115
1346.0 0.001116
1347.0 0.001116
1348.0 0.001116
1349.0 0.001116
1350.0 0.001117
1351.0 0.001117
1352.0 0.001118
1353.0 0.001118
1354.0 0.001119
1355.0 0.00112
1356.0 0.00112
1357.0 0.001121
1358.0 0.001121
1359.0 0.001122
1360.0 0.001123
1361.0 0.001122
1362.0 0.001122
1363.0 0.001149
1364.0 0.001175
1365.0 0.001148
1366.0 0.001121
1367.0 0.001121
1368.0 0.001121
1369.0 0.001121
1370.0 0.001121
1371.0 0.001121
1372.0 0.001121
1373.0 0.001122
1374.0 0.001122
1375.0 0.001122
1376.0 0.001122
1377.0 0.001123
1378.0 0.001123
1379.0 0.001123
1380.0 0.001124
1381.0 0.001096
1382.0 0.001069
1383.0 0.001096
1384.0 0.001123
1385.0 0.001123
1386.0 0.001123
1387.0 0.001123
1388.0 0.001123
1389.0 0.001123
1390.0 0.001123
1391.0 0.00115
1392.0 0.001178
1393.0 0.001151
1394.0 0.001123
1395.0 0.001123
1396.0 0.001123
1397.0 0.001124
1398.0 0.001124
1399.0 0.001124
1400.0 0.001124
1401.0 0.001124
1402.0 0.001124
1403.0 0.001124
1404.0 0.001123
1405.0 0.001123
1406.0 0.001123
1407.0 0.001123
1408.0 0.001123
1409.0 0.00115
1410.0 0.001177
1411.0 0.001204
1412.0 0.001232
1413.0 0.001286
1414.0 0.00134
1415.0 0.001449
1416.0 0.001558
1417.0 0.001667
1418.0 0.001775
1419.0 0.001803
1420.0 0.00183
1421.0 0.001858
1422.0 0.001886
1423.0 0.001886
1424.0 0.001887
1425.0 0.002025
1426.0 0.002162
1427.0 0.002328
1428.0 0.002494
1429.0 0.002578
1430.0 0.002661
1431.0 0.002746
1432.0 0.002832
1433.0 0.003028
1434.0 0.003224
1435.0 0.003283
1436.0 0.003341
1437.0 0.003512
1438.0 0.003683
1439.0 0.00391
1440.0 0.004136
1441.0 0.004283
1442.0 0.00443
1443.0 0.004689
1444.0 0.004948
1445.0 0.005068
1446.0 0.005189
1447.0 0.005482
1448.0 0.005775
1449.0 0.006068
1450.0 0.006362
1451.0 0.006681
1452.0 0.006999
1453.0 0.007348
1454.0 0.007697
1455.0 0.008076
1456.0 0.008454
1457.0 0.008864
1458.0 0.009273
1459.0 0.009684
1460.0 0.0101
1461.0 0.01073
1462.0 0.01136
1463.0 0.01194
1464.0 0.01253
1465.0 0.01309
1466.0 0.01365
1467.0 0.01433
1468.0 0.01502
1469.0 0.01595
1470.0 0.01688
1471.0 0.01771
1472.0 0.01854
1473.0 0.01949
1474.0 0.02044
1475.0 0.02176
1476.0 0.02308
1477.0 0.02444
1478.0 0.0258
1479.0 0.0271
1480.0 0.0284
1481.0 0.03
1482.0 0.03161
1483.0 0.03337
1484.0 0.03514
1485.0 0.03708
1486.0 0.03902
1487.0 0.04127
1488.0 0.04352
1489.0 0.04589
1490.0 0.04827
1491.0 0.05099
1492.0 0.05371
1493.0 0.05686
1494.0 0.06001
1495.0 0.06347
1496.0 0.06693
1497.0 0.07078
1498.0 0.07462
1499.0 0.07901
1500.0 0.0834
1501.0 0.08805
1502.0 0.09271
1503.0 0.09802
1504.0 0.1033
1505.0 0.1089
1506.0 0.1145
1507.0 0.121
1508.0 0.1275
1509.0 0.1344
1510.0 0.1414
1511.0 0.1493
1512.0 0.1573
1513.0 0.1655
1514.0 0.1738
1515.0 0.183
1516.0 0.1922
1517.0 0.2018
1518.0 0.2115
1519.0 0.2224
1520.0 0.2333
1521.0 0.2447
1522.0 0.2561
1523.0 0.2685
1524.0 0.281
1525.0 0.2926
1526.0 0.3042
1527.0 0.3184
1528.0 0.3326
1529.0 0.3462
1530.0 0.3599
1531.0 0.3732
1532.0 0.3865
1533.0 0.4003
1534.0 0.414
1535.0 0.4285
1536.0 0.4429
1537.0 0.4599
1538.0 0.477
1539.0 0.4922
1540.0 0.5074
1541.0 0.523
1542.0 0.5387
1543.0 0.5544
1544.0 0.5701
1545.0 0.5831
1546.0 0.5961
1547.0 0.6084
1548.0 0.6207
1549.0 0.6332
1550.0 0.6458
1551.0 0.6577
1552.0 0.6696
1553.0 0.6816
1554.0 0.6937
1555.0 0.7035
1556.0 0.7133
1557.0 0.7224
1558.0 0.7315
1559.0 0.7409
1560.0 0.7502
1561.0 0.7583
1562.0 0.7665
1563.0 0.7757
1564.0 0.7849
1565.0 0.7921
1566.0 0.7992
1567.0 0.8057
1568.0 0.8122
1569.0 0.8181
1570.0 0.824
1571.0 0.8315
1572.0 0.839
1573.0 0.8428
1574.0 0.8465
1575.0 0.8537
1576.0 0.8608
1577.0 0.866
1578.0 0.8712
1579.0 0.8769
1580.0 0.8827
1581.0 0.8869
1582.0 0.8912
1583.0 0.8971
1584.0 0.903
1585.0 0.9081
1586.0 0.9132
1587.0 0.9186
1588.0 0.924
1589.0 0.9306
1590.0 0.9371
1591.0 0.942
1592.0 0.9469
1593.0 0.9501
1594.0 0.9533
1595.0 0.9578
1596.0 0.9623
1597.0 0.9674
1598.0 0.9725
1599.0 0.9767
1600.0 0.9809
1601.0 0.9846
1602.0 0.9884
1603.0 0.9887
1604.0 0.989
1605.0 0.9909
1606.0 0.9929
1607.0 0.994
1608.0 0.995
1609.0 0.9975
1610.0 1.0
1611.0 0.9973
1612.0 0.9945
1613.0 0.9933
1614.0 0.9921
1615.0 0.9902
1616.0 0.9883
1617.0 0.983
1618.0 0.9777
1619.0 0.9719
1620.0 0.966
1621.0 0.9549
1622.0 0.9437
1623.0 0.9326
1624.0 0.9215
1625.0 0.9098
1626.0 0.8981
1627.0 0.8834
1628.0 0.8686
1629.0 0.8528
1630.0 0.837
1631.0 0.8196
1632.0 0.8021
1633.0 0.7843
1634.0 0.7664
1635.0 0.7478
1636.0 0.7292
1637.0 0.7102
1638.0 0.6912
1639.0 0.6713
1640.0 0.6514
1641.0 0.633
1642.0 0.6145
1643.0 0.5949
1644.0 0.5752
1645.0 0.5561
1646.0 0.5369
1647.0 0.52
1648.0 0.5031
1649.0 0.4869
1650.0 0.4707
1651.0 0.4544
1652.0 0.4381
1653.0 0.4223
1654.0 0.4065
1655.0 0.3917
1656.0 0.3768
1657.0 0.363
1658.0 0.3492
1659.0 0.3362
1660.0 0.3233
1661.0 0.3112
1662.0 0.2991
1663.0 0.2877
1664.0 0.2764
1665.0 0.2662
1666.0 0.256
1667.0 0.2464
1668.0 0.2368
1669.0 0.2278
1670.0 0.2188
1671.0 0.2102
1672.0 0.2017
1673.0 0.194
1674.0 0.1863
1675.0 0.1791
1676.0 0.172
1677.0 0.1653
1678.0 0.1587
1679.0 0.1525
1680.0 0.1464
1681.0 0.1407
1682.0 0.1351
1683.0 0.1297
1684.0 0.1242
1685.0 0.1194
1686.0 0.1147
1687.0 0.1102
1688.0 0.1057
1689.0 0.1015
1690.0 0.09719
1691.0 0.09335
1692.0 0.08951
1693.0 0.08579
1694.0 0.08208
1695.0 0.07877
1696.0 0.07547
1697.0 0.07228
1698.0 0.06908
1699.0 0.06609
1700.0 0.06311
1701.0 0.06051
1702.0 0.05792
1703.0 0.05554
1704.0 0.05317
1705.0 0.05064
1706.0 0.04812
1707.0 0.04586
1708.0 0.0436
1709.0 0.04157
1710.0 0.03954
1711.0 0.03771
1712.0 0.03589
1713.0 0.03411
1714.0 0.03232
1715.0 0.03067
1716.0 0.02902
1717.0 0.02768
1718.0 0.02634
1719.0 0.02509
1720.0 0.02383
1721.0 0.02272
1722.0 0.02161
1723.0 0.02048
1724.0 0.01935
1725.0 0.01822
1726.0 0.01709
1727.0 0.01614
1728.0 0.0152
1729.0 0.01443
1730.0 0.01367
1731.0 0.01295
1732.0 0.01223
1733.0 0.01165
1734.0 0.01108
1735.0 0.0105
1736.0 0.009916
1737.0 0.00938
1738.0 0.008844
1739.0 0.008506
1740.0 0.008168
1741.0 0.00767
1742.0 0.007172
1743.0 0.006874
1744.0 0.006577
1745.0 0.006227
1746.0 0.005877
1747.0 0.005579
1748.0 0.00528
1749.0 0.00508
1750.0 0.00488
1751.0 0.004424
1752.0 0.003969
1753.0 0.003975
1754.0 0.003981
1755.0 0.003986
1756.0 0.003991
1757.0 0.003685
1758.0 0.00338
1759.0 0.003174
1760.0 0.00297
1761.0 0.002816
1762.0 0.002662
1763.0 0.002665
1764.0 0.002667
1765.0 0.00267
1766.0 0.002672
1767.0 0.002675
1768.0 0.002677
1769.0 0.002468
1770.0 0.002257
1771.0 0.0021
1772.0 0.001943
1773.0 0.001786
1774.0 0.001629
1775.0 0.001629
1776.0 0.001631
1777.0 0.00147
1778.0 0.001309
1779.0 0.001255
1780.0 0.001201
1781.0 0.001202
1782.0 0.001202
1783.0 0.001202
1784.0 0.001203
1785.0 0.001203
1786.0 0.001203
1787.0 0.001204
1788.0 0.001204
1789.0 0.001204
1790.0 0.001205
1791.0 0.001205
1792.0 0.001205
1793.0 0.001206
1794.0 0.001206
1795.0 0.001207
1796.0 0.001207
1797.0 0.001208
1798.0 0.001208
1799.0 0.001209
1800.0 0.001209
1801.0 0.001152
1802.0 0.001095
1803.0 0.001095
1804.0 0.001095
1805.0 0.001037
1806.0 0.0009792
1807.0 0.000979
1808.0 0.0009788
1809.0 0.0009786
1810.0 0.0009785
1811.0 0.0009781
1812.0 0.0009777
1813.0 0.001037
1814.0 0.001097
1815.0 0.001036
1816.0 0.0009762
1817.0 0.0009758
1818.0 0.0009754
1819.0 0.000975
1820.0 0.0009742
1821.0 0.0009113
1822.0 0.0008485
1823.0 0.0009107
1824.0 0.000973
1825.0 0.0009092
1826.0 0.0008451
1827.0 0.0008442
1828.0 0.0008433
1829.0 0.0008424
1830.0 0.0008416
1831.0 0.0008406
1832.0 0.0008397
1833.0 0.0008387
1834.0 0.0008378
1835.0 0.0008368
1836.0 0.0008358
1837.0 0.0008348
1838.0 0.0008338
1839.0 0.0008328
1840.0 0.0008318
1841.0 0.0008317
1842.0 0.0008316
1843.0 0.0008316
1844.0 0.0008315
1845.0 0.0008314
1846.0 0.0008313
1847.0 0.0008312
1848.0 0.0008312
1849.0 0.0008311
1850.0 0.000831
1851.0 0.0008307
1852.0 0.0008305
1853.0 0.0008303
1854.0 0.00083
1855.0 0.0008298
1856.0 0.0008295
1857.0 0.0008293
1858.0 0.000829
1859.0 0.0008288
1860.0 0.0008285
1861.0 0.0008269
1862.0 0.0008252
1863.0 0.0007523
1864.0 0.0006798
1865.0 0.0007494
1866.0 0.0008192
1867.0 0.0009645
1868.0 0.001109
1869.0 0.001109
1870.0 0.00111
1871.0 0.001036
1872.0 0.0009622
1873.0 0.001035
1874.0 0.001107
1875.0 0.001036
1876.0 0.0009652
1877.0 0.001035
1878.0 0.001104
1879.0 0.0007623
1880.0 0.0004209
1881.0 0.0004197
1882.0 0.0004189
1883.0 0.0003495
1884.0 0.0002803
1885.0 0.0003481
1886.0 0.0004153
1887.0 0.0002075
1888.0 0.0
1889.0 0.0002063
1890.0 0.0004125
1891.0 0.0004075
1892.0 0.0004025
1893.0 0.0003258
1894.0 0.0002495
1895.0 0.0003156
1896.0 0.0003812
1897.0 0.0003023
1898.0 0.0002234
1899.0 0.000216
1900.0 0.000209
1901.0 0.0001352
1902.0 6.151e-05
1903.0 6.283e-05
1904.0 6.415e-05
1905.0 0.0007361
1906.0 0.001408
1907.0 0.001408
1908.0 0.001407
1909.0 0.001407
1910.0 0.001406
1911.0 0.001333
1912.0 0.001259
1913.0 0.001334
1914.0 0.001409
1915.0 0.001485
1916.0 0.00156
1917.0 0.001486
1918.0 0.001412
1919.0 0.001413
1920.0 0.001414
1921.0 0.001413
1922.0 0.001412
1923.0 0.001412
1924.0 0.001411
1925.0 0.001485
1926.0 0.001559
1927.0 0.001484
1928.0 0.001408
1929.0 0.001334
1930.0 0.001259
1931.0 0.001259
1932.0 0.001259
1933.0 0.001185
1934.0 0.00111
1935.0 0.001185
1936.0 0.00126
1937.0 0.001335
1938.0 0.00141
1939.0 0.001335
1940.0 0.001261
1941.0 0.001261
1942.0 0.001261
1943.0 0.00141
1944.0 0.00156
1945.0 0.001335
1946.0 0.00111
1947.0 0.00111
1948.0 0.00111
1949.0 0.001185
1950.0 0.00126
1951.0 0.001185
1952.0 0.00111
1953.0 0.001035
1954.0 0.0009606
1955.0 0.0008856
1956.0 0.0008116
1957.0 0.0008861
1958.0 0.0009605
1959.0 0.0008861
1960.0 0.0008116
1961.0 0.0008855
1962.0 0.0009601
1963.0 0.0009599
1964.0 0.0009596
1965.0 0.0009594
1966.0 0.0009592
1967.0 0.001035
1968.0 0.001111
1969.0 0.001188
1970.0 0.001266
1971.0 0.001266
1972.0 0.001266
1973.0 0.001267
1974.0 0.001267
1975.0 0.001267
1976.0 0.001268
1977.0 0.001423
1978.0 0.001577
1979.0 0.001501
1980.0 0.001424
1981.0 0.001502
1982.0 0.001579
1983.0 0.001502
1984.0 0.001425
1985.0 0.001425
1986.0 0.001425
1987.0 0.001425
1988.0 0.001425
1989.0 0.001348
1990.0 0.00127
1991.0 0.002049
1992.0 0.002835
1993.0 0.002845
1994.0 0.002849
1995.0 0.002853
1996.0 0.002858
1997.0 0.002942
1998.0 0.003026
1999.0 0.003031
2000.0 0.003036
