  3.9150000e+002  0.0000000e+000
  3.9200000e+002  1.0000000e-005
  3.9250000e+002  3.7600000e-004
  3.9300000e+002  1.8110000e-003
  3.9350000e+002  4.5480000e-003
  3.9400000e+002  8.8240000e-003
  3.9450000e+002  1.3100000e-002
  3.9500000e+002  2.4482000e-002
  3.9550000e+002  3.6208000e-002
  3.9600000e+002  5.1864000e-002
  3.9650000e+002  7.4777000e-002
  3.9700000e+002  1.0118700e-001
  3.9750000e+002  1.3564600e-001
  3.9800000e+002  1.7944600e-001
  3.9850000e+002  2.2879900e-001
  3.9900000e+002  2.8468100e-001
  3.9950000e+002  3.4579800e-001
  4.0000000e+002  4.0612900e-001
  4.0050000e+002  4.6753200e-001
  4.0100000e+002  5.2435000e-001
  4.0150000e+002  5.8375100e-001
  4.0200000e+002  6.3494200e-001
  4.0250000e+002  6.8000700e-001
  4.0300000e+002  7.1023300e-001
  4.0350000e+002  7.3793700e-001
  4.0400000e+002  7.5828900e-001
  4.0450000e+002  7.7147300e-001
  4.0500000e+002  7.8404300e-001
  4.0550000e+002  7.8731100e-001
  4.0600000e+002  7.8934300e-001
  4.0650000e+002  7.9250900e-001
  4.0700000e+002  7.9374400e-001
  4.0750000e+002  7.9610300e-001
  4.0800000e+002  7.9791100e-001
  4.0850000e+002  8.0562000e-001
  4.0900000e+002  8.1201300e-001
  4.0950000e+002  8.1913100e-001
  4.1000000e+002  8.2877000e-001
  4.1050000e+002  8.3894100e-001
  4.1100000e+002  8.5612800e-001
  4.1150000e+002  8.6768700e-001
  4.1200000e+002  8.8181000e-001
  4.1250000e+002  8.9887400e-001
  4.1300000e+002  9.1537600e-001
  4.1350000e+002  9.3199000e-001
  4.1400000e+002  9.4588800e-001
  4.1450000e+002  9.5992900e-001
  4.1500000e+002  9.7168300e-001
  4.1550000e+002  9.8455000e-001
  4.1600000e+002  9.9168800e-001
  4.1650000e+002  9.9521100e-001
  4.1700000e+002  9.9985700e-001
  4.1750000e+002  1.0000000e+000
  4.1800000e+002  9.9952000e-001
  4.1850000e+002  9.8875700e-001
  4.1900000e+002  9.7784100e-001
  4.1950000e+002  9.5529300e-001
  4.2000000e+002  9.2474000e-001
  4.2050000e+002  8.8755900e-001
  4.2100000e+002  8.4397600e-001
  4.2150000e+002  7.9038500e-001
  4.2200000e+002  7.2217100e-001
  4.2250000e+002  6.4833000e-001
  4.2300000e+002  5.6806600e-001
  4.2350000e+002  4.8673000e-001
  4.2400000e+002  4.0765100e-001
  4.2450000e+002  3.3324800e-001
  4.2500000e+002  2.6811800e-001
  4.2550000e+002  2.1073200e-001
  4.2600000e+002  1.6388900e-001
  4.2650000e+002  1.2587000e-001
  4.2700000e+002  9.6871000e-002
  4.2750000e+002  7.2162000e-002
  4.2800000e+002  5.6109000e-002
  4.2850000e+002  4.1233000e-002
  4.2900000e+002  3.1172000e-002
  4.2950000e+002  2.3996000e-002
  4.3000000e+002  1.8773000e-002
  4.3050000e+002  1.4648000e-002
  4.3100000e+002  1.1673000e-002
  4.3150000e+002  8.0060000e-003
  4.3200000e+002  6.0650000e-003
  4.3250000e+002  5.3460000e-003
  4.3300000e+002  4.0230000e-003
  4.3350000e+002  2.9880000e-003
  4.3400000e+002  2.4150000e-003
  4.3450000e+002  1.9090000e-003
  4.3500000e+002  1.8910000e-003
  4.3550000e+002  1.7330000e-003
  4.3600000e+002  1.6800000e-003
  4.3650000e+002  1.5160000e-003
  4.3700000e+002  1.5690000e-003
  4.3750000e+002  1.4880000e-003
  4.3800000e+002  1.5430000e-003
  4.3850000e+002  1.2320000e-003
  4.3900000e+002  1.4980000e-003
  4.3950000e+002  1.5240000e-003
  4.4000000e+002  1.5350000e-003
  4.4050000e+002  1.4980000e-003
  4.4100000e+002  1.2900000e-003
  4.4150000e+002  1.1600000e-003
  4.4200000e+002  1.1910000e-003
  4.4250000e+002  1.3540000e-003
  4.4300000e+002  1.3150000e-003
  4.4350000e+002  1.2610000e-003
  4.4400000e+002  1.3360000e-003
  4.4450000e+002  1.3640000e-003
  4.4500000e+002  1.7200000e-003
  4.4550000e+002  1.6700000e-003
  4.4600000e+002  1.7270000e-003
  4.4650000e+002  1.9800000e-003
  4.4700000e+002  2.3440000e-003
  4.4750000e+002  2.4530000e-003
  4.4800000e+002  2.3680000e-003
  4.4850000e+002  2.7020000e-003
  4.4900000e+002  2.8800000e-003
  4.4950000e+002  2.8870000e-003
  4.5000000e+002  3.0320000e-003
  4.5050000e+002  3.0690000e-003
  4.5100000e+002  3.3260000e-003
  4.5150000e+002  3.4770000e-003
  4.5200000e+002  3.3430000e-003
  4.5250000e+002  3.4700000e-003
  4.5300000e+002  3.4720000e-003
  4.5350000e+002  3.4060000e-003
  4.5400000e+002  3.4540000e-003
  4.5450000e+002  3.5010000e-003
  4.5500000e+002  3.3110000e-003
  4.5550000e+002  3.2230000e-003
  4.5600000e+002  3.0150000e-003
  4.5650000e+002  2.8470000e-003
  4.5700000e+002  2.7870000e-003
  4.5750000e+002  2.6810000e-003
  4.5800000e+002  2.4210000e-003
  4.5850000e+002  2.3260000e-003
  4.5900000e+002  2.3540000e-003
  4.5950000e+002  2.2130000e-003
  4.6000000e+002  1.8340000e-003
  4.6050000e+002  1.6410000e-003
  4.6100000e+002  1.5480000e-003
  4.6150000e+002  1.6400000e-003
  4.6200000e+002  1.5930000e-003
  4.6250000e+002  1.4430000e-003
  4.6300000e+002  1.3670000e-003
  4.6350000e+002  1.4880000e-003
  4.6400000e+002  1.4090000e-003
  4.6450000e+002  1.5080000e-003
  4.6500000e+002  1.5100000e-003
  4.6550000e+002  1.5460000e-003
  4.6600000e+002  1.5310000e-003
  4.6650000e+002  1.5410000e-003
  4.6700000e+002  1.6150000e-003
  4.6750000e+002  1.7630000e-003
  4.6800000e+002  1.8020000e-003
  4.6850000e+002  1.6910000e-003
  4.6900000e+002  1.9280000e-003
  4.6950000e+002  1.8260000e-003
  4.7000000e+002  1.8510000e-003
  4.7050000e+002  2.1940000e-003
  4.7100000e+002  2.2710000e-003
  4.7150000e+002  2.0790000e-003
  4.7200000e+002  2.1590000e-003
  4.7250000e+002  2.1630000e-003
  4.7300000e+002  2.3410000e-003
  4.7350000e+002  2.4710000e-003
  4.7400000e+002  2.5290000e-003
  4.7450000e+002  2.4780000e-003
  4.7500000e+002  2.6570000e-003
  4.7550000e+002  2.8850000e-003
  4.7600000e+002  2.9720000e-003
  4.7650000e+002  2.9850000e-003
  4.7700000e+002  2.9990000e-003
  4.7750000e+002  3.3100000e-003
  4.7800000e+002  3.7660000e-003
  4.7850000e+002  3.9730000e-003
  4.7900000e+002  4.1950000e-003
  4.7950000e+002  4.4000000e-003
  4.8000000e+002  4.5720000e-003
  4.8050000e+002  4.8180000e-003
  4.8100000e+002  5.2580000e-003
  4.8150000e+002  5.5180000e-003
  4.8200000e+002  5.4980000e-003
  4.8250000e+002  5.5960000e-003
  4.8300000e+002  5.8510000e-003
  4.8350000e+002  6.0580000e-003
  4.8400000e+002  6.3420000e-003
  4.8450000e+002  6.3650000e-003
  4.8500000e+002  6.4390000e-003
  4.8550000e+002  6.4620000e-003
  4.8600000e+002  6.4860000e-003
  4.8650000e+002  6.5490000e-003
  4.8700000e+002  6.6570000e-003
  4.8750000e+002  6.5840000e-003
  4.8800000e+002  6.5930000e-003
  4.8850000e+002  6.5940000e-003
  4.8900000e+002  6.7440000e-003
  4.8950000e+002  6.7190000e-003
  4.9000000e+002  6.8300000e-003
  4.9050000e+002  6.6990000e-003
  4.9100000e+002  6.7240000e-003
  4.9150000e+002  6.8090000e-003
  4.9200000e+002  6.8130000e-003
  4.9250000e+002  6.9720000e-003
  4.9300000e+002  7.0540000e-003
  4.9350000e+002  7.1660000e-003
  4.9400000e+002  7.2700000e-003
  4.9450000e+002  7.3290000e-003
  4.9500000e+002  7.3200000e-003
  4.9550000e+002  7.6020000e-003
  4.9600000e+002  7.8860000e-003
  4.9650000e+002  7.9740000e-003
  4.9700000e+002  8.1130000e-003
  4.9750000e+002  8.4360000e-003
  4.9800000e+002  8.5250000e-003
  4.9850000e+002  8.7640000e-003
  4.9900000e+002  9.1160000e-003
  4.9950000e+002  9.4730000e-003
  5.0000000e+002  9.9230000e-003
  5.0050000e+002  1.0224000e-002
  5.0100000e+002  1.0641000e-002
  5.0150000e+002  1.0912000e-002
  5.0200000e+002  1.1215000e-002
  5.0250000e+002  1.1519000e-002
  5.0300000e+002  1.1889000e-002
  5.0350000e+002  1.2268000e-002
  5.0400000e+002  1.2629000e-002
  5.0450000e+002  1.2963000e-002
  5.0500000e+002  1.3180000e-002
  5.0550000e+002  1.3341000e-002
  5.0600000e+002  1.3464000e-002
  5.0650000e+002  1.3516000e-002
  5.0700000e+002  1.3725000e-002
  5.0750000e+002  1.3645000e-002
  5.0800000e+002  1.3528000e-002
  5.0850000e+002  1.3410000e-002
  5.0900000e+002  1.3108000e-002
  5.0950000e+002  1.2992000e-002
  5.1000000e+002  1.2705000e-002
  5.1050000e+002  1.2264000e-002
  5.1100000e+002  1.1771000e-002
  5.1150000e+002  1.1144000e-002
  5.1200000e+002  1.0688000e-002
  5.1250000e+002  1.0132000e-002
  5.1300000e+002  9.3910000e-003
  5.1350000e+002  8.8470000e-003
  5.1400000e+002  8.2290000e-003
  5.1450000e+002  7.7750000e-003
  5.1500000e+002  7.2550000e-003
  5.1550000e+002  6.6930000e-003
  5.1600000e+002  6.2740000e-003
  5.1650000e+002  5.7250000e-003
  5.1700000e+002  5.3890000e-003
  5.1750000e+002  5.0230000e-003
  5.1800000e+002  4.6230000e-003
  5.1850000e+002  4.3540000e-003
  5.1900000e+002  4.0250000e-003
  5.1950000e+002  3.8100000e-003
  5.2000000e+002  3.6450000e-003
  5.2050000e+002  3.5110000e-003
  5.2100000e+002  3.4050000e-003
  5.2150000e+002  3.2680000e-003
  5.2200000e+002  3.1690000e-003
  5.2250000e+002  3.0450000e-003
  5.2300000e+002  2.9250000e-003
  5.2350000e+002  2.8580000e-003
  5.2400000e+002  2.8030000e-003
  5.2450000e+002  2.6720000e-003
  5.2500000e+002  2.6400000e-003
  5.2550000e+002  2.6280000e-003
  5.2600000e+002  2.6050000e-003
  5.2650000e+002  2.6220000e-003
  5.2700000e+002  2.5760000e-003
  5.2750000e+002  2.6670000e-003
  5.2800000e+002  2.5830000e-003
  5.2850000e+002  2.5470000e-003
  5.2900000e+002  2.5440000e-003
  5.2950000e+002  2.6190000e-003
  5.3000000e+002  2.6910000e-003
  5.3050000e+002  2.7140000e-003
  5.3100000e+002  2.7700000e-003
  5.3150000e+002  2.8920000e-003
  5.3200000e+002  3.1020000e-003
  5.3250000e+002  3.2200000e-003
  5.3300000e+002  3.3740000e-003
  5.3350000e+002  3.5150000e-003
  5.3400000e+002  3.7390000e-003
  5.3450000e+002  3.9900000e-003
  5.3500000e+002  4.3590000e-003
  5.3550000e+002  4.6480000e-003
  5.3600000e+002  5.0150000e-003
  5.3650000e+002  5.3900000e-003
  5.3700000e+002  5.7340000e-003
  5.3750000e+002  6.0810000e-003
  5.3800000e+002  6.4090000e-003
  5.3850000e+002  6.6670000e-003
  5.3900000e+002  6.9070000e-003
  5.3950000e+002  7.0520000e-003
  5.4000000e+002  7.1860000e-003
  5.4050000e+002  7.2350000e-003
  5.4100000e+002  7.1180000e-003
  5.4150000e+002  6.8660000e-003
  5.4200000e+002  6.6060000e-003
  5.4250000e+002  6.3460000e-003
  5.4300000e+002  6.0540000e-003
  5.4350000e+002  5.4980000e-003
  5.4400000e+002  4.9510000e-003
  5.4450000e+002  4.5230000e-003
  5.4500000e+002  4.0550000e-003
  5.4550000e+002  3.6830000e-003
  5.4600000e+002  3.2340000e-003
  5.4650000e+002  2.9950000e-003
  5.4700000e+002  2.6260000e-003
  5.4750000e+002  2.3710000e-003
  5.4800000e+002  2.2290000e-003
  5.4850000e+002  2.0900000e-003
  5.4900000e+002  2.0250000e-003
  5.4950000e+002  1.9510000e-003
  5.5000000e+002  1.9160000e-003
  5.5050000e+002  1.9060000e-003
  5.5100000e+002  1.8310000e-003
  5.5150000e+002  1.8400000e-003
  5.5200000e+002  1.9150000e-003
  5.5250000e+002  1.8640000e-003
  5.5300000e+002  1.8490000e-003
  5.5350000e+002  1.8970000e-003
  5.5400000e+002  1.9360000e-003
  5.5450000e+002  1.9920000e-003
  5.5500000e+002  2.0190000e-003
  5.5550000e+002  2.0350000e-003
  5.5600000e+002  2.0000000e-003
  5.5650000e+002  1.9940000e-003
  5.5700000e+002  2.0620000e-003
  5.5750000e+002  2.0030000e-003
  5.5800000e+002  2.0050000e-003
  5.5850000e+002  2.0360000e-003
  5.5900000e+002  2.0700000e-003
  5.5950000e+002  2.0550000e-003
  5.6000000e+002  2.0880000e-003
  5.6050000e+002  2.1280000e-003
  5.6100000e+002  2.2250000e-003
  5.6150000e+002  2.1820000e-003
  5.6200000e+002  2.1400000e-003
  5.6250000e+002  2.1590000e-003
  5.6300000e+002  2.1100000e-003
  5.6350000e+002  2.0780000e-003
  5.6400000e+002  2.1040000e-003
  5.6450000e+002  2.0940000e-003
  5.6500000e+002  2.1320000e-003
  5.6550000e+002  2.1460000e-003
  5.6600000e+002  2.1510000e-003
  5.6650000e+002  2.1570000e-003
  5.6700000e+002  2.2110000e-003
  5.6750000e+002  2.2560000e-003
  5.6800000e+002  2.3140000e-003
  5.6850000e+002  2.2850000e-003
  5.6900000e+002  2.3140000e-003
  5.6950000e+002  2.3410000e-003
  5.7000000e+002  2.4320000e-003
  5.7050000e+002  2.4960000e-003
  5.7100000e+002  2.6050000e-003
  5.7150000e+002  2.6540000e-003
  5.7200000e+002  2.7300000e-003
  5.7250000e+002  2.8330000e-003
  5.7300000e+002  2.9300000e-003
  5.7350000e+002  3.1040000e-003
  5.7400000e+002  3.2900000e-003
  5.7450000e+002  3.4420000e-003
  5.7500000e+002  3.5710000e-003
  5.7550000e+002  3.7280000e-003
  5.7600000e+002  3.9640000e-003
  5.7650000e+002  4.1520000e-003
  5.7700000e+002  4.3340000e-003
  5.7750000e+002  4.4580000e-003
  5.7800000e+002  4.5810000e-003
  5.7850000e+002  4.6750000e-003
  5.7900000e+002  4.7820000e-003
  5.7950000e+002  4.8500000e-003
  5.8000000e+002  4.8530000e-003
  5.8050000e+002  4.8900000e-003
  5.8100000e+002  4.8800000e-003
  5.8150000e+002  4.8930000e-003
  5.8200000e+002  4.9040000e-003
  5.8250000e+002  4.8290000e-003
  5.8300000e+002  4.7550000e-003
  5.8350000e+002  4.7160000e-003
  5.8400000e+002  4.7020000e-003
  5.8450000e+002  4.6050000e-003
  5.8500000e+002  4.4510000e-003
  5.8550000e+002  4.4130000e-003
  5.8600000e+002  4.2880000e-003
  5.8650000e+002  4.2680000e-003
  5.8700000e+002  4.1850000e-003
  5.8750000e+002  4.1030000e-003
  5.8800000e+002  4.0720000e-003
  5.8850000e+002  4.0460000e-003
  5.8900000e+002  4.0350000e-003
  5.8950000e+002  3.9520000e-003
  5.9000000e+002  3.9100000e-003
  5.9050000e+002  3.8910000e-003
  5.9100000e+002  3.9210000e-003
  5.9150000e+002  3.9200000e-003
  5.9200000e+002  3.8860000e-003
  5.9250000e+002  3.9230000e-003
  5.9300000e+002  3.9600000e-003
  5.9350000e+002  4.0070000e-003
  5.9400000e+002  4.0000000e-003
  5.9450000e+002  4.0140000e-003
  5.9500000e+002  4.0650000e-003
  5.9550000e+002  4.0440000e-003
  5.9600000e+002  4.0670000e-003
  5.9650000e+002  4.0920000e-003
  5.9700000e+002  4.1130000e-003
  5.9750000e+002  4.1080000e-003
  5.9800000e+002  4.0920000e-003
  5.9850000e+002  4.0190000e-003
  5.9900000e+002  4.0330000e-003
  5.9950000e+002  3.9460000e-003
  6.0000000e+002  3.8160000e-003
  6.0050000e+002  3.7760000e-003
  6.0100000e+002  3.6150000e-003
  6.0150000e+002  3.5240000e-003
  6.0200000e+002  3.3760000e-003
  6.0250000e+002  3.2160000e-003
  6.0300000e+002  2.9710000e-003
  6.0350000e+002  2.7540000e-003
  6.0400000e+002  2.4450000e-003
  6.0450000e+002  2.2650000e-003
  6.0500000e+002  2.0170000e-003
  6.0550000e+002  1.7790000e-003
  6.0600000e+002  1.5200000e-003
  6.0650000e+002  1.3400000e-003
  6.0700000e+002  1.1840000e-003
  6.0750000e+002  9.7000000e-004
  6.0800000e+002  7.1200000e-004
  6.0850000e+002  5.3500000e-004
  6.0900000e+002  3.9900000e-004
  6.0950000e+002  2.9200000e-004
  6.1000000e+002  1.5400000e-004
  6.1050000e+002  7.5000000e-005
  6.1100000e+002  7.1000000e-005
  6.1150000e+002  7.0000000e-005
  6.1200000e+002  7.4000000e-005
  6.1250000e+002  7.6000000e-005
  6.1300000e+002  7.3000000e-005
  6.1350000e+002  6.4000000e-005
  6.1400000e+002  6.5000000e-005
  6.1450000e+002  7.3000000e-005
  6.1500000e+002  7.5000000e-005
  6.1550000e+002  6.5000000e-005
  6.1600000e+002  6.5000000e-005
  6.1650000e+002  5.5000000e-005
  6.1700000e+002  6.0000000e-005
  6.1750000e+002  5.5000000e-005
  6.1800000e+002  5.9000000e-005
  6.1850000e+002  5.7000000e-005
  6.1900000e+002  5.8000000e-005
  6.1950000e+002  5.8000000e-005
  6.2000000e+002  3.2000000e-005
  6.2050000e+002  3.5000000e-005
  6.2100000e+002  4.2000000e-005
  6.2150000e+002  4.2000000e-005
  6.2200000e+002  4.5000000e-005
  6.2250000e+002  5.3000000e-005
  6.2300000e+002  5.1000000e-005
  6.2350000e+002  3.7000000e-005
  6.2400000e+002  4.3000000e-005
  6.2450000e+002  5.8000000e-005
  6.2500000e+002  5.4000000e-005
  6.2550000e+002  5.9000000e-005
  6.2600000e+002  3.9000000e-005
  6.2650000e+002  3.7000000e-005
  6.2700000e+002  4.3000000e-005
  6.2750000e+002  4.9000000e-005
  6.2800000e+002  4.5000000e-005
  6.2850000e+002  5.9000000e-005
  6.2900000e+002  6.6000000e-005
  6.2950000e+002  6.6000000e-005
  6.3000000e+002  5.6000000e-005
  6.3050000e+002  6.0000000e-005
  6.3100000e+002  6.8000000e-005
  6.3150000e+002  7.5000000e-005
  6.3200000e+002  4.1000000e-005
  6.3250000e+002  3.0000000e-005
  6.3300000e+002  4.5000000e-005
  6.3350000e+002  5.6000000e-005
  6.3400000e+002  4.7000000e-005
  6.3450000e+002  5.1000000e-005
  6.3500000e+002  3.5000000e-005
  6.3550000e+002  3.4000000e-005
  6.3600000e+002  5.1000000e-005
  6.3650000e+002  5.2000000e-005
  6.3700000e+002  5.2000000e-005
  6.3750000e+002  4.6000000e-005
  6.3800000e+002  5.8000000e-005
  6.3850000e+002  5.3000000e-005
  6.3900000e+002  3.6000000e-005
  6.3950000e+002  5.3000000e-005
  6.4000000e+002  6.2000000e-005
  6.4050000e+002  4.4000000e-005
  6.4100000e+002  2.5000000e-005
  6.4150000e+002  4.9000000e-005
  6.4200000e+002  6.1000000e-005
  6.4250000e+002  4.2000000e-005
  6.4300000e+002  3.4000000e-005
  6.4350000e+002  4.3000000e-005
  6.4400000e+002  3.7000000e-005
  6.4450000e+002  5.9000000e-005
  6.4500000e+002  4.6000000e-005
  6.4550000e+002  3.7000000e-005
  6.4600000e+002  4.6000000e-005
  6.4650000e+002  6.5000000e-005
  6.4700000e+002  7.0000000e-005
  6.4750000e+002  4.7000000e-005
  6.4800000e+002  5.2000000e-005
  6.4850000e+002  5.6000000e-005
  6.4900000e+002  5.2000000e-005
  6.4950000e+002  4.1000000e-005
  6.5000000e+002  5.1000000e-005
  6.5050000e+002  4.4000000e-005
  6.5100000e+002  4.0000000e-005
  6.5150000e+002  3.9000000e-005
  6.5200000e+002  3.3000000e-005
  6.5250000e+002  3.3000000e-005
  6.5300000e+002  4.6000000e-005
  6.5350000e+002  5.2000000e-005
  6.5400000e+002  5.3000000e-005
  6.5450000e+002  2.5000000e-005
  6.5500000e+002  4.9000000e-005
  6.5550000e+002  6.3000000e-005
  6.5600000e+002  5.7000000e-005
  6.5650000e+002  4.7000000e-005
  6.5700000e+002  4.5000000e-005
  6.5750000e+002  5.5000000e-005
  6.5800000e+002  7.1000000e-005
  6.5850000e+002  6.6000000e-005
  6.5900000e+002  4.9000000e-005
  6.5950000e+002  3.6000000e-005
  6.6000000e+002  3.2000000e-005
  6.6050000e+002  5.1000000e-005
  6.6100000e+002  5.1000000e-005
  6.6150000e+002  4.4000000e-005
  6.6200000e+002  4.8000000e-005
  6.6250000e+002  3.7000000e-005
  6.6300000e+002  4.5000000e-005
  6.6350000e+002  6.4000000e-005
  6.6400000e+002  6.3000000e-005
  6.6450000e+002  5.9000000e-005
  6.6500000e+002  5.0000000e-005
  6.6550000e+002  4.6000000e-005
  6.6600000e+002  5.4000000e-005
  6.6650000e+002  3.8000000e-005
  6.6700000e+002  4.7000000e-005
  6.6750000e+002  4.3000000e-005
  6.6800000e+002  5.5000000e-005
  6.6850000e+002  6.3000000e-005
  6.6900000e+002  6.3000000e-005
  6.6950000e+002  5.5000000e-005
  6.7000000e+002  4.6000000e-005
  6.7050000e+002  3.7000000e-005
  6.7100000e+002  4.0000000e-005
  6.7150000e+002  4.7000000e-005
  6.7200000e+002  3.7000000e-005
  6.7250000e+002  3.3000000e-005
  6.7300000e+002  4.1000000e-005
  6.7350000e+002  3.7000000e-005
  6.7400000e+002  4.5000000e-005
  6.7450000e+002  5.0000000e-005
  6.7500000e+002  3.7000000e-005
  6.7550000e+002  5.2000000e-005
  6.7600000e+002  4.6000000e-005
  6.7650000e+002  4.6000000e-005
  6.7700000e+002  4.2000000e-005
  6.7750000e+002  3.5000000e-005
  6.7800000e+002  4.0000000e-005
  6.7850000e+002  4.5000000e-005
  6.7900000e+002  4.9000000e-005
  6.7950000e+002  3.5000000e-005
  6.8000000e+002  3.1000000e-005
  6.8050000e+002  4.4000000e-005
  6.8100000e+002  3.3000000e-005
  6.8150000e+002  3.3000000e-005
  6.8200000e+002  5.1000000e-005
  6.8250000e+002  5.6000000e-005
  6.8300000e+002  3.1000000e-005
  6.8350000e+002  3.1000000e-005
  6.8400000e+002  3.3000000e-005
  6.8450000e+002  2.9000000e-005
  6.8500000e+002  2.9000000e-005
  6.8550000e+002  3.0000000e-005
  6.8600000e+002  4.4000000e-005
  6.8650000e+002  4.9000000e-005
  6.8700000e+002  4.4000000e-005
  6.8750000e+002  4.8000000e-005
  6.8800000e+002  3.9000000e-005
  6.8850000e+002  4.1000000e-005
  6.8900000e+002  3.4000000e-005
  6.8950000e+002  3.9000000e-005
  6.9000000e+002  3.3000000e-005
  6.9050000e+002  4.5000000e-005
  6.9100000e+002  4.2000000e-005
  6.9150000e+002  4.2000000e-005
  6.9200000e+002  2.5000000e-005
  6.9250000e+002  1.7000000e-005
  6.9300000e+002  3.1000000e-005
  6.9350000e+002  2.6000000e-005
  6.9400000e+002  2.8000000e-005
  6.9450000e+002  4.6000000e-005
  6.9500000e+002  5.8000000e-005
  6.9550000e+002  3.7000000e-005
  6.9600000e+002  4.4000000e-005
  6.9650000e+002  4.3000000e-005
  6.9700000e+002  3.6000000e-005
  6.9750000e+002  3.1000000e-005
  6.9800000e+002  2.5000000e-005
  6.9850000e+002  3.0000000e-005
  6.9900000e+002  3.0000000e-005
  6.9950000e+002  4.1000000e-005
  7.0000000e+002  6.2000000e-005
  7.0050000e+002  0.0000000e+000
