350.0 0.01251
351.0 0.01241
352.0 0.0123
353.0 0.0122
354.0 0.0121
355.0 0.012
356.0 0.0119
357.0 0.01184
358.0 0.01177
359.0 0.01117
360.0 0.01057
361.0 0.01009
362.0 0.009632
363.0 0.01054
364.0 0.01141
365.0 0.01043
366.0 0.009475
367.0 0.009443
368.0 0.009418
369.0 0.009819
370.0 0.01021
371.0 0.009863
372.0 0.009528
373.0 0.009669
374.0 0.009809
375.0 0.009888
376.0 0.009967
377.0 0.01004
378.0 0.01012
379.0 0.01013
380.0 0.01015
381.0 0.0103
382.0 0.01045
383.0 0.01054
384.0 0.01062
385.0 0.01018
386.0 0.009744
387.0 0.009689
388.0 0.009651
389.0 0.01065
390.0 0.01162
391.0 0.01106
392.0 0.01052
393.0 0.011
394.0 0.01147
395.0 0.01096
396.0 0.01044
397.0 0.009418
398.0 0.008428
399.0 0.009396
400.0 0.01035
401.0 0.01088
402.0 0.01139
403.0 0.0109
404.0 0.01043
405.0 0.01095
406.0 0.01143
407.0 0.01038
408.0 0.009368
409.0 0.01033
410.0 0.01125
411.0 0.01022
412.0 0.009227
413.0 0.0103
414.0 0.01133
415.0 0.01029
416.0 0.009287
417.0 0.00974
418.0 0.01019
419.0 0.01058
420.0 0.01095
421.0 0.01088
422.0 0.0108
423.0 0.01021
424.0 0.009638
425.0 0.009993
426.0 0.01033
427.0 0.009755
428.0 0.009212
429.0 0.01039
430.0 0.01153
431.0 0.01047
432.0 0.009432
433.0 0.009692
434.0 0.009944
435.0 0.009776
436.0 0.009608
437.0 0.00944
438.0 0.009276
439.0 0.009486
440.0 0.009686
441.0 0.009153
442.0 0.008626
443.0 0.008447
444.0 0.008265
445.0 0.007803
446.0 0.007346
447.0 0.007193
448.0 0.007039
449.0 0.006918
450.0 0.006796
451.0 0.006651
452.0 0.006505
453.0 0.006351
454.0 0.0062
455.0 0.006189
456.0 0.006183
457.0 0.006516
458.0 0.006843
459.0 0.006864
460.0 0.006884
461.0 0.006874
462.0 0.006864
463.0 0.006768
464.0 0.006677
465.0 0.006993
466.0 0.007298
467.0 0.006912
468.0 0.00653
469.0 0.006508
470.0 0.006491
471.0 0.006702
472.0 0.006908
473.0 0.006758
474.0 0.006608
475.0 0.006473
476.0 0.006339
477.0 0.006226
478.0 0.006112
479.0 0.005985
480.0 0.005863
481.0 0.005987
482.0 0.006104
483.0 0.005724
484.0 0.005347
485.0 0.005215
486.0 0.005083
487.0 0.004965
488.0 0.004847
489.0 0.00474
490.0 0.004633
491.0 0.004507
492.0 0.004391
493.0 0.005069
494.0 0.005739
495.0 0.005614
496.0 0.00549
497.0 0.005539
498.0 0.005594
499.0 0.005998
500.0 0.006405
501.0 0.006946
502.0 0.007481
503.0 0.007657
504.0 0.007849
505.0 0.009157
506.0 0.01047
507.0 0.0125
508.0 0.01453
509.0 0.01769
510.0 0.02085
511.0 0.02353
512.0 0.02623
513.0 0.03216
514.0 0.03819
515.0 0.05175
516.0 0.06537
517.0 0.08443
518.0 0.1034
519.0 0.1156
520.0 0.1277
521.0 0.1443
522.0 0.1611
523.0 0.2059
524.0 0.251
525.0 0.3232
526.0 0.3953
527.0 0.4668
528.0 0.538
529.0 0.5979
530.0 0.6578
531.0 0.7294
532.0 0.8008
533.0 0.8582
534.0 0.9152
535.0 0.9204
536.0 0.9255
537.0 0.9219
538.0 0.9186
539.0 0.9293
540.0 0.94
541.0 0.9457
542.0 0.9513
543.0 0.9416
544.0 0.9317
545.0 0.9116
546.0 0.8915
547.0 0.8767
548.0 0.8621
549.0 0.8644
550.0 0.8669
551.0 0.8873
552.0 0.9078
553.0 0.94
554.0 0.9721
555.0 0.9861
556.0 1.0
557.0 1.0
558.0 1.0
559.0 0.994
560.0 0.988
561.0 0.9682
562.0 0.9483
563.0 0.9112
564.0 0.8741
565.0 0.8247
566.0 0.7754
567.0 0.7451
568.0 0.715
569.0 0.6956
570.0 0.6762
571.0 0.6436
572.0 0.6108
573.0 0.5543
574.0 0.4976
575.0 0.4214
576.0 0.3452
577.0 0.2746
578.0 0.2043
579.0 0.1628
580.0 0.1214
581.0 0.1005
582.0 0.07963
583.0 0.06779
584.0 0.05597
585.0 0.04905
586.0 0.04213
587.0 0.03667
588.0 0.0312
589.0 0.0268
590.0 0.02241
591.0 0.01875
592.0 0.0151
593.0 0.01254
594.0 0.009976
595.0 0.008695
596.0 0.007416
597.0 0.006677
598.0 0.005939
599.0 0.005565
600.0 0.005191
601.0 0.004741
602.0 0.004292
603.0 0.004362
604.0 0.004429
605.0 0.004071
606.0 0.003715
607.0 0.003702
608.0 0.003688
609.0 0.003252
610.0 0.002815
611.0 0.002559
612.0 0.002302
613.0 0.002134
614.0 0.001967
615.0 0.002139
616.0 0.002311
617.0 0.002226
618.0 0.002141
619.0 0.002229
620.0 0.002318
621.0 0.00239
622.0 0.002462
623.0 0.00228
624.0 0.0021
625.0 0.002257
626.0 0.002413
627.0 0.002152
628.0 0.001893
629.0 0.0018
630.0 0.001707
631.0 0.001874
632.0 0.002043
633.0 0.001885
634.0 0.001728
635.0 0.001814
636.0 0.001901
637.0 0.001906
638.0 0.00191
639.0 0.002085
640.0 0.00226
641.0 0.002274
642.0 0.002287
643.0 0.002388
644.0 0.00249
645.0 0.002508
646.0 0.002526
647.0 0.002559
648.0 0.002592
649.0 0.002581
650.0 0.00257
651.0 0.002672
652.0 0.002774
653.0 0.002678
654.0 0.002583
655.0 0.002647
656.0 0.002711
657.0 0.002674
658.0 0.002636
659.0 0.002598
660.0 0.00256
661.0 0.002537
662.0 0.002514
663.0 0.002573
664.0 0.002631
665.0 0.002529
666.0 0.002426
667.0 0.002409
668.0 0.002391
669.0 0.002463
670.0 0.002534
671.0 0.002447
672.0 0.002359
673.0 0.002276
674.0 0.002193
675.0 0.002195
676.0 0.002199
677.0 0.001625
678.0 0.00105
679.0 0.001467
680.0 0.00189
681.0 0.001981
682.0 0.002072
683.0 0.001743
684.0 0.001415
685.0 0.001424
686.0 0.001434
687.0 0.001189
688.0 0.0009426
689.0 0.0007816
690.0 0.000621
691.0 0.0006227
692.0 0.0006259
693.0 0.0005438
694.0 0.0004615
695.0 0.0002953
696.0 0.0001287
697.0 0.0002184
698.0 0.0003095
699.0 0.0002279
700.0 0.0001456
701.0 0.000322
702.0 0.0004991
703.0 0.0003325
704.0 0.0001635
705.0 8.166e-05
706.0 0.0
707.0 0.0002592
708.0 0.0005198
709.0 0.0003521
710.0 0.0001824
711.0 0.0001042
712.0 2.648e-05
713.0 0.0001232
714.0 0.0002218
715.0 0.0001417
716.0 6.024e-05
717.0 0.0001561
718.0 0.000254
719.0 0.0002626
720.0 0.0002708
721.0 0.000279
722.0 0.0002871
723.0 0.0003869
724.0 0.0004873
725.0 0.000309
726.0 0.0001297
727.0 0.0002278
728.0 0.0003284
729.0 0.0002423
730.0 0.0001554
731.0 0.0002565
732.0 0.000359
733.0 0.0003704
734.0 0.0003812
735.0 0.0002992
736.0 0.0002166
737.0 0.0003221
738.0 0.0004286
739.0 0.0005197
740.0 0.0006107
741.0 0.0004281
742.0 0.000244
743.0 0.0003578
744.0 0.0004739
745.0 0.0005824
746.0 0.0006908
747.0 0.0006045
748.0 0.0005167
749.0 0.0004314
750.0 0.000346
751.0 0.0003558
752.0 0.0003665
753.0 0.000577
754.0 0.00079
755.0 0.0006995
756.0 0.0006049
757.0 0.0005103
758.0 0.0004157
759.0 0.0003207
760.0 0.0002257
761.0 0.0005579
762.0 0.0008942
763.0 0.0008141
764.0 0.0007284
765.0 0.0007436
766.0 0.0007597
767.0 0.001006
768.0 0.001254
769.0 0.001058
770.0 0.0008587
771.0 0.0008723
772.0 0.0008887
773.0 0.0009033
774.0 0.0009179
775.0 0.0009347
776.0 0.0009516
777.0 0.0009682
778.0 0.0009848
779.0 0.001119
780.0 0.001256
781.0 0.001158
782.0 0.001058
783.0 0.001078
784.0 0.001099
785.0 0.001118
786.0 0.001136
787.0 0.001035
788.0 0.0009313
789.0 0.0009493
790.0 0.000969
791.0 0.0009815
792.0 0.000994
793.0 0.001137
794.0 0.001282
795.0 0.001167
796.0 0.001049
797.0 0.001062
798.0 0.001076
799.0 0.001091
800.0 0.001106
801.0 0.001258
802.0 0.001412
803.0 0.001436
804.0 0.00146
805.0 0.001481
806.0 0.001502
807.0 0.001387
808.0 0.001271
809.0 0.001425
810.0 0.001583
811.0 0.001462
812.0 0.001337
813.0 0.001352
814.0 0.00137
815.0 0.001381
816.0 0.001391
817.0 0.001412
818.0 0.001433
819.0 0.001602
820.0 0.001773
821.0 0.001632
822.0 0.001486
823.0 0.001657
824.0 0.001833
825.0 0.001856
826.0 0.001877
827.0 0.00176
828.0 0.001642
829.0 0.002121
830.0 0.002606
831.0 0.002155
832.0 0.001687
833.0 0.001705
834.0 0.001728
835.0 0.001876
836.0 0.002025
837.0 0.002019
838.0 0.002009
839.0 0.001995
840.0 0.001981
841.0 0.001673
842.0 0.001358
843.0 0.001669
844.0 0.001988
845.0 0.00216
846.0 0.00233
847.0 0.002197
848.0 0.00206
849.0 0.001911
850.0 0.001762
851.0 0.001451
852.0 0.001138
853.0 0.001438
854.0 0.001748
855.0 0.00175
856.0 0.001746
857.0 0.001741
858.0 0.001735
859.0 0.001885
860.0 0.002037
861.0 0.001881
862.0 0.00172
863.0 0.00171
864.0 0.001703
865.0 0.001702
866.0 0.001701
867.0 0.001706
868.0 0.001711
869.0 0.001695
870.0 0.001679
871.0 0.001978
872.0 0.002282
873.0 0.001984
874.0 0.001672
875.0 0.001664
876.0 0.001662
877.0 0.001806
878.0 0.001954
879.0 0.001955
880.0 0.001954
881.0 0.001947
882.0 0.00194
883.0 0.001927
884.0 0.001913
885.0 0.001758
886.0 0.0016
887.0 0.001738
888.0 0.00188
889.0 0.001727
890.0 0.001569
891.0 0.001558
892.0 0.00155
893.0 0.001546
894.0 0.001542
895.0 0.001536
896.0 0.001531
897.0 0.001528
898.0 0.001526
899.0 0.001523
900.0 0.001521
901.0 0.001518
902.0 0.001515
903.0 0.001502
904.0 0.001489
905.0 0.001487
906.0 0.001485
907.0 0.001628
908.0 0.001775
909.0 0.001631
910.0 0.001481
911.0 0.001468
912.0 0.001456
913.0 0.001586
914.0 0.001719
915.0 0.001568
916.0 0.001411
917.0 0.001536
918.0 0.001668
919.0 0.001661
920.0 0.001651
921.0 0.00151
922.0 0.001366
923.0 0.001512
924.0 0.001663
925.0 0.001813
926.0 0.001962
927.0 0.002112
928.0 0.002261
929.0 0.002275
930.0 0.002285
931.0 0.002146
932.0 0.002004
933.0 0.001856
934.0 0.001708
935.0 0.001572
936.0 0.001436
937.0 0.001433
938.0 0.001432
939.0 0.001577
940.0 0.001725
941.0 0.001579
942.0 0.001427
943.0 0.00168
944.0 0.001941
945.0 0.001666
946.0 0.00138
947.0 0.001656
948.0 0.001944
949.0 0.00167
950.0 0.001385
951.0 0.001528
952.0 0.001681
953.0 0.001528
954.0 0.001368
955.0 0.001215
956.0 0.001063
957.0 0.00133
958.0 0.001606
959.0 0.001609
960.0 0.001605
961.0 0.001595
962.0 0.001584
963.0 0.001715
964.0 0.001848
965.0 0.001587
966.0 0.001318
967.0 0.0008984
968.0 0.0004754
969.0 0.001004
970.0 0.001551
971.0 0.001431
972.0 0.001297
973.0 0.001437
974.0 0.001584
975.0 0.001604
976.0 0.001622
977.0 0.001483
978.0 0.001342
979.0 0.00148
980.0 0.001622
981.0 0.00163
982.0 0.001636
983.0 0.001658
984.0 0.001681
985.0 0.001535
986.0 0.001386
987.0 0.001677
988.0 0.001978
989.0 0.001858
990.0 0.00173
991.0 0.001736
992.0 0.001745
993.0 0.001743
994.0 0.00174
995.0 0.001751
996.0 0.001763
997.0 0.001771
998.0 0.001779
999.0 0.00194
1000.0 0.002104
1001.0 0.002122
1002.0 0.002137
1003.0 0.002147
1004.0 0.002157
1005.0 0.00217
1006.0 0.002183
1007.0 0.00219
1008.0 0.002196
1009.0 0.002357
1010.0 0.002522
1011.0 0.002534
1012.0 0.002542
1013.0 0.002556
1014.0 0.00257
1015.0 0.002586
1016.0 0.002602
1017.0 0.003064
1018.0 0.003534
1019.0 0.003566
1020.0 0.003589
1021.0 0.003591
1022.0 0.003592
1023.0 0.003578
1024.0 0.003563
1025.0 0.00357
1026.0 0.003578
1027.0 0.003572
1028.0 0.003566
1029.0 0.003571
1030.0 0.003576
1031.0 0.003595
1032.0 0.003614
1033.0 0.003644
1034.0 0.003674
1035.0 0.003702
1036.0 0.003731
1037.0 0.003759
1038.0 0.003788
1039.0 0.003823
1040.0 0.003859
1041.0 0.003842
1042.0 0.003825
1043.0 0.003817
1044.0 0.003809
1045.0 0.003805
1046.0 0.003802
1047.0 0.00379
1048.0 0.003777
1049.0 0.003772
1050.0 0.003767
1051.0 0.003782
1052.0 0.003798
1053.0 0.003827
1054.0 0.003856
1055.0 0.003919
1056.0 0.003982
1057.0 0.004037
1058.0 0.004093
1059.0 0.00415
1060.0 0.004208
1061.0 0.004261
1062.0 0.004315
1063.0 0.004324
1064.0 0.004332
1065.0 0.004329
1066.0 0.004325
1067.0 0.004318
1068.0 0.004312
1069.0 0.004289
1070.0 0.004265
1071.0 0.004261
1072.0 0.004257
1073.0 0.004246
1074.0 0.004235
1075.0 0.004213
1076.0 0.004191
1077.0 0.00416
1078.0 0.004129
1079.0 0.004103
1080.0 0.004077
1081.0 0.004077
1082.0 0.004077
1083.0 0.00407
1084.0 0.004064
1085.0 0.004042
1086.0 0.00402
1087.0 0.004008
1088.0 0.003996
1089.0 0.003961
1090.0 0.003926
1091.0 0.003924
1092.0 0.003923
1093.0 0.003906
1094.0 0.003888
1095.0 0.003861
1096.0 0.003834
1097.0 0.003801
1098.0 0.003769
1099.0 0.003731
1100.0 0.003693
