350.0 0.002508
351.0 0.002485
352.0 0.002463
353.0 0.002442
354.0 0.002423
355.0 0.002534
356.0 0.002629
357.0 0.001829
358.0 0.001057
359.0 0.001682
360.0 0.002292
361.0 0.002034
362.0 0.001788
363.0 0.002163
364.0 0.002534
365.0 0.002652
366.0 0.002761
367.0 0.0025
368.0 0.002238
369.0 0.001974
370.0 0.001726
371.0 0.002386
372.0 0.003039
373.0 0.003213
374.0 0.003383
375.0 0.003278
376.0 0.003176
377.0 0.003333
378.0 0.003486
379.0 0.003358
380.0 0.00323
381.0 0.00314
382.0 0.003056
383.0 0.003361
384.0 0.003661
385.0 0.003688
386.0 0.003708
387.0 0.00341
388.0 0.003114
389.0 0.002965
390.0 0.002824
391.0 0.003086
392.0 0.003347
393.0 0.003477
394.0 0.003607
395.0 0.003743
396.0 0.003867
397.0 0.003317
398.0 0.002782
399.0 0.003177
400.0 0.003559
401.0 0.003293
402.0 0.003022
403.0 0.002479
404.0 0.001955
405.0 0.002368
406.0 0.002772
407.0 0.002762
408.0 0.002755
409.0 0.002878
410.0 0.003001
411.0 0.003127
412.0 0.003255
413.0 0.003548
414.0 0.003824
415.0 0.003135
416.0 0.002462
417.0 0.002585
418.0 0.002715
419.0 0.003349
420.0 0.003963
421.0 0.003546
422.0 0.003139
423.0 0.003363
424.0 0.003581
425.0 0.003414
426.0 0.003253
427.0 0.00334
428.0 0.003418
429.0 0.003002
430.0 0.0026
431.0 0.003021
432.0 0.003436
433.0 0.003494
434.0 0.003553
435.0 0.003716
436.0 0.003863
437.0 0.003157
438.0 0.002463
439.0 0.002832
440.0 0.003203
441.0 0.003659
442.0 0.00411
443.0 0.004226
444.0 0.004336
445.0 0.003901
446.0 0.003476
447.0 0.003688
448.0 0.003898
449.0 0.003928
450.0 0.003961
451.0 0.004238
452.0 0.004514
453.0 0.00476
454.0 0.005009
455.0 0.005422
456.0 0.005832
457.0 0.006017
458.0 0.006212
459.0 0.007077
460.0 0.007945
461.0 0.008949
462.0 0.009963
463.0 0.01193
464.0 0.01391
465.0 0.01751
466.0 0.02113
467.0 0.02655
468.0 0.03203
469.0 0.04319
470.0 0.05446
471.0 0.07302
472.0 0.09177
473.0 0.1256
474.0 0.1598
475.0 0.2213
476.0 0.2832
477.0 0.3662
478.0 0.4489
479.0 0.5201
480.0 0.5907
481.0 0.6237
482.0 0.6564
483.0 0.6682
484.0 0.68
485.0 0.6984
486.0 0.7169
487.0 0.7412
488.0 0.7656
489.0 0.793
490.0 0.8204
491.0 0.8372
492.0 0.8538
493.0 0.86
494.0 0.8662
495.0 0.8723
496.0 0.8784
497.0 0.885
498.0 0.8917
499.0 0.9033
500.0 0.9148
501.0 0.924
502.0 0.9331
503.0 0.9394
504.0 0.9458
505.0 0.9525
506.0 0.9591
507.0 0.9621
508.0 0.9652
509.0 0.9726
510.0 0.9801
511.0 0.9863
512.0 0.9924
513.0 0.9963
514.0 1.0
515.0 0.9887
516.0 0.977
517.0 0.9359
518.0 0.8946
519.0 0.8274
520.0 0.76
521.0 0.6784
522.0 0.5968
523.0 0.523
524.0 0.4494
525.0 0.39
526.0 0.3307
527.0 0.2856
528.0 0.2407
529.0 0.2065
530.0 0.1723
531.0 0.1468
532.0 0.1213
533.0 0.102
534.0 0.08266
535.0 0.06854
536.0 0.05444
537.0 0.04507
538.0 0.03573
539.0 0.02957
540.0 0.02344
541.0 0.0197
542.0 0.01597
543.0 0.01371
544.0 0.01146
545.0 0.009921
546.0 0.008387
547.0 0.007376
548.0 0.006369
549.0 0.005783
550.0 0.005198
551.0 0.004707
552.0 0.004218
553.0 0.003907
554.0 0.003596
555.0 0.003348
556.0 0.0031
557.0 0.002886
558.0 0.002675
559.0 0.00263
560.0 0.002585
561.0 0.00255
562.0 0.002515
563.0 0.002452
564.0 0.002388
565.0 0.002274
566.0 0.002161
567.0 0.002233
568.0 0.002304
569.0 0.002429
570.0 0.002554
571.0 0.002594
572.0 0.002634
573.0 0.002961
574.0 0.003285
575.0 0.003349
576.0 0.003414
577.0 0.003656
578.0 0.003897
579.0 0.004058
580.0 0.00422
581.0 0.004224
582.0 0.004228
583.0 0.004207
584.0 0.004187
585.0 0.004267
586.0 0.004346
587.0 0.004327
588.0 0.004308
589.0 0.004356
590.0 0.004404
591.0 0.004463
592.0 0.004522
593.0 0.004643
594.0 0.004764
595.0 0.004936
596.0 0.005106
597.0 0.005083
598.0 0.00506
599.0 0.005136
600.0 0.005212
601.0 0.005291
602.0 0.005371
603.0 0.005565
604.0 0.005759
605.0 0.005837
606.0 0.005917
607.0 0.00664
608.0 0.007363
609.0 0.007691
610.0 0.00802
611.0 0.00866
612.0 0.0093
613.0 0.01011
614.0 0.01092
615.0 0.01184
616.0 0.01277
617.0 0.0138
618.0 0.01484
619.0 0.01591
620.0 0.01698
621.0 0.01769
622.0 0.0184
623.0 0.01871
624.0 0.01902
625.0 0.01856
626.0 0.0181
627.0 0.01748
628.0 0.01685
629.0 0.01613
630.0 0.01542
631.0 0.01439
632.0 0.01337
633.0 0.01326
634.0 0.01315
635.0 0.01271
636.0 0.01227
637.0 0.01183
638.0 0.01139
639.0 0.01126
640.0 0.01112
641.0 0.01101
642.0 0.01091
643.0 0.01095
644.0 0.011
645.0 0.01102
646.0 0.01104
647.0 0.01122
648.0 0.01139
649.0 0.01174
650.0 0.01208
651.0 0.01221
652.0 0.01234
653.0 0.01262
654.0 0.01289
655.0 0.01314
656.0 0.01338
657.0 0.01351
658.0 0.01364
659.0 0.01386
660.0 0.01407
661.0 0.01433
662.0 0.01458
663.0 0.01481
664.0 0.01505
665.0 0.01522
666.0 0.01538
667.0 0.01584
668.0 0.0163
669.0 0.0165
670.0 0.01671
671.0 0.01709
672.0 0.01748
673.0 0.01766
674.0 0.01783
675.0 0.01805
676.0 0.01826
677.0 0.01829
678.0 0.01832
679.0 0.01837
680.0 0.01842
681.0 0.01843
682.0 0.01844
683.0 0.01788
684.0 0.01732
685.0 0.01794
686.0 0.01856
687.0 0.01858
688.0 0.0186
689.0 0.01837
690.0 0.01813
691.0 0.01766
692.0 0.0172
693.0 0.01643
694.0 0.01567
695.0 0.01461
696.0 0.01355
697.0 0.01222
698.0 0.01089
699.0 0.009596
700.0 0.008301
701.0 0.007374
702.0 0.006448
703.0 0.005587
704.0 0.004726
705.0 0.004264
706.0 0.003804
707.0 0.003396
708.0 0.002988
709.0 0.002757
710.0 0.002527
711.0 0.002422
712.0 0.002316
713.0 0.002159
714.0 0.002
715.0 0.002081
716.0 0.002164
717.0 0.002124
718.0 0.002084
719.0 0.002117
720.0 0.002151
721.0 0.00221
722.0 0.002269
723.0 0.002403
724.0 0.002537
725.0 0.00257
726.0 0.002603
727.0 0.002839
728.0 0.003076
729.0 0.003316
730.0 0.003555
731.0 0.003952
732.0 0.00435
733.0 0.004836
734.0 0.005322
735.0 0.005644
736.0 0.005964
737.0 0.006069
738.0 0.006174
739.0 0.005873
740.0 0.005569
741.0 0.005197
742.0 0.004826
743.0 0.00433
744.0 0.003833
745.0 0.003362
746.0 0.002891
747.0 0.002445
748.0 0.002
749.0 0.001738
750.0 0.001478
751.0 0.001182
752.0 0.0008865
753.0 0.0008043
754.0 0.0007248
755.0 0.0005062
756.0 0.0002858
757.0 0.0003977
758.0 0.0005142
759.0 0.0004076
760.0 0.0002982
761.0 0.0002177
762.0 0.0001375
763.0 8.404e-05
764.0 3.094e-05
765.0 9.308e-05
766.0 0.0001561
767.0 0.0001634
768.0 0.0001703
769.0 8.548e-05
770.0 0.0
771.0 9.408e-05
772.0 0.0001906
773.0 0.0002572
774.0 0.0003235
775.0 0.0002672
776.0 0.0002093
777.0 0.0002444
778.0 0.0002808
779.0 0.0002862
780.0 0.0002911
781.0 0.000329
782.0 0.0003673
783.0 0.0004067
784.0 0.0004462
785.0 0.0004527
786.0 0.0004589
787.0 0.0006333
788.0 0.0008099
789.0 0.0007198
790.0 0.000626
791.0 0.000732
792.0 0.0008404
793.0 0.0008494
794.0 0.0008567
795.0 0.0008272
796.0 0.0007972
797.0 0.0007682
798.0 0.0007392
799.0 0.000745
800.0 0.0007513
801.0 0.0006521
802.0 0.0005515
803.0 0.0005582
804.0 0.0005659
805.0 0.0005363
806.0 0.0005062
807.0 0.0004756
808.0 0.0004451
809.0 0.0004126
810.0 0.0003802
811.0 0.0003841
812.0 0.0003886
813.0 0.0003175
814.0 0.000245
815.0 0.0002852
816.0 0.0003268
817.0 0.0003718
818.0 0.0004168
819.0 0.0005028
820.0 0.0005894
821.0 0.0005125
822.0 0.0004335
823.0 0.0004795
824.0 0.0005277
825.0 0.0004939
826.0 0.0004592
827.0 0.0004683
828.0 0.0004779
829.0 0.0005668
830.0 0.0006567
831.0 0.0006166
832.0 0.0005743
833.0 0.0005392
834.0 0.0005042
835.0 0.0005434
836.0 0.0005836
837.0 0.0006647
838.0 0.0007465
839.0 0.0007844
840.0 0.0008218
841.0 0.0008212
842.0 0.00082
843.0 0.0008645
844.0 0.0009097
845.0 0.0009987
846.0 0.001088
847.0 0.001097
848.0 0.001105
849.0 0.001025
850.0 0.0009429
851.0 0.000859
852.0 0.000775
853.0 0.0007707
854.0 0.0007679
855.0 0.0007665
856.0 0.0007652
857.0 0.0007214
858.0 0.0006769
859.0 0.0005491
860.0 0.0004196
861.0 0.0004585
862.0 0.0004999
863.0 0.0004567
864.0 0.0004122
865.0 0.0003697
866.0 0.0003273
867.0 0.0003277
868.0 0.000329
869.0 0.0003664
870.0 0.0004045
871.0 0.0004038
872.0 0.0004026
873.0 0.0004431
874.0 0.0004846
875.0 0.0004438
876.0 0.0004015
877.0 0.0003577
878.0 0.0003139
879.0 0.0004361
880.0 0.000561
881.0 0.0004792
882.0 0.0003944
883.0 0.0003894
884.0 0.000386
885.0 0.0003846
886.0 0.0003832
887.0 0.0003808
888.0 0.0003783
889.0 0.0003363
890.0 0.0002937
891.0 0.0002909
892.0 0.0002889
893.0 0.0002879
894.0 0.0002869
895.0 0.0002458
896.0 0.000204
897.0 0.000282
898.0 0.0003621
899.0 0.0002841
900.0 0.0002024
901.0 0.0003584
902.0 0.0005186
903.0 0.0004784
904.0 0.0004344
905.0 0.0003939
906.0 0.0003535
907.0 0.0003524
908.0 0.0003521
909.0 0.0003907
910.0 0.0004299
911.0 0.0005052
912.0 0.0005811
913.0 0.0004625
914.0 0.0003405
915.0 0.000335
916.0 0.0003319
917.0 0.0004046
918.0 0.000479
919.0 0.0005533
920.0 0.0006276
921.0 0.0006288
922.0 0.0006284
923.0 0.0005931
924.0 0.0005573
925.0 0.0006349
926.0 0.0007146
927.0 0.0007941
928.0 0.0008736
929.0 0.0009941
930.0 0.001115
931.0 0.001273
932.0 0.001431
933.0 0.001777
934.0 0.002127
935.0 0.002142
936.0 0.002149
937.0 0.002148
938.0 0.002148
939.0 0.00215
940.0 0.002152
941.0 0.002147
942.0 0.002142
943.0 0.002123
944.0 0.002103
945.0 0.002103
946.0 0.002103
947.0 0.002104
948.0 0.002105
949.0 0.002106
950.0 0.002107
951.0 0.002113
952.0 0.00212
953.0 0.002108
954.0 0.002096
955.0 0.002088
956.0 0.002081
957.0 0.002075
958.0 0.002069
959.0 0.002066
960.0 0.002064
961.0 0.002056
962.0 0.002049
963.0 0.002044
964.0 0.00204
965.0 0.002048
966.0 0.002055
967.0 0.002055
968.0 0.002055
969.0 0.002045
970.0 0.002034
971.0 0.002037
972.0 0.002041
973.0 0.002046
974.0 0.002051
975.0 0.002063
976.0 0.002076
977.0 0.002076
978.0 0.002077
979.0 0.002077
980.0 0.002078
981.0 0.002082
982.0 0.002086
983.0 0.002102
984.0 0.002118
985.0 0.002114
986.0 0.00211
987.0 0.002119
988.0 0.002128
989.0 0.002139
990.0 0.002151
991.0 0.002157
992.0 0.002164
993.0 0.002162
994.0 0.00216
995.0 0.002168
996.0 0.002176
997.0 0.002182
998.0 0.002188
999.0 0.002199
1000.0 0.002209
1001.0 0.00222
1002.0 0.00223
1003.0 0.002236
1004.0 0.002243
1005.0 0.002252
1006.0 0.00226
1007.0 0.002265
1008.0 0.002269
1009.0 0.002277
1010.0 0.002285
1011.0 0.00229
1012.0 0.002295
1013.0 0.002304
1014.0 0.002312
1015.0 0.002322
1016.0 0.002332
1017.0 0.002335
1018.0 0.002338
1019.0 0.00235
1020.0 0.002361
1021.0 0.002363
1022.0 0.002363
1023.0 0.002356
1024.0 0.002348
1025.0 0.002352
1026.0 0.002356
1027.0 0.002353
1028.0 0.00235
1029.0 0.002352
1030.0 0.002355
1031.0 0.002365
1032.0 0.002375
1033.0 0.00239
1034.0 0.002406
1035.0 0.00242
1036.0 0.002435
1037.0 0.00245
1038.0 0.002465
1039.0 0.002483
1040.0 0.002502
1041.0 0.002493
1042.0 0.002484
1043.0 0.00248
1044.0 0.002476
1045.0 0.002474
1046.0 0.002472
1047.0 0.002466
1048.0 0.002459
1049.0 0.002457
1050.0 0.002454
1051.0 0.002462
1052.0 0.00247
1053.0 0.002485
1054.0 0.002501
1055.0 0.002533
1056.0 0.002566
1057.0 0.002595
1058.0 0.002623
1059.0 0.002653
1060.0 0.002683
1061.0 0.002711
1062.0 0.002739
1063.0 0.002744
1064.0 0.002748
1065.0 0.002746
1066.0 0.002744
1067.0 0.00274
1068.0 0.002737
1069.0 0.002725
1070.0 0.002713
1071.0 0.002711
1072.0 0.002709
1073.0 0.002703
1074.0 0.002697
1075.0 0.002686
1076.0 0.002675
1077.0 0.002659
1078.0 0.002642
1079.0 0.002629
1080.0 0.002615
1081.0 0.002615
1082.0 0.002615
1083.0 0.002612
1084.0 0.002608
1085.0 0.002597
1086.0 0.002585
1087.0 0.002579
1088.0 0.002573
1089.0 0.002555
1090.0 0.002537
1091.0 0.002536
1092.0 0.002535
1093.0 0.002526
1094.0 0.002517
1095.0 0.002503
1096.0 0.002489
1097.0 0.002472
1098.0 0.002455
1099.0 0.002435
1100.0 0.002416
