2.5000000e+03 0.0000000e+00
2.5020003e+03 0.0000000e+00
2.5040001e+03 0.0000000e+00
2.5059999e+03 0.0000000e+00
2.5079999e+03 0.0000000e+00
2.5099999e+03 0.0000000e+00
2.5119998e+03 0.0000000e+00
2.5139998e+03 0.0000000e+00
2.5159999e+03 0.0000000e+00
2.5179999e+03 0.0000000e+00
2.5200000e+03 0.0000000e+00
2.5220001e+03 0.0000000e+00
2.5240000e+03 0.0000000e+00
2.5260002e+03 0.0000000e+00
2.5280001e+03 0.0000000e+00
2.5300001e+03 0.0000000e+00
2.5320000e+03 0.0000000e+00
2.5339999e+03 0.0000000e+00
2.5359998e+03 0.0000000e+00
2.5380001e+03 0.0000000e+00
2.5399999e+03 0.0000000e+00
2.5420003e+03 0.0000000e+00
2.5439997e+03 0.0000000e+00
2.5459999e+03 0.0000000e+00
2.5479999e+03 0.0000000e+00
2.5499997e+03 0.0000000e+00
2.5520001e+03 0.0000000e+00
2.5539999e+03 0.0000000e+00
2.5560000e+03 0.0000000e+00
2.5580001e+03 0.0000000e+00
2.5600000e+03 0.0000000e+00
2.5619998e+03 0.0000000e+00
2.5640000e+03 0.0000000e+00
2.5660001e+03 0.0000000e+00
2.5680000e+03 0.0000000e+00
2.5699997e+03 0.0000000e+00
2.5720000e+03 0.0000000e+00
2.5740000e+03 0.0000000e+00
2.5759997e+03 0.0000000e+00
2.5779999e+03 0.0000000e+00
2.5800000e+03 0.0000000e+00
2.5819998e+03 0.0000000e+00
2.5840000e+03 0.0000000e+00
2.5860000e+03 0.0000000e+00
2.5879997e+03 0.0000000e+00
2.5900000e+03 0.0000000e+00
2.5919999e+03 0.0000000e+00
2.5940000e+03 0.0000000e+00
2.5960000e+03 0.0000000e+00
2.5979998e+03 0.0000000e+00
2.5999999e+03 0.0000000e+00
2.6019997e+03 0.0000000e+00
2.6039998e+03 0.0000000e+00
2.6059996e+03 0.0000000e+00
2.6079999e+03 0.0000000e+00
2.6099998e+03 0.0000000e+00
2.6120000e+03 0.0000000e+00
2.6139998e+03 0.0000000e+00
2.6160001e+03 0.0000000e+00
2.6179998e+03 0.0000000e+00
2.6200000e+03 0.0000000e+00
2.6219996e+03 0.0000000e+00
2.6239997e+03 0.0000000e+00
2.6260001e+03 0.0000000e+00
2.6280000e+03 0.0000000e+00
2.6300003e+03 0.0000000e+00
2.6320000e+03 0.0000000e+00
2.6340001e+03 0.0000000e+00
2.6359998e+03 0.0000000e+00
2.6380004e+03 0.0000000e+00
2.6399999e+03 0.0000000e+00
2.6420003e+03 0.0000000e+00
2.6440002e+03 0.0000000e+00
2.6459996e+03 0.0000000e+00
2.6480000e+03 0.0000000e+00
2.6500000e+03 0.0000000e+00
2.6520000e+03 0.0000000e+00
2.6540004e+03 0.0000000e+00
2.6560001e+03 0.0000000e+00
2.6580001e+03 0.0000000e+00
2.6600004e+03 0.0000000e+00
2.6620000e+03 0.0000000e+00
2.6639999e+03 0.0000000e+00
2.6659998e+03 0.0000000e+00
2.6680000e+03 0.0000000e+00
2.6700002e+03 0.0000000e+00
2.6720001e+03 0.0000000e+00
2.6739998e+03 0.0000000e+00
2.6759999e+03 0.0000000e+00
2.6780000e+03 0.0000000e+00
2.6800002e+03 0.0000000e+00
2.6819998e+03 0.0000000e+00
2.6840003e+03 0.0000000e+00
2.6860001e+03 0.0000000e+00
2.6880000e+03 0.0000000e+00
2.6900001e+03 0.0000000e+00
2.6920002e+03 0.0000000e+00
2.6940004e+03 0.0000000e+00
2.6959999e+03 0.0000000e+00
2.6980002e+03 0.0000000e+00
2.6999997e+03 0.0000000e+00
2.7020002e+03 0.0000000e+00
2.7039998e+03 0.0000000e+00
2.7060004e+03 0.0000000e+00
2.7080002e+03 0.0000000e+00
2.7099998e+03 0.0000000e+00
2.7119998e+03 0.0000000e+00
2.7140004e+03 0.0000000e+00
2.7160001e+03 0.0000000e+00
2.7179999e+03 0.0000000e+00
2.7200005e+03 0.0000000e+00
2.7219995e+03 0.0000000e+00
2.7239999e+03 0.0000000e+00
2.7260005e+03 0.0000000e+00
2.7280001e+03 0.0000000e+00
2.7299998e+03 0.0000000e+00
2.7320001e+03 0.0000000e+00
2.7339996e+03 0.0000000e+00
2.7359999e+03 0.0000000e+00
2.7379999e+03 0.0000000e+00
2.7400000e+03 0.0000000e+00
2.7420001e+03 0.0000000e+00
2.7439999e+03 0.0000000e+00
2.7459998e+03 0.0000000e+00
2.7480001e+03 0.0000000e+00
2.7499997e+03 0.0000000e+00
2.7520000e+03 0.0000000e+00
2.7540000e+03 0.0000000e+00
2.7560000e+03 0.0000000e+00
2.7579999e+03 0.0000000e+00
2.7600003e+03 0.0000000e+00
2.7619999e+03 0.0000000e+00
2.7640000e+03 0.0000000e+00
2.7659999e+03 0.0000000e+00
2.7679998e+03 0.0000000e+00
2.7700003e+03 0.0000000e+00
2.7720005e+03 0.0000000e+00
2.7739997e+03 0.0000000e+00
2.7760004e+03 0.0000000e+00
2.7780001e+03 0.0000000e+00
2.7800002e+03 0.0000000e+00
2.7820003e+03 0.0000000e+00
2.7839999e+03 0.0000000e+00
2.7860003e+03 0.0000000e+00
2.7879996e+03 0.0000000e+00
2.7900003e+03 0.0000000e+00
2.7919998e+03 0.0000000e+00
2.7940001e+03 0.0000000e+00
2.7959999e+03 0.0000000e+00
2.7980004e+03 0.0000000e+00
2.7999997e+03 0.0000000e+00
2.8020004e+03 0.0000000e+00
2.8039999e+03 0.0000000e+00
2.8059999e+03 0.0000000e+00
2.8080005e+03 0.0000000e+00
2.8099999e+03 0.0000000e+00
2.8119998e+03 0.0000000e+00
2.8140003e+03 0.0000000e+00
2.8160003e+03 0.0000000e+00
2.8180001e+03 0.0000000e+00
2.8200001e+03 0.0000000e+00
2.8220001e+03 0.0000000e+00
2.8239997e+03 0.0000000e+00
2.8259995e+03 0.0000000e+00
2.8279998e+03 0.0000000e+00
2.8299999e+03 0.0000000e+00
2.8320004e+03 0.0000000e+00
2.8340004e+03 0.0000000e+00
2.8360001e+03 0.0000000e+00
2.8380002e+03 0.0000000e+00
2.8399998e+03 0.0000000e+00
2.8419999e+03 0.0000000e+00
2.8440003e+03 0.0000000e+00
2.8459995e+03 0.0000000e+00
2.8479999e+03 0.0000000e+00
2.8500000e+03 0.0000000e+00
2.8520003e+03 0.0000000e+00
2.8540002e+03 0.0000000e+00
2.8559997e+03 0.0000000e+00
2.8580003e+03 0.0000000e+00
2.8599997e+03 0.0000000e+00
2.8620000e+03 0.0000000e+00
2.8640000e+03 0.0000000e+00
2.8659995e+03 0.0000000e+00
2.8680003e+03 0.0000000e+00
2.8699996e+03 0.0000000e+00
2.8720001e+03 0.0000000e+00
2.8740001e+03 0.0000000e+00
2.8759996e+03 0.0000000e+00
2.8780001e+03 0.0000000e+00
2.8800002e+03 0.0000000e+00
2.8819997e+03 0.0000000e+00
2.8840003e+03 0.0000000e+00
2.8859996e+03 0.0000000e+00
2.8879999e+03 0.0000000e+00
2.8899997e+03 0.0000000e+00
2.8919998e+03 0.0000000e+00
2.8940000e+03 0.0000000e+00
2.8959997e+03 0.0000000e+00
2.8979997e+03 0.0000000e+00
2.9000000e+03 0.0000000e+00
2.9020004e+03 0.0000000e+00
2.9040002e+03 0.0000000e+00
2.9060002e+03 0.0000000e+00
2.9079996e+03 0.0000000e+00
2.9100001e+03 0.0000000e+00
2.9120000e+03 0.0000000e+00
2.9140000e+03 0.0000000e+00
2.9160003e+03 0.0000000e+00
2.9179999e+03 0.0000000e+00
2.9200005e+03 0.0000000e+00
2.9220004e+03 0.0000000e+00
2.9239998e+03 0.0000000e+00
2.9260000e+03 0.0000000e+00
2.9279996e+03 0.0000000e+00
2.9300002e+03 0.0000000e+00
2.9320001e+03 0.0000000e+00
2.9340003e+03 0.0000000e+00
2.9360006e+03 0.0000000e+00
2.9380000e+03 0.0000000e+00
2.9399995e+03 0.0000000e+00
2.9420001e+03 0.0000000e+00
2.9440001e+03 0.0000000e+00
2.9460000e+03 0.0000000e+00
2.9480003e+03 0.0000000e+00
2.9499995e+03 0.0000000e+00
2.9519999e+03 0.0000000e+00
2.9540003e+03 0.0000000e+00
2.9560000e+03 0.0000000e+00
2.9579996e+03 0.0000000e+00
2.9600004e+03 0.0000000e+00
2.9620003e+03 0.0000000e+00
2.9640001e+03 0.0000000e+00
2.9660002e+03 0.0000000e+00
2.9680002e+03 0.0000000e+00
2.9700004e+03 0.0000000e+00
2.9719996e+03 0.0000000e+00
2.9739997e+03 0.0000000e+00
2.9760000e+03 0.0000000e+00
2.9780003e+03 0.0000000e+00
2.9799997e+03 0.0000000e+00
2.9820000e+03 0.0000000e+00
2.9839995e+03 0.0000000e+00
2.9859999e+03 0.0000000e+00
2.9880002e+03 0.0000000e+00
2.9899997e+03 0.0000000e+00
2.9919999e+03 0.0000000e+00
2.9940004e+03 0.0000000e+00
2.9959998e+03 0.0000000e+00
2.9980001e+03 0.0000000e+00
3.0000003e+03 0.0000000e+00
3.0019996e+03 0.0000000e+00
3.0039998e+03 0.0000000e+00
3.0060000e+03 0.0000000e+00
3.0080001e+03 0.0000000e+00
3.0100001e+03 0.0000000e+00
3.0120001e+03 0.0000000e+00
3.0139999e+03 0.0000000e+00
3.0160000e+03 0.0000000e+00
3.0179998e+03 0.0000000e+00
3.0200002e+03 0.0000000e+00
3.0220000e+03 0.0000000e+00
3.0240003e+03 0.0000000e+00
3.0259996e+03 0.0000000e+00
3.0279999e+03 0.0000000e+00
3.0300000e+03 0.0000000e+00
3.0320000e+03 0.0000000e+00
3.0339999e+03 0.0000000e+00
3.0359996e+03 0.0000000e+00
3.0380003e+03 0.0000000e+00
3.0399996e+03 0.0000000e+00
3.0419999e+03 0.0000000e+00
3.0440002e+03 0.0000000e+00
3.0460002e+03 0.0000000e+00
3.0479998e+03 0.0000000e+00
3.0500005e+03 0.0000000e+00
3.0519999e+03 0.0000000e+00
3.0540002e+03 0.0000000e+00
3.0560003e+03 0.0000000e+00
3.0580001e+03 0.0000000e+00
3.0599998e+03 0.0000000e+00
3.0620002e+03 0.0000000e+00
3.0639996e+03 0.0000000e+00
3.0659995e+03 0.0000000e+00
3.0680005e+03 0.0000000e+00
3.0699999e+03 0.0000000e+00
3.0720003e+03 0.0000000e+00
3.0739994e+03 0.0000000e+00
3.0760002e+03 0.0000000e+00
3.0779999e+03 0.0000000e+00
3.0800003e+03 0.0000000e+00
3.0820003e+03 0.0000000e+00
3.0840002e+03 0.0000000e+00
3.0859998e+03 0.0000000e+00
3.0879999e+03 0.0000000e+00
3.0899999e+03 0.0000000e+00
3.0919996e+03 0.0000000e+00
3.0940000e+03 0.0000000e+00
3.0960000e+03 0.0000000e+00
3.0980000e+03 0.0000000e+00
3.0999996e+03 0.0000000e+00
3.1019996e+03 0.0000000e+00
3.1040005e+03 0.0000000e+00
3.1060001e+03 0.0000000e+00
3.1080003e+03 0.0000000e+00
3.1100000e+03 0.0000000e+00
3.1119997e+03 0.0000000e+00
3.1139998e+03 0.0000000e+00
3.1159997e+03 0.0000000e+00
3.1180000e+03 0.0000000e+00
3.1200003e+03 0.0000000e+00
3.1220000e+03 0.0000000e+00
3.1240004e+03 0.0000000e+00
3.1260002e+03 0.0000000e+00
3.1280000e+03 0.0000000e+00
3.1300002e+03 0.0000000e+00
3.1320001e+03 0.0000000e+00
3.1340004e+03 0.0000000e+00
3.1359996e+03 0.0000000e+00
3.1380002e+03 0.0000000e+00
3.1400005e+03 0.0000000e+00
3.1420002e+03 0.0000000e+00
3.1439995e+03 0.0000000e+00
3.1459997e+03 0.0000000e+00
3.1480000e+03 0.0000000e+00
3.1500001e+03 0.0000000e+00
3.1519997e+03 0.0000000e+00
3.1540001e+03 0.0000000e+00
3.1559997e+03 0.0000000e+00
3.1580001e+03 0.0000000e+00
3.1600001e+03 0.0000000e+00
3.1620004e+03 0.0000000e+00
3.1640004e+03 0.0000000e+00
3.1659996e+03 0.0000000e+00
3.1679997e+03 0.0000000e+00
3.1700002e+03 0.0000000e+00
3.1720002e+03 0.0000000e+00
3.1739995e+03 0.0000000e+00
3.1759996e+03 0.0000000e+00
3.1780000e+03 0.0000000e+00
3.1800000e+03 0.0000000e+00
3.1819996e+03 0.0000000e+00
3.1839994e+03 0.0000000e+00
3.1860000e+03 0.0000000e+00
3.1879999e+03 0.0000000e+00
3.1900003e+03 0.0000000e+00
3.1920000e+03 0.0000000e+00
3.1940003e+03 0.0000000e+00
3.1960003e+03 0.0000000e+00
3.1980003e+03 0.0000000e+00
3.2000000e+03 0.0000000e+00
3.2020000e+03 0.0000000e+00
3.2039995e+03 0.0000000e+00
3.2059995e+03 0.0000000e+00
3.2079999e+03 0.0000000e+00
3.2099999e+03 0.0000000e+00
3.2120001e+03 0.0000000e+00
3.2139997e+03 0.0000000e+00
3.2159999e+03 0.0000000e+00
3.2180002e+03 0.0000000e+00
3.2200000e+03 0.0000000e+00
3.2220002e+03 0.0000000e+00
3.2239999e+03 0.0000000e+00
3.2260000e+03 0.0000000e+00
3.2279994e+03 0.0000000e+00
3.2300001e+03 0.0000000e+00
3.2320003e+03 0.0000000e+00
3.2340000e+03 0.0000000e+00
3.2359997e+03 0.0000000e+00
3.2380002e+03 0.0000000e+00
3.2399998e+03 0.0000000e+00
3.2419996e+03 0.0000000e+00
3.2440000e+03 0.0000000e+00
3.2459996e+03 0.0000000e+00
3.2479996e+03 0.0000000e+00
3.2500000e+03 0.0000000e+00
3.2519997e+03 0.0000000e+00
3.2539996e+03 0.0000000e+00
3.2560002e+03 0.0000000e+00
3.2579998e+03 0.0000000e+00
3.2599995e+03 0.0000000e+00
3.2619999e+03 0.0000000e+00
3.2639994e+03 0.0000000e+00
3.2660003e+03 0.0000000e+00
3.2679994e+03 0.0000000e+00
3.2700000e+03 0.0000000e+00
3.2719996e+03 0.0000000e+00
3.2739998e+03 0.0000000e+00
3.2760001e+03 0.0000000e+00
3.2779995e+03 0.0000000e+00
3.2799994e+03 0.0000000e+00
3.2819995e+03 0.0000000e+00
3.2840001e+03 0.0000000e+00
3.2859995e+03 0.0000000e+00
3.2879995e+03 0.0000000e+00
3.2899997e+03 0.0000000e+00
3.2920001e+03 0.0000000e+00
3.2939997e+03 0.0000000e+00
3.2960007e+03 0.0000000e+00
3.2979995e+03 0.0000000e+00
3.3000001e+03 0.0000000e+00
3.3019995e+03 0.0000000e+00
3.3039993e+03 0.0000000e+00
3.3060004e+03 0.0000000e+00
3.3079995e+03 0.0000000e+00
3.3100001e+03 0.0000000e+00
3.3119997e+03 0.0000000e+00
3.3139995e+03 0.0000000e+00
3.3159996e+03 0.0000000e+00
3.3179997e+03 0.0000000e+00
3.3200001e+03 0.0000000e+00
3.3219997e+03 0.0000000e+00
3.3239995e+03 0.0000000e+00
3.3259995e+03 0.0000000e+00
3.3279995e+03 0.0000000e+00
3.3300001e+03 0.0000000e+00
3.3320006e+03 0.0000000e+00
3.3340002e+03 -3.8133803e-04
3.3359999e+03 -8.5994328e-04
3.3380000e+03 -6.9698028e-04
3.3400000e+03 9.8379445e-05
3.3420003e+03 1.1808170e-03
3.3440008e+03 -2.0567372e-03
3.3460001e+03 3.8376031e-04
3.3479999e+03 -1.4363718e-03
3.3499996e+03 9.0148201e-04
3.3520007e+03 -1.1113298e-03
3.3539997e+03 -3.9698416e-04
3.3559997e+03 -4.1896591e-04
3.3580002e+03 -1.4737190e-03
3.3599995e+03 1.7831813e-03
3.3620001e+03 1.1155197e-03
3.3639994e+03 2.0915613e-04
3.3660004e+03 2.4604573e-04
3.3680001e+03 1.4873041e-03
3.3700002e+03 6.9915573e-04
3.3719999e+03 2.9693653e-03
3.3740001e+03 5.5316515e-04
3.3760004e+03 1.4328315e-03
3.3779995e+03 3.6825223e-03
3.3799998e+03 1.5750114e-03
3.3820002e+03 -6.1470387e-04
3.3839997e+03 -1.6548902e-04
3.3860004e+03 -4.3547343e-04
3.3879998e+03 1.3379972e-04
3.3900005e+03 6.3824788e-04
3.3920002e+03 1.3452498e-03
3.3940000e+03 -1.2489196e-03
3.3959996e+03 -1.1193176e-03
3.3980007e+03 3.9116485e-04
3.4000005e+03 -6.0198607e-04
3.4019993e+03 -1.3273804e-03
3.4040004e+03 4.2612581e-03
3.4060002e+03 -1.3395829e-05
3.4080004e+03 4.3732733e-03
3.4100003e+03 5.6973565e-04
3.4119992e+03 2.7845564e-04
3.4140005e+03 4.4191219e-03
3.4159995e+03 1.9617938e-03
3.4179995e+03 8.2361126e-05
3.4199995e+03 -1.8625566e-03
3.4219995e+03 -3.1646327e-04
3.4239997e+03 -1.4282436e-03
3.4259998e+03 -1.4286221e-03
3.4279997e+03 -2.3943883e-04
3.4300000e+03 2.1343150e-04
3.4320000e+03 1.7526848e-03
3.4340000e+03 -4.6104760e-04
3.4359998e+03 2.9911153e-04
3.4379998e+03 -2.3799478e-03
3.4399996e+03 -1.1922937e-03
3.4419995e+03 3.7037290e-03
3.4440004e+03 -2.0642499e-03
3.4460003e+03 3.8301779e-04
3.4480001e+03 -1.3946098e-03
3.4499996e+03 -4.7943898e-04
3.4519992e+03 5.3648034e-04
3.4539999e+03 -1.4058879e-03
3.4559994e+03 3.0693568e-03
3.4580000e+03 -1.3945106e-04
3.4600004e+03 -7.8006426e-04
3.4619998e+03 2.4680896e-03
3.4640001e+03 -2.1958193e-03
3.4660004e+03 2.6919742e-03
3.4680003e+03 6.0802954e-04
3.4700005e+03 3.5151453e-03
3.4720003e+03 2.1829142e-03
3.4740004e+03 -5.4649351e-04
3.4759998e+03 1.8153206e-03
3.4779995e+03 -2.4846778e-03
3.4800003e+03 -1.3268800e-03
3.4819995e+03 8.9484022e-04
3.4840002e+03 -9.5959625e-04
3.4860005e+03 1.4026954e-03
3.4879995e+03 -2.1017650e-03
3.4899993e+03 1.3576343e-03
3.4920005e+03 -1.1379577e-03
3.4940002e+03 1.6330814e-05
3.4959997e+03 1.5651243e-03
3.4979992e+03 2.4568588e-03
3.4999997e+03 2.3686993e-03
3.5020002e+03 1.3229712e-03
3.5040002e+03 1.5430063e-03
3.5060004e+03 1.1983077e-04
3.5080002e+03 -7.4505695e-04
3.5099999e+03 -6.7095942e-05
3.5120007e+03 1.5412952e-03
3.5139998e+03 -1.5323217e-03
3.5159999e+03 -3.1217199e-03
3.5180003e+03 -1.7923006e-03
3.5200002e+03 -7.6303730e-04
3.5219999e+03 1.3944594e-03
3.5239992e+03 8.4859988e-04
3.5259999e+03 -2.6319644e-03
3.5280001e+03 3.1075149e-03
3.5300001e+03 -1.8656048e-03
3.5320000e+03 1.0343064e-03
3.5339997e+03 -2.2946571e-03
3.5360004e+03 3.8999687e-03
3.5379995e+03 -1.6354870e-03
3.5399998e+03 -1.2248072e-03
3.5419997e+03 1.1084871e-03
3.5440006e+03 -1.1106938e-03
3.5459998e+03 -1.9581406e-03
3.5480003e+03 -5.3043879e-04
3.5500007e+03 1.3984370e-03
3.5520005e+03 1.5191325e-04
3.5540001e+03 7.3099352e-04
3.5560007e+03 -2.1064065e-03
3.5579995e+03 8.7910297e-04
3.5599997e+03 8.3411433e-04
3.5619993e+03 -1.3770768e-05
3.5640003e+03 -1.3567490e-03
3.5660007e+03 4.7884282e-04
3.5680008e+03 2.9774013e-03
3.5699992e+03 3.0773254e-03
3.5720001e+03 -6.2209193e-04
3.5739992e+03 3.0509522e-03
3.5759996e+03 -1.1576589e-03
3.5780007e+03 1.3842031e-03
3.5800002e+03 2.3023027e-03
3.5820005e+03 5.6520180e-04
3.5840008e+03 6.9351477e-04
3.5859992e+03 2.0887810e-03
3.5879999e+03 -1.8444010e-03
3.5900006e+03 -2.2649320e-03
3.5920003e+03 2.0322514e-04
3.5940001e+03 -2.4734256e-03
3.5959996e+03 2.9908684e-03
3.5979998e+03 -2.4462647e-03
3.5999996e+03 3.0310836e-03
3.6020004e+03 9.3663216e-04
3.6039996e+03 2.2697609e-03
3.6059998e+03 1.3174000e-03
3.6079996e+03 -8.5514772e-04
3.6100001e+03 2.8307841e-03
3.6120003e+03 -3.3177383e-04
3.6140001e+03 4.0755095e-04
3.6159996e+03 3.0363169e-03
3.6180000e+03 1.8718649e-03
3.6200000e+03 9.7134180e-04
3.6219994e+03 2.0682691e-03
3.6239998e+03 -5.9046171e-04
3.6259997e+03 -2.9388841e-03
3.6279993e+03 -2.9164949e-03
3.6299999e+03 -1.5992546e-03
3.6320000e+03 -1.2442888e-03
3.6339995e+03 -2.5137098e-04
3.6360002e+03 -2.9372776e-04
3.6380002e+03 3.8906331e-03
3.6399998e+03 -1.1128696e-03
3.6420003e+03 -1.8767362e-03
3.6440001e+03 6.9517974e-04
3.6459998e+03 1.1912936e-03
3.6480001e+03 -3.0477291e-03
3.6499999e+03 4.7079284e-05
3.6519994e+03 -1.6880339e-03
3.6539998e+03 9.5507980e-04
3.6559997e+03 -1.6416056e-03
3.6580005e+03 -7.4744690e-04
3.6600006e+03 -3.3574838e-03
3.6620002e+03 4.0909676e-05
3.6639994e+03 1.9040519e-04
3.6659995e+03 3.4476740e-03
3.6680005e+03 -2.6736839e-03
3.6699997e+03 5.0732546e-04
3.6719994e+03 9.2958688e-04
3.6740000e+03 -4.8290234e-04
3.6760004e+03 2.5384249e-03
3.6780001e+03 6.9285370e-04
3.6800003e+03 4.0896521e-03
3.6820003e+03 -4.9330556e-04
3.6839999e+03 -3.1308152e-04
3.6860000e+03 -4.9817830e-04
3.6879996e+03 -5.0962996e-04
3.6900000e+03 2.6724606e-03
3.6920000e+03 1.7296671e-03
3.6939994e+03 8.9471019e-04
3.6959997e+03 1.7548173e-03
3.6979991e+03 -4.9522053e-04
3.6999998e+03 -2.8180605e-04
3.7019995e+03 -1.2585959e-04
3.7040001e+03 7.4582582e-05
3.7060002e+03 4.0415471e-04
3.7079994e+03 -2.4478964e-04
3.7099998e+03 -6.6334940e-04
3.7119992e+03 -3.4486566e-04
3.7139999e+03 5.3394947e-04
3.7159996e+03 -1.4163327e-03
3.7180002e+03 4.2846734e-03
3.7199999e+03 2.2520279e-03
3.7219994e+03 9.1349729e-04
3.7239996e+03 6.2479521e-04
3.7260003e+03 5.8597780e-04
3.7279991e+03 1.3332021e-03
3.7300001e+03 -6.6484255e-04
3.7320005e+03 1.0632505e-03
3.7340003e+03 6.5346999e-04
3.7360008e+03 -1.7304844e-03
3.7379991e+03 -9.5187407e-04
3.7399995e+03 -1.3536452e-03
3.7419997e+03 -1.1290980e-03
3.7440003e+03 -2.1988677e-03
3.7460003e+03 -2.4885053e-04
3.7479994e+03 3.3596563e-03
3.7499995e+03 2.0572012e-03
3.7520001e+03 -3.1448356e-04
3.7540004e+03 -2.0370940e-03
3.7559998e+03 -2.1224064e-03
3.7579999e+03 -7.6176692e-04
3.7600007e+03 -3.6858865e-03
3.7620009e+03 -2.0632383e-03
3.7640001e+03 2.2856528e-03
3.7660004e+03 1.0453141e-04
3.7679998e+03 -2.1741616e-03
3.7699998e+03 -2.6611604e-03
3.7719992e+03 1.9655640e-03
3.7740007e+03 3.7196136e-04
3.7760002e+03 -7.8232965e-04
3.7780001e+03 1.6367569e-03
3.7799996e+03 4.7739409e-04
3.7819995e+03 5.3964130e-04
3.7840001e+03 1.6979022e-03
3.7860000e+03 1.2184000e-03
3.7879993e+03 1.0069325e-04
3.7900007e+03 1.0951102e-04
3.7919996e+03 1.4392954e-03
3.7939995e+03 1.0882377e-03
3.7959999e+03 -1.4423452e-03
3.7979995e+03 1.5414182e-04
3.7999998e+03 -1.2888438e-04
3.8019994e+03 1.1506377e-03
3.8039997e+03 -1.3790731e-04
3.8060006e+03 3.0200938e-03
3.8080005e+03 -9.8434254e-04
3.8099997e+03 2.3331060e-03
3.8119999e+03 1.1243453e-03
3.8140004e+03 4.3898858e-03
3.8160002e+03 -2.5103351e-03
3.8180003e+03 3.8787161e-03
3.8200000e+03 -3.8744553e-04
3.8220004e+03 -1.3133348e-03
3.8239997e+03 1.4664782e-03
3.8259996e+03 3.3593581e-03
3.8280002e+03 1.7665651e-03
3.8300000e+03 7.3217903e-04
3.8320005e+03 3.8728411e-03
3.8340001e+03 -2.5547927e-03
3.8360001e+03 -1.6341564e-04
3.8379997e+03 -1.4407404e-03
3.8399995e+03 1.1456637e-03
3.8420000e+03 2.8254215e-03
3.8439997e+03 -3.6433816e-03
3.8460000e+03 -4.9987173e-04
3.8479995e+03 4.4215345e-04
3.8499993e+03 1.1951557e-03
3.8520001e+03 3.1479640e-04
3.8539997e+03 -2.9206948e-04
3.8559999e+03 -6.0004921e-04
3.8579993e+03 8.9911080e-04
3.8599993e+03 4.1629642e-04
3.8619999e+03 -1.2354469e-03
3.8639997e+03 2.5551959e-03
3.8659997e+03 3.2780489e-03
3.8680007e+03 -1.8108412e-04
3.8700005e+03 -1.8790249e-04
3.8719994e+03 1.2148302e-03
3.8740004e+03 1.9180502e-03
3.8760005e+03 -2.6293749e-03
3.8779998e+03 9.1438106e-04
3.8799993e+03 1.9013320e-04
3.8819997e+03 -1.1180206e-03
3.8840004e+03 2.5807936e-03
3.8860002e+03 1.6506802e-03
3.8880005e+03 2.0266327e-03
3.8900000e+03 9.2481496e-04
3.8920000e+03 1.6447770e-03
3.8940007e+03 -4.3854958e-05
3.8960000e+03 9.7238075e-04
3.8980003e+03 -3.4197739e-03
3.8999993e+03 2.3764209e-04
3.9020003e+03 1.6200823e-03
3.9040005e+03 -5.7295908e-04
3.9059997e+03 2.6854861e-03
3.9079994e+03 -5.4949499e-04
3.9099997e+03 -1.2408873e-03
3.9120002e+03 1.7895161e-03
3.9140002e+03 2.4468740e-04
3.9160003e+03 4.1929117e-04
3.9179994e+03 3.7407675e-03
3.9200006e+03 1.5730319e-03
3.9220008e+03 1.0020036e-03
3.9240001e+03 6.0438248e-04
3.9259995e+03 -2.7729736e-03
3.9279998e+03 2.4507523e-03
3.9300003e+03 1.7272246e-03
3.9319998e+03 1.9337022e-03
3.9340002e+03 -5.4703682e-04
3.9360008e+03 -6.4776796e-05
3.9380000e+03 1.1391930e-05
3.9400000e+03 1.6375193e-04
3.9420006e+03 -1.5868694e-03
3.9439998e+03 2.7675761e-03
3.9459999e+03 1.3570241e-03
3.9480001e+03 2.2030573e-03
3.9499993e+03 1.6511057e-03
3.9519990e+03 2.3481564e-03
3.9540008e+03 1.3533235e-03
3.9559999e+03 3.7443151e-03
3.9579992e+03 -5.3082954e-04
3.9600009e+03 1.0870509e-03
3.9619996e+03 -2.7957076e-04
3.9640004e+03 2.2762824e-05
3.9660005e+03 8.2450185e-04
3.9680006e+03 1.4522850e-03
3.9699994e+03 -7.3712063e-04
3.9719990e+03 1.4586917e-04
3.9740006e+03 -4.2009875e-04
3.9759992e+03 -5.0830152e-03
3.9780002e+03 1.0430943e-03
3.9799997e+03 -1.6967661e-03
3.9819997e+03 -2.7594822e-03
3.9840002e+03 3.2926735e-04
3.9859996e+03 -1.0870580e-03
3.9879994e+03 -7.3640031e-04
3.9899993e+03 -1.2357924e-03
3.9920000e+03 -3.8597991e-03
3.9939993e+03 -1.0533122e-03
3.9960009e+03 1.3013138e-03
3.9979994e+03 4.6836957e-03
4.0000000e+03 2.4121800e-04
4.0019994e+03 3.9614388e-04
4.0040009e+03 1.2907769e-04
4.0059992e+03 2.3101168e-03
4.0080000e+03 2.7429997e-03
4.0100011e+03 -2.3164628e-05
4.0120007e+03 -8.5015729e-04
4.0139992e+03 1.1257248e-03
4.0159997e+03 2.7664024e-03
4.0180006e+03 1.0059761e-03
4.0200003e+03 2.7429860e-03
4.0220004e+03 5.8511773e-04
4.0240006e+03 1.4738056e-03
4.0259999e+03 2.2216788e-03
4.0279993e+03 2.6032189e-03
4.0300011e+03 -2.0843951e-04
4.0319997e+03 1.7049587e-03
4.0340002e+03 1.7911787e-03
4.0359996e+03 5.0033483e-04
4.0380010e+03 2.3349652e-03
4.0399991e+03 -7.8455522e-04
4.0419997e+03 -6.2666909e-04
4.0440002e+03 1.8287702e-03
4.0459999e+03 2.0392241e-03
4.0479996e+03 -5.4039876e-04
4.0499997e+03 -1.1081049e-05
4.0520001e+03 4.6052290e-03
4.0539994e+03 1.3153427e-03
4.0560005e+03 -6.2729418e-04
4.0580001e+03 1.8863671e-03
4.0600004e+03 -6.5460149e-04
4.0619990e+03 -8.8290218e-04
4.0640001e+03 2.7662811e-03
4.0659994e+03 9.0048701e-04
4.0680008e+03 -1.5451821e-03
4.0700008e+03 1.3833563e-03
4.0719996e+03 7.5214496e-04
4.0740000e+03 -5.1610656e-05
4.0760011e+03 2.9495475e-03
4.0780009e+03 -6.5547111e-04
4.0800007e+03 -1.8625640e-03
4.0819992e+03 1.4982413e-03
4.0839996e+03 -3.2670354e-04
4.0860003e+03 6.8430853e-04
4.0879998e+03 -6.3531345e-04
4.0899996e+03 8.9857425e-04
4.0919997e+03 -3.2545561e-03
4.0939997e+03 -2.2500425e-03
4.0960004e+03 1.7661709e-04
4.0979994e+03 2.5316495e-03
4.1000008e+03 1.4435376e-04
4.1020004e+03 6.5763324e-04
4.1040003e+03 -2.0345810e-04
4.1060006e+03 2.3719519e-03
4.1079995e+03 -1.0694490e-03
4.1099999e+03 -6.8152137e-03
4.1119994e+03 4.3930928e-03
4.1140004e+03 1.0642846e-03
4.1160005e+03 -3.7240924e-03
4.1180004e+03 -5.0544324e-03
4.1199990e+03 -3.1222537e-04
4.1219995e+03 -1.1151744e-04
4.1240003e+03 -2.4208769e-03
4.1259997e+03 -1.6849849e-03
4.1279994e+03 1.1059031e-03
4.1300011e+03 -1.3439851e-04
4.1320009e+03 -1.3333941e-03
4.1339993e+03 -1.6233337e-03
4.1360001e+03 1.1960565e-03
4.1380007e+03 -1.0555682e-04
4.1399999e+03 6.0995990e-05
4.1420011e+03 2.4983920e-03
4.1440008e+03 3.4162421e-03
4.1460008e+03 -2.0592863e-04
4.1479989e+03 -2.1373585e-03
4.1500011e+03 -2.9789603e-03
4.1519997e+03 -2.2496032e-03
4.1540002e+03 7.3391147e-04
4.1559998e+03 1.0538558e-03
4.1580008e+03 -3.4435056e-03
4.1600004e+03 6.6254393e-04
4.1620002e+03 4.8752986e-03
4.1639998e+03 1.3906509e-03
4.1660000e+03 1.2179092e-03
4.1680005e+03 7.4304402e-04
4.1699991e+03 2.1537566e-03
4.1720001e+03 -2.7567891e-03
4.1739991e+03 -1.8440105e-04
4.1760001e+03 -2.1305736e-03
4.1779995e+03 3.1939696e-03
4.1800009e+03 2.0058679e-03
4.1820008e+03 -2.1589762e-03
4.1840008e+03 2.0101306e-03
4.1859990e+03 4.8404135e-04
4.1880012e+03 3.4362561e-04
4.1899997e+03 1.7403066e-03
4.1920002e+03 -4.3313633e-04
4.1939995e+03 1.9061181e-03
4.1960003e+03 -2.7368648e-04
4.1979996e+03 4.0367669e-03
4.2000008e+03 -2.7249602e-04
4.2020001e+03 -1.5621212e-03
4.2039999e+03 2.4985529e-03
4.2059999e+03 3.1317205e-03
4.2079997e+03 -5.4613495e-04
4.2099996e+03 1.9525362e-03
4.2120002e+03 -2.7242021e-03
4.2140004e+03 6.6831689e-03
4.2159991e+03 3.5612474e-03
4.2179997e+03 -9.9845254e-04
4.2200005e+03 1.5312250e-03
4.2219997e+03 2.6149133e-03
4.2240003e+03 -2.8261917e-03
4.2259998e+03 -6.1421620e-04
4.2280007e+03 4.7357469e-03
4.2300005e+03 -3.6741262e-03
4.2320000e+03 -4.7690268e-03
4.2339996e+03 -3.8802151e-03
4.2359994e+03 -2.8382055e-03
4.2379993e+03 -5.0068798e-04
4.2399993e+03 -3.8314268e-03
4.2420012e+03 1.1614048e-03
4.2439993e+03 -5.7299191e-04
4.2459997e+03 -3.7881541e-03
4.2479998e+03 -6.3679391e-04
4.2500005e+03 -5.2773980e-03
4.2520008e+03 -2.0547551e-03
4.2539995e+03 1.3009190e-03
4.2560001e+03 1.2835488e-04
4.2579990e+03 1.1381292e-04
4.2599998e+03 2.8311177e-03
4.2620007e+03 2.9072205e-03
4.2639994e+03 6.3377188e-04
4.2660005e+03 -8.7906606e-04
4.2679995e+03 3.2815994e-03
4.2700008e+03 7.7384652e-04
4.2720000e+03 2.8724391e-03
4.2739992e+03 2.8096447e-03
4.2760004e+03 2.2802025e-03
4.2779998e+03 -7.4969977e-04
4.2800011e+03 4.1409479e-03
4.2820007e+03 2.0939095e-03
4.2839999e+03 3.8497285e-03
4.2859997e+03 -1.1758781e-03
4.2879990e+03 1.3990345e-03
4.2900007e+03 1.0443131e-02
4.2920002e+03 4.7616106e-03
4.2939998e+03 8.2946802e-03
4.2959994e+03 3.2562811e-03
4.2979991e+03 -8.2129874e-04
4.3000006e+03 -1.4521844e-04
4.3020004e+03 -1.5457709e-03
4.3040003e+03 3.2310879e-03
4.3059997e+03 3.4228947e-03
4.3079997e+03 -1.0589592e-03
4.3099992e+03 -2.7096824e-04
4.3119988e+03 3.6042177e-03
4.3140007e+03 2.7308033e-03
4.3160003e+03 1.3940127e-05
4.3180000e+03 2.0393624e-03
4.3199998e+03 -1.9550154e-05
4.3219995e+03 2.1749265e-03
4.3239988e+03 -6.9971604e-04
4.3260005e+03 5.0277740e-04
4.3280003e+03 3.1907232e-03
4.3299997e+03 1.7337325e-03
4.3319991e+03 3.5925072e-03
4.3340008e+03 1.5271216e-03
4.3360002e+03 2.3655716e-04
4.3379996e+03 2.0151299e-03
4.3400009e+03 -3.7303749e-03
4.3420004e+03 1.4859003e-03
4.3439998e+03 1.2743904e-03
4.3460006e+03 -1.2986806e-04
4.3480001e+03 2.0977997e-03
4.3499991e+03 2.4695408e-03
4.3520003e+03 1.5261534e-03
4.3539993e+03 2.7108630e-03
4.3560001e+03 1.5620340e-04
4.3579990e+03 4.1875169e-03
4.3600002e+03 2.6872621e-03
4.3620009e+03 1.7319616e-03
4.3639993e+03 7.7716663e-04
4.3660000e+03 1.3673234e-03
4.3680006e+03 2.3393880e-03
4.3699989e+03 2.4484601e-03
4.3719995e+03 2.0262301e-03
4.3739996e+03 4.0788390e-03
4.3760001e+03 2.0492254e-03
4.3780001e+03 6.6108000e-03
4.3800001e+03 6.9510601e-03
4.3820000e+03 2.8469851e-03
4.3839999e+03 2.2163952e-03
4.3859997e+03 6.0503636e-03
4.3879990e+03 4.9675577e-03
4.3900005e+03 9.9123586e-03
4.3920002e+03 1.0770184e-02
4.3939993e+03 6.3996436e-03
4.3960007e+03 8.5754283e-03
4.3979996e+03 8.7569943e-03
4.4000004e+03 1.3012993e-02
4.4019993e+03 1.5827343e-02
4.4039999e+03 1.7853236e-02
4.4060005e+03 2.2653472e-02
4.4079991e+03 2.5954159e-02
4.4099995e+03 3.0795416e-02
4.4119998e+03 2.9551921e-02
4.4139995e+03 3.1817485e-02
4.4159997e+03 3.9562561e-02
4.4179992e+03 4.5025188e-02
4.4200006e+03 5.0301280e-02
4.4220005e+03 6.5131538e-02
4.4239998e+03 7.4147537e-02
4.4260009e+03 8.5720450e-02
4.4279999e+03 1.0619870e-01
4.4300008e+03 1.2443460e-01
4.4319992e+03 1.4551520e-01
4.4339998e+03 1.7906751e-01
4.4360004e+03 2.1894130e-01
4.4380003e+03 2.6907021e-01
4.4400006e+03 3.1889030e-01
4.4420003e+03 3.8803551e-01
4.4439999e+03 4.5912960e-01
4.4459998e+03 5.4798228e-01
4.4480010e+03 6.3360041e-01
4.4500002e+03 7.2552592e-01
4.4520012e+03 8.0670261e-01
4.4539996e+03 8.7976581e-01
4.4560003e+03 9.3738133e-01
4.4580008e+03 9.7940832e-01
4.4600007e+03 9.8686928e-01
4.4620010e+03 9.9804473e-01
4.4640006e+03 1.0000000e+00
4.4660006e+03 9.9361879e-01
4.4679999e+03 9.8694170e-01
4.4700010e+03 9.7586638e-01
4.4719999e+03 9.7088969e-01
4.4740007e+03 9.5526111e-01
4.4759994e+03 9.3572247e-01
4.4779998e+03 9.0963399e-01
4.4799996e+03 8.6551863e-01
4.4819997e+03 8.2105690e-01
4.4839991e+03 7.6313812e-01
4.4860008e+03 6.9970900e-01
4.4879999e+03 6.2736422e-01
4.4899987e+03 5.4963398e-01
4.4919999e+03 4.7509229e-01
4.4940004e+03 4.0754151e-01
4.4960006e+03 3.4391031e-01
4.4980007e+03 2.8385240e-01
4.5000006e+03 2.3298070e-01
4.5019998e+03 1.9755290e-01
4.5039993e+03 1.6552080e-01
4.5060005e+03 1.3935129e-01
4.5079991e+03 1.1256260e-01
4.5100000e+03 9.5647283e-02
4.5120001e+03 8.0618255e-02
4.5140000e+03 6.9282442e-02
4.5159997e+03 5.9204958e-02
4.5179997e+03 5.1799443e-02
4.5200009e+03 4.5249429e-02
4.5220000e+03 3.8083594e-02
4.5240003e+03 3.1942200e-02
4.5259989e+03 2.9413596e-02
4.5279992e+03 2.4905648e-02
4.5300013e+03 1.8906545e-02
4.5320007e+03 1.7030383e-02
4.5339998e+03 1.8923305e-02
4.5359992e+03 1.5463618e-02
4.5379998e+03 1.2411202e-02
4.5400002e+03 1.3730514e-02
4.5420004e+03 5.9662866e-03
4.5440003e+03 6.9489963e-03
4.5459999e+03 8.3034290e-03
4.5479993e+03 9.4438493e-03
4.5500004e+03 7.9230126e-03
4.5520013e+03 7.5597269e-03
4.5539994e+03 5.6676329e-03
4.5559997e+03 5.5089435e-03
4.5579993e+03 3.5500166e-03
4.5600011e+03 5.7238960e-03
4.5620001e+03 4.9617360e-03
4.5640009e+03 4.3588048e-03
4.5659993e+03 3.7469300e-03
4.5679995e+03 3.6577792e-03
4.5699994e+03 3.2059841e-03
4.5719991e+03 2.4052020e-03
4.5740004e+03 3.2913750e-03
4.5759995e+03 5.7026078e-03
4.5779997e+03 5.8121672e-03
4.5800002e+03 6.9093220e-03
4.5820004e+03 1.0889882e-03
4.5839998e+03 2.8825556e-03
4.5859988e+03 2.1589953e-03
4.5879996e+03 -8.4153216e-05
4.5900007e+03 4.1031437e-03
4.5920008e+03 3.3865527e-03
4.5939986e+03 3.0584596e-03
4.5960002e+03 1.5105740e-03
4.5979995e+03 2.7755927e-03
4.5999999e+03 2.7722679e-03
4.6020005e+03 9.9516090e-04
4.6040008e+03 -8.9319440e-04
4.6060003e+03 1.2721998e-03
4.6079999e+03 8.0465915e-04
4.6099987e+03 1.1749206e-03
4.6119992e+03 1.1707958e-03
4.6139999e+03 1.3374073e-03
4.6159998e+03 2.6941433e-04
4.6180013e+03 1.4918245e-03
4.6200005e+03 9.1872830e-04
4.6220013e+03 -1.3009278e-03
4.6239997e+03 2.5777395e-03
4.6259994e+03 1.5662182e-03
4.6279991e+03 9.0385234e-04
4.6300007e+03 -7.1574916e-04
4.6319992e+03 2.0743837e-03
4.6340000e+03 1.6141882e-04
4.6359999e+03 1.9920343e-03
4.6379994e+03 1.8771371e-03
4.6400006e+03 -5.9035351e-04
4.6419999e+03 6.9646310e-04
4.6440004e+03 1.4431449e-03
4.6460005e+03 -5.7678815e-04
4.6480002e+03 -1.0929265e-04
4.6499990e+03 -1.0651407e-03
4.6520001e+03 1.1399993e-03
4.6540007e+03 -8.6737331e-04
4.6560005e+03 1.7921495e-03
4.6580003e+03 8.3521585e-04
4.6599992e+03 1.7245910e-04
4.6620004e+03 1.4024462e-04
4.6640007e+03 1.6839316e-03
4.6660005e+03 6.1775505e-04
4.6679999e+03 -6.3249253e-04
4.6699994e+03 6.2778342e-04
4.6720002e+03 5.7405643e-05
4.6739978e+03 1.1462736e-04
4.6759998e+03 1.2394971e-03
4.6779992e+03 1.8223883e-03
4.6800004e+03 2.5590922e-04
4.6820006e+03 2.4397987e-04
4.6840009e+03 -7.2427961e-04
4.6860002e+03 2.0508661e-03
4.6879997e+03 7.9730008e-04
4.6900003e+03 7.4937748e-04
4.6920004e+03 -4.1909781e-04
4.6940007e+03 1.9655375e-04
4.6959999e+03 2.9626497e-04
4.6980009e+03 -9.4720104e-05
4.6999993e+03 -3.0012868e-04
4.7020015e+03 -5.1269564e-04
4.7040005e+03 -6.5361086e-04
4.7059997e+03 -1.1917275e-03
4.7080005e+03 9.1637332e-05
4.7100004e+03 8.6187030e-04
4.7120003e+03 -3.8858716e-04
4.7139992e+03 9.9658188e-05
4.7160003e+03 -1.2815240e-04
4.7180004e+03 9.4824028e-04
4.7200001e+03 3.2134861e-04
4.7219992e+03 1.0033642e-04
4.7240001e+03 7.0842227e-04
4.7260004e+03 9.3205989e-04
4.7280003e+03 -6.7075081e-05
4.7299997e+03 8.2423392e-04
4.7320008e+03 1.1117143e-03
4.7340014e+03 1.3045692e-03
4.7359987e+03 3.8082959e-04
4.7380005e+03 3.0565567e-04
4.7399990e+03 7.0989248e-04
4.7419998e+03 -5.3526991e-04
4.7439995e+03 -1.3293019e-04
4.7459987e+03 -1.3884101e-03
4.7480001e+03 -1.9624697e-03
4.7500005e+03 8.1037608e-04
4.7520003e+03 1.6445805e-03
4.7539997e+03 8.0645535e-05
4.7560007e+03 6.5989443e-04
4.7580012e+03 8.5803278e-04
4.7600006e+03 -6.2004314e-04
4.7620000e+03 -9.0654421e-04
4.7640011e+03 2.8982593e-04
4.7659989e+03 -7.3386291e-05
4.7680011e+03 -4.4578625e-04
4.7700001e+03 -3.7614928e-04
4.7720012e+03 1.3636558e-03
4.7740013e+03 -1.2855619e-05
4.7760008e+03 1.0230257e-03
4.7779997e+03 -7.0895076e-05
4.7800004e+03 1.2417142e-03
4.7820004e+03 2.1806564e-03
4.7839999e+03 5.3479284e-04
4.7860011e+03 -1.5554779e-05
4.7879995e+03 1.0069811e-03
4.7899990e+03 -8.0562185e-04
4.7919985e+03 -7.7898742e-04
4.7939996e+03 3.5524709e-04
4.7959996e+03 2.6850888e-04
4.7979996e+03 1.2330258e-04
4.8000008e+03 -4.8283055e-05
4.8019990e+03 1.0020133e-03
4.8039990e+03 1.2872007e-04
4.8060011e+03 -2.0172508e-04
4.8079999e+03 7.5645425e-04
4.8100003e+03 -1.2168262e-04
4.8120001e+03 9.4748808e-05
4.8139993e+03 4.6277363e-04
4.8159997e+03 -3.8446952e-04
4.8179999e+03 1.6116508e-04
4.8199996e+03 -4.8982917e-04
4.8220009e+03 -4.5387092e-04
4.8239988e+03 5.3397560e-04
4.8260012e+03 -3.0841402e-04
4.8280001e+03 -1.0367550e-03
4.8300007e+03 4.6267527e-05
4.8319984e+03 6.6677539e-04
4.8340006e+03 2.1556299e-04
4.8359993e+03 6.1697752e-04
4.8379997e+03 -7.2480802e-04
4.8399994e+03 -3.0740333e-04
4.8420008e+03 2.4991969e-04
4.8439992e+03 1.6148202e-04
4.8460016e+03 3.4437791e-04
4.8480005e+03 2.6531809e-04
4.8499993e+03 -4.3672635e-04
4.8519992e+03 -3.0070226e-04
4.8540013e+03 4.3514895e-04
4.8559999e+03 1.7670299e-04
4.8580007e+03 5.9575407e-04
4.8599980e+03 3.4290788e-04
4.8619992e+03 -3.4622656e-04
4.8640004e+03 -3.8479528e-04
4.8660003e+03 1.1931070e-04
4.8679995e+03 3.6131209e-04
4.8700004e+03 4.6871873e-04
4.8720006e+03 2.4312799e-04
4.8740001e+03 -7.9435711e-05
4.8759983e+03 -1.7339821e-04
4.8779988e+03 -1.3816428e-04
4.8800009e+03 4.3808948e-05
4.8819995e+03 -4.1303632e-05
4.8840002e+03 1.4551460e-04
4.8860000e+03 4.0953927e-04
4.8879988e+03 1.0797194e-05
4.8899995e+03 3.0193813e-04
4.8919992e+03 -2.7496583e-04
4.8940009e+03 -4.8520914e-04
4.8959992e+03 -6.5517146e-04
4.8979991e+03 -3.5568740e-04
4.9000007e+03 3.8574138e-04
4.9019992e+03 3.3291837e-04
4.9039994e+03 3.0192223e-04
4.9060011e+03 -3.9205384e-05
4.9079996e+03 2.4296909e-04
4.9099996e+03 -1.6341446e-04
4.9119989e+03 -1.2530774e-04
4.9140002e+03 5.4104446e-05
4.9160004e+03 -1.7645421e-04
4.9179996e+03 7.4683762e-06
4.9200007e+03 -1.7088233e-04
4.9220011e+03 -8.5301515e-05
4.9239981e+03 1.7467481e-05
4.9259991e+03 6.6165352e-04
4.9279996e+03 3.8532511e-04
4.9299991e+03 1.4278009e-04
4.9320002e+03 1.4066517e-04
4.9340002e+03 4.6455304e-04
4.9359998e+03 1.5827904e-04
4.9380010e+03 -6.0652041e-05
4.9399988e+03 1.4065133e-04
4.9420006e+03 2.1371042e-04
4.9439992e+03 -1.1792250e-04
4.9459994e+03 -3.6903840e-04
4.9479989e+03 -2.8104711e-04
4.9500000e+03 -3.8222930e-05
4.9520003e+03 2.5665186e-05
4.9539995e+03 -2.2718019e-05
4.9560007e+03 2.6429104e-04
4.9580007e+03 -1.0957480e-06
4.9600000e+03 2.2309550e-04
4.9620009e+03 1.9818493e-05
4.9640010e+03 -1.2713118e-04
4.9660003e+03 5.0941202e-05
4.9680012e+03 -3.6606173e-06
4.9699986e+03 -9.1130576e-05
4.9720003e+03 -1.3952795e-04
4.9740009e+03 -3.5619998e-04
4.9760008e+03 -1.0787403e-06
4.9779998e+03 -1.6800109e-04
4.9800004e+03 7.8961304e-05
4.9820002e+03 2.9763365e-05
4.9840012e+03 -1.2158095e-04
4.9859994e+03 -7.7688186e-05
4.9879988e+03 -3.4102664e-05
4.9899999e+03 5.4772940e-05
4.9920004e+03 8.2622057e-05
4.9939998e+03 -5.8746034e-05
4.9960008e+03 7.6108765e-05
4.9980007e+03 -1.4977093e-04
5.0000000e+03 -2.0769671e-04
5.0020009e+03 0.0000000e+00
5.0040007e+03 0.0000000e+00
5.0059996e+03 0.0000000e+00
5.0080001e+03 0.0000000e+00
5.0099998e+03 0.0000000e+00
5.0120011e+03 0.0000000e+00
5.0139990e+03 0.0000000e+00
5.0160011e+03 0.0000000e+00
5.0179994e+03 0.0000000e+00
5.0199997e+03 0.0000000e+00
5.0219988e+03 0.0000000e+00
5.0239995e+03 0.0000000e+00
5.0259994e+03 0.0000000e+00
5.0280008e+03 0.0000000e+00
5.0299989e+03 0.0000000e+00
5.0320010e+03 0.0000000e+00
5.0339998e+03 0.0000000e+00
5.0359998e+03 0.0000000e+00
5.0379990e+03 0.0000000e+00
5.0400001e+03 0.0000000e+00
5.0419999e+03 0.0000000e+00
5.0440014e+03 0.0000000e+00
5.0459995e+03 0.0000000e+00
5.0479988e+03 0.0000000e+00
5.0500001e+03 0.0000000e+00
5.0520004e+03 0.0000000e+00
5.0539995e+03 0.0000000e+00
5.0560002e+03 0.0000000e+00
5.0580000e+03 0.0000000e+00
5.0599988e+03 0.0000000e+00
5.0619993e+03 0.0000000e+00
5.0639988e+03 0.0000000e+00
5.0659999e+03 0.0000000e+00
5.0679998e+03 0.0000000e+00
5.0700015e+03 0.0000000e+00
5.0719995e+03 0.0000000e+00
5.0739991e+03 0.0000000e+00
5.0760003e+03 0.0000000e+00
5.0779980e+03 0.0000000e+00
5.0799998e+03 0.0000000e+00
5.0820006e+03 0.0000000e+00
5.0840005e+03 0.0000000e+00
5.0859991e+03 0.0000000e+00
5.0879993e+03 0.0000000e+00
5.0900014e+03 0.0000000e+00
5.0919997e+03 0.0000000e+00
5.0939996e+03 0.0000000e+00
5.0960010e+03 0.0000000e+00
5.0979989e+03 0.0000000e+00
5.1000007e+03 0.0000000e+00
5.1019992e+03 0.0000000e+00
5.1039990e+03 0.0000000e+00
5.1060006e+03 0.0000000e+00
5.1079984e+03 0.0000000e+00
5.1099978e+03 0.0000000e+00
5.1119988e+03 0.0000000e+00
5.1139987e+03 0.0000000e+00
5.1160002e+03 0.0000000e+00
5.1180008e+03 0.0000000e+00
5.1200000e+03 0.0000000e+00
5.1220008e+03 0.0000000e+00
5.1240009e+03 0.0000000e+00
5.1259997e+03 0.0000000e+00
5.1280000e+03 0.0000000e+00
5.1299993e+03 0.0000000e+00
5.1320002e+03 0.0000000e+00
5.1340001e+03 0.0000000e+00
5.1360012e+03 0.0000000e+00
5.1379991e+03 0.0000000e+00
5.1400007e+03 0.0000000e+00
5.1419988e+03 0.0000000e+00
5.1440013e+03 0.0000000e+00
5.1459998e+03 0.0000000e+00
5.1480000e+03 0.0000000e+00
5.1499987e+03 0.0000000e+00
5.1519994e+03 0.0000000e+00
5.1539990e+03 0.0000000e+00
5.1559998e+03 0.0000000e+00
5.1580000e+03 0.0000000e+00
5.1600013e+03 0.0000000e+00
5.1619990e+03 0.0000000e+00
5.1640008e+03 0.0000000e+00
5.1659990e+03 0.0000000e+00
5.1680014e+03 0.0000000e+00
5.1700000e+03 0.0000000e+00
5.1719999e+03 0.0000000e+00
5.1739991e+03 0.0000000e+00
5.1759995e+03 0.0000000e+00
5.1779988e+03 0.0000000e+00
5.1799999e+03 0.0000000e+00
5.1819997e+03 0.0000000e+00
5.1840010e+03 0.0000000e+00
5.1860013e+03 0.0000000e+00
5.1880001e+03 0.0000000e+00
5.1900008e+03 0.0000000e+00
5.1920001e+03 0.0000000e+00
5.1940012e+03 0.0000000e+00
5.1960009e+03 0.0000000e+00
5.1979996e+03 0.0000000e+00
5.1999997e+03 0.0000000e+00
5.2019988e+03 0.0000000e+00
5.2039994e+03 0.0000000e+00
5.2059989e+03 0.0000000e+00
5.2079996e+03 0.0000000e+00
5.2099995e+03 0.0000000e+00
5.2120006e+03 0.0000000e+00
5.2140009e+03 0.0000000e+00
5.2159998e+03 0.0000000e+00
5.2180002e+03 0.0000000e+00
5.2199995e+03 0.0000000e+00
5.2220004e+03 0.0000000e+00
5.2240000e+03 0.0000000e+00
5.2260009e+03 0.0000000e+00
5.2280010e+03 0.0000000e+00
5.2299996e+03 0.0000000e+00
5.2320001e+03 0.0000000e+00
5.2339991e+03 0.0000000e+00
5.2359996e+03 0.0000000e+00
5.2379990e+03 0.0000000e+00
5.2399999e+03 0.0000000e+00
5.2419997e+03 0.0000000e+00
5.2440006e+03 0.0000000e+00
5.2460007e+03 0.0000000e+00
5.2479994e+03 0.0000000e+00
5.2499998e+03 0.0000000e+00
5.2519988e+03 0.0000000e+00
5.2539993e+03 0.0000000e+00
5.2559986e+03 0.0000000e+00
5.2579995e+03 0.0000000e+00
5.2599992e+03 0.0000000e+00
5.2620003e+03 0.0000000e+00
5.2640000e+03 0.0000000e+00
5.2659988e+03 0.0000000e+00
5.2679988e+03 0.0000000e+00
5.2700007e+03 0.0000000e+00
5.2720010e+03 0.0000000e+00
5.2740001e+03 0.0000000e+00
5.2760008e+03 0.0000000e+00
5.2780002e+03 0.0000000e+00
5.2800012e+03 0.0000000e+00
5.2820006e+03 0.0000000e+00
5.2839992e+03 0.0000000e+00
5.2859989e+03 0.0000000e+00
5.2880004e+03 0.0000000e+00
5.2900004e+03 0.0000000e+00
5.2919992e+03 0.0000000e+00
5.2939995e+03 0.0000000e+00
5.2959986e+03 0.0000000e+00
5.2979992e+03 0.0000000e+00
5.3000013e+03 0.0000000e+00
5.3019991e+03 0.0000000e+00
5.3039987e+03 0.0000000e+00
5.3059995e+03 0.0000000e+00
5.3079994e+03 0.0000000e+00
5.3100004e+03 0.0000000e+00
5.3120003e+03 0.0000000e+00
5.3139988e+03 0.0000000e+00
5.3159989e+03 0.0000000e+00
5.3180005e+03 0.0000000e+00
5.3200008e+03 0.0000000e+00
5.3219995e+03 0.0000000e+00
5.3240000e+03 0.0000000e+00
5.3259990e+03 0.0000000e+00
5.3279998e+03 0.0000000e+00
5.3299990e+03 0.0000000e+00
5.3319996e+03 0.0000000e+00
5.3339990e+03 0.0000000e+00
5.3359999e+03 0.0000000e+00
5.3379996e+03 0.0000000e+00
5.3400003e+03 0.0000000e+00
5.3420002e+03 0.0000000e+00
5.3439984e+03 0.0000000e+00
5.3460012e+03 0.0000000e+00
5.3479996e+03 0.0000000e+00
5.3499995e+03 0.0000000e+00
5.3520012e+03 0.0000000e+00
5.3540013e+03 0.0000000e+00
5.3560001e+03 0.0000000e+00
5.3580000e+03 0.0000000e+00
5.3599990e+03 0.0000000e+00
5.3619994e+03 0.0000000e+00
5.3640010e+03 0.0000000e+00
5.3660017e+03 0.0000000e+00
5.3680006e+03 0.0000000e+00
5.3700011e+03 0.0000000e+00
5.3720002e+03 0.0000000e+00
5.3740008e+03 0.0000000e+00
5.3760001e+03 0.0000000e+00
5.3780009e+03 0.0000000e+00
5.3800003e+03 0.0000000e+00
5.3820008e+03 0.0000000e+00
5.3840004e+03 0.0000000e+00
5.3860011e+03 0.0000000e+00
5.3880008e+03 0.0000000e+00
5.3899989e+03 0.0000000e+00
5.3919983e+03 0.0000000e+00
5.3939993e+03 0.0000000e+00
5.3959989e+03 0.0000000e+00
5.3980000e+03 0.0000000e+00
5.3999994e+03 0.0000000e+00
5.4020006e+03 0.0000000e+00
5.4040005e+03 0.0000000e+00
5.4059986e+03 0.0000000e+00
5.4079982e+03 0.0000000e+00
5.4099996e+03 0.0000000e+00
5.4119994e+03 0.0000000e+00
5.4140005e+03 0.0000000e+00
5.4160003e+03 0.0000000e+00
5.4180016e+03 0.0000000e+00
5.4200015e+03 0.0000000e+00
5.4219996e+03 0.0000000e+00
5.4239996e+03 0.0000000e+00
5.4260007e+03 0.0000000e+00
5.4280007e+03 0.0000000e+00
5.4299990e+03 0.0000000e+00
5.4319987e+03 0.0000000e+00
5.4340000e+03 0.0000000e+00
5.4359998e+03 0.0000000e+00
5.4380010e+03 0.0000000e+00
5.4400009e+03 0.0000000e+00
5.4419990e+03 0.0000000e+00
5.4439989e+03 0.0000000e+00
5.4460003e+03 0.0000000e+00
5.4479999e+03 0.0000000e+00
5.4500010e+03 0.0000000e+00
5.4520010e+03 0.0000000e+00
5.4539992e+03 0.0000000e+00
5.4559988e+03 0.0000000e+00
5.4580000e+03 0.0000000e+00
5.4599996e+03 0.0000000e+00
5.4620004e+03 0.0000000e+00
5.4640001e+03 0.0000000e+00
5.4660013e+03 0.0000000e+00
5.4680006e+03 0.0000000e+00
5.4699985e+03 0.0000000e+00
5.4720012e+03 0.0000000e+00
5.4739991e+03 0.0000000e+00
5.4759984e+03 0.0000000e+00
5.4779992e+03 0.0000000e+00
5.4799986e+03 0.0000000e+00
5.4819994e+03 0.0000000e+00
5.4840016e+03 0.0000000e+00
5.4859991e+03 0.0000000e+00
5.4880014e+03 0.0000000e+00
5.4899988e+03 0.0000000e+00
5.4920010e+03 0.0000000e+00
5.4940014e+03 0.0000000e+00
5.4960003e+03 0.0000000e+00
5.4980006e+03 0.0000000e+00
5.4999994e+03 0.0000000e+00
5.5019997e+03 0.0000000e+00
5.5040015e+03 0.0000000e+00
5.5060017e+03 0.0000000e+00
5.5080000e+03 0.0000000e+00
5.5100002e+03 0.0000000e+00
5.5119985e+03 0.0000000e+00
5.5140016e+03 0.0000000e+00
5.5159998e+03 0.0000000e+00
5.5179995e+03 0.0000000e+00
5.5200006e+03 0.0000000e+00
5.5220002e+03 0.0000000e+00
5.5240013e+03 0.0000000e+00
5.5260008e+03 0.0000000e+00
5.5279984e+03 0.0000000e+00
5.5300008e+03 0.0000000e+00
5.5320017e+03 0.0000000e+00
5.5340007e+03 0.0000000e+00
5.5360011e+03 0.0000000e+00
5.5379999e+03 0.0000000e+00
5.5400006e+03 0.0000000e+00
5.5419994e+03 0.0000000e+00
5.5439995e+03 0.0000000e+00
5.5460012e+03 0.0000000e+00
5.5480009e+03 0.0000000e+00
5.5499994e+03 0.0000000e+00
5.5519993e+03 0.0000000e+00
5.5540003e+03 0.0000000e+00
5.5560002e+03 0.0000000e+00
5.5580011e+03 0.0000000e+00
5.5600004e+03 0.0000000e+00
5.5620015e+03 0.0000000e+00
5.5640006e+03 0.0000000e+00
5.5660012e+03 0.0000000e+00
5.5679999e+03 0.0000000e+00
5.5700003e+03 0.0000000e+00
5.5719992e+03 0.0000000e+00
5.5739995e+03 0.0000000e+00
5.5760008e+03 0.0000000e+00
5.5779975e+03 0.0000000e+00
5.5799991e+03 0.0000000e+00
5.5819987e+03 0.0000000e+00
5.5839997e+03 0.0000000e+00
5.5859994e+03 0.0000000e+00
5.5880003e+03 0.0000000e+00
5.5899991e+03 0.0000000e+00
5.5919997e+03 0.0000000e+00
5.5939987e+03 0.0000000e+00
5.5959992e+03 0.0000000e+00
5.5980007e+03 0.0000000e+00
5.6000009e+03 0.0000000e+00
5.6019992e+03 0.0000000e+00
5.6039992e+03 0.0000000e+00
5.6060003e+03 0.0000000e+00
5.6079997e+03 0.0000000e+00
5.6100006e+03 0.0000000e+00
5.6119998e+03 0.0000000e+00
5.6140005e+03 0.0000000e+00
5.6159995e+03 0.0000000e+00
5.6179995e+03 0.0000000e+00
5.6200013e+03 0.0000000e+00
5.6220015e+03 0.0000000e+00
5.6239996e+03 0.0000000e+00
5.6259992e+03 0.0000000e+00
5.6280006e+03 0.0000000e+00
5.6299999e+03 0.0000000e+00
5.6320006e+03 0.0000000e+00
5.6339996e+03 0.0000000e+00
5.6360001e+03 0.0000000e+00
5.6379989e+03 0.0000000e+00
5.6399987e+03 0.0000000e+00
5.6419972e+03 0.0000000e+00
5.6440003e+03 0.0000000e+00
5.6460012e+03 0.0000000e+00
5.6480009e+03 0.0000000e+00
5.6500016e+03 0.0000000e+00
5.6520006e+03 0.0000000e+00
5.6540010e+03 0.0000000e+00
5.6559996e+03 0.0000000e+00
5.6579997e+03 0.0000000e+00
5.6599981e+03 0.0000000e+00
5.6620011e+03 0.0000000e+00
5.6639992e+03 0.0000000e+00
5.6659986e+03 0.0000000e+00
5.6679992e+03 0.0000000e+00
5.6700015e+03 0.0000000e+00
5.6719985e+03 0.0000000e+00
5.6740002e+03 0.0000000e+00
5.6760004e+03 0.0000000e+00
5.6780017e+03 0.0000000e+00
5.6800013e+03 0.0000000e+00
5.6819991e+03 0.0000000e+00
5.6840014e+03 0.0000000e+00
5.6859985e+03 0.0000000e+00
5.6880005e+03 0.0000000e+00
5.6900008e+03 0.0000000e+00
5.6919989e+03 0.0000000e+00
5.6939989e+03 0.0000000e+00
5.6959998e+03 0.0000000e+00
5.6979994e+03 0.0000000e+00
5.6999999e+03 0.0000000e+00
5.7019987e+03 0.0000000e+00
5.7039989e+03 0.0000000e+00
5.7060006e+03 0.0000000e+00
5.7080004e+03 0.0000000e+00
5.7100016e+03 0.0000000e+00
5.7120011e+03 0.0000000e+00
5.7140015e+03 0.0000000e+00
5.7160006e+03 0.0000000e+00
5.7180007e+03 0.0000000e+00
5.7199993e+03 0.0000000e+00
5.7219990e+03 0.0000000e+00
5.7240001e+03 0.0000000e+00
5.7259993e+03 0.0000000e+00
5.7280000e+03 0.0000000e+00
5.7299988e+03 0.0000000e+00
5.7319991e+03 0.0000000e+00
5.7340007e+03 0.0000000e+00
5.7360006e+03 0.0000000e+00
5.7379986e+03 0.0000000e+00
5.7400008e+03 0.0000000e+00
5.7420016e+03 0.0000000e+00
5.7440002e+03 0.0000000e+00
5.7460005e+03 0.0000000e+00
5.7480019e+03 0.0000000e+00
5.7500014e+03 0.0000000e+00
5.7519991e+03 0.0000000e+00
5.7540014e+03 0.0000000e+00
5.7559986e+03 0.0000000e+00
5.7580005e+03 0.0000000e+00
5.7600005e+03 0.0000000e+00
5.7620015e+03 0.0000000e+00
5.7640010e+03 0.0000000e+00
5.7659983e+03 0.0000000e+00
5.7680006e+03 0.0000000e+00
5.7700007e+03 0.0000000e+00
5.7719993e+03 0.0000000e+00
5.7739988e+03 0.0000000e+00
5.7759998e+03 0.0000000e+00
5.7779989e+03 0.0000000e+00
5.7799993e+03 0.0000000e+00
5.7820012e+03 0.0000000e+00
5.7840012e+03 0.0000000e+00
5.7859988e+03 0.0000000e+00
5.7879983e+03 0.0000000e+00
5.7899992e+03 0.0000000e+00
5.7920010e+03 0.0000000e+00
5.7940013e+03 0.0000000e+00
5.7959994e+03 0.0000000e+00
5.7979988e+03 0.0000000e+00
5.8000000e+03 0.0000000e+00
5.8019989e+03 0.0000000e+00
5.8039991e+03 0.0000000e+00
5.8060008e+03 0.0000000e+00
5.8080005e+03 0.0000000e+00
5.8100012e+03 0.0000000e+00
5.8120004e+03 0.0000000e+00
5.8140009e+03 0.0000000e+00
5.8159992e+03 0.0000000e+00
5.8179992e+03 0.0000000e+00
5.8200002e+03 0.0000000e+00
5.8219992e+03 0.0000000e+00
5.8240000e+03 0.0000000e+00
5.8260018e+03 0.0000000e+00
5.8280017e+03 0.0000000e+00
5.8299996e+03 0.0000000e+00
5.8319989e+03 0.0000000e+00
5.8339995e+03 0.0000000e+00
5.8360015e+03 0.0000000e+00
5.8380012e+03 0.0000000e+00
5.8399993e+03 0.0000000e+00
5.8419983e+03 0.0000000e+00
5.8439992e+03 0.0000000e+00
5.8460010e+03 0.0000000e+00
5.8480012e+03 0.0000000e+00
5.8499991e+03 0.0000000e+00
5.8520016e+03 0.0000000e+00
5.8539989e+03 0.0000000e+00
5.8560009e+03 0.0000000e+00
5.8580008e+03 0.0000000e+00
5.8599988e+03 0.0000000e+00
5.8620015e+03 0.0000000e+00
5.8639985e+03 0.0000000e+00
5.8660006e+03 0.0000000e+00
5.8680006e+03 0.0000000e+00
5.8699983e+03 0.0000000e+00
5.8720011e+03 0.0000000e+00
5.8740015e+03 0.0000000e+00
5.8759999e+03 0.0000000e+00
5.8779996e+03 0.0000000e+00
5.8800008e+03 0.0000000e+00
5.8819998e+03 0.0000000e+00
5.8840003e+03 0.0000000e+00
5.8859987e+03 0.0000000e+00
5.8879985e+03 0.0000000e+00
5.8899997e+03 0.0000000e+00
5.8919983e+03 0.0000000e+00
5.8939988e+03 0.0000000e+00
5.8960007e+03 0.0000000e+00
5.8980000e+03 0.0000000e+00
5.9000007e+03 0.0000000e+00
5.9019999e+03 0.0000000e+00
5.9039999e+03 0.0000000e+00
5.9060013e+03 0.0000000e+00
5.9080006e+03 0.0000000e+00
5.9100013e+03 0.0000000e+00
5.9120000e+03 0.0000000e+00
5.9140000e+03 0.0000000e+00
5.9160009e+03 0.0000000e+00
5.9180002e+03 0.0000000e+00
5.9200008e+03 0.0000000e+00
5.9219989e+03 0.0000000e+00
5.9239988e+03 0.0000000e+00
5.9259997e+03 0.0000000e+00
5.9279984e+03 0.0000000e+00
5.9299989e+03 0.0000000e+00
5.9320004e+03 0.0000000e+00
5.9339998e+03 0.0000000e+00
5.9360005e+03 0.0000000e+00
5.9379991e+03 0.0000000e+00
5.9399990e+03 0.0000000e+00
5.9419999e+03 0.0000000e+00
5.9439991e+03 0.0000000e+00
5.9459997e+03 0.0000000e+00
5.9480012e+03 0.0000000e+00
5.9500010e+03 0.0000000e+00
5.9519982e+03 0.0000000e+00
5.9540007e+03 0.0000000e+00
5.9560006e+03 0.0000000e+00
5.9579984e+03 0.0000000e+00
5.9600011e+03 0.0000000e+00
5.9619981e+03 0.0000000e+00
5.9639999e+03 0.0000000e+00
5.9659996e+03 0.0000000e+00
5.9680007e+03 0.0000000e+00
5.9699996e+03 0.0000000e+00
5.9719998e+03 0.0000000e+00
5.9740010e+03 0.0000000e+00
5.9760004e+03 0.0000000e+00
5.9780008e+03 0.0000000e+00
5.9799994e+03 0.0000000e+00
5.9819989e+03 0.0000000e+00
5.9839998e+03 0.0000000e+00
5.9859990e+03 0.0000000e+00
5.9879990e+03 0.0000000e+00
5.9900004e+03 0.0000000e+00
5.9919996e+03 0.0000000e+00
5.9940001e+03 0.0000000e+00
5.9959981e+03 0.0000000e+00
5.9980013e+03 0.0000000e+00
