9.7370983e+03 3.5639999e-03
9.7465887e+03 3.5590001e-03
9.7560976e+03 3.5500000e-03
9.7656250e+03 3.5379999e-03
9.7751711e+03 3.5260001e-03
9.7847358e+03 3.5190000e-03
9.7943193e+03 3.5250001e-03
9.8039216e+03 3.5500000e-03
9.8135427e+03 3.6009999e-03
9.8231827e+03 3.6800001e-03
9.8328417e+03 3.7860000e-03
9.8425197e+03 3.9160000e-03
9.8522167e+03 4.0600002e-03
9.8619329e+03 4.2099999e-03
9.8716683e+03 4.3509998e-03
9.8814229e+03 4.4749998e-03
9.8911968e+03 4.5710001e-03
9.9009901e+03 4.6319999e-03
9.9108028e+03 4.6549998e-03
9.9206349e+03 4.6390002e-03
9.9304866e+03 4.5889998e-03
9.9403579e+03 4.5130001e-03
9.9502488e+03 4.4209999e-03
9.9601594e+03 4.3250001e-03
9.9700897e+03 4.2369999e-03
9.9800399e+03 4.1689998e-03
9.9900100e+03 4.1279998e-03
1.0000000e+04 4.1330000e-03
1.0010010e+04 4.1850000e-03
1.0020040e+04 4.2780000e-03
1.0030090e+04 4.4080000e-03
1.0040161e+04 4.5710001e-03
1.0050251e+04 4.7610002e-03
1.0060362e+04 4.9740002e-03
1.0070493e+04 5.2069998e-03
1.0080645e+04 5.4580001e-03
1.0090817e+04 5.7259998e-03
1.0101010e+04 6.0089999e-03
1.0111223e+04 6.3049998e-03
1.0121457e+04 6.6060000e-03
1.0131712e+04 6.9030002e-03
1.0141988e+04 7.1899998e-03
1.0152284e+04 7.4600000e-03
1.0162602e+04 7.7100000e-03
1.0172940e+04 7.9389997e-03
1.0183299e+04 8.1470003e-03
1.0193680e+04 8.3339997e-03
1.0204082e+04 8.5030003e-03
1.0214505e+04 8.6530000e-03
1.0224949e+04 8.7869996e-03
1.0235415e+04 8.9119999e-03
1.0245902e+04 9.0340003e-03
1.0256410e+04 9.1629997e-03
1.0266940e+04 9.3120001e-03
1.0277492e+04 9.4910003e-03
1.0288066e+04 9.7120004e-03
1.0298661e+04 9.9839997e-03
1.0309278e+04 1.0310000e-02
1.0319917e+04 1.0690000e-02
1.0330579e+04 1.1120000e-02
1.0341262e+04 1.1590000e-02
1.0351967e+04 1.2090000e-02
1.0362694e+04 1.2610000e-02
1.0373444e+04 1.3160000e-02
1.0384216e+04 1.3710000e-02
1.0395010e+04 1.4250000e-02
1.0405827e+04 1.4790000e-02
1.0416667e+04 1.5310000e-02
1.0427529e+04 1.5799999e-02
1.0438413e+04 1.6260000e-02
1.0449321e+04 1.6659999e-02
1.0460251e+04 1.7030001e-02
1.0471204e+04 1.7370000e-02
1.0482180e+04 1.7710000e-02
1.0493179e+04 1.8040000e-02
1.0504202e+04 1.8390000e-02
1.0515247e+04 1.8750001e-02
1.0526316e+04 1.9110000e-02
1.0537408e+04 1.9440001e-02
1.0548523e+04 1.9740000e-02
1.0559662e+04 2.0000000e-02
1.0570825e+04 2.0210000e-02
1.0582011e+04 2.0390000e-02
1.0593220e+04 2.0540001e-02
1.0604454e+04 2.0690000e-02
1.0615711e+04 2.0850001e-02
1.0626993e+04 2.1029999e-02
1.0638298e+04 2.1240000e-02
1.0649627e+04 2.1480000e-02
1.0660981e+04 2.1749999e-02
1.0672359e+04 2.2040000e-02
1.0683761e+04 2.2320000e-02
1.0695187e+04 2.2590000e-02
1.0706638e+04 2.2840001e-02
1.0718114e+04 2.3060000e-02
1.0729614e+04 2.3250001e-02
1.0741139e+04 2.3440000e-02
1.0752688e+04 2.3620000e-02
1.0764263e+04 2.3820000e-02
1.0775862e+04 2.4049999e-02
1.0787487e+04 2.4340000e-02
1.0799136e+04 2.4700001e-02
1.0810811e+04 2.5160000e-02
1.0822511e+04 2.5730001e-02
1.0834236e+04 2.6400000e-02
1.0845987e+04 2.7179999e-02
1.0857763e+04 2.8069999e-02
1.0869565e+04 2.9030001e-02
1.0881393e+04 3.0090000e-02
1.0893246e+04 3.1220000e-02
1.0905125e+04 3.2389998e-02
1.0917031e+04 3.3599999e-02
1.0928962e+04 3.4830000e-02
1.0940919e+04 3.6070000e-02
1.0952903e+04 3.7330002e-02
1.0964912e+04 3.8640000e-02
1.0976948e+04 4.0029999e-02
1.0989011e+04 4.1529998e-02
1.1001100e+04 4.3159999e-02
1.1013216e+04 4.4890001e-02
1.1025358e+04 4.6670001e-02
1.1037528e+04 4.8439998e-02
1.1049724e+04 5.0159998e-02
1.1061947e+04 5.1819999e-02
1.1074197e+04 5.3429998e-02
1.1086475e+04 5.5080000e-02
1.1098779e+04 5.6820001e-02
1.1111111e+04 5.8740001e-02
1.1123471e+04 6.0869999e-02
1.1135857e+04 6.3210003e-02
1.1148272e+04 6.5750003e-02
1.1160714e+04 6.8510003e-02
1.1173184e+04 7.1489997e-02
1.1185682e+04 7.4759997e-02
1.1198208e+04 7.8400001e-02
1.1210762e+04 8.2630001e-02
1.1223345e+04 8.7700002e-02
1.1235955e+04 9.3680002e-02
1.1248594e+04 1.0060000e-01
1.1261261e+04 1.0860000e-01
1.1273957e+04 1.1770000e-01
1.1286682e+04 1.2800001e-01
1.1299435e+04 1.3959999e-01
1.1312217e+04 1.5330000e-01
1.1325028e+04 1.6920000e-01
1.1337868e+04 1.8750000e-01
1.1350738e+04 2.0840000e-01
1.1363636e+04 2.3199999e-01
1.1376564e+04 2.5749999e-01
1.1389522e+04 2.8459999e-01
1.1402509e+04 3.1250000e-01
1.1415525e+04 3.4060001e-01
1.1428571e+04 3.6790001e-01
1.1441648e+04 3.9390001e-01
1.1454754e+04 4.1800001e-01
1.1467890e+04 4.4020000e-01
1.1481056e+04 4.6020001e-01
1.1494253e+04 4.7780001e-01
1.1507480e+04 4.9349999e-01
1.1520737e+04 5.0739998e-01
1.1534025e+04 5.2020001e-01
1.1547344e+04 5.3240001e-01
1.1560694e+04 5.4439998e-01
1.1574074e+04 5.5669999e-01
1.1587486e+04 5.6910002e-01
1.1600928e+04 5.8230001e-01
1.1614402e+04 5.9640002e-01
1.1627907e+04 6.1159998e-01
1.1641444e+04 6.2800002e-01
1.1655012e+04 6.4569998e-01
1.1668611e+04 6.6399997e-01
1.1682243e+04 6.8290001e-01
1.1695906e+04 7.0200002e-01
1.1709602e+04 7.2070003e-01
1.1723329e+04 7.3790002e-01
1.1737089e+04 7.5300002e-01
1.1750881e+04 7.6590002e-01
1.1764706e+04 7.7719998e-01
1.1778563e+04 7.8829998e-01
1.1792453e+04 7.9990000e-01
1.1806375e+04 8.1129998e-01
1.1820331e+04 8.2139999e-01
1.1834320e+04 8.2830000e-01
1.1848341e+04 8.3270001e-01
1.1862396e+04 8.3600003e-01
1.1876485e+04 8.4119999e-01
1.1890606e+04 8.5070002e-01
1.1904762e+04 8.6729997e-01
1.1918951e+04 8.8980001e-01
1.1933174e+04 9.1720003e-01
1.1947431e+04 9.4520003e-01
1.1961722e+04 9.7000003e-01
1.1976048e+04 9.8790002e-01
1.1990408e+04 9.9800003e-01
1.2004802e+04 9.9940002e-01
1.2019231e+04 9.9489999e-01
1.2033694e+04 9.8549998e-01
1.2048193e+04 9.7340000e-01
1.2062726e+04 9.6030003e-01
1.2077295e+04 9.4819999e-01
1.2091898e+04 9.3820000e-01
1.2106538e+04 9.3070000e-01
1.2121212e+04 9.2479998e-01
1.2135922e+04 9.2009997e-01
1.2150668e+04 9.1640002e-01
1.2165450e+04 9.1420001e-01
1.2180268e+04 9.1380000e-01
1.2195122e+04 9.1509998e-01
1.2210012e+04 9.1640002e-01
1.2224939e+04 9.1509998e-01
1.2239902e+04 9.0890002e-01
1.2254902e+04 8.9440000e-01
1.2269939e+04 8.7260002e-01
1.2285012e+04 8.4369999e-01
1.2300123e+04 8.1180000e-01
1.2315271e+04 7.7929997e-01
1.2330456e+04 7.4790001e-01
1.2345679e+04 7.1850002e-01
1.2360939e+04 6.9099998e-01
1.2376238e+04 6.6619998e-01
1.2391574e+04 6.4459997e-01
1.2406948e+04 6.2730002e-01
1.2422360e+04 6.1420000e-01
1.2437811e+04 6.0470003e-01
1.2453300e+04 5.9660000e-01
1.2468828e+04 5.8770001e-01
1.2484395e+04 5.7539999e-01
1.2500000e+04 5.5919999e-01
1.2515645e+04 5.3799999e-01
1.2531328e+04 5.1200002e-01
1.2547051e+04 4.8050001e-01
1.2562814e+04 4.4430000e-01
1.2578616e+04 4.0490001e-01
1.2594458e+04 3.6420000e-01
1.2610340e+04 3.2409999e-01
1.2626263e+04 2.8619999e-01
1.2642225e+04 2.5180000e-01
1.2658228e+04 2.2200000e-01
1.2674271e+04 1.9730000e-01
1.2690355e+04 1.7670000e-01
1.2706480e+04 1.6010000e-01
1.2722646e+04 1.4620000e-01
1.2738854e+04 1.3480000e-01
1.2755102e+04 1.2560000e-01
1.2771392e+04 1.1840000e-01
1.2787724e+04 1.1280000e-01
1.2804097e+04 1.0830000e-01
1.2820513e+04 1.0470000e-01
1.2836970e+04 1.0170000e-01
1.2853470e+04 9.9059999e-02
1.2870013e+04 9.6539997e-02
1.2886598e+04 9.4140001e-02
1.2903226e+04 9.1750003e-02
1.2919897e+04 8.9170001e-02
1.2936611e+04 8.6139999e-02
1.2953368e+04 8.2750000e-02
1.2970169e+04 7.9300001e-02
1.2987013e+04 7.6279998e-02
1.3003901e+04 7.3930003e-02
1.3020833e+04 7.2250001e-02
1.3037810e+04 7.1130000e-02
1.3054830e+04 7.0380002e-02
1.3071895e+04 6.9770001e-02
1.3089005e+04 6.9009997e-02
1.3106160e+04 6.7780003e-02
1.3123360e+04 6.6050000e-02
1.3140604e+04 6.3940004e-02
1.3157895e+04 6.1760001e-02
1.3175231e+04 5.9659999e-02
1.3192612e+04 5.7720002e-02
1.3210040e+04 5.5960000e-02
1.3227513e+04 5.4450002e-02
1.3245033e+04 5.3100001e-02
1.3262599e+04 5.1640000e-02
1.3280212e+04 4.9729999e-02
1.3297872e+04 4.7060002e-02
1.3315579e+04 4.3790001e-02
1.3333333e+04 4.0429998e-02
1.3351135e+04 3.7560001e-02
1.3368984e+04 3.5569999e-02
1.3386881e+04 3.4380000e-02
1.3404826e+04 3.3659998e-02
1.3422819e+04 3.3209998e-02
1.3440860e+04 3.3000000e-02
1.3458950e+04 3.3070002e-02
1.3477089e+04 3.3360001e-02
1.3495277e+04 3.3730000e-02
1.3513514e+04 3.4030002e-02
1.3531800e+04 3.4170002e-02
1.3550136e+04 3.4120001e-02
1.3568521e+04 3.3920001e-02
1.3586957e+04 3.3670001e-02
1.3605442e+04 3.3429999e-02
1.3623978e+04 3.3130001e-02
1.3642565e+04 3.2690000e-02
1.3661202e+04 3.1980000e-02
1.3679891e+04 3.1070000e-02
1.3698630e+04 3.0060001e-02
1.3717421e+04 2.9020000e-02
1.3736264e+04 2.7890000e-02
1.3755158e+04 2.6580000e-02
1.3774105e+04 2.5140001e-02
1.3793103e+04 2.3690000e-02
1.3812155e+04 2.2399999e-02
1.3831259e+04 2.1430001e-02
1.3850416e+04 2.0850001e-02
1.3869626e+04 2.0579999e-02
1.3888889e+04 2.0479999e-02
1.3908206e+04 2.0330001e-02
1.3927577e+04 1.9959999e-02
1.3947001e+04 1.9290000e-02
1.3966480e+04 1.8460000e-02
1.3986014e+04 1.7700000e-02
1.4005602e+04 1.7180000e-02
1.4025245e+04 1.6890001e-02
1.4044944e+04 1.6670000e-02
1.4064698e+04 1.6370000e-02
1.4084507e+04 1.5960000e-02
1.4104372e+04 1.5510000e-02
1.4124294e+04 1.5140000e-02
1.4144272e+04 1.4920000e-02
1.4164306e+04 1.4820000e-02
1.4184397e+04 1.4670000e-02
1.4204545e+04 1.4350000e-02
1.4224751e+04 1.3830000e-02
1.4245014e+04 1.3190000e-02
1.4265335e+04 1.2480000e-02
1.4285714e+04 1.1740000e-02
1.4306152e+04 1.1050000e-02
1.4326648e+04 1.0450000e-02
1.4347202e+04 9.9269999e-03
1.4367816e+04 9.4320001e-03
1.4388489e+04 8.8950004e-03
1.4409222e+04 8.2860002e-03
1.4430014e+04 7.6359999e-03
1.4450867e+04 7.0000002e-03
1.4471780e+04 6.4039999e-03
1.4492754e+04 5.8439998e-03
1.4513788e+04 5.3050001e-03
1.4534884e+04 4.7630002e-03
1.4556041e+04 4.1899998e-03
1.4577259e+04 3.5770000e-03
1.4598540e+04 2.9430001e-03
1.4619883e+04 2.3159999e-03
1.4641288e+04 1.7130000e-03
1.4662757e+04 1.1530000e-03
1.4684288e+04 6.6989998e-04
1.4705882e+04 2.8710000e-04
