1.2500000e+04 -6.6995002e-02
1.2503126e+04 -2.1028001e-02
1.2506254e+04 3.7741002e-02
1.2509382e+04 9.3649998e-02
1.2512512e+04 1.3020000e-01
1.2515645e+04 1.3871101e-01
1.2518778e+04 1.2090200e-01
1.2521914e+04 8.8071004e-02
1.2525050e+04 5.4883000e-02
1.2528188e+04 3.3307001e-02
1.2531328e+04 2.9348999e-02
1.2534470e+04 4.1604001e-02
1.2537613e+04 6.4228997e-02
1.2540757e+04 8.9216001e-02
1.2543903e+04 1.0867100e-01
1.2547051e+04 1.1587100e-01
1.2550201e+04 1.0707300e-01
1.2553352e+04 8.3255000e-02
1.2556504e+04 5.0496999e-02
1.2559658e+04 1.9097000e-02
1.2562814e+04 -1.1920000e-03
1.2565972e+04 -5.5069998e-03
1.2569131e+04 2.8840001e-03
1.2572290e+04 1.4638000e-02
1.2575453e+04 1.9288000e-02
1.2578616e+04 1.0800000e-02
1.2581782e+04 -8.3680004e-03
1.2584949e+04 -2.8777000e-02
1.2588116e+04 -3.9267000e-02
1.2591287e+04 -3.3259001e-02
1.2594458e+04 -1.1777000e-02
1.2597632e+04 1.5853999e-02
1.2600807e+04 3.7312001e-02
1.2603982e+04 4.1627001e-02
1.2607161e+04 2.5129000e-02
1.2610340e+04 -6.7469999e-03
1.2613522e+04 -4.0936001e-02
1.2616705e+04 -6.1797999e-02
1.2619889e+04 -5.9556000e-02
1.2623075e+04 -3.4666002e-02
1.2626263e+04 1.4060000e-03
1.2629452e+04 3.2782000e-02
1.2632643e+04 4.6466999e-02
1.2635835e+04 4.0507000e-02
1.2639029e+04 2.2745000e-02
1.2642225e+04 5.6260000e-03
1.2645423e+04 -1.9550000e-03
1.2648622e+04 1.3350000e-03
1.2651821e+04 1.0228000e-02
1.2655024e+04 1.8858001e-02
1.2658228e+04 2.4271000e-02
1.2661433e+04 2.7704000e-02
1.2664641e+04 3.2662999e-02
1.2667849e+04 4.1340999e-02
1.2671059e+04 5.2666001e-02
1.2674271e+04 6.2107999e-02
1.2677485e+04 6.3966997e-02
1.2680700e+04 5.4264002e-02
1.2683916e+04 3.3307001e-02
1.2687135e+04 6.1750002e-03
1.2690355e+04 -1.8477000e-02
1.2693577e+04 -3.3234999e-02
1.2696801e+04 -3.5309002e-02
1.2700025e+04 -2.8156999e-02
1.2703252e+04 -1.8095000e-02
1.2706480e+04 -9.2500001e-03
1.2709710e+04 -3.3300000e-04
1.2712942e+04 1.4019000e-02
1.2716175e+04 3.7884001e-02
1.2719410e+04 6.9403000e-02
1.2722646e+04 1.0089800e-01
1.2725885e+04 1.2211700e-01
1.2729125e+04 1.2598000e-01
1.2732365e+04 1.1258100e-01
1.2735609e+04 8.8500001e-02
1.2738854e+04 6.3680999e-02
1.2742100e+04 4.6610001e-02
1.2745348e+04 4.2438000e-02
1.2748597e+04 5.1688999e-02
1.2751849e+04 7.0905000e-02
1.2755102e+04 9.3530998e-02
1.2758357e+04 1.1141300e-01
1.2761613e+04 1.1711100e-01
1.2764871e+04 1.0571400e-01
1.2768131e+04 7.6912999e-02
1.2771392e+04 3.5190001e-02
1.2774655e+04 -1.0609000e-02
1.2777920e+04 -4.9972001e-02
1.2781186e+04 -7.3003002e-02
1.2784454e+04 -7.4075997e-02
1.2787724e+04 -5.4216001e-02
1.2790995e+04 -2.1122999e-02
1.2794269e+04 1.1730000e-02
1.2797542e+04 3.0398000e-02
1.2800819e+04 2.5653001e-02
1.2804097e+04 -2.5980000e-03
1.2807377e+04 -4.4918001e-02
1.2810659e+04 -8.6139999e-02
1.2813941e+04 -1.1141300e-01
1.2817226e+04 -1.1358200e-01
1.2820513e+04 -9.4293997e-02
1.2823801e+04 -6.2107999e-02
1.2827091e+04 -2.6679000e-02
1.2830382e+04 5.8410000e-03
1.2833675e+04 3.4952000e-02
1.2836970e+04 6.3467003e-02
1.2840267e+04 9.3340002e-02
1.2843566e+04 1.2307100e-01
1.2846865e+04 1.4781900e-01
1.2850167e+04 1.6202900e-01
1.2853470e+04 1.6326900e-01
1.2856776e+04 1.5437600e-01
1.2860083e+04 1.4300300e-01
1.2863390e+04 1.3916400e-01
1.2866701e+04 1.5044200e-01
1.2870013e+04 1.7795500e-01
1.2873327e+04 2.1476699e-01
1.2876642e+04 2.4876501e-01
1.2879958e+04 2.6752901e-01
1.2883277e+04 2.6512101e-01
1.2886598e+04 2.4452201e-01
1.2889920e+04 2.1584000e-01
1.2893244e+04 1.9066299e-01
1.2896569e+04 1.7542800e-01
1.2899897e+04 1.6884799e-01
1.2903226e+04 1.6381700e-01
1.2906557e+04 1.5311199e-01
1.2909889e+04 1.3399100e-01
1.2913223e+04 1.1038700e-01
1.2916559e+04 8.9763999e-02
1.2919897e+04 7.9488002e-02
1.2923236e+04 8.2373001e-02
1.2926577e+04 9.6321002e-02
1.2929919e+04 1.1541800e-01
1.2933264e+04 1.3411000e-01
1.2936611e+04 1.4944001e-01
1.2939959e+04 1.6181400e-01
1.2943309e+04 1.7349701e-01
1.2946659e+04 1.8651401e-01
1.2950013e+04 2.0029500e-01
1.2953368e+04 2.1169101e-01
1.2956725e+04 2.1696000e-01
1.2960083e+04 2.1312200e-01
1.2963443e+04 2.0053300e-01
1.2966805e+04 1.8231800e-01
1.2970169e+04 1.6279200e-01
1.2973534e+04 1.4474300e-01
1.2976902e+04 1.2829299e-01
1.2980270e+04 1.1160300e-01
1.2983640e+04 9.2910998e-02
1.2987013e+04 7.3337004e-02
1.2990387e+04 5.7983000e-02
1.2993763e+04 5.4072998e-02
1.2997140e+04 6.7901000e-02
1.3000520e+04 1.0139900e-01
1.3003901e+04 1.5084700e-01
1.3007284e+04 2.0847300e-01
1.3010669e+04 2.6490599e-01
1.3014055e+04 3.1137401e-01
1.3017443e+04 3.3993700e-01
1.3020833e+04 3.4470499e-01
1.3024225e+04 3.2339001e-01
1.3027619e+04 2.7990299e-01
1.3031013e+04 2.2556700e-01
1.3034411e+04 1.7588100e-01
1.3037810e+04 1.4636500e-01
1.3041210e+04 1.4398000e-01
1.3044613e+04 1.6615300e-01
1.3048016e+04 2.0253600e-01
1.3051422e+04 2.4158899e-01
1.3054830e+04 2.7596900e-01
1.3058240e+04 3.0267200e-01
1.3061651e+04 3.2107800e-01
1.3065064e+04 3.3092400e-01
1.3068479e+04 3.3228299e-01
1.3071895e+04 3.2725301e-01
1.3075314e+04 3.2091099e-01
1.3078734e+04 3.1945699e-01
1.3082156e+04 3.2639500e-01
1.3085579e+04 3.4046099e-01
1.3089005e+04 3.5758001e-01
1.3092433e+04 3.7608099e-01
1.3095862e+04 3.9901701e-01
1.3099292e+04 4.3218100e-01
1.3102725e+04 4.7798100e-01
1.3106160e+04 5.3105301e-01
1.3109596e+04 5.7797402e-01
1.3113035e+04 6.0470098e-01
1.3116474e+04 6.0303199e-01
1.3119916e+04 5.7630497e-01
1.3123360e+04 5.3708500e-01
1.3126805e+04 5.0110799e-01
1.3130253e+04 4.7912499e-01
1.3133701e+04 4.7299799e-01
1.3137152e+04 4.7783801e-01
1.3140604e+04 4.8587301e-01
1.3144059e+04 4.9254799e-01
1.3147516e+04 4.9796101e-01
1.3150973e+04 5.0575697e-01
1.3154433e+04 5.1927501e-01
1.3157895e+04 5.3880203e-01
1.3161358e+04 5.6149900e-01
1.3164824e+04 5.8486402e-01
1.3168290e+04 6.0861099e-01
1.3171760e+04 6.3393098e-01
1.3175231e+04 6.6110998e-01
1.3178703e+04 6.8802798e-01
1.3182178e+04 7.1208400e-01
1.3185654e+04 7.3413801e-01
1.3189132e+04 7.6062602e-01
1.3192612e+04 8.0149102e-01
1.3196094e+04 8.6455297e-01
1.3199578e+04 9.4897699e-01
1.3203063e+04 1.0443439e+00
1.3206550e+04 1.1347049e+00
1.3210040e+04 1.2052770e+00
1.3213531e+04 1.2491460e+00
1.3217024e+04 1.2672180e+00
1.3220518e+04 1.2677660e+00
1.3224015e+04 1.2612580e+00
1.3227513e+04 1.2588260e+00
1.3231014e+04 1.2692680e+00
1.3234516e+04 1.2967100e+00
1.3238019e+04 1.3415810e+00
1.3241525e+04 1.4006130e+00
1.3245033e+04 1.4698980e+00
1.3248543e+04 1.5451900e+00
1.3252054e+04 1.6221280e+00
1.3255567e+04 1.6958950e+00
1.3259082e+04 1.7606010e+00
1.3262599e+04 1.8113850e+00
1.3266119e+04 1.8465750e+00
1.3269639e+04 1.8701310e+00
1.3273161e+04 1.8912070e+00
1.3276686e+04 1.9201270e+00
1.3280212e+04 1.9663330e+00
1.3283741e+04 2.0334949e+00
1.3287271e+04 2.1223300e+00
1.3290802e+04 2.2294991e+00
1.3294336e+04 2.3502109e+00
1.3297872e+04 2.4806731e+00
1.3301410e+04 2.6161671e+00
1.3304950e+04 2.7549980e+00
1.3308490e+04 2.8949490e+00
1.3312034e+04 3.0348301e+00
1.3315579e+04 3.1724689e+00
1.3319126e+04 3.3035271e+00
1.3322676e+04 3.4260271e+00
1.3326226e+04 3.5385599e+00
1.3329779e+04 3.6484711e+00
1.3333333e+04 3.7687540e+00
1.3336890e+04 3.9155481e+00
1.3340449e+04 4.1037550e+00
1.3344008e+04 4.3361421e+00
1.3347571e+04 4.6073670e+00
1.3351135e+04 4.9009562e+00
1.3354701e+04 5.1987171e+00
1.3358269e+04 5.4884429e+00
1.3361838e+04 5.7632442e+00
1.3365410e+04 6.0292482e+00
1.3368984e+04 6.2923431e+00
1.3372560e+04 6.5642591e+00
1.3376137e+04 6.8553920e+00
1.3379716e+04 7.1744680e+00
1.3383297e+04 7.5343838e+00
1.3386881e+04 7.9392910e+00
1.3390466e+04 8.3951712e+00
1.3394053e+04 8.8959694e+00
1.3397642e+04 9.4306231e+00
1.3401233e+04 9.9878778e+00
1.3404826e+04 1.0551238e+01
1.3408421e+04 1.1121296e+01
1.3412018e+04 1.1698865e+01
1.3415615e+04 1.2299394e+01
1.3419216e+04 1.2941360e+01
1.3422819e+04 1.3636803e+01
1.3426423e+04 1.4401817e+01
1.3430030e+04 1.5233540e+01
1.3433637e+04 1.6134380e+01
1.3437248e+04 1.7097067e+01
1.3440860e+04 1.8113207e+01
1.3444475e+04 1.9180346e+01
1.3448091e+04 2.0285772e+01
1.3451708e+04 2.1434950e+01
1.3455328e+04 2.2630428e+01
1.3458950e+04 2.3888159e+01
1.3462574e+04 2.5226807e+01
1.3466200e+04 2.6651596e+01
1.3469827e+04 2.8166485e+01
1.3473457e+04 2.9753279e+01
1.3477089e+04 3.1399988e+01
1.3480723e+04 3.3098007e+01
1.3484359e+04 3.4848068e+01
1.3487995e+04 3.6661743e+01
1.3491635e+04 3.8538216e+01
1.3495277e+04 4.0474628e+01
1.3498920e+04 4.2459011e+01
1.3502566e+04 4.4482182e+01
1.3506212e+04 4.6542622e+01
1.3509862e+04 4.8638130e+01
1.3513514e+04 5.0764584e+01
1.3517167e+04 5.2911377e+01
1.3520823e+04 5.5065228e+01
1.3524479e+04 5.7216190e+01
1.3528138e+04 5.9358547e+01
1.3531800e+04 6.1485146e+01
1.3535463e+04 6.3588905e+01
1.3539129e+04 6.5652176e+01
1.3542795e+04 6.7662933e+01
1.3546464e+04 6.9612740e+01
1.3550136e+04 7.1497604e+01
1.3553809e+04 7.3321724e+01
1.3557484e+04 7.5071884e+01
1.3561160e+04 7.6739189e+01
1.3564840e+04 7.8306366e+01
1.3568521e+04 7.9765724e+01
1.3572204e+04 8.1126045e+01
1.3575890e+04 8.2391808e+01
1.3579576e+04 8.3580139e+01
1.3583265e+04 8.4684395e+01
1.3586957e+04 8.5697456e+01
1.3590650e+04 8.6609650e+01
1.3594345e+04 8.7410309e+01
1.3598041e+04 8.8111710e+01
1.3601741e+04 8.8713692e+01
1.3605442e+04 8.9231010e+01
1.3609146e+04 8.9667847e+01
1.3612851e+04 9.0026596e+01
1.3616557e+04 9.0321472e+01
1.3620267e+04 9.0555145e+01
1.3623978e+04 9.0752312e+01
1.3627692e+04 9.0921684e+01
1.3631407e+04 9.1071533e+01
1.3635124e+04 9.1201088e+01
1.3638843e+04 9.1291595e+01
1.3642565e+04 9.1340614e+01
1.3646288e+04 9.1334198e+01
1.3650014e+04 9.1278244e+01
1.3653741e+04 9.1176270e+01
1.3657470e+04 9.1026070e+01
1.3661202e+04 9.0832970e+01
1.3664936e+04 9.0582298e+01
1.3668672e+04 9.0276291e+01
1.3672409e+04 8.9908150e+01
1.3676149e+04 8.9481064e+01
1.3679891e+04 8.9007690e+01
1.3683635e+04 8.8487747e+01
1.3687381e+04 8.7929626e+01
1.3691128e+04 8.7314651e+01
1.3694878e+04 8.6626770e+01
1.3698630e+04 8.5847328e+01
1.3702384e+04 8.4961273e+01
1.3706141e+04 8.3976074e+01
1.3709898e+04 8.2891510e+01
1.3713659e+04 8.1723305e+01
1.3717421e+04 8.0476616e+01
1.3721186e+04 7.9154297e+01
1.3724952e+04 7.7762222e+01
1.3728720e+04 7.6292229e+01
1.3732491e+04 7.4745270e+01
1.3736264e+04 7.3109123e+01
1.3740039e+04 7.1379044e+01
1.3743816e+04 6.9560600e+01
1.3747594e+04 6.7666168e+01
1.3751375e+04 6.5725777e+01
1.3755158e+04 6.3759708e+01
1.3758944e+04 6.1782310e+01
1.3762731e+04 5.9791706e+01
1.3766519e+04 5.7776855e+01
1.3770311e+04 5.5733013e+01
1.3774105e+04 5.3662251e+01
1.3777900e+04 5.1578522e+01
1.3781698e+04 4.9497650e+01
1.3785497e+04 4.7433090e+01
1.3789299e+04 4.5396114e+01
1.3793103e+04 4.3397617e+01
1.3796910e+04 4.1446255e+01
1.3800718e+04 3.9552425e+01
1.3804527e+04 3.7719749e+01
1.3808340e+04 3.5949921e+01
1.3812155e+04 3.4242390e+01
1.3815971e+04 3.2592773e+01
1.3819790e+04 3.1007599e+01
1.3823610e+04 2.9489492e+01
1.3827433e+04 2.8048754e+01
1.3831259e+04 2.6686716e+01
1.3835086e+04 2.5391769e+01
1.3838915e+04 2.4152540e+01
1.3842746e+04 2.2948122e+01
1.3846580e+04 2.1780872e+01
1.3850416e+04 2.0659254e+01
1.3854253e+04 1.9601870e+01
1.3858094e+04 1.8624567e+01
1.3861935e+04 1.7718649e+01
1.3865779e+04 1.6872286e+01
1.3869626e+04 1.6058563e+01
1.3873474e+04 1.5263986e+01
1.3877325e+04 1.4487171e+01
1.3881177e+04 1.3730359e+01
1.3885032e+04 1.3006591e+01
1.3888889e+04 1.2314796e+01
1.3892748e+04 1.1660480e+01
1.3896610e+04 1.1044907e+01
1.3900472e+04 1.0470581e+01
1.3904338e+04 9.9429359e+00
1.3908206e+04 9.4547739e+00
1.3912076e+04 9.0015640e+00
1.3915948e+04 8.5733891e+00
1.3919821e+04 8.1700563e+00
1.3923698e+04 7.7996488e+00
1.3927577e+04 7.4676270e+00
1.3931457e+04 7.1789021e+00
1.3935340e+04 6.9212670e+00
1.3939225e+04 6.6812510e+00
1.3943112e+04 6.4435949e+00
1.3947001e+04 6.2000031e+00
1.3950893e+04 5.9533110e+00
1.3954787e+04 5.7061191e+00
1.3958682e+04 5.4645529e+00
1.3962580e+04 5.2265401e+00
1.3966480e+04 4.9875021e+00
1.3970383e+04 4.7449579e+00
1.3974288e+04 4.4980040e+00
1.3978194e+04 4.2550802e+00
1.3982103e+04 4.0245771e+00
1.3986014e+04 3.8168190e+00
1.3989927e+04 3.6387680e+00
1.3993843e+04 3.4917350e+00
1.3997760e+04 3.3745761e+00
1.4001680e+04 3.2800190e+00
1.4005602e+04 3.2001009e+00
1.4009527e+04 3.1240461e+00
1.4013453e+04 3.0418150e+00
1.4017381e+04 2.9489040e+00
1.4021312e+04 2.8465030e+00
1.4025245e+04 2.7436969e+00
1.4029181e+04 2.6488540e+00
1.4033119e+04 2.5663371e+00
1.4037057e+04 2.4915209e+00
1.4040999e+04 2.4135351e+00
1.4044944e+04 2.3232689e+00
1.4048890e+04 2.2176020e+00
1.4052839e+04 2.1043770e+00
1.4056789e+04 1.9968270e+00
1.4060742e+04 1.9075871e+00
1.4064698e+04 1.8435709e+00
1.4068655e+04 1.8028730e+00
1.4072615e+04 1.7782210e+00
1.4076576e+04 1.7586460e+00
1.4080540e+04 1.7328500e+00
1.4084507e+04 1.6928910e+00
1.4088476e+04 1.6353130e+00
1.4092447e+04 1.5621420e+00
1.4096419e+04 1.4784811e+00
1.4100395e+04 1.3906000e+00
1.4104372e+04 1.3046499e+00
1.4108352e+04 1.2269970e+00
1.4112335e+04 1.1646270e+00
1.4116318e+04 1.1246440e+00
1.4120305e+04 1.1121030e+00
1.4124294e+04 1.1265270e+00
1.4128285e+04 1.1603830e+00
1.4132279e+04 1.2013431e+00
1.4136273e+04 1.2364140e+00
1.4140271e+04 1.2572761e+00
1.4144272e+04 1.2616150e+00
1.4148274e+04 1.2518160e+00
1.4152279e+04 1.2317179e+00
1.4156285e+04 1.2027971e+00
1.4160294e+04 1.1637440e+00
1.4164306e+04 1.1123890e+00
1.4168320e+04 1.0486360e+00
1.4172336e+04 9.7727698e-01
1.4176353e+04 9.0939897e-01
1.4180374e+04 8.5802001e-01
1.4184397e+04 8.3332002e-01
1.4188422e+04 8.3763498e-01
1.4192450e+04 8.6355197e-01
1.4196479e+04 8.9719200e-01
1.4200511e+04 9.2434800e-01
1.4204545e+04 9.3722302e-01
1.4208582e+04 9.3593502e-01
1.4212621e+04 9.2673302e-01
1.4216661e+04 9.1433501e-01
1.4220705e+04 8.9638197e-01
1.4224751e+04 8.6245501e-01
1.4228799e+04 8.0118102e-01
1.4232850e+04 7.0869899e-01
1.4236902e+04 5.9587902e-01
1.4240957e+04 4.8513401e-01
1.4245014e+04 4.0280801e-01
1.4249074e+04 3.6575699e-01
1.4253136e+04 3.7476999e-01
1.4257199e+04 4.1680300e-01
1.4261266e+04 4.7309300e-01
1.4265335e+04 5.2855003e-01
1.4269407e+04 5.7415903e-01
1.4273480e+04 6.0567802e-01
1.4277555e+04 6.2045997e-01
1.4281634e+04 6.1747998e-01
1.4285714e+04 5.9802502e-01
1.4289797e+04 5.6483698e-01
1.4293883e+04 5.2003801e-01
1.4297969e+04 4.6422401e-01
1.4302059e+04 3.9863500e-01
1.4306152e+04 3.2937500e-01
1.4310246e+04 2.6926899e-01
1.4314343e+04 2.3543800e-01
1.4318442e+04 2.4113600e-01
1.4322543e+04 2.8571999e-01
1.4326648e+04 3.5433701e-01
1.4330754e+04 4.2233399e-01
1.4334863e+04 4.6913600e-01
1.4338973e+04 4.8482400e-01
1.4343086e+04 4.7216401e-01
1.4347202e+04 4.4054899e-01
1.4351321e+04 3.9970800e-01
1.4355441e+04 3.5405099e-01
1.4359563e+04 3.0171800e-01
1.4363688e+04 2.3939601e-01
1.4367816e+04 1.7089801e-01
1.4371946e+04 1.1050700e-01
1.4376079e+04 7.8582004e-02
1.4380212e+04 8.9311004e-02
1.4384350e+04 1.4040400e-01
1.4388489e+04 2.1357501e-01
1.4392631e+04 2.8355101e-01
1.4396776e+04 3.3164001e-01
1.4400921e+04 3.5052201e-01
1.4405070e+04 3.4537300e-01
1.4409222e+04 3.2634699e-01
1.4413376e+04 3.0310100e-01
1.4417532e+04 2.8128600e-01
1.4421690e+04 2.6330900e-01
1.4425851e+04 2.5026700e-01
1.4430014e+04 2.4263801e-01
1.4434180e+04 2.3934799e-01
1.4438349e+04 2.3608200e-01
1.4442518e+04 2.2611600e-01
1.4446691e+04 2.0372801e-01
1.4450867e+04 1.6882400e-01
1.4455045e+04 1.2903200e-01
1.4459225e+04 9.6773997e-02
1.4463407e+04 8.4996000e-02
1.4467592e+04 1.0151800e-01
1.4471780e+04 1.4774700e-01
1.4475970e+04 2.1700799e-01
1.4480163e+04 2.9656801e-01
1.4484356e+04 3.6957201e-01
1.4488554e+04 4.2159501e-01
1.4492754e+04 4.4806001e-01
1.4496956e+04 4.5266101e-01
1.4501161e+04 4.4212300e-01
1.4505366e+04 4.1959199e-01
1.4509576e+04 3.8492599e-01
1.4513788e+04 3.3829200e-01
1.4518003e+04 2.8290701e-01
1.4522220e+04 2.2389799e-01
1.4526438e+04 1.6834700e-01
1.4530659e+04 1.2483500e-01
1.4534884e+04 1.0378300e-01
1.4539110e+04 1.1048300e-01
1.4543340e+04 1.3828200e-01
1.4547570e+04 1.6767900e-01
1.4551804e+04 1.7495100e-01
1.4556041e+04 1.4531600e-01
1.4560280e+04 8.0132000e-02
1.4564521e+04 -2.8840001e-03
1.4568764e+04 -8.0298997e-02
1.4573011e+04 -1.3146400e-01
1.4577259e+04 -1.4846300e-01
1.4581511e+04 -1.3585000e-01
1.4585765e+04 -1.0519000e-01
1.4590020e+04 -6.5206997e-02
1.4594279e+04 -1.6641000e-02
1.4598540e+04 4.5584999e-02
1.4602804e+04 1.2362000e-01
1.4607070e+04 2.1009400e-01
1.4611338e+04 2.8519601e-01
1.4615609e+04 3.2517901e-01
1.4619883e+04 3.1456900e-01
1.4624159e+04 2.5534600e-01
1.4628438e+04 1.6736899e-01
1.4632718e+04 7.6555997e-02
1.4637002e+04 3.9329999e-03
1.4641288e+04 -4.1841999e-02
1.4645577e+04 -6.0963001e-02
1.4649869e+04 -5.7553999e-02
1.4654161e+04 -3.8456000e-02
1.4658458e+04 -1.2636000e-02
1.4662757e+04 1.1324000e-02
1.4667058e+04 2.9301001e-02
1.4671362e+04 4.1413002e-02
1.4675667e+04 4.8565000e-02
1.4679976e+04 4.7850002e-02
1.4684288e+04 3.4570001e-02
1.4688602e+04 6.6040000e-03
1.4692919e+04 -3.3163998e-02
1.4697236e+04 -7.8152999e-02
1.4701558e+04 -1.2032900e-01
1.4705882e+04 -1.5156201e-01
1.4710209e+04 -1.6410300e-01
1.4714538e+04 -1.5373200e-01
1.4718869e+04 -1.2261800e-01
1.4723204e+04 -7.9320997e-02
1.4727541e+04 -3.5381000e-02
1.4731880e+04 5.9600000e-04
1.4736222e+04 2.5463000e-02
1.4740566e+04 4.0649999e-02
1.4744913e+04 4.8661001e-02
1.4749263e+04 5.1236000e-02
1.4753615e+04 4.9281001e-02
1.4757970e+04 4.4775002e-02
1.4762326e+04 4.2676002e-02
1.4766686e+04 5.0758999e-02
1.4771049e+04 7.5602002e-02
1.4775414e+04 1.1663400e-01
1.4779782e+04 1.6100401e-01
1.4784151e+04 1.9009100e-01
1.4788524e+04 1.8911301e-01
1.4792899e+04 1.5890500e-01
1.4797278e+04 1.1351100e-01
1.4801658e+04 6.9880001e-02
1.4806040e+04 3.5381000e-02
1.4810426e+04 7.9629999e-03
1.4814815e+04 -1.6807999e-02
1.4819206e+04 -3.8169999e-02
1.4823600e+04 -5.0257999e-02
1.4827995e+04 -4.9710002e-02
1.4832394e+04 -4.2986002e-02
1.4836795e+04 -4.3701999e-02
1.4841199e+04 -6.1797999e-02
1.4845606e+04 -9.1123000e-02
1.4850014e+04 -1.1003000e-01
1.4854426e+04 -9.3102001e-02
1.4858841e+04 -3.0207001e-02
1.4863258e+04 6.7734003e-02
1.4867678e+04 1.7242400e-01
1.4872099e+04 2.5703901e-01
1.4876525e+04 3.0844200e-01
1.4880952e+04 3.2608500e-01
1.4885383e+04 3.1990999e-01
1.4889816e+04 3.0078799e-01
1.4894250e+04 2.7243999e-01
1.4898689e+04 2.3505600e-01
1.4903130e+04 1.9583701e-01
1.4907573e+04 1.6450800e-01
1.4912020e+04 1.4262100e-01
1.4916467e+04 1.3072400e-01
1.4920919e+04 1.4173900e-01
1.4925373e+04 1.9218899e-01
1.4929830e+04 2.7503899e-01
1.4934290e+04 3.5042700e-01
1.4938751e+04 3.9350900e-01
1.4943216e+04 4.0731400e-01
1.4947683e+04 3.5479000e-01
1.4952153e+04 1.2142600e-01
1.4956626e+04 -4.0511999e-01
1.4961101e+04 -1.0985370e+00
1.4965579e+04 -1.5870800e+00
1.4970060e+04 -1.5249720e+00
1.4974544e+04 -9.5918101e-01
1.4979030e+04 -2.9118001e-01
1.4983518e+04 6.6995002e-02
1.4988009e+04 8.3636999e-02
1.4992504e+04 -1.2469000e-02
1.4997001e+04 -1.5997000e-02
1.5001501e+04 6.0224000e-02
1.5006002e+04 1.0318700e-01
1.5010507e+04 8.6355001e-02
1.5015015e+04 7.3050998e-02
1.5019526e+04 1.0793200e-01
1.5024039e+04 1.7294800e-01
1.5028554e+04 2.2904800e-01
1.5033072e+04 2.6514500e-01
1.5037594e+04 2.8402799e-01
1.5042118e+04 2.7127200e-01
1.5046645e+04 2.0687500e-01
1.5051173e+04 9.3649998e-02
1.5055706e+04 -3.5976999e-02
1.5060241e+04 -1.4207301e-01
1.5064779e+04 -1.9736201e-01
1.5069319e+04 -1.9199800e-01
1.5073861e+04 -1.3556400e-01
1.5078407e+04 -5.1259000e-02
1.5082956e+04 3.6883000e-02
1.5087508e+04 1.0893300e-01
1.5092062e+04 1.5385100e-01
1.5096618e+04 1.6880000e-01
1.5101178e+04 1.5790400e-01
1.5105740e+04 1.3089100e-01
1.5110306e+04 9.9395998e-02
1.5114874e+04 7.3169999e-02
1.5119443e+04 5.4453999e-02
1.5124017e+04 3.5858002e-02
1.5128593e+04 4.4100001e-03
1.5133172e+04 -4.7564000e-02
1.5137754e+04 -1.1439300e-01
1.5142337e+04 -1.7621499e-01
1.5146925e+04 -2.0985600e-01
1.5151515e+04 -2.0127200e-01
1.5156108e+04 -1.5459000e-01
1.5160704e+04 -9.0908997e-02
1.5165301e+04 -3.5810001e-02
1.5169903e+04 -8.3680004e-03
1.5174507e+04 -1.3446000e-02
1.5179114e+04 -4.4608001e-02
1.5183724e+04 -8.8500001e-02
1.5188335e+04 -1.3000900e-01
1.5192950e+04 -1.5478100e-01
1.5197568e+04 -1.5220600e-01
1.5202189e+04 -1.2438200e-01
1.5206813e+04 -8.6759999e-02
1.5211438e+04 -6.1129998e-02
1.5216068e+04 -5.9675999e-02
1.5220700e+04 -7.6484002e-02
1.5225335e+04 -8.8715002e-02
1.5229973e+04 -7.4100003e-02
1.5234612e+04 -2.5177000e-02
1.5239256e+04 4.4011999e-02
1.5243902e+04 1.0869500e-01
1.5248552e+04 1.4836700e-01
1.5253204e+04 1.6086100e-01
1.5257857e+04 1.6086100e-01
1.5262515e+04 1.6767900e-01
1.5267176e+04 1.9156900e-01
1.5271839e+04 2.2976300e-01
1.5276505e+04 2.7153400e-01
1.5281173e+04 3.0808401e-01
1.5285845e+04 3.3697999e-01
1.5290520e+04 3.5929599e-01
1.5295198e+04 3.7221900e-01
1.5299878e+04 3.6704499e-01
1.5304560e+04 3.3435801e-01
1.5309246e+04 2.7525401e-01
1.5313936e+04 2.0709001e-01
1.5318628e+04 1.5988301e-01
1.5323323e+04 1.5885800e-01
1.5328019e+04 2.0906900e-01
1.5332720e+04 2.8939199e-01
1.5337423e+04 3.6249101e-01
1.5342130e+04 3.9446300e-01
1.5346839e+04 3.7016800e-01
1.5351550e+04 2.9933399e-01
1.5356265e+04 2.0518300e-01
1.5360983e+04 1.1122200e-01
1.5365704e+04 2.9492000e-02
1.5370428e+04 -3.7312001e-02
1.5375153e+04 -9.0098001e-02
1.5379883e+04 -1.2850700e-01
1.5384615e+04 -1.5044200e-01
