3.8000000e+02 0.0000000e+00
3.8100000e+02 0.0000000e+00
3.8200000e+02 0.0000000e+00
3.8300000e+02 0.0000000e+00
3.8400000e+02 0.0000000e+00
3.8500000e+02 0.0000000e+00
3.8600000e+02 0.0000000e+00
3.8700000e+02 0.0000000e+00
3.8800000e+02 0.0000000e+00
3.8900000e+02 0.0000000e+00
3.9000000e+02 0.0000000e+00
3.9100000e+02 0.0000000e+00
3.9200000e+02 0.0000000e+00
3.9300000e+02 0.0000000e+00
3.9400000e+02 8.2216007e-04
3.9500000e+02 8.3209985e-04
3.9600000e+02 0.0000000e+00
3.9700000e+02 0.0000000e+00
3.9800000e+02 8.0803517e-04
3.9900000e+02 0.0000000e+00
4.0000000e+02 0.0000000e+00
4.0100000e+02 0.0000000e+00
4.0200000e+02 0.0000000e+00
4.0300000e+02 0.0000000e+00
4.0400000e+02 3.0306183e-05
4.0500000e+02 8.5770253e-04
4.0600000e+02 0.0000000e+00
4.0700000e+02 0.0000000e+00
4.0800000e+02 7.9866742e-04
4.0900000e+02 8.1170435e-04
4.1000000e+02 3.0772626e-05
4.1100000e+02 8.3285918e-04
4.1200000e+02 0.0000000e+00
4.1300000e+02 0.0000000e+00
4.1400000e+02 0.0000000e+00
4.1500000e+02 0.0000000e+00
4.1600000e+02 0.0000000e+00
4.1700000e+02 0.0000000e+00
4.1800000e+02 0.0000000e+00
4.1900000e+02 0.0000000e+00
4.2000000e+02 0.0000000e+00
4.2100000e+02 0.0000000e+00
4.2200000e+02 0.0000000e+00
4.2300000e+02 8.2905732e-04
4.2400000e+02 0.0000000e+00
4.2500000e+02 2.3396548e-05
4.2600000e+02 0.0000000e+00
4.2700000e+02 0.0000000e+00
4.2800000e+02 0.0000000e+00
4.2900000e+02 0.0000000e+00
4.3000000e+02 0.0000000e+00
4.3100000e+02 0.0000000e+00
4.3200000e+02 0.0000000e+00
4.3300000e+02 0.0000000e+00
4.3400000e+02 0.0000000e+00
4.3500000e+02 0.0000000e+00
4.3600000e+02 0.0000000e+00
4.3700000e+02 0.0000000e+00
4.3800000e+02 0.0000000e+00
4.3900000e+02 0.0000000e+00
4.4000000e+02 0.0000000e+00
4.4100000e+02 0.0000000e+00
4.4200000e+02 0.0000000e+00
4.4300000e+02 0.0000000e+00
4.4400000e+02 0.0000000e+00
4.4500000e+02 0.0000000e+00
4.4600000e+02 8.3515064e-04
4.4700000e+02 0.0000000e+00
4.4800000e+02 0.0000000e+00
4.4900000e+02 0.0000000e+00
4.5000000e+02 0.0000000e+00
4.5100000e+02 0.0000000e+00
4.5200000e+02 0.0000000e+00
4.5300000e+02 0.0000000e+00
4.5400000e+02 0.0000000e+00
4.5500000e+02 2.4453565e-05
4.5600000e+02 0.0000000e+00
4.5700000e+02 8.3453712e-04
4.5800000e+02 0.0000000e+00
4.5900000e+02 0.0000000e+00
4.6000000e+02 0.0000000e+00
4.6100000e+02 0.0000000e+00
4.6200000e+02 0.0000000e+00
4.6300000e+02 0.0000000e+00
4.6400000e+02 2.1314158e-05
4.6500000e+02 0.0000000e+00
4.6600000e+02 0.0000000e+00
4.6700000e+02 0.0000000e+00
4.6800000e+02 0.0000000e+00
4.6900000e+02 2.7266590e-05
4.7000000e+02 0.0000000e+00
4.7100000e+02 8.3736617e-04
4.7200000e+02 0.0000000e+00
4.7300000e+02 2.9009493e-05
4.7400000e+02 8.3119893e-04
4.7500000e+02 0.0000000e+00
4.7600000e+02 0.0000000e+00
4.7700000e+02 0.0000000e+00
4.7800000e+02 0.0000000e+00
4.7900000e+02 0.0000000e+00
4.8000000e+02 1.9339754e-05
4.8100000e+02 0.0000000e+00
4.8200000e+02 0.0000000e+00
4.8300000e+02 0.0000000e+00
4.8400000e+02 8.3752100e-04
4.8500000e+02 2.1397852e-05
4.8600000e+02 0.0000000e+00
4.8700000e+02 8.3302112e-04
4.8800000e+02 0.0000000e+00
4.8900000e+02 1.5292820e-05
4.9000000e+02 0.0000000e+00
4.9100000e+02 0.0000000e+00
4.9200000e+02 8.0878924e-04
4.9300000e+02 0.0000000e+00
4.9400000e+02 0.0000000e+00
4.9500000e+02 0.0000000e+00
4.9600000e+02 0.0000000e+00
4.9700000e+02 0.0000000e+00
4.9800000e+02 0.0000000e+00
4.9900000e+02 0.0000000e+00
5.0000000e+02 0.0000000e+00
5.0100000e+02 0.0000000e+00
5.0200000e+02 0.0000000e+00
5.0300000e+02 0.0000000e+00
5.0400000e+02 8.3754362e-04
5.0500000e+02 0.0000000e+00
5.0600000e+02 0.0000000e+00
5.0700000e+02 0.0000000e+00
5.0800000e+02 0.0000000e+00
5.0900000e+02 0.0000000e+00
5.1000000e+02 1.4689220e-05
5.1100000e+02 0.0000000e+00
5.1200000e+02 0.0000000e+00
5.1300000e+02 0.0000000e+00
5.1400000e+02 0.0000000e+00
5.1500000e+02 0.0000000e+00
5.1600000e+02 0.0000000e+00
5.1700000e+02 8.3809491e-04
5.1800000e+02 0.0000000e+00
5.1900000e+02 0.0000000e+00
5.2000000e+02 0.0000000e+00
5.2100000e+02 0.0000000e+00
5.2200000e+02 8.7104953e-04
5.2300000e+02 0.0000000e+00
5.2400000e+02 0.0000000e+00
5.2500000e+02 0.0000000e+00
5.2600000e+02 1.4712689e-05
5.2700000e+02 0.0000000e+00
5.2800000e+02 0.0000000e+00
5.2900000e+02 0.0000000e+00
5.3000000e+02 0.0000000e+00
5.3100000e+02 0.0000000e+00
5.3200000e+02 0.0000000e+00
5.3300000e+02 0.0000000e+00
5.3400000e+02 8.1678989e-04
5.3500000e+02 0.0000000e+00
5.3600000e+02 0.0000000e+00
5.3700000e+02 0.0000000e+00
5.3800000e+02 0.0000000e+00
5.3900000e+02 0.0000000e+00
5.4000000e+02 0.0000000e+00
5.4100000e+02 0.0000000e+00
5.4200000e+02 0.0000000e+00
5.4300000e+02 0.0000000e+00
5.4400000e+02 0.0000000e+00
5.4500000e+02 0.0000000e+00
5.4600000e+02 0.0000000e+00
5.4700000e+02 8.3982977e-04
5.4800000e+02 8.3172314e-04
5.4900000e+02 0.0000000e+00
5.5000000e+02 1.8048129e-05
5.5100000e+02 0.0000000e+00
5.5200000e+02 0.0000000e+00
5.5300000e+02 0.0000000e+00
5.5400000e+02 0.0000000e+00
5.5500000e+02 0.0000000e+00
5.5600000e+02 0.0000000e+00
5.5700000e+02 0.0000000e+00
5.5800000e+02 0.0000000e+00
5.5900000e+02 0.0000000e+00
5.6000000e+02 0.0000000e+00
5.6100000e+02 0.0000000e+00
5.6200000e+02 0.0000000e+00
5.6300000e+02 0.0000000e+00
5.6400000e+02 0.0000000e+00
5.6500000e+02 8.5770253e-04
5.6600000e+02 0.0000000e+00
5.6700000e+02 8.4135411e-04
5.6800000e+02 0.0000000e+00
5.6900000e+02 0.0000000e+00
5.7000000e+02 0.0000000e+00
5.7100000e+02 0.0000000e+00
5.7200000e+02 0.0000000e+00
5.7300000e+02 0.0000000e+00
5.7400000e+02 0.0000000e+00
5.7500000e+02 0.0000000e+00
5.7600000e+02 0.0000000e+00
5.7700000e+02 8.5377209e-04
5.7800000e+02 1.0505646e-05
5.7900000e+02 0.0000000e+00
5.8000000e+02 0.0000000e+00
5.8100000e+02 0.0000000e+00
5.8200000e+02 0.0000000e+00
5.8300000e+02 0.0000000e+00
5.8400000e+02 0.0000000e+00
5.8500000e+02 0.0000000e+00
5.8600000e+02 0.0000000e+00
5.8700000e+02 0.0000000e+00
5.8800000e+02 0.0000000e+00
5.8900000e+02 0.0000000e+00
5.9000000e+02 0.0000000e+00
5.9100000e+02 0.0000000e+00
5.9200000e+02 0.0000000e+00
5.9300000e+02 0.0000000e+00
5.9400000e+02 0.0000000e+00
5.9500000e+02 3.0213476e-06
5.9600000e+02 8.5145947e-04
5.9700000e+02 0.0000000e+00
5.9800000e+02 0.0000000e+00
5.9900000e+02 8.5174097e-04
6.0000000e+02 0.0000000e+00
6.0100000e+02 0.0000000e+00
6.0200000e+02 0.0000000e+00
6.0300000e+02 0.0000000e+00
6.0400000e+02 0.0000000e+00
6.0500000e+02 0.0000000e+00
6.0600000e+02 0.0000000e+00
6.0700000e+02 0.0000000e+00
6.0800000e+02 0.0000000e+00
6.0900000e+02 0.0000000e+00
6.1000000e+02 0.0000000e+00
6.1100000e+02 0.0000000e+00
6.1200000e+02 8.5137254e-04
6.1300000e+02 8.5725634e-04
6.1400000e+02 0.0000000e+00
6.1500000e+02 1.6086440e-06
6.1600000e+02 3.4256022e-06
6.1700000e+02 0.0000000e+00
6.1800000e+02 0.0000000e+00
6.1900000e+02 2.4314477e-06
6.2000000e+02 0.0000000e+00
6.2100000e+02 0.0000000e+00
6.2200000e+02 8.5295510e-04
6.2300000e+02 0.0000000e+00
6.2400000e+02 8.5487822e-04
6.2500000e+02 0.0000000e+00
6.2600000e+02 0.0000000e+00
6.2700000e+02 0.0000000e+00
6.2800000e+02 0.0000000e+00
6.2900000e+02 0.0000000e+00
6.3000000e+02 0.0000000e+00
6.3100000e+02 0.0000000e+00
6.3200000e+02 8.5429756e-04
6.3300000e+02 0.0000000e+00
6.3400000e+02 8.4438286e-04
6.3500000e+02 0.0000000e+00
6.3600000e+02 8.5708145e-04
6.3700000e+02 0.0000000e+00
6.3800000e+02 0.0000000e+00
6.3900000e+02 9.6355363e-07
6.4000000e+02 8.5770253e-04
6.4100000e+02 0.0000000e+00
6.4200000e+02 0.0000000e+00
6.4300000e+02 0.0000000e+00
6.4400000e+02 0.0000000e+00
6.4500000e+02 8.5701436e-04
6.4600000e+02 0.0000000e+00
6.4700000e+02 0.0000000e+00
6.4800000e+02 0.0000000e+00
6.4900000e+02 0.0000000e+00
6.5000000e+02 0.0000000e+00
6.5100000e+02 0.0000000e+00
6.5200000e+02 0.0000000e+00
6.5300000e+02 0.0000000e+00
6.5400000e+02 0.0000000e+00
6.5500000e+02 0.0000000e+00
6.5600000e+02 8.5770253e-04
6.5700000e+02 0.0000000e+00
6.5800000e+02 0.0000000e+00
6.5900000e+02 0.0000000e+00
6.6000000e+02 0.0000000e+00
6.6100000e+02 0.0000000e+00
6.6200000e+02 0.0000000e+00
6.6300000e+02 0.0000000e+00
6.6400000e+02 0.0000000e+00
6.6500000e+02 0.0000000e+00
6.6600000e+02 0.0000000e+00
6.6700000e+02 0.0000000e+00
6.6800000e+02 0.0000000e+00
6.6900000e+02 0.0000000e+00
6.7000000e+02 0.0000000e+00
6.7100000e+02 0.0000000e+00
6.7200000e+02 0.0000000e+00
6.7300000e+02 0.0000000e+00
6.7400000e+02 0.0000000e+00
6.7500000e+02 0.0000000e+00
6.7600000e+02 0.0000000e+00
6.7700000e+02 1.0924127e-05
6.7800000e+02 0.0000000e+00
6.7900000e+02 0.0000000e+00
6.8000000e+02 0.0000000e+00
6.8100000e+02 0.0000000e+00
6.8200000e+02 0.0000000e+00
6.8300000e+02 9.2082840e-06
6.8400000e+02 0.0000000e+00
6.8500000e+02 0.0000000e+00
6.8600000e+02 0.0000000e+00
6.8700000e+02 0.0000000e+00
6.8800000e+02 0.0000000e+00
6.8900000e+02 0.0000000e+00
6.9000000e+02 8.4432364e-04
6.9100000e+02 1.0018906e-05
6.9200000e+02 0.0000000e+00
6.9300000e+02 0.0000000e+00
6.9400000e+02 1.0382132e-05
6.9500000e+02 0.0000000e+00
6.9600000e+02 8.4516948e-04
6.9700000e+02 0.0000000e+00
6.9800000e+02 0.0000000e+00
6.9900000e+02 0.0000000e+00
7.0000000e+02 0.0000000e+00
7.0100000e+02 0.0000000e+00
7.0200000e+02 0.0000000e+00
7.0300000e+02 0.0000000e+00
7.0400000e+02 0.0000000e+00
7.0500000e+02 0.0000000e+00
7.0600000e+02 4.4595077e-06
7.0700000e+02 8.4486592e-04
7.0800000e+02 0.0000000e+00
7.0900000e+02 8.1210617e-06
7.1000000e+02 0.0000000e+00
7.1100000e+02 0.0000000e+00
7.1200000e+02 0.0000000e+00
7.1300000e+02 0.0000000e+00
7.1400000e+02 0.0000000e+00
7.1500000e+02 0.0000000e+00
7.1600000e+02 0.0000000e+00
7.1700000e+02 0.0000000e+00
7.1800000e+02 1.6291555e-05
7.1900000e+02 0.0000000e+00
7.2000000e+02 0.0000000e+00
7.2100000e+02 0.0000000e+00
7.2200000e+02 0.0000000e+00
7.2300000e+02 0.0000000e+00
7.2400000e+02 0.0000000e+00
7.2500000e+02 0.0000000e+00
7.2600000e+02 0.0000000e+00
7.2700000e+02 0.0000000e+00
7.2800000e+02 9.9789810e-06
7.2900000e+02 8.4463325e-04
7.3000000e+02 0.0000000e+00
7.3100000e+02 0.0000000e+00
7.3200000e+02 0.0000000e+00
7.3300000e+02 8.3831486e-04
7.3400000e+02 0.0000000e+00
7.3500000e+02 0.0000000e+00
7.3600000e+02 0.0000000e+00
7.3700000e+02 0.0000000e+00
7.3800000e+02 0.0000000e+00
7.3900000e+02 8.4595789e-04
7.4000000e+02 0.0000000e+00
7.4100000e+02 0.0000000e+00
7.4200000e+02 0.0000000e+00
7.4300000e+02 0.0000000e+00
7.4400000e+02 0.0000000e+00
7.4500000e+02 0.0000000e+00
7.4600000e+02 0.0000000e+00
7.4700000e+02 0.0000000e+00
7.4800000e+02 0.0000000e+00
7.4900000e+02 1.9836702e-05
7.5000000e+02 0.0000000e+00
7.5100000e+02 0.0000000e+00
7.5200000e+02 0.0000000e+00
7.5300000e+02 0.0000000e+00
7.5400000e+02 2.1890133e-05
7.5500000e+02 0.0000000e+00
7.5600000e+02 8.3404519e-04
7.5700000e+02 0.0000000e+00
7.5800000e+02 0.0000000e+00
7.5900000e+02 0.0000000e+00
7.6000000e+02 2.0504453e-05
7.6100000e+02 0.0000000e+00
7.6200000e+02 1.5055419e-05
7.6300000e+02 0.0000000e+00
7.6400000e+02 0.0000000e+00
7.6500000e+02 0.0000000e+00
7.6600000e+02 0.0000000e+00
7.6700000e+02 0.0000000e+00
7.6800000e+02 2.4372885e-05
7.6900000e+02 8.4047687e-04
7.7000000e+02 0.0000000e+00
7.7100000e+02 0.0000000e+00
7.7200000e+02 0.0000000e+00
7.7300000e+02 0.0000000e+00
7.7400000e+02 0.0000000e+00
7.7500000e+02 1.3926715e-05
7.7600000e+02 0.0000000e+00
7.7700000e+02 0.0000000e+00
7.7800000e+02 0.0000000e+00
7.7900000e+02 8.5770253e-04
7.8000000e+02 0.0000000e+00
7.8100000e+02 1.4685122e-05
7.8200000e+02 0.0000000e+00
7.8300000e+02 8.3462815e-04
7.8400000e+02 0.0000000e+00
7.8500000e+02 0.0000000e+00
7.8600000e+02 8.3332999e-04
7.8700000e+02 1.8919704e-05
7.8800000e+02 8.0408492e-04
7.8900000e+02 0.0000000e+00
7.9000000e+02 2.6121662e-05
7.9100000e+02 0.0000000e+00
7.9200000e+02 8.3487653e-04
7.9300000e+02 0.0000000e+00
7.9400000e+02 0.0000000e+00
7.9500000e+02 0.0000000e+00
7.9600000e+02 0.0000000e+00
7.9700000e+02 8.1070930e-04
7.9800000e+02 0.0000000e+00
7.9900000e+02 0.0000000e+00
8.0000000e+02 0.0000000e+00
8.0100000e+02 0.0000000e+00
8.0200000e+02 0.0000000e+00
8.0300000e+02 0.0000000e+00
8.0400000e+02 0.0000000e+00
8.0500000e+02 8.3334530e-04
8.0600000e+02 0.0000000e+00
8.0700000e+02 0.0000000e+00
8.0800000e+02 0.0000000e+00
8.0900000e+02 0.0000000e+00
8.1000000e+02 0.0000000e+00
8.1100000e+02 0.0000000e+00
8.1200000e+02 8.3941421e-04
8.1300000e+02 8.3555949e-04
8.1400000e+02 0.0000000e+00
8.1500000e+02 0.0000000e+00
8.1600000e+02 0.0000000e+00
8.1700000e+02 0.0000000e+00
8.1800000e+02 0.0000000e+00
8.1900000e+02 3.1134202e-05
8.2000000e+02 0.0000000e+00
8.2100000e+02 0.0000000e+00
8.2200000e+02 0.0000000e+00
8.2300000e+02 0.0000000e+00
8.2400000e+02 0.0000000e+00
8.2500000e+02 0.0000000e+00
8.2600000e+02 8.3435533e-04
8.2700000e+02 3.0944254e-05
8.2800000e+02 0.0000000e+00
8.2900000e+02 0.0000000e+00
8.3000000e+02 0.0000000e+00
8.3100000e+02 0.0000000e+00
8.3200000e+02 0.0000000e+00
8.3300000e+02 0.0000000e+00
8.3400000e+02 8.1053003e-04
8.3500000e+02 0.0000000e+00
8.3600000e+02 0.0000000e+00
8.3700000e+02 0.0000000e+00
8.3800000e+02 0.0000000e+00
8.3900000e+02 0.0000000e+00
8.4000000e+02 0.0000000e+00
8.4100000e+02 0.0000000e+00
8.4200000e+02 0.0000000e+00
8.4300000e+02 0.0000000e+00
8.4400000e+02 8.2434467e-04
8.4500000e+02 0.0000000e+00
8.4600000e+02 0.0000000e+00
8.4700000e+02 0.0000000e+00
8.4800000e+02 0.0000000e+00
8.4900000e+02 0.0000000e+00
8.5000000e+02 8.2908458e-04
8.5100000e+02 0.0000000e+00
8.5200000e+02 3.3650522e-05
8.5300000e+02 3.4681002e-05
8.5400000e+02 0.0000000e+00
8.5500000e+02 0.0000000e+00
8.5600000e+02 0.0000000e+00
8.5700000e+02 3.3643799e-05
8.5800000e+02 0.0000000e+00
8.5900000e+02 1.6581626e-03
8.6000000e+02 0.0000000e+00
8.6100000e+02 8.2400597e-04
8.6200000e+02 1.6589139e-03
8.6300000e+02 2.5022574e-03
8.6400000e+02 3.3735031e-03
8.6500000e+02 4.1867660e-03
8.6600000e+02 5.8453050e-03
8.6700000e+02 8.3381467e-03
8.6800000e+02 6.6636482e-03
8.6900000e+02 8.3291463e-03
8.7000000e+02 8.4304608e-03
8.7100000e+02 9.2856864e-03
8.7200000e+02 1.0095490e-02
8.7300000e+02 1.0096418e-02
8.7400000e+02 1.0824698e-02
8.7500000e+02 8.4422840e-03
8.7600000e+02 1.0078858e-02
8.7700000e+02 1.0132744e-02
8.7800000e+02 9.1910467e-03
8.7900000e+02 1.0943625e-02
8.8000000e+02 9.2555515e-03
8.8100000e+02 9.4051346e-03
8.8200000e+02 1.2729431e-02
8.8300000e+02 1.8660425e-02
8.8400000e+02 2.5406093e-02
8.8500000e+02 3.5507893e-02
8.8600000e+02 5.2342490e-02
8.8700000e+02 7.4226623e-02
8.8800000e+02 1.1311381e-01
8.8900000e+02 1.6881644e-01
8.9000000e+02 2.4092648e-01
8.9100000e+02 3.3721741e-01
8.9200000e+02 4.5244703e-01
8.9300000e+02 5.5957699e-01
8.9400000e+02 6.7104496e-01
8.9500000e+02 7.6610971e-01
8.9600000e+02 8.4790629e-01
8.9700000e+02 9.0751209e-01
8.9800000e+02 9.4883359e-01
8.9900000e+02 9.3883448e-01
9.0000000e+02 9.5415237e-01
9.0100000e+02 9.7671529e-01
9.0200000e+02 9.6698656e-01
9.0300000e+02 9.8900032e-01
9.0400000e+02 9.8449379e-01
9.0500000e+02 9.8539901e-01
9.0600000e+02 9.8223545e-01
9.0700000e+02 9.8487435e-01
9.0800000e+02 1.0000000e+00
9.0900000e+02 9.8214320e-01
9.1000000e+02 9.7667785e-01
9.1100000e+02 9.4578568e-01
9.1200000e+02 8.4350996e-01
9.1300000e+02 7.7286749e-01
9.1400000e+02 6.6615212e-01
9.1500000e+02 5.4360447e-01
9.1600000e+02 4.2807602e-01
9.1700000e+02 3.2042934e-01
9.1800000e+02 2.4011077e-01
9.1900000e+02 1.7067620e-01
9.2000000e+02 1.2415618e-01
9.2100000e+02 8.8150254e-02
9.2200000e+02 6.5037737e-02
9.2300000e+02 4.8836166e-02
9.2400000e+02 3.6634382e-02
9.2500000e+02 2.8778333e-02
9.2600000e+02 2.1782078e-02
9.2700000e+02 1.5791363e-02
9.2800000e+02 1.5564966e-02
9.2900000e+02 1.0507226e-02
9.3000000e+02 8.7719717e-03
9.3100000e+02 7.7759453e-03
9.3200000e+02 6.0334688e-03
9.3300000e+02 5.1763992e-03
9.3400000e+02 5.1462152e-03
9.3500000e+02 4.3285932e-03
9.3600000e+02 4.2885126e-03
9.3700000e+02 3.4663994e-03
9.3800000e+02 3.4308101e-03
9.3900000e+02 4.2120636e-03
9.4000000e+02 4.2555483e-03
9.4100000e+02 3.3924643e-03
9.4200000e+02 1.7468280e-03
9.4300000e+02 2.5377846e-03
9.4400000e+02 1.7531477e-03
9.4500000e+02 8.9747038e-04
9.4600000e+02 1.7443221e-03
9.4700000e+02 2.5435913e-03
9.4800000e+02 2.5322561e-03
9.4900000e+02 3.3914144e-03
9.5000000e+02 9.3180100e-04
9.5100000e+02 1.7154051e-03
9.5200000e+02 1.7154051e-03
9.5300000e+02 2.5364515e-03
9.5400000e+02 2.5114388e-03
9.5500000e+02 1.7154051e-03
9.5600000e+02 2.5326225e-03
9.5700000e+02 1.7468565e-03
9.5800000e+02 2.5393564e-03
9.5900000e+02 1.7513302e-03
9.6000000e+02 2.5364208e-03
9.6100000e+02 2.5731076e-03
9.6200000e+02 2.5731076e-03
9.6300000e+02 3.3977326e-03
9.6400000e+02 2.5731076e-03
9.6500000e+02 3.4693342e-03
9.6600000e+02 4.3218058e-03
9.6700000e+02 4.2885126e-03
9.6800000e+02 4.2885126e-03
9.6900000e+02 5.0712627e-03
9.7000000e+02 3.5525292e-03
9.7100000e+02 5.1462152e-03
9.7200000e+02 5.1131534e-03
9.7300000e+02 4.2885126e-03
9.7400000e+02 4.3216916e-03
9.7500000e+02 6.0039177e-03
9.7600000e+02 5.1875528e-03
9.7700000e+02 5.1462152e-03
9.7800000e+02 5.1803100e-03
9.7900000e+02 5.9627743e-03
9.8000000e+02 6.0039177e-03
9.8100000e+02 6.0039177e-03
9.8200000e+02 5.2099868e-03
9.8300000e+02 6.0039177e-03
9.8400000e+02 6.0039177e-03
9.8500000e+02 5.1847869e-03
9.8600000e+02 6.8231653e-03
9.8700000e+02 6.0039177e-03
9.8800000e+02 6.0039177e-03
9.8900000e+02 6.0039177e-03
9.9000000e+02 6.0448700e-03
9.9100000e+02 5.1831708e-03
9.9200000e+02 6.8308963e-03
9.9300000e+02 6.0762637e-03
9.9400000e+02 4.4082667e-03
9.9500000e+02 4.3201644e-03
9.9600000e+02 2.6407279e-03
9.9700000e+02 2.6437518e-03
9.9800000e+02 2.5731076e-03
9.9900000e+02 8.5770253e-04
1.0000000e+03 8.5770253e-04
1.0010000e+03 8.5770253e-04
1.0020000e+03 8.5770253e-04
1.0030000e+03 8.5770253e-04
1.0040000e+03 7.7588030e-05
1.0050000e+03 3.1899975e-05
1.0060000e+03 8.5770253e-04
1.0070000e+03 3.8778781e-05
1.0080000e+03 0.0000000e+00
1.0090000e+03 0.0000000e+00
1.0100000e+03 8.1629275e-04
1.0110000e+03 0.0000000e+00
1.0120000e+03 2.4982721e-03
1.0130000e+03 2.5731076e-03
1.0140000e+03 3.3893568e-03
1.0150000e+03 4.2885126e-03
1.0160000e+03 4.2885126e-03
1.0170000e+03 4.2885126e-03
1.0180000e+03 4.2885126e-03
1.0190000e+03 3.4308101e-03
1.0200000e+03 2.6141990e-03
1.0210000e+03 8.9901529e-04
1.0220000e+03 1.7154051e-03
1.0230000e+03 8.9599594e-04
1.0240000e+03 3.5042681e-05
1.0250000e+03 6.2302533e-05
1.0260000e+03 0.0000000e+00
1.0270000e+03 8.5770253e-04
1.0280000e+03 0.0000000e+00
1.0290000e+03 0.0000000e+00
1.0300000e+03 0.0000000e+00
1.0310000e+03 8.2719842e-04
1.0320000e+03 8.5770253e-04
1.0330000e+03 4.0614939e-05
1.0340000e+03 0.0000000e+00
1.0350000e+03 8.2152893e-04
1.0360000e+03 0.0000000e+00
1.0370000e+03 3.7757820e-05
1.0380000e+03 8.2659868e-04
1.0390000e+03 3.5188096e-05
1.0400000e+03 0.0000000e+00
1.0410000e+03 8.5770253e-04
1.0420000e+03 4.0266215e-05
1.0430000e+03 0.0000000e+00
1.0440000e+03 8.1963780e-04
1.0450000e+03 0.0000000e+00
1.0460000e+03 0.0000000e+00
1.0470000e+03 0.0000000e+00
1.0480000e+03 0.0000000e+00
1.0490000e+03 0.0000000e+00
1.0500000e+03 0.0000000e+00
1.0510000e+03 0.0000000e+00
1.0520000e+03 0.0000000e+00
1.0530000e+03 0.0000000e+00
1.0540000e+03 0.0000000e+00
1.0550000e+03 0.0000000e+00
1.0560000e+03 7.8680323e-04
1.0570000e+03 0.0000000e+00
1.0580000e+03 0.0000000e+00
1.0590000e+03 0.0000000e+00
1.0600000e+03 0.0000000e+00
1.0610000e+03 0.0000000e+00
1.0620000e+03 3.5114844e-05
1.0630000e+03 0.0000000e+00
1.0640000e+03 0.0000000e+00
1.0650000e+03 0.0000000e+00
1.0660000e+03 0.0000000e+00
1.0670000e+03 0.0000000e+00
1.0680000e+03 0.0000000e+00
1.0690000e+03 0.0000000e+00
1.0700000e+03 0.0000000e+00
1.0710000e+03 8.2190361e-04
1.0720000e+03 0.0000000e+00
1.0730000e+03 8.2207793e-04
1.0740000e+03 0.0000000e+00
1.0750000e+03 0.0000000e+00
1.0760000e+03 0.0000000e+00
1.0770000e+03 0.0000000e+00
1.0780000e+03 0.0000000e+00
1.0790000e+03 0.0000000e+00
1.0800000e+03 0.0000000e+00
1.0810000e+03 0.0000000e+00
1.0820000e+03 0.0000000e+00
1.0830000e+03 8.2730988e-04
1.0840000e+03 3.8593338e-05
1.0850000e+03 0.0000000e+00
1.0860000e+03 0.0000000e+00
1.0870000e+03 0.0000000e+00
1.0880000e+03 0.0000000e+00
1.0890000e+03 8.2872660e-04
1.0900000e+03 0.0000000e+00
1.0910000e+03 0.0000000e+00
1.0920000e+03 2.8930722e-05
1.0930000e+03 0.0000000e+00
1.0940000e+03 3.3662477e-05
1.0950000e+03 0.0000000e+00
1.0960000e+03 0.0000000e+00
1.0970000e+03 0.0000000e+00
1.0980000e+03 0.0000000e+00
1.0990000e+03 0.0000000e+00
1.1000000e+03 0.0000000e+00
