    1000       0
    1001       0
    1002       0
    1003       0
    1004       0
    1005       0
    1006       0
    1007       0
    1008       0
    1009       0
    1010       0
    1011       0
    1012       0
    1013       0
    1014       0
    1015       0
    1016       0
    1017       0
    1018       0
    1019       0
    1020       0
    1021       0
    1022       0
    1023       0
    1024       0
    1025       0
    1026       0
    1027       0
    1028       0
    1029       0
    1030       0
    1031       0
    1032       0
    1033       0
    1034       0
    1035       0
    1036       0
    1037       0
    1038       0
    1039       0
    1040       0
    1041       0
    1042       0
    1043       0
    1044       0
    1045       0
    1046       0
    1047       0
    1048       0
    1049       0
    1050       0
    1051       0
    1052       0
    1053       0
    1054       0
    1055       0
    1056       0
    1057       0
    1058       0
    1059       0
    1060       0
    1061       0
    1062       0
    1063       0
    1064       0
    1065       0
    1066       0
    1067       0
    1068       0
    1069       0
    1070       0
    1071       0
    1072       0
    1073       0
    1074       0
    1075       0
    1076       0
    1077       0
    1078       0
    1079       0
    1080       0
    1081       0
    1082       0
    1083       0
    1084       0
    1085       0
    1086       0
    1087       0
    1088       0
    1089       0
    1090       0
    1091       0
    1092       0
    1093       0
    1094       0
    1095       0
    1096       0
    1097       0
    1098       0
    1099       0
    1100       0
    1101       0
    1102       0
    1103       0
    1104       0
    1105       0
    1106       0
    1107       0
    1108       0
    1109       0
    1110       0
    1111       0
    1112       0
    1113       0
    1114       0
    1115       0
    1116       0
    1117       0
    1118       0
    1119       0
    1120       0
    1121       0
    1122       0
    1123       0
    1124       0
    1125       0
    1126       0
    1127       0
    1128       0
    1129       0
    1130       0
    1131       0
    1132       0
    1133       0
    1134       0
    1135       0
    1136       0
    1137       0
    1138       0
    1139       0
    1140       0
    1141       0
    1142       0
    1143       0
    1144       0
    1145       0
    1146       0
    1147       0
    1148       0
    1149       0
    1150       0
    1151       0
    1152       0
    1153       0
    1154       0
    1155       0
    1156       0
    1157       0
    1158       0
    1159       0
    1160       0
    1161       0
    1162       0
    1163       0
    1164       0
    1165       0
    1166       0
    1167       0
    1168       0
    1169       0
    1170       0
    1171       0
    1172       0
    1173       0
    1174       0
    1175       0
    1176       0
    1177       0
    1178       0
    1179       0
    1180       0
    1181       0
    1182       0
    1183       0
    1184       0
    1185       0
    1186       0
    1187       0
    1188       0
    1189       0
    1190       0
    1191       0
    1192       0
    1193       0
    1194       0
    1195       0
    1196       0
    1197       0
    1198       0
    1199       0
    1200       0
    1201       0
    1202       0
    1203       0
    1204       0
    1205       0
    1206       0
    1207       0
    1208       0
    1209       0
    1210       0
    1211       0
    1212       0
    1213       0
    1214       0
    1215       0
    1216       0
    1217       0
    1218       0
    1219       0
    1220       0
    1221       0
    1222       0
    1223       0
    1224       0
    1225       0
    1226       0
    1227       0
    1228       0
    1229       0
    1230       0
    1231       0
    1232       0
    1233       0
    1234       0
    1235       0
    1236       0
    1237       0
    1238       0
    1239       0
    1240       0
    1241       0
    1242       0
    1243       0
    1244       0
    1245       0
    1246       0
    1247       0
    1248       0
    1249       0
    1250       0
    1251       0
    1252       0
    1253       0
    1254       0
    1255       0
    1256       0
    1257       0
    1258       0
    1259       0
    1260       0
    1261       0
    1262       0
    1263       0
    1264       0
    1265       0
    1266       0
    1267       0
    1268       0
    1269       0
    1270       0
    1271       0
    1272       0
    1273       0
    1274       0
    1275       0
    1276       0
    1277       0
    1278       0
    1279       0
    1280       0
    1281       0
    1282       0
    1283       0
    1284       0
    1285       0
    1286       0
    1287       0
    1288       0
    1289       0
    1290       0
    1291       0
    1292       0
    1293       0
    1294       0
    1295       0
    1296       0
    1297       0
    1298       0
    1299       0
    1300       0
    1301       0
    1302       0
    1303       0
    1304       0
    1305       0
    1306       0
    1307       0
    1308       0
    1309       0
    1310       0
    1311       0
    1312       0
    1313       0
    1314       0
    1315       0
    1316       0
    1317       0
    1318       0
    1319       0
    1320       0
    1321       0
    1322       0
    1323       0
    1324       0
    1325       0
    1326       0
    1327       0
    1328       0
    1329       0
    1330       0
    1331       0
    1332       0
    1333       0
    1334       0
    1335       0
    1336       0
    1337       0
    1338       0
    1339       0
    1340       0
    1341       0
    1342       0
    1343       0
    1344       0
    1345       0
    1346       0
    1347       0
    1348       0
    1349       0
    1350       0
    1351       0
    1352       0
    1353       0
    1354       0
    1355       0
    1356       0
    1357       0
    1358       0
    1359       0
    1360       0
    1361       0
    1362       0
    1363       0
    1364       0
    1365       0
    1366       0
    1367       0
    1368       0
    1369       0
    1370       0
    1371       0
    1372       0
    1373       0
    1374       0
    1375       0
    1376       0
    1377       0
    1378       0
    1379       0
    1380       0
    1381       0
    1382       0
    1383       0
    1384       0
    1385       0
    1386       0
    1387       0
    1388       0
    1389       0
    1390       0
    1391       0
    1392       0
    1393       0
    1394       0
    1395       0
    1396       0
    1397       0
    1398       0
    1399       0
    1400       0
    1401       0
    1402       0
    1403       0
    1404       0
    1405       0
    1406       0
    1407       0
    1408       0
    1409       0
    1410       0
    1411       0
    1412       0
    1413       0
    1414       0
    1415       0
    1416       0
    1417       0
    1418       0
    1419       0
    1420       0
    1421       0
    1422       0
    1423       0
    1424       0
    1425       0
    1426       0
    1427       0
    1428       0
    1429       0
    1430       0
    1431       0
    1432       0
    1433       0
    1434       0
    1435       0
    1436       0
    1437       0
    1438       0
    1439       0
    1440       0
    1441       0
    1442       0
    1443       0
    1444       0
    1445       0
    1446       0
    1447       0
    1448       0
    1449       0
    1450       0
    1451       0
    1452       0
    1453       0
    1454       0
    1455       0
    1456       0
    1457       0
    1458       0
    1459       0
    1460       0
    1461       0
    1462       0
    1463       0
    1464       0
    1465 0.000484
    1466 0.0005444
    1467 0.0005445
    1468 0.0005445
    1469 0.0005445
    1470 0.0005445
    1471 0.0005445
    1472 0.0005445
    1473 0.0005445
    1474 0.0005445
    1475 0.0005447
    1476 0.0005749
    1477 0.0006052
    1478 0.0006353
    1479 0.0006353
    1480 0.0006353
    1481 0.0006353
    1482 0.0006353
    1483 0.0006353
    1484 0.0006353
    1485 0.0006353
    1486 0.0006353
    1487 0.0006353
    1488 0.0006353
    1489 0.0006353
    1490 0.0006353
    1491 0.0006353
    1492 0.0006353
    1493 0.0006353
    1494 0.0007261
    1495 0.0008173
    1496 0.0009131
    1497 0.001759
    1498 0.002606
    1499 0.003451
    1500 0.003602
    1501 0.003753
    1502 0.003905
    1503 0.005173
    1504 0.006444
    1505 0.007715
    1506 0.008775
    1507 0.009834
    1508 0.01089
    1509 0.01229
    1510 0.01368
    1511 0.01507
    1512 0.01656
    1513 0.01804
    1514 0.01953
    1515 0.02192
    1516 0.02432
    1517 0.02671
    1518 0.02785
    1519   0.029
    1520 0.03015
    1521 0.03723
    1522 0.04433
    1523 0.05142
    1524 0.05422
    1525 0.05703
    1526 0.05984
    1527 0.06947
    1528 0.07911
    1529 0.08876
    1530 0.09891
    1531  0.1091
    1532  0.1193
    1533  0.1354
    1534  0.1516
    1535  0.1677
    1536  0.1783
    1537   0.189
    1538  0.1997
    1539  0.2271
    1540  0.2545
    1541  0.2819
    1542  0.3052
    1543  0.3284
    1544  0.3517
    1545  0.3782
    1546  0.4047
    1547  0.4312
    1548   0.461
    1549  0.4907
    1550  0.5203
    1551  0.5322
    1552  0.5442
    1553  0.5561
    1554  0.5935
    1555  0.6308
    1556  0.6682
    1557  0.6713
    1558  0.6742
    1559  0.6769
    1560  0.6459
    1561  0.6148
    1562  0.5843
    1563  0.6416
    1564   0.699
    1565  0.7556
    1566  0.6724
    1567  0.5892
    1568  0.5071
    1569  0.6004
    1570  0.6936
    1571  0.7869
    1572  0.8016
    1573  0.8159
    1574  0.8301
    1575  0.8183
    1576  0.8065
    1577  0.7947
    1578  0.8099
    1579  0.8251
    1580  0.8403
    1581   0.846
    1582  0.8517
    1583  0.8575
    1584  0.8778
    1585   0.898
    1586  0.9183
    1587  0.9276
    1588  0.9369
    1589  0.9461
    1590  0.9309
    1591  0.9156
    1592  0.9004
    1593  0.9255
    1594  0.9507
    1595  0.9756
    1596   0.897
    1597  0.8184
    1598  0.7406
    1599   0.809
    1600  0.8774
    1601  0.9458
    1602  0.9641
    1603  0.9821
    1604       1
    1605  0.9999
    1606  0.9998
    1607  0.9994
    1608  0.9614
    1609  0.9234
    1610  0.8854
    1611  0.8717
    1612  0.8579
    1613  0.8442
    1614  0.8317
    1615  0.8193
    1616  0.8069
    1617  0.7958
    1618  0.7848
    1619  0.7738
    1620  0.7534
    1621  0.7329
    1622  0.7125
    1623  0.6335
    1624  0.5545
    1625  0.4756
    1626  0.4153
    1627  0.3551
    1628  0.2955
    1629  0.3198
    1630   0.344
    1631  0.3683
    1632  0.3371
    1633  0.3059
    1634  0.2747
    1635  0.2511
    1636  0.2275
    1637  0.2039
    1638  0.1843
    1639  0.1647
    1640   0.145
    1641  0.1287
    1642  0.1124
    1643  0.0961
    1644 0.08761
    1645 0.07914
    1646 0.07066
    1647 0.06336
    1648 0.05605
    1649 0.04876
    1650 0.04372
    1651 0.03869
    1652 0.03367
    1653  0.0299
    1654 0.02612
    1655 0.02235
    1656 0.01989
    1657 0.01743
    1658 0.01498
    1659 0.01334
    1660 0.01171
    1661 0.01008
    1662 0.008538
    1663 0.006996
    1664 0.005454
    1665 0.004574
    1666 0.003697
    1667 0.002819
    1668 0.002032
    1669 0.001245
    1670 0.0004575
    1671 0.0004236
    1672 0.0003934
    1673 0.0003631
    1674 0.0003932
    1675 0.0004235
    1676 0.0004538
    1677 0.0004538
    1678 0.0004538
    1679 0.0004538
    1680 0.0004538
    1681 0.0004538
    1682 0.0004538
    1683 0.0003934
    1684 0.000333
    1685 0.0002726
    1686 0.0003024
    1687 0.0003328
    1688 0.000363
    1689 0.000363
    1690 0.000363
    1691 0.0003631
    1692 0.0003934
    1693 0.0004236
    1694 0.0004537
    1695 0.0004234
    1696 0.0003931
    1697 0.000363
    1698 0.000363
    1699 0.000363
    1700 0.000363
    1701 0.000363
    1702 0.000363
    1703 0.000363
    1704 0.000363
    1705 0.000363
    1706 0.000363
    1707 0.000363
    1708 0.000363
    1709 0.0003632
    1710 0.0004237
    1711 0.0004841
    1712 0.0005445
    1713 0.0005143
    1714 0.0004841
    1715 0.0004538
    1716 0.0004538
    1717 0.0004538
    1718 0.0004538
    1719 0.0004235
    1720 0.0003932
    1721 0.000363
    1722 0.000363
    1723 0.000363
    1724 0.000363
    1725 0.000363
    1726 0.000363
    1727 0.000363
    1728 0.000363
    1729 0.000363
    1730 0.000363
    1731 0.000363
    1732 0.000363
    1733 0.000363
    1734 0.0003327
    1735 0.0003025
    1736 0.0002723
    1737 0.0002723
    1738 0.0002723
    1739 0.0002723
    1740 0.0003327
    1741 0.0003932
    1742 0.0004538
    1743 0.0004538
    1744 0.0004538
    1745 0.0004538
    1746 0.0004538
    1747 0.0004538
    1748 0.0004538
    1749 0.0004538
    1750 0.0004538
    1751 0.0004538
    1752 0.0004538
    1753 0.0004538
    1754 0.0004538
    1755 0.0003936
    1756 0.0003331
    1757 0.0002727
    1758 0.0002118
    1759 0.0001509
    1760 9.103e-005
    1761       0
    1762       0
    1763       0
    1764       0
    1765       0
    1766       0
    1767       0
    1768       0
    1769       0
    1770       0
    1771       0
    1772       0
    1773       0
    1774       0
    1775       0
    1776       0
    1777       0
    1778       0
    1779       0
    1780       0
    1781       0
    1782       0
    1783       0
    1784       0
    1785       0
    1786       0
    1787       0
    1788       0
    1789       0
    1790       0
    1791       0
    1792       0
    1793       0
    1794       0
    1795       0
    1796       0
    1797       0
    1798       0
    1799       0
    1800       0
    1801       0
    1802       0
    1803       0
    1804       0
    1805       0
    1806       0
    1807       0
    1808       0
    1809       0
    1810       0
    1811       0
    1812       0
    1813       0
    1814       0
    1815       0
    1816       0
    1817       0
    1818       0
    1819       0
    1820       0
    1821       0
    1822       0
    1823       0
    1824       0
    1825       0
    1826       0
    1827       0
    1828       0
    1829       0
    1830       0
    1831       0
    1832       0
    1833       0
    1834       0
    1835       0
    1836       0
    1837       0
    1838       0
    1839       0
    1840       0
    1841       0
    1842       0
    1843       0
    1844       0
    1845       0
    1846       0
    1847       0
    1848       0
    1849       0
    1850       0
    1851       0
    1852       0
    1853       0
    1854       0
    1855       0
    1856       0
    1857       0
    1858       0
    1859       0
    1860       0
    1861       0
    1862       0
    1863       0
    1864       0
    1865       0
    1866       0
    1867       0
    1868       0
    1869       0
    1870       0
    1871       0
    1872       0
    1873       0
    1874       0
    1875       0
    1876       0
    1877       0
    1878       0
    1879       0
    1880       0
    1881       0
    1882       0
    1883       0
    1884       0
    1885       0
    1886       0
    1887       0
    1888       0
    1889       0
    1890       0
    1891       0
    1892       0
    1893       0
    1894       0
    1895       0
    1896       0
    1897       0
    1898       0
    1899       0
    1900       0
    1901       0
    1902       0
    1903       0
    1904       0
    1905       0
    1906       0
    1907       0
    1908       0
    1909       0
    1910       0
    1911       0
    1912       0
    1913       0
    1914       0
    1915       0
    1916       0
    1917       0
    1918       0
    1919       0
    1920       0
    1921       0
    1922       0
    1923       0
    1924       0
    1925       0
    1926       0
    1927       0
    1928       0
    1929       0
    1930       0
    1931       0
    1932       0
    1933       0
    1934       0
    1935       0
    1936       0
    1937       0
    1938       0
    1939       0
    1940       0
    1941       0
    1942       0
    1943       0
    1944       0
    1945       0
    1946       0
    1947       0
    1948       0
    1949       0
    1950       0
    1951       0
    1952       0
    1953       0
    1954       0
    1955       0
    1956       0
    1957       0
    1958       0
    1959       0
    1960       0
    1961       0
    1962       0
    1963       0
    1964       0
    1965       0
    1966       0
    1967       0
    1968       0
    1969       0
    1970       0
    1971       0
    1972       0
    1973       0
    1974       0
    1975       0
    1976       0
    1977       0
    1978       0
    1979       0
    1980       0
    1981       0
    1982       0
    1983       0
    1984       0
    1985       0
    1986       0
    1987       0
    1988       0
    1989       0
    1990       0
    1991       0
    1992       0
    1993       0
    1994       0
    1995       0
    1996       0
    1997       0
    1998       0
    1999       0
    2000       0
