3.4482759e+03 4.4510299e-01
3.4485136e+03 4.3945301e-01
3.4487514e+03 4.3053600e-01
3.4489896e+03 4.1334599e-01
3.4492274e+03 3.8845500e-01
3.4494653e+03 3.6363599e-01
3.4497033e+03 3.5188100e-01
3.4499412e+03 3.6168000e-01
3.4501795e+03 3.9279401e-01
3.4504176e+03 4.3363500e-01
3.4506556e+03 4.6861100e-01
3.4508937e+03 4.8727900e-01
3.4511319e+03 4.9097499e-01
3.4513703e+03 4.9269101e-01
3.4516085e+03 5.0942802e-01
3.4518467e+03 5.5196202e-01
3.4520850e+03 6.1752701e-01
3.4523233e+03 6.9138998e-01
3.4525619e+03 7.5206703e-01
3.4528003e+03 7.8251302e-01
3.4530387e+03 7.7371502e-01
3.4532771e+03 7.2705698e-01
3.4535156e+03 6.5066803e-01
3.4537543e+03 5.5444199e-01
3.4539929e+03 4.4910899e-01
3.4542314e+03 3.4506300e-01
3.4544700e+03 2.5315201e-01
3.4547087e+03 1.8362901e-01
3.4549476e+03 1.4326499e-01
3.4551863e+03 1.3349000e-01
3.4554250e+03 1.5032201e-01
3.4556638e+03 1.8548900e-01
3.4559026e+03 2.2904800e-01
3.4561417e+03 2.7189201e-01
3.4563805e+03 3.0770299e-01
3.4566194e+03 3.3574101e-01
3.4568583e+03 3.6046499e-01
3.4570973e+03 3.9086300e-01
3.4573366e+03 4.3585300e-01
3.4575756e+03 4.9633899e-01
3.4578147e+03 5.6276298e-01
3.4580537e+03 6.1724102e-01
3.4582929e+03 6.4282399e-01
3.4585323e+03 6.3405001e-01
3.4587715e+03 6.0086203e-01
3.4590107e+03 5.6276298e-01
3.4592500e+03 5.3853899e-01
3.4594893e+03 5.3501099e-01
3.4597289e+03 5.4411799e-01
3.4599682e+03 5.4845798e-01
3.4602076e+03 5.2955103e-01
3.4604470e+03 4.7848201e-01
3.4606865e+03 3.9820600e-01
3.4609263e+03 3.0314901e-01
3.4611658e+03 2.1481501e-01
3.4614053e+03 1.5511499e-01
3.4616449e+03 1.3880700e-01
3.4618845e+03 1.6686900e-01
3.4621245e+03 2.2716500e-01
3.4623642e+03 2.9952499e-01
3.4626039e+03 3.6561400e-01
3.4628436e+03 4.1534901e-01
3.4630834e+03 4.4846499e-01
3.4633235e+03 4.6920699e-01
3.4635634e+03 4.8117599e-01
3.4638033e+03 4.8515701e-01
3.4640432e+03 4.8086599e-01
3.4642831e+03 4.7068501e-01
3.4645234e+03 4.5969400e-01
3.4647634e+03 4.5153999e-01
3.4650035e+03 4.4667700e-01
3.4652435e+03 4.4262400e-01
3.4654837e+03 4.3795100e-01
3.4657241e+03 4.3361101e-01
3.4659643e+03 4.3129900e-01
3.4662045e+03 4.2998701e-01
3.4664448e+03 4.2412201e-01
3.4666850e+03 4.0581200e-01
3.4669256e+03 3.7174201e-01
3.4671660e+03 3.2703799e-01
3.4674064e+03 2.8519601e-01
3.4676468e+03 2.6166400e-01
3.4678872e+03 2.6593199e-01
3.4681280e+03 2.9692599e-01
3.4683685e+03 3.4520599e-01
3.4686091e+03 3.9722899e-01
3.4688497e+03 4.4183701e-01
3.4690903e+03 4.7230700e-01
3.4693312e+03 4.8604000e-01
3.4695719e+03 4.8286900e-01
3.4698126e+03 4.6238801e-01
3.4700534e+03 4.2426500e-01
3.4702942e+03 3.7024000e-01
3.4705353e+03 3.0512801e-01
3.4707761e+03 2.3813200e-01
3.4710170e+03 1.7819400e-01
3.4712579e+03 1.3146400e-01
3.4714989e+03 1.0015900e-01
3.4717402e+03 8.3922997e-02
3.4719812e+03 8.1586003e-02
3.4722222e+03 9.2959002e-02
3.4724633e+03 1.1842200e-01
3.4727044e+03 1.5778500e-01
3.4729459e+03 2.0759100e-01
3.4731871e+03 2.6035300e-01
3.4734283e+03 3.0605701e-01
3.4736695e+03 3.3686101e-01
3.4739108e+03 3.5257301e-01
3.4741524e+03 3.6289600e-01
3.4743938e+03 3.8354301e-01
3.4746352e+03 4.2550501e-01
3.4748766e+03 4.8713601e-01
3.4751180e+03 5.4860097e-01
3.4753598e+03 5.8357698e-01
3.4756013e+03 5.7251400e-01
3.4758429e+03 5.1784497e-01
3.4760845e+03 4.4090700e-01
3.4763261e+03 3.6957201e-01
3.4765681e+03 3.2041001e-01
3.4768097e+03 2.9416001e-01
3.4770515e+03 2.8173900e-01
3.4772932e+03 2.7813900e-01
3.4775350e+03 2.8927299e-01
3.4777771e+03 3.2694301e-01
3.4780190e+03 3.9589399e-01
3.4782609e+03 4.8508599e-01
3.4785028e+03 5.6905699e-01
3.4787448e+03 6.2351203e-01
3.4789870e+03 6.3750702e-01
3.4792291e+03 6.1891001e-01
3.4794711e+03 5.8717698e-01
3.4797132e+03 5.6164199e-01
3.4799553e+03 5.5267799e-01
3.4801978e+03 5.5837601e-01
3.4804400e+03 5.7032102e-01
3.4806822e+03 5.7873702e-01
3.4809245e+03 5.7730597e-01
3.4811668e+03 5.6450301e-01
3.4814094e+03 5.4268801e-01
3.4816518e+03 5.1555598e-01
3.4818942e+03 4.8737499e-01
3.4821366e+03 4.6195900e-01
3.4823790e+03 4.4183701e-01
3.4826218e+03 4.3008301e-01
3.4828644e+03 4.3070301e-01
3.4831069e+03 4.4593799e-01
3.4833495e+03 4.7304600e-01
3.4835922e+03 5.0108403e-01
3.4838351e+03 5.1429200e-01
3.4840778e+03 4.9841401e-01
3.4843206e+03 4.5077801e-01
3.4845633e+03 3.8444901e-01
3.4848061e+03 3.2496399e-01
3.4850493e+03 2.9804701e-01
3.4852921e+03 3.1602299e-01
3.4855350e+03 3.7186101e-01
3.4857780e+03 4.4198000e-01
3.4860209e+03 4.9936700e-01
3.4862642e+03 5.2411503e-01
3.4865073e+03 5.1386303e-01
3.4867503e+03 4.8277301e-01
3.4869935e+03 4.5497400e-01
3.4872366e+03 4.5015800e-01
3.4874801e+03 4.7476199e-01
3.4877233e+03 5.1815498e-01
3.4879665e+03 5.5947298e-01
3.4882098e+03 5.7907099e-01
3.4884531e+03 5.6893802e-01
3.4886967e+03 5.3753799e-01
3.4889401e+03 5.0327700e-01
3.4891835e+03 4.8620701e-01
3.4894270e+03 4.9803200e-01
3.4896705e+03 5.3970802e-01
3.4899143e+03 6.0262603e-01
3.4901578e+03 6.7241102e-01
3.4904014e+03 7.3180097e-01
3.4906450e+03 7.6327300e-01
3.4908887e+03 7.5623900e-01
3.4911326e+03 7.1094000e-01
3.4913764e+03 6.4017701e-01
3.4916201e+03 5.6371599e-01
3.4918639e+03 5.0075001e-01
3.4921077e+03 4.6062401e-01
3.4923519e+03 4.4143099e-01
3.4925958e+03 4.3463701e-01
3.4928397e+03 4.3292001e-01
3.4930836e+03 4.3454099e-01
3.4933276e+03 4.4097900e-01
3.4935719e+03 4.5216000e-01
3.4938160e+03 4.6160200e-01
3.4940601e+03 4.5821601e-01
3.4943042e+03 4.3256199e-01
3.4945484e+03 3.8397300e-01
3.4947929e+03 3.2360500e-01
3.4950371e+03 2.7296501e-01
3.4952814e+03 2.5248501e-01
3.4955257e+03 2.7365601e-01
3.4957700e+03 3.3154401e-01
3.4960147e+03 4.0862501e-01
3.4962591e+03 4.8339301e-01
3.4965035e+03 5.4194897e-01
3.4967480e+03 5.8352900e-01
3.4969925e+03 6.1922002e-01
3.4972373e+03 6.6354197e-01
3.4974819e+03 7.2419602e-01
3.4977265e+03 7.9836798e-01
3.4979711e+03 8.7378001e-01
3.4982158e+03 9.3548203e-01
3.4984608e+03 9.7112602e-01
3.4987055e+03 9.7556102e-01
3.4989503e+03 9.4966799e-01
3.4991951e+03 8.9919502e-01
3.4994400e+03 8.3169901e-01
3.4996851e+03 7.5454700e-01
3.4999301e+03 6.7398500e-01
3.5001750e+03 5.9578401e-01
3.5004200e+03 5.2671403e-01
3.5006650e+03 4.7535801e-01
3.5009104e+03 4.5266101e-01
3.5011554e+03 4.6746701e-01
3.5014006e+03 5.2042001e-01
3.5016457e+03 5.9993201e-01
3.5018909e+03 6.8380803e-01
3.5021364e+03 7.4679798e-01
3.5023817e+03 7.7335799e-01
3.5026270e+03 7.6208103e-01
3.5028723e+03 7.2607899e-01
3.5031177e+03 6.8392700e-01
3.5033633e+03 6.5138298e-01
3.5036088e+03 6.3469398e-01
3.5038542e+03 6.2968701e-01
3.5040997e+03 6.2615800e-01
3.5043453e+03 6.1235398e-01
3.5045911e+03 5.8059603e-01
3.5048367e+03 5.3124398e-01
3.5050824e+03 4.7461900e-01
3.5053280e+03 4.2796099e-01
3.5055737e+03 4.0924501e-01
3.5058198e+03 4.2748401e-01
3.5060656e+03 4.7855300e-01
3.5063114e+03 5.4652601e-01
3.5065572e+03 6.1109000e-01
3.5068031e+03 6.5739101e-01
3.5070493e+03 6.7899197e-01
3.5072952e+03 6.7732298e-01
3.5075412e+03 6.5693802e-01
3.5077872e+03 6.2313002e-01
3.5080333e+03 5.8376700e-01
3.5082797e+03 5.5041301e-01
3.5085258e+03 5.3510600e-01
3.5087719e+03 5.4221100e-01
3.5090181e+03 5.6552798e-01
3.5092643e+03 5.8867902e-01
3.5095109e+03 5.9623700e-01
3.5097572e+03 5.8176500e-01
3.5100035e+03 5.5246300e-01
3.5102499e+03 5.2406698e-01
3.5104963e+03 5.1062101e-01
3.5107430e+03 5.1617599e-01
3.5109895e+03 5.3191102e-01
3.5112360e+03 5.4175800e-01
3.5114825e+03 5.3050500e-01
3.5117291e+03 4.9309701e-01
3.5119760e+03 4.3652001e-01
3.5122226e+03 3.7996700e-01
3.5124693e+03 3.4623101e-01
3.5127160e+03 3.5304999e-01
3.5129627e+03 4.0457201e-01
3.5132098e+03 4.9073601e-01
3.5134566e+03 5.9220701e-01
3.5137034e+03 6.8809903e-01
3.5139503e+03 7.6451302e-01
3.5141972e+03 8.1570101e-01
3.5144445e+03 8.4412003e-01
3.5146915e+03 8.5628003e-01
3.5149385e+03 8.5880703e-01
3.5151855e+03 8.5401499e-01
3.5154326e+03 8.4123600e-01
3.5156801e+03 8.1930101e-01
3.5159272e+03 7.9064298e-01
3.5161744e+03 7.6265299e-01
3.5164216e+03 7.4677402e-01
3.5166689e+03 7.5161397e-01
3.5169165e+03 7.7760202e-01
3.5171638e+03 8.1455702e-01
3.5174112e+03 8.4545600e-01
3.5176586e+03 8.5451603e-01
3.5179060e+03 8.3415502e-01
3.5181538e+03 7.8823501e-01
3.5184013e+03 7.2939301e-01
3.5186488e+03 6.7660803e-01
3.5188964e+03 6.4797401e-01
3.5191440e+03 6.5402901e-01
3.5193920e+03 6.9196200e-01
3.5196396e+03 7.4567699e-01
3.5198874e+03 7.9374301e-01
3.5201351e+03 8.1832403e-01
3.5203829e+03 8.1446099e-01
3.5206310e+03 7.8956997e-01
3.5208789e+03 7.5793201e-01
3.5211268e+03 7.3306501e-01
3.5213747e+03 7.2400498e-01
3.5216226e+03 7.3497200e-01
3.5218709e+03 7.6773101e-01
3.5221190e+03 8.2163799e-01
3.5223670e+03 8.9092201e-01
3.5226151e+03 9.6428299e-01
3.5228633e+03 1.0294670e+00
3.5231117e+03 1.0800120e+00
3.5233599e+03 1.1176580e+00
3.5236082e+03 1.1471740e+00
3.5238564e+03 1.1696810e+00
3.5241048e+03 1.1772630e+00
3.5243534e+03 1.1557100e+00
3.5246018e+03 1.0929340e+00
3.5248502e+03 9.8843497e-01
3.5250986e+03 8.5709000e-01
3.5253471e+03 7.2696197e-01
3.5255959e+03 6.2773198e-01
3.5258445e+03 5.8188403e-01
3.5260931e+03 5.9485400e-01
3.5263417e+03 6.5550798e-01
3.5265904e+03 7.3993200e-01
3.5268394e+03 8.2108903e-01
3.5270881e+03 8.7974000e-01
3.5273369e+03 9.0954298e-01
3.5275857e+03 9.1748202e-01
3.5278345e+03 9.1614699e-01
3.5280837e+03 9.1538399e-01
3.5283326e+03 9.1729099e-01
3.5285815e+03 9.1650403e-01
3.5288305e+03 9.0458298e-01
3.5290795e+03 8.7709397e-01
3.5293288e+03 8.3765900e-01
3.5295779e+03 7.9738998e-01
3.5298270e+03 7.6980501e-01
3.5300762e+03 7.6291502e-01
3.5303254e+03 7.7652901e-01
3.5305749e+03 8.0447102e-01
3.5308242e+03 8.3987701e-01
3.5310734e+03 8.7969297e-01
3.5313228e+03 9.2353803e-01
3.5315721e+03 9.6838403e-01
3.5318218e+03 1.0039320e+00
3.5320713e+03 1.0158770e+00
3.5323207e+03 9.9363297e-01
3.5325702e+03 9.4077498e-01
3.5328198e+03 8.7699801e-01
3.5330697e+03 8.3012497e-01
3.5333193e+03 8.2187599e-01
3.5335689e+03 8.5592198e-01
3.5338186e+03 9.1862601e-01
3.5340683e+03 9.8655200e-01
3.5343184e+03 1.0390990e+00
3.5345681e+03 1.0652300e+00
3.5348180e+03 1.0667560e+00
3.5350678e+03 1.0536190e+00
3.5353177e+03 1.0389080e+00
3.5355679e+03 1.0338540e+00
3.5358179e+03 1.0452501e+00
3.5360679e+03 1.0748380e+00
3.5363179e+03 1.1185880e+00
3.5365680e+03 1.1671300e+00
3.5368184e+03 1.2062540e+00
3.5370685e+03 1.2219660e+00
3.5373187e+03 1.2058730e+00
3.5375689e+03 1.1598340e+00
3.5378192e+03 1.0975360e+00
3.5380698e+03 1.0389800e+00
3.5383201e+03 1.0032650e+00
3.5385704e+03 9.9828202e-01
3.5388208e+03 1.0190721e+00
3.5390712e+03 1.0526650e+00
3.5393220e+03 1.0868310e+00
3.5395725e+03 1.1147020e+00
3.5398230e+03 1.1358260e+00
3.5400736e+03 1.1525390e+00
3.5403242e+03 1.1688230e+00
3.5405751e+03 1.1898510e+00
3.5408258e+03 1.2205830e+00
3.5410765e+03 1.2627600e+00
3.5413272e+03 1.3110160e+00
3.5415780e+03 1.3516420e+00
3.5418291e+03 1.3684980e+00
3.5420800e+03 1.3530960e+00
3.5423309e+03 1.3126130e+00
3.5425818e+03 1.2672180e+00
3.5428327e+03 1.2388940e+00
3.5430840e+03 1.2365810e+00
3.5433350e+03 1.2520310e+00
3.5435861e+03 1.2648820e+00
3.5438372e+03 1.2582541e+00
3.5440883e+03 1.2276880e+00
3.5443398e+03 1.1841290e+00
3.5445910e+03 1.1463161e+00
3.5448423e+03 1.1312240e+00
3.5450935e+03 1.1464829e+00
3.5453448e+03 1.1902570e+00
3.5455965e+03 1.2539140e+00
3.5458479e+03 1.3255110e+00
3.5460993e+03 1.3922451e+00
3.5463507e+03 1.4417880e+00
3.5466022e+03 1.4654870e+00
3.5468541e+03 1.4614580e+00
3.5471056e+03 1.4364710e+00
3.5473572e+03 1.4042370e+00
3.5476089e+03 1.3792750e+00
3.5478605e+03 1.3713350e+00
3.5481125e+03 1.3795850e+00
3.5483643e+03 1.3940090e+00
3.5486160e+03 1.3993260e+00
3.5488678e+03 1.3834230e+00
3.5491197e+03 1.3434410e+00
3.5493719e+03 1.2886519e+00
3.5496238e+03 1.2367719e+00
3.5498758e+03 1.2065880e+00
3.5501277e+03 1.2091630e+00
3.5503798e+03 1.2413970e+00
3.5506321e+03 1.2890570e+00
3.5508842e+03 1.3321871e+00
3.5511364e+03 1.3567680e+00
3.5513885e+03 1.3596530e+00
3.5516407e+03 1.3477800e+00
3.5518933e+03 1.3308280e+00
3.5521456e+03 1.3148540e+00
3.5523979e+03 1.2998101e+00
3.5526502e+03 1.2846700e+00
3.5529026e+03 1.2735360e+00
3.5531553e+03 1.2773269e+00
3.5534078e+03 1.3080831e+00
3.5536603e+03 1.3705250e+00
3.5539128e+03 1.4549730e+00
3.5541654e+03 1.5407799e+00
3.5544183e+03 1.6048900e+00
3.5546709e+03 1.6344301e+00
3.5549236e+03 1.6313790e+00
3.5551763e+03 1.6092530e+00
3.5554290e+03 1.5843149e+00
3.5556821e+03 1.5668390e+00
3.5559349e+03 1.5595670e+00
3.5561878e+03 1.5612600e+00
3.5564407e+03 1.5720119e+00
3.5566936e+03 1.5954250e+00
3.5569468e+03 1.6366240e+00
3.5571998e+03 1.6968720e+00
3.5574529e+03 1.7698760e+00
3.5577059e+03 1.8425940e+00
3.5579590e+03 1.8997900e+00
3.5582125e+03 1.9290920e+00
3.5584657e+03 1.9268270e+00
3.5587189e+03 1.8976920e+00
3.5589721e+03 1.8537990e+00
3.5592254e+03 1.8091910e+00
3.5594790e+03 1.7751451e+00
3.5597324e+03 1.7576931e+00
3.5599858e+03 1.7565010e+00
3.5602392e+03 1.7667050e+00
3.5604926e+03 1.7819400e+00
3.5607465e+03 1.7979140e+00
3.5610000e+03 1.8131731e+00
3.5612536e+03 1.8283120e+00
3.5615072e+03 1.8440959e+00
3.5617608e+03 1.8598310e+00
3.5620148e+03 1.8734450e+00
3.5622685e+03 1.8848180e+00
3.5625223e+03 1.8972150e+00
3.5627761e+03 1.9177670e+00
3.5630299e+03 1.9530290e+00
3.5632840e+03 2.0032160e+00
3.5635379e+03 2.0572901e+00
3.5637919e+03 2.0967481e+00
3.5640458e+03 2.1023750e+00
3.5642998e+03 2.0663731e+00
3.5645542e+03 1.9993300e+00
3.5648083e+03 1.9268750e+00
3.5650624e+03 1.8795490e+00
3.5653165e+03 1.8753290e+00
3.5655707e+03 1.9114010e+00
3.5658253e+03 1.9632330e+00
3.5660795e+03 1.9986390e+00
3.5663338e+03 1.9930830e+00
3.5665881e+03 1.9437550e+00
3.5668425e+03 1.8688910e+00
3.5670972e+03 1.8002270e+00
3.5673517e+03 1.7662760e+00
3.5676061e+03 1.7796990e+00
3.5678606e+03 1.8346540e+00
3.5681152e+03 1.9119020e+00
3.5683701e+03 1.9904610e+00
3.5686247e+03 2.0550959e+00
3.5688794e+03 2.1018980e+00
3.5691341e+03 2.1355619e+00
3.5693888e+03 2.1648159e+00
3.5696439e+03 2.1971459e+00
3.5698987e+03 2.2375340e+00
3.5701535e+03 2.2866240e+00
3.5704084e+03 2.3410549e+00
3.5706633e+03 2.3939130e+00
3.5709186e+03 2.4342530e+00
3.5711735e+03 2.4527781e+00
3.5714286e+03 2.4473901e+00
3.5716836e+03 2.4275539e+00
3.5719387e+03 2.4097440e+00
3.5721942e+03 2.4085040e+00
3.5724493e+03 2.4268379e+00
3.5727045e+03 2.4532070e+00
3.5729598e+03 2.4687049e+00
3.5732151e+03 2.4603839e+00
3.5734707e+03 2.4317260e+00
3.5737260e+03 2.3997300e+00
3.5739814e+03 2.3867841e+00
3.5742368e+03 2.4067869e+00
3.5744923e+03 2.4618139e+00
3.5747481e+03 2.5434971e+00
3.5750036e+03 2.6395080e+00
3.5752592e+03 2.7355430e+00
3.5755148e+03 2.8154609e+00
3.5757705e+03 2.8636689e+00
3.5760264e+03 2.8687470e+00
3.5762822e+03 2.8314590e+00
3.5765379e+03 2.7672760e+00
3.5767937e+03 2.7023311e+00
3.5770495e+03 2.6606791e+00
3.5773057e+03 2.6526451e+00
3.5775616e+03 2.6718609e+00
3.5778175e+03 2.7023790e+00
3.5780735e+03 2.7319191e+00
3.5783295e+03 2.7591939e+00
3.5785859e+03 2.7915230e+00
3.5788419e+03 2.8358450e+00
3.5790981e+03 2.8904190e+00
3.5793542e+03 2.9423709e+00
3.5796104e+03 2.9760590e+00
3.5798670e+03 2.9823060e+00
3.5801232e+03 2.9651401e+00
3.5803795e+03 2.9374120e+00
3.5806359e+03 2.9132121e+00
3.5808922e+03 2.8994560e+00
3.5811490e+03 2.8961649e+00
3.5814054e+03 2.9010291e+00
3.5816619e+03 2.9154530e+00
3.5819184e+03 2.9427760e+00
3.5821750e+03 2.9834030e+00
3.5824319e+03 3.0294890e+00
3.5826885e+03 3.0666111e+00
3.5829452e+03 3.0805819e+00
3.5832019e+03 3.0673020e+00
3.5834586e+03 3.0348530e+00
3.5837157e+03 3.0010459e+00
3.5839725e+03 2.9829969e+00
3.5842294e+03 2.9904599e+00
3.5844863e+03 3.0234089e+00
3.5847432e+03 3.0759089e+00
3.5850005e+03 3.1409740e+00
3.5852575e+03 3.2131910e+00
3.5855145e+03 3.2873631e+00
3.5857716e+03 3.3553360e+00
3.5860287e+03 3.4073350e+00
3.5862862e+03 3.4354441e+00
3.5865434e+03 3.4385200e+00
3.5868006e+03 3.4262409e+00
3.5870578e+03 3.4148450e+00
3.5873151e+03 3.4194701e+00
3.5875728e+03 3.4441941e+00
3.5878301e+03 3.4807680e+00
3.5880875e+03 3.5129299e+00
3.5883450e+03 3.5272350e+00
3.5886025e+03 3.5204411e+00
3.5888603e+03 3.5005090e+00
3.5891179e+03 3.4824600e+00
3.5893754e+03 3.4821270e+00
3.5896331e+03 3.5125971e+00
3.5898907e+03 3.5792110e+00
3.5901488e+03 3.6776061e+00
3.5904065e+03 3.7918091e+00
3.5906643e+03 3.8964500e+00
3.5909221e+03 3.9652340e+00
3.5911799e+03 3.9821861e+00
3.5914381e+03 3.9527409e+00
3.5916961e+03 3.9008141e+00
3.5919540e+03 3.8584471e+00
3.5922120e+03 3.8472409e+00
3.5924701e+03 3.8701050e+00
3.5927284e+03 3.9114950e+00
3.5929866e+03 3.9510009e+00
3.5932447e+03 3.9759150e+00
3.5935029e+03 3.9888380e+00
3.5937611e+03 4.0048361e+00
3.5940197e+03 4.0412660e+00
3.5942780e+03 4.1059489e+00
3.5945363e+03 4.1916838e+00
3.5947947e+03 4.2812338e+00
3.5950531e+03 4.3554778e+00
3.5953118e+03 4.4050212e+00
3.5955703e+03 4.4325590e+00
3.5958288e+03 4.4495339e+00
3.5960874e+03 4.4664378e+00
3.5963460e+03 4.4858928e+00
3.5966049e+03 4.5017948e+00
3.5968636e+03 4.5052052e+00
3.5971223e+03 4.4920440e+00
3.5973810e+03 4.4667482e+00
3.5976398e+03 4.4389958e+00
3.5978990e+03 4.4197788e+00
3.5981578e+03 4.4177532e+00
3.5984167e+03 4.4391150e+00
3.5986756e+03 4.4885631e+00
3.5989346e+03 4.5680990e+00
3.5991939e+03 4.6743860e+00
3.5994529e+03 4.7969341e+00
3.5997120e+03 4.9187422e+00
3.5999711e+03 5.0230970e+00
3.6002303e+03 5.0996299e+00
3.6004898e+03 5.1494122e+00
3.6007490e+03 5.1817412e+00
3.6010083e+03 5.2087541e+00
3.6012676e+03 5.2377219e+00
3.6015269e+03 5.2699561e+00
3.6017866e+03 5.3035731e+00
3.6020460e+03 5.3394790e+00
3.6023055e+03 5.3832049e+00
3.6025650e+03 5.4424758e+00
3.6028245e+03 5.5187941e+00
3.6030844e+03 5.6012392e+00
3.6033440e+03 5.6670179e+00
3.6036036e+03 5.6957002e+00
3.6038633e+03 5.6812282e+00
3.6041230e+03 5.6396718e+00
3.6043831e+03 5.5997839e+00
3.6046428e+03 5.5876732e+00
3.6049027e+03 5.6124921e+00
3.6051625e+03 5.6635141e+00
3.6054224e+03 5.7191610e+00
3.6056827e+03 5.7595720e+00
3.6059427e+03 5.7766910e+00
3.6062027e+03 5.7726378e+00
3.6064627e+03 5.7558289e+00
3.6067228e+03 5.7352781e+00
3.6069832e+03 5.7196369e+00
3.6072434e+03 5.7173719e+00
3.6075036e+03 5.7345390e+00
3.6077638e+03 5.7722802e+00
3.6080241e+03 5.8259482e+00
3.6082847e+03 5.8887239e+00
3.6085451e+03 5.9549799e+00
3.6088055e+03 6.0228820e+00
3.6090659e+03 6.0929770e+00
3.6093264e+03 6.1647649e+00
3.6095872e+03 6.2356229e+00
3.6098477e+03 6.3035479e+00
3.6101083e+03 6.3696141e+00
3.6103689e+03 6.4393039e+00
3.6106296e+03 6.5181971e+00
3.6108906e+03 6.6062918e+00
3.6111513e+03 6.6946020e+00
3.6114121e+03 6.7699189e+00
3.6116729e+03 6.8228960e+00
3.6119337e+03 6.8547721e+00
3.6121949e+03 6.8775892e+00
3.6124558e+03 6.9083452e+00
3.6127168e+03 6.9584599e+00
3.6129778e+03 7.0299859e+00
3.6132388e+03 7.1158638e+00
3.6135002e+03 7.2057719e+00
3.6137613e+03 7.2915549e+00
3.6140224e+03 7.3687549e+00
3.6142836e+03 7.4346061e+00
3.6145448e+03 7.4860811e+00
3.6148064e+03 7.5205560e+00
3.6150677e+03 7.5391049e+00
3.6153290e+03 7.5481172e+00
3.6155904e+03 7.5595140e+00
3.6158518e+03 7.5852871e+00
3.6161135e+03 7.6331611e+00
3.6163750e+03 7.7045908e+00
3.6166365e+03 7.7945228e+00
3.6168981e+03 7.8928232e+00
3.6171597e+03 7.9861159e+00
3.6174216e+03 8.0619812e+00
3.6176833e+03 8.1118822e+00
3.6179450e+03 8.1369400e+00
3.6182068e+03 8.1474781e+00
3.6184685e+03 8.1606855e+00
3.6187307e+03 8.1928959e+00
3.6189925e+03 8.2509041e+00
3.6192544e+03 8.3296289e+00
3.6195164e+03 8.4146261e+00
3.6197783e+03 8.4904900e+00
3.6200407e+03 8.5464230e+00
3.6203027e+03 8.5814714e+00
3.6205648e+03 8.6029997e+00
3.6208269e+03 8.6238136e+00
3.6210891e+03 8.6569538e+00
3.6213516e+03 8.7109804e+00
3.6216139e+03 8.7879410e+00
3.6218761e+03 8.8845015e+00
3.6221384e+03 8.9959850e+00
3.6224008e+03 9.1190805e+00
3.6226635e+03 9.2531910e+00
3.6229259e+03 9.3966961e+00
3.6231884e+03 9.5409393e+00
3.6234509e+03 9.6693029e+00
3.6237135e+03 9.7634068e+00
3.6239764e+03 9.8130703e+00
3.6242390e+03 9.8267069e+00
3.6245016e+03 9.8276367e+00
3.6247643e+03 9.8444700e+00
3.6250271e+03 9.8939409e+00
3.6252902e+03 9.9739075e+00
3.6255530e+03 1.0065722e+01
3.6258158e+03 1.0148954e+01
3.6260787e+03 1.0213041e+01
3.6263416e+03 1.0262894e+01
3.6266049e+03 1.0312175e+01
3.6268679e+03 1.0373592e+01
3.6271309e+03 1.0452318e+01
3.6273940e+03 1.0545253e+01
3.6276571e+03 1.0645031e+01
3.6279206e+03 1.0744571e+01
3.6281838e+03 1.0841083e+01
3.6284470e+03 1.0936951e+01
3.6287103e+03 1.1038398e+01
3.6289736e+03 1.1151647e+01
3.6292373e+03 1.1279869e+01
3.6295006e+03 1.1417555e+01
3.6297641e+03 1.1551260e+01
3.6300275e+03 1.1664867e+01
3.6302910e+03 1.1747217e+01
3.6305549e+03 1.1799526e+01
3.6308185e+03 1.1834836e+01
3.6310821e+03 1.1870861e+01
3.6313457e+03 1.1921691e+01
3.6316094e+03 1.1993360e+01
3.6318734e+03 1.2083458e+01
3.6321372e+03 1.2184810e+01
3.6324010e+03 1.2289047e+01
3.6326649e+03 1.2390518e+01
3.6329287e+03 1.2487769e+01
3.6331930e+03 1.2583589e+01
3.6334569e+03 1.2683248e+01
3.6337209e+03 1.2792515e+01
3.6339850e+03 1.2914156e+01
3.6342490e+03 1.3045239e+01
3.6345135e+03 1.3178515e+01
3.6347776e+03 1.3304662e+01
3.6350418e+03 1.3417363e+01
3.6353060e+03 1.3513469e+01
3.6355703e+03 1.3592672e+01
3.6358349e+03 1.3655877e+01
3.6360993e+03 1.3704276e+01
3.6363636e+03 1.3741874e+01
3.6366281e+03 1.3776206e+01
3.6368925e+03 1.3819193e+01
3.6371573e+03 1.3886308e+01
3.6374219e+03 1.3990998e+01
3.6376864e+03 1.4140439e+01
3.6379510e+03 1.4329552e+01
3.6382157e+03 1.4542102e+01
3.6384807e+03 1.4755082e+01
3.6387454e+03 1.4946746e+01
3.6390102e+03 1.5105605e+01
3.6392750e+03 1.5233349e+01
3.6395398e+03 1.5344572e+01
3.6398050e+03 1.5456271e+01
3.6400700e+03 1.5581274e+01
3.6403349e+03 1.5720844e+01
3.6405999e+03 1.5865540e+01
3.6408649e+03 1.6001129e+01
3.6411303e+03 1.6116619e+01
3.6413954e+03 1.6212082e+01
3.6416606e+03 1.6300678e+01
3.6419258e+03 1.6403936e+01
3.6421910e+03 1.6538906e+01
3.6424566e+03 1.6706299e+01
3.6427219e+03 1.6888428e+01
3.6429872e+03 1.7059254e+01
3.6432526e+03 1.7199659e+01
3.6435181e+03 1.7312168e+01
3.6437838e+03 1.7418003e+01
3.6440493e+03 1.7545389e+01
3.6443149e+03 1.7709469e+01
3.6445804e+03 1.7905045e+01
3.6448461e+03 1.8108868e+01
3.6451120e+03 1.8295860e+01
3.6453777e+03 1.8452238e+01
3.6456435e+03 1.8580698e+01
3.6459092e+03 1.8696690e+01
3.6461750e+03 1.8819332e+01
3.6464412e+03 1.8964958e+01
3.6467071e+03 1.9140409e+01
3.6469730e+03 1.9342159e+01
3.6472390e+03 1.9558119e+01
3.6475050e+03 1.9772696e+01
3.6477713e+03 1.9973564e+01
3.6480374e+03 2.0158123e+01
3.6483035e+03 2.0333815e+01
3.6485697e+03 2.0512342e+01
3.6488359e+03 2.0699835e+01
3.6491025e+03 2.0892166e+01
3.6493687e+03 2.1077108e+01
3.6496350e+03 2.1244574e+01
3.6499014e+03 2.1396660e+01
3.6501678e+03 2.1547913e+01
3.6504345e+03 2.1718287e+01
3.6507010e+03 2.1920370e+01
3.6509675e+03 2.2152615e+01
3.6512341e+03 2.2398066e+01
3.6515006e+03 2.2634291e+01
3.6517676e+03 2.2843622e+01
3.6520342e+03 2.3020433e+01
3.6523009e+03 2.3171114e+01
3.6525677e+03 2.3309731e+01
3.6528345e+03 2.3451160e+01
3.6531016e+03 2.3606014e+01
3.6533685e+03 2.3779463e+01
3.6536354e+03 2.3971605e+01
3.6539023e+03 2.4178623e+01
3.6541693e+03 2.4394297e+01
3.6544366e+03 2.4611425e+01
3.6547037e+03 2.4822903e+01
3.6549708e+03 2.5024103e+01
3.6552379e+03 2.5215435e+01
3.6555051e+03 2.5403593e+01
3.6557726e+03 2.5600218e+01
3.6560398e+03 2.5816536e+01
3.6563071e+03 2.6058268e+01
3.6565745e+03 2.6320099e+01
3.6568418e+03 2.6587296e+01
3.6571096e+03 2.6841736e+01
3.6573770e+03 2.7071190e+01
3.6576445e+03 2.7277206e+01
3.6579120e+03 2.7472973e+01
3.6581796e+03 2.7679132e+01
3.6584475e+03 2.7910017e+01
3.6587151e+03 2.8168224e+01
3.6589828e+03 2.8441977e+01
3.6592505e+03 2.8713154e+01
3.6595183e+03 2.8967976e+01
3.6597864e+03 2.9204439e+01
3.6600542e+03 2.9433559e+01
3.6603221e+03 2.9671072e+01
3.6605900e+03 2.9927896e+01
3.6608580e+03 3.0203270e+01
3.6611263e+03 3.0484079e+01
3.6613943e+03 3.0754757e+01
3.6616624e+03 3.1005619e+01
3.6619305e+03 3.1238102e+01
3.6621987e+03 3.1462978e+01
3.6624672e+03 3.1691883e+01
3.6627354e+03 3.1932402e+01
3.6630037e+03 3.2185410e+01
3.6632720e+03 3.2449268e+01
3.6635403e+03 3.2722042e+01
3.6638090e+03 3.3003235e+01
3.6640775e+03 3.3293438e+01
3.6643459e+03 3.3592724e+01
3.6646144e+03 3.3902500e+01
3.6648830e+03 3.4226967e+01
3.6651519e+03 3.4573315e+01
3.6654205e+03 3.4945534e+01
3.6656891e+03 3.5338856e+01
3.6659578e+03 3.5737896e+01
3.6662266e+03 3.6121822e+01
3.6664957e+03 3.6474514e+01
3.6667645e+03 3.6790012e+01
3.6670334e+03 3.7074184e+01
3.6673023e+03 3.7339878e+01
3.6675712e+03 3.7601448e+01
3.6678405e+03 3.7871742e+01
3.6681095e+03 3.8160397e+01
3.6683786e+03 3.8473606e+01
3.6686477e+03 3.8811539e+01
3.6689168e+03 3.9166569e+01
3.6691863e+03 3.9524315e+01
3.6694555e+03 3.9870403e+01
3.6697248e+03 4.0196991e+01
3.6699941e+03 4.0505959e+01
3.6702634e+03 4.0805935e+01
3.6705331e+03 4.1106915e+01
3.6708025e+03 4.1414879e+01
3.6710720e+03 4.1731117e+01
3.6713414e+03 4.2053436e+01
3.6716110e+03 4.2378902e+01
3.6718809e+03 4.2705990e+01
3.6721505e+03 4.3034626e+01
3.6724201e+03 4.3366669e+01
3.6726898e+03 4.3703865e+01
3.6729595e+03 4.4047737e+01
3.6732296e+03 4.4397831e+01
3.6734994e+03 4.4750595e+01
3.6737693e+03 4.5101402e+01
3.6740392e+03 4.5446896e+01
3.6743091e+03 4.5789623e+01
3.6745794e+03 4.6137787e+01
3.6748494e+03 4.6501541e+01
3.6751194e+03 4.6886944e+01
3.6753895e+03 4.7291447e+01
3.6756596e+03 4.7705482e+01
3.6759301e+03 4.8117184e+01
3.6762003e+03 4.8518894e+01
3.6764706e+03 4.8910690e+01
3.6767409e+03 4.9296642e+01
3.6770112e+03 4.9680901e+01
3.6772819e+03 5.0061798e+01
3.6775523e+03 5.0435017e+01
3.6778227e+03 5.0798725e+01
3.6780932e+03 5.1159191e+01
3.6783637e+03 5.1530025e+01
3.6786346e+03 5.1924969e+01
3.6789052e+03 5.2348373e+01
3.6791759e+03 5.2792191e+01
3.6794465e+03 5.3239250e+01
3.6797173e+03 5.3673576e+01
3.6799884e+03 5.4087185e+01
3.6802592e+03 5.4483364e+01
3.6805300e+03 5.4871750e+01
3.6808009e+03 5.5261803e+01
3.6810718e+03 5.5658340e+01
3.6813431e+03 5.6060863e+01
3.6816141e+03 5.6467102e+01
3.6818851e+03 5.6875847e+01
3.6821562e+03 5.7288170e+01
3.6824273e+03 5.7705593e+01
3.6826988e+03 5.8128403e+01
3.6829700e+03 5.8554363e+01
3.6832413e+03 5.8979725e+01
3.6835125e+03 5.9400867e+01
3.6837839e+03 5.9816311e+01
3.6840555e+03 6.0226868e+01
3.6843269e+03 6.0634373e+01
3.6845984e+03 6.1039970e+01
3.6848699e+03 6.1443687e+01
3.6851414e+03 6.1844872e+01
3.6854133e+03 6.2243317e+01
3.6856849e+03 6.2639713e+01
3.6859565e+03 6.3035725e+01
3.6862282e+03 6.3433193e+01
3.6864999e+03 6.3833092e+01
3.6867720e+03 6.4234825e+01
3.6870438e+03 6.4636208e+01
3.6873156e+03 6.5032814e+01
3.6875875e+03 6.5418861e+01
3.6878594e+03 6.5789627e+01
3.6881317e+03 6.6145012e+01
3.6884037e+03 6.6494179e+01
3.6886758e+03 6.6853477e+01
3.6889478e+03 6.7240593e+01
3.6892200e+03 6.7663643e+01
3.6894925e+03 6.8116760e+01
3.6897647e+03 6.8581772e+01
3.6900369e+03 6.9038033e+01
3.6903092e+03 6.9471642e+01
3.6905815e+03 6.9879601e+01
3.6908542e+03 7.0267441e+01
3.6911266e+03 7.0642830e+01
3.6913990e+03 7.1011208e+01
3.6916715e+03 7.1376129e+01
3.6919440e+03 7.1741531e+01
3.6922169e+03 7.2112778e+01
3.6924895e+03 7.2494194e+01
3.6927622e+03 7.2886726e+01
3.6930349e+03 7.3288055e+01
3.6933076e+03 7.3693825e+01
3.6935807e+03 7.4098633e+01
3.6938535e+03 7.4496414e+01
3.6941263e+03 7.4881218e+01
3.6943992e+03 7.5248810e+01
3.6946721e+03 7.5598213e+01
3.6949454e+03 7.5933411e+01
3.6952185e+03 7.6261780e+01
3.6954915e+03 7.6591064e+01
3.6957646e+03 7.6926186e+01
3.6960377e+03 7.7267883e+01
3.6963112e+03 7.7615593e+01
3.6965844e+03 7.7968239e+01
3.6968577e+03 7.8324867e+01
3.6971310e+03 7.8682945e+01
3.6974043e+03 7.9038261e+01
3.6976780e+03 7.9388618e+01
3.6979514e+03 7.9735207e+01
3.6982249e+03 8.0082916e+01
3.6984983e+03 8.0435539e+01
3.6987719e+03 8.0792068e+01
3.6990458e+03 8.1147720e+01
3.6993194e+03 8.1495049e+01
3.6995930e+03 8.1831047e+01
3.6998667e+03 8.2158279e+01
3.7001405e+03 8.2485367e+01
3.7004146e+03 8.2820602e+01
3.7006884e+03 8.3164719e+01
3.7009623e+03 8.3507896e+01
3.7012361e+03 8.3833694e+01
3.7015101e+03 8.4129021e+01
3.7017844e+03 8.4392357e+01
3.7020584e+03 8.4635712e+01
3.7023325e+03 8.4878014e+01
3.7026066e+03 8.5133553e+01
3.7028807e+03 8.5405540e+01
3.7031552e+03 8.5686539e+01
3.7034294e+03 8.5967705e+01
3.7037037e+03 8.6247612e+01
3.7039780e+03 8.6530136e+01
3.7042523e+03 8.6818336e+01
3.7045271e+03 8.7106636e+01
3.7048015e+03 8.7384727e+01
3.7050760e+03 8.7646126e+01
3.7053505e+03 8.7895081e+01
3.7056250e+03 8.8145729e+01
3.7058999e+03 8.8410782e+01
3.7061746e+03 8.8693596e+01
3.7064492e+03 8.8984634e+01
3.7067239e+03 8.9266899e+01
3.7069987e+03 8.9526680e+01
3.7072738e+03 8.9757202e+01
3.7075486e+03 8.9959267e+01
3.7078235e+03 9.0137169e+01
3.7080984e+03 9.0300079e+01
3.7083734e+03 9.0463257e+01
3.7086487e+03 9.0645454e+01
3.7089237e+03 9.0863823e+01
3.7091988e+03 9.1120125e+01
3.7094739e+03 9.1400383e+01
3.7097491e+03 9.1675659e+01
3.7100246e+03 9.1915253e+01
3.7102999e+03 9.2100121e+01
3.7105751e+03 9.2229012e+01
3.7108505e+03 9.2320847e+01
3.7111258e+03 9.2404297e+01
3.7114016e+03 9.2509338e+01
3.7116770e+03 9.2654320e+01
3.7119525e+03 9.2842079e+01
3.7122280e+03 9.3062492e+01
3.7125036e+03 9.3295952e+01
3.7127795e+03 9.3524292e+01
3.7130552e+03 9.3734573e+01
3.7133309e+03 9.3918701e+01
3.7136066e+03 9.4069931e+01
3.7138824e+03 9.4179985e+01
3.7141585e+03 9.4245361e+01
3.7144344e+03 9.4272850e+01
3.7147103e+03 9.4285896e+01
3.7149862e+03 9.4318176e+01
3.7152622e+03 9.4400528e+01
3.7155385e+03 9.4546555e+01
3.7158146e+03 9.4741341e+01
3.7160907e+03 9.4947601e+01
3.7163668e+03 9.5119926e+01
3.7166430e+03 9.5227409e+01
3.7169196e+03 9.5264885e+01
3.7171958e+03 9.5254875e+01
3.7174721e+03 9.5233818e+01
3.7177485e+03 9.5235756e+01
3.7180249e+03 9.5276283e+01
3.7183016e+03 9.5350983e+01
3.7185781e+03 9.5443031e+01
3.7188546e+03 9.5540741e+01
3.7191311e+03 9.5643356e+01
3.7194077e+03 9.5758629e+01
3.7196847e+03 9.5890739e+01
3.7199614e+03 9.6030426e+01
3.7202381e+03 9.6155861e+01
3.7205149e+03 9.6243736e+01
3.7207916e+03 9.6282341e+01
3.7210688e+03 9.6277550e+01
3.7213457e+03 9.6250984e+01
3.7216226e+03 9.6229126e+01
3.7218996e+03 9.6232819e+01
3.7221766e+03 9.6271065e+01
3.7224540e+03 9.6340393e+01
3.7227311e+03 9.6425888e+01
3.7230082e+03 9.6507286e+01
3.7232854e+03 9.6565720e+01
3.7235626e+03 9.6591042e+01
3.7238402e+03 9.6586586e+01
3.7241175e+03 9.6565987e+01
3.7243948e+03 9.6545502e+01
3.7246722e+03 9.6534561e+01
3.7249496e+03 9.6534897e+01
3.7252274e+03 9.6541428e+01
3.7255049e+03 9.6551559e+01
3.7257824e+03 9.6566605e+01
3.7260600e+03 9.6591614e+01
3.7263376e+03 9.6630051e+01
3.7266156e+03 9.6678879e+01
3.7268933e+03 9.6730637e+01
3.7271711e+03 9.6778557e+01
3.7274489e+03 9.6820282e+01
3.7277267e+03 9.6858383e+01
3.7280049e+03 9.6896149e+01
3.7282828e+03 9.6933456e+01
3.7285608e+03 9.6963188e+01
3.7288388e+03 9.6976280e+01
3.7291168e+03 9.6965363e+01
3.7293952e+03 9.6928551e+01
3.7296733e+03 9.6869873e+01
3.7299515e+03 9.6796753e+01
3.7302297e+03 9.6716713e+01
3.7305080e+03 9.6634605e+01
3.7307866e+03 9.6552322e+01
3.7310649e+03 9.6470642e+01
3.7313433e+03 9.6393349e+01
3.7316217e+03 9.6331978e+01
3.7319001e+03 9.6301506e+01
3.7321790e+03 9.6313545e+01
3.7324575e+03 9.6364853e+01
3.7327361e+03 9.6431732e+01
3.7330147e+03 9.6479179e+01
3.7332934e+03 9.6475388e+01
3.7335724e+03 9.6413780e+01
3.7338512e+03 9.6315643e+01
3.7341299e+03 9.6220520e+01
3.7344088e+03 9.6160004e+01
3.7346876e+03 9.6142860e+01
3.7349669e+03 9.6152832e+01
3.7352458e+03 9.6164322e+01
3.7355248e+03 9.6157356e+01
3.7358039e+03 9.6125961e+01
3.7360830e+03 9.6074005e+01
3.7363624e+03 9.6005127e+01
3.7366416e+03 9.5917984e+01
3.7369208e+03 9.5812416e+01
3.7372000e+03 9.5696571e+01
3.7374793e+03 9.5589348e+01
3.7377590e+03 9.5511604e+01
3.7380383e+03 9.5475914e+01
3.7383178e+03 9.5479134e+01
3.7385972e+03 9.5504616e+01
3.7388767e+03 9.5530106e+01
3.7391566e+03 9.5537277e+01
3.7394362e+03 9.5518921e+01
3.7397158e+03 9.5479843e+01
3.7399954e+03 9.5432785e+01
3.7402751e+03 9.5389435e+01
3.7405552e+03 9.5353172e+01
3.7408350e+03 9.5314621e+01
3.7411149e+03 9.5257233e+01
3.7413947e+03 9.5166847e+01
3.7416746e+03 9.5046494e+01
3.7419549e+03 9.4919106e+01
3.7422349e+03 9.4819641e+01
3.7425150e+03 9.4775177e+01
3.7427951e+03 9.4790649e+01
3.7430752e+03 9.4845177e+01
3.7433557e+03 9.4903275e+01
3.7436359e+03 9.4933060e+01
3.7439161e+03 9.4917389e+01
3.7441964e+03 9.4858002e+01
3.7444768e+03 9.4767021e+01
3.7447575e+03 9.4658302e+01
3.7450379e+03 9.4541290e+01
3.7453184e+03 9.4421959e+01
3.7455989e+03 9.4304512e+01
3.7458794e+03 9.4194122e+01
3.7461603e+03 9.4098351e+01
3.7464409e+03 9.4027611e+01
3.7467216e+03 9.3990540e+01
3.7470023e+03 9.3989632e+01
3.7472831e+03 9.4014740e+01
3.7475642e+03 9.4043610e+01
3.7478451e+03 9.4049095e+01
3.7481259e+03 9.4012024e+01
3.7484069e+03 9.3933037e+01
3.7486878e+03 9.3832016e+01
3.7489692e+03 9.3738892e+01
3.7492502e+03 9.3674782e+01
3.7495313e+03 9.3643547e+01
3.7498124e+03 9.3632172e+01
3.7500936e+03 9.3624329e+01
3.7503752e+03 9.3608139e+01
3.7506564e+03 9.3580200e+01
3.7509377e+03 9.3540192e+01
3.7512191e+03 9.3483925e+01
3.7515005e+03 9.3404320e+01
3.7517822e+03 9.3297554e+01
3.7520637e+03 9.3171097e+01
3.7523452e+03 9.3045448e+01
3.7526268e+03 9.2943619e+01
3.7529084e+03 9.2880508e+01
3.7531903e+03 9.2855049e+01
3.7534720e+03 9.2852684e+01
3.7537538e+03 9.2853592e+01
3.7540355e+03 9.2844482e+01
3.7543173e+03 9.2822739e+01
3.7545995e+03 9.2795464e+01
3.7548814e+03 9.2772797e+01
3.7551633e+03 9.2760658e+01
3.7554453e+03 9.2758560e+01
3.7557273e+03 9.2761780e+01
3.7560098e+03 9.2765450e+01
3.7562919e+03 9.2766594e+01
3.7565740e+03 9.2762253e+01
3.7568562e+03 9.2746902e+01
3.7571384e+03 9.2711159e+01
3.7574210e+03 9.2646645e+01
3.7577034e+03 9.2551353e+01
3.7579857e+03 9.2434952e+01
3.7582681e+03 9.2315765e+01
3.7585506e+03 9.2213272e+01
3.7588334e+03 9.2139412e+01
3.7591159e+03 9.2093750e+01
3.7593985e+03 9.2067024e+01
3.7596811e+03 9.2047760e+01
3.7599638e+03 9.2030380e+01
3.7602468e+03 9.2015167e+01
3.7605296e+03 9.2005226e+01
3.7608123e+03 9.2001274e+01
3.7610952e+03 9.1998840e+01
3.7613780e+03 9.1988991e+01
3.7616613e+03 9.1962715e+01
3.7619442e+03 9.1912506e+01
3.7622272e+03 9.1834114e+01
3.7625103e+03 9.1728210e+01
3.7627934e+03 9.1601036e+01
3.7630768e+03 9.1467049e+01
3.7633600e+03 9.1346619e+01
3.7636432e+03 9.1260483e+01
3.7639265e+03 9.1218948e+01
3.7642098e+03 9.1215179e+01
3.7644934e+03 9.1226219e+01
3.7647768e+03 9.1224884e+01
3.7650602e+03 9.1194389e+01
3.7653437e+03 9.1136787e+01
3.7656272e+03 9.1071198e+01
3.7659111e+03 9.1020416e+01
3.7661947e+03 9.1000153e+01
3.7664783e+03 9.1009972e+01
3.7667620e+03 9.1037132e+01
3.7670457e+03 9.1063164e+01
3.7673299e+03 9.1073227e+01
3.7676137e+03 9.1059998e+01
3.7678975e+03 9.1023636e+01
3.7681814e+03 9.0968704e+01
3.7684653e+03 9.0902161e+01
3.7687497e+03 9.0831947e+01
3.7690337e+03 9.0765022e+01
3.7693178e+03 9.0705994e+01
3.7696019e+03 9.0653946e+01
3.7698860e+03 9.0603470e+01
3.7701706e+03 9.0548447e+01
3.7704548e+03 9.0485313e+01
3.7707391e+03 9.0414551e+01
3.7710234e+03 9.0339211e+01
3.7713078e+03 9.0262772e+01
3.7715925e+03 9.0190147e+01
3.7718770e+03 9.0128448e+01
3.7721614e+03 9.0086411e+01
3.7724460e+03 9.0068817e+01
3.7727306e+03 9.0070511e+01
3.7730155e+03 9.0074852e+01
3.7733002e+03 9.0059921e+01
3.7735849e+03 9.0009689e+01
3.7738697e+03 8.9924858e+01
3.7741545e+03 8.9822456e+01
3.7744396e+03 8.9726326e+01
3.7747245e+03 8.9652946e+01
3.7750094e+03 8.9602875e+01
3.7752944e+03 8.9563179e+01
3.7755794e+03 8.9517830e+01
3.7758648e+03 8.9458534e+01
3.7761499e+03 8.9386963e+01
3.7764350e+03 8.9310600e+01
3.7767202e+03 8.9233353e+01
3.7770055e+03 8.9153145e+01
3.7772911e+03 8.9064384e+01
3.7775764e+03 8.8964203e+01
3.7778617e+03 8.8857147e+01
3.7781471e+03 8.8753578e+01
3.7784326e+03 8.8664963e+01
3.7787184e+03 8.8597992e+01
3.7790039e+03 8.8550827e+01
3.7792895e+03 8.8515450e+01
3.7795751e+03 8.8480377e+01
3.7798608e+03 8.8436981e+01
3.7801468e+03 8.8381958e+01
3.7804326e+03 8.8317368e+01
3.7807183e+03 8.8246223e+01
3.7810042e+03 8.8167931e+01
3.7812900e+03 8.8076515e+01
3.7815763e+03 8.7962746e+01
3.7818623e+03 8.7822723e+01
3.7821483e+03 8.7664650e+01
3.7824343e+03 8.7507339e+01
3.7827204e+03 8.7371948e+01
3.7830069e+03 8.7269569e+01
3.7832930e+03 8.7193993e+01
3.7835793e+03 8.7126328e+01
3.7838655e+03 8.7047073e+01
3.7841518e+03 8.6950615e+01
3.7844385e+03 8.6846230e+01
3.7847249e+03 8.6751770e+01
3.7850114e+03 8.6675980e+01
3.7852978e+03 8.6610626e+01
3.7855844e+03 8.6531303e+01
3.7858713e+03 8.6413048e+01
3.7861579e+03 8.6244415e+01
3.7864445e+03 8.6036041e+01
3.7867312e+03 8.5813019e+01
3.7870180e+03 8.5603592e+01
3.7873051e+03 8.5427017e+01
3.7875919e+03 8.5290077e+01
3.7878788e+03 8.5189034e+01
3.7881657e+03 8.5114479e+01
3.7884527e+03 8.5052704e+01
3.7887400e+03 8.4986473e+01
3.7890270e+03 8.4897781e+01
3.7893141e+03 8.4773827e+01
3.7896013e+03 8.4614464e+01
3.7898884e+03 8.4432983e+01
3.7901760e+03 8.4249924e+01
3.7904633e+03 8.4083649e+01
3.7907506e+03 8.3942154e+01
3.7910379e+03 8.3824059e+01
3.7913253e+03 8.3721611e+01
3.7916131e+03 8.3626053e+01
3.7919006e+03 8.3527588e+01
3.7921881e+03 8.3414864e+01
3.7924757e+03 8.3277489e+01
3.7927633e+03 8.3109306e+01
3.7930513e+03 8.2913589e+01
3.7933390e+03 8.2702446e+01
3.7936267e+03 8.2491180e+01
3.7939145e+03 8.2289574e+01
3.7942023e+03 8.2097198e+01
3.7944905e+03 8.1907822e+01
3.7947785e+03 8.1714272e+01
3.7950664e+03 8.1517433e+01
3.7953544e+03 8.1323814e+01
3.7956425e+03 8.1140831e+01
3.7959309e+03 8.0970070e+01
3.7962190e+03 8.0804779e+01
3.7965072e+03 8.0634262e+01
3.7967954e+03 8.0449554e+01
3.7970837e+03 8.0248001e+01
3.7973724e+03 8.0032990e+01
3.7976607e+03 7.9810951e+01
3.7979491e+03 7.9589584e+01
3.7982375e+03 7.9373192e+01
3.7985260e+03 7.9161644e+01
3.7988149e+03 7.8949120e+01
3.7991035e+03 7.8726410e+01
3.7993921e+03 7.8485939e+01
3.7996808e+03 7.8225327e+01
3.7999695e+03 7.7950333e+01
3.8002586e+03 7.7671310e+01
3.8005473e+03 7.7399132e+01
3.8008362e+03 7.7140045e+01
3.8011251e+03 7.6894714e+01
3.8014140e+03 7.6662155e+01
3.8017033e+03 7.6440331e+01
3.8019923e+03 7.6226616e+01
3.8022814e+03 7.6015236e+01
3.8025705e+03 7.5798370e+01
3.8028596e+03 7.5570152e+01
3.8031491e+03 7.5328377e+01
3.8034384e+03 7.5075867e+01
3.8037277e+03 7.4816154e+01
3.8040170e+03 7.4551460e+01
3.8043063e+03 7.4282501e+01
3.8045961e+03 7.4011208e+01
3.8048855e+03 7.3744102e+01
3.8051750e+03 7.3488518e+01
3.8054646e+03 7.3245667e+01
3.8057542e+03 7.3005196e+01
3.8060441e+03 7.2750664e+01
3.8063338e+03 7.2469376e+01
3.8066235e+03 7.2162148e+01
3.8069133e+03 7.1843002e+01
3.8072031e+03 7.1529152e+01
3.8074933e+03 7.1230789e+01
3.8077832e+03 7.0946312e+01
3.8080731e+03 7.0666077e+01
3.8083631e+03 7.0381424e+01
3.8086531e+03 7.0088646e+01
3.8089435e+03 6.9787933e+01
3.8092337e+03 6.9480515e+01
3.8095238e+03 6.9168968e+01
3.8098140e+03 6.8861076e+01
3.8101043e+03 6.8569733e+01
3.8103949e+03 6.8304848e+01
3.8106852e+03 6.8063499e+01
3.8109756e+03 6.7826439e+01
3.8112660e+03 6.7568253e+01
3.8115565e+03 6.7270042e+01
3.8118474e+03 6.6933487e+01
3.8121379e+03 6.6576126e+01
3.8124285e+03 6.6220596e+01
3.8127192e+03 6.5878990e+01
3.8130098e+03 6.5549423e+01
3.8133009e+03 6.5222885e+01
3.8135917e+03 6.4894821e+01
3.8138825e+03 6.4568352e+01
3.8141734e+03 6.4250015e+01
3.8144643e+03 6.3942242e+01
3.8147556e+03 6.3641857e+01
3.8150466e+03 6.3341976e+01
3.8153377e+03 6.3037632e+01
3.8156287e+03 6.2726925e+01
3.8159199e+03 6.2408493e+01
3.8162114e+03 6.2078308e+01
3.8165026e+03 6.1729790e+01
3.8167939e+03 6.1358475e+01
3.8170852e+03 6.0968254e+01
3.8173766e+03 6.0573078e+01
3.8176683e+03 6.0192871e+01
3.8179598e+03 5.9842155e+01
3.8182512e+03 5.9523891e+01
3.8185428e+03 5.9228016e+01
3.8188343e+03 5.8939026e+01
3.8191263e+03 5.8643913e+01
3.8194180e+03 5.8338379e+01
3.8197097e+03 5.8026169e+01
3.8200015e+03 5.7714153e+01
3.8202933e+03 5.7407356e+01
3.8205855e+03 5.7106590e+01
3.8208773e+03 5.6809235e+01
3.8211693e+03 5.6510902e+01
3.8214613e+03 5.6207371e+01
3.8217533e+03 5.5895306e+01
3.8220457e+03 5.5573509e+01
3.8223378e+03 5.5243824e+01
3.8226300e+03 5.4911018e+01
3.8229222e+03 5.4580212e+01
3.8232144e+03 5.4253746e+01
3.8235071e+03 5.3930855e+01
3.8237994e+03 5.3609131e+01
3.8240918e+03 5.3287624e+01
3.8243842e+03 5.2968430e+01
3.8246767e+03 5.2654385e+01
3.8249695e+03 5.2345703e+01
3.8252621e+03 5.2038334e+01
3.8255547e+03 5.1725601e+01
3.8258474e+03 5.1402042e+01
3.8261400e+03 5.1066730e+01
3.8264331e+03 5.0722672e+01
3.8267259e+03 5.0373173e+01
3.8270188e+03 5.0020195e+01
3.8273116e+03 4.9664162e+01
3.8276045e+03 4.9307178e+01
3.8278979e+03 4.8954533e+01
3.8281909e+03 4.8612068e+01
3.8284839e+03 4.8282074e+01
3.8287770e+03 4.7959877e+01
3.8290702e+03 4.7635937e+01
3.8293637e+03 4.7302197e+01
3.8296569e+03 4.6958733e+01
3.8299502e+03 4.6614479e+01
3.8302435e+03 4.6281982e+01
3.8305369e+03 4.5970009e+01
3.8308307e+03 4.5678852e+01
3.8311241e+03 4.5402313e+01
3.8314176e+03 4.5132423e+01
3.8317112e+03 4.4864632e+01
3.8320048e+03 4.4597794e+01
3.8322988e+03 4.4330284e+01
3.8325924e+03 4.4057846e+01
3.8328862e+03 4.3773220e+01
3.8331799e+03 4.3470169e+01
3.8334738e+03 4.3148708e+01
3.8337680e+03 4.2815758e+01
3.8340619e+03 4.2483498e+01
3.8343558e+03 4.2162560e+01
3.8346498e+03 4.1858028e+01
3.8349439e+03 4.1566921e+01
3.8352383e+03 4.1280579e+01
3.8355324e+03 4.0989590e+01
3.8358266e+03 4.0688896e+01
3.8361208e+03 4.0381096e+01
3.8364151e+03 4.0075874e+01
3.8367098e+03 3.9784168e+01
3.8370041e+03 3.9511822e+01
3.8372985e+03 3.9254616e+01
3.8375930e+03 3.8999294e+01
3.8378875e+03 3.8730644e+01
3.8381824e+03 3.8439846e+01
3.8384770e+03 3.8130306e+01
3.8387716e+03 3.7813782e+01
3.8390663e+03 3.7503574e+01
3.8393610e+03 3.7204216e+01
3.8396561e+03 3.6911152e+01
3.8399509e+03 3.6615036e+01
3.8402458e+03 3.6312626e+01
3.8405407e+03 3.6010670e+01
3.8408356e+03 3.5722183e+01
3.8411310e+03 3.5457016e+01
3.8414260e+03 3.5214497e+01
3.8417211e+03 3.4982468e+01
3.8420162e+03 3.4745884e+01
3.8423114e+03 3.4494709e+01
3.8426070e+03 3.4230804e+01
3.8429022e+03 3.3964539e+01
3.8431975e+03 3.3707500e+01
3.8434929e+03 3.3463642e+01
3.8437883e+03 3.3226440e+01
3.8440841e+03 3.2983662e+01
3.8443796e+03 3.2724998e+01
3.8446751e+03 3.2451008e+01
3.8449707e+03 3.2172966e+01
3.8452663e+03 3.1907963e+01
3.8455624e+03 3.1668854e+01
3.8458581e+03 3.1457186e+01
3.8461538e+03 3.1262302e+01
3.8464497e+03 3.1067442e+01
3.8467455e+03 3.0857395e+01
3.8470418e+03 3.0625534e+01
3.8473377e+03 3.0373644e+01
3.8476337e+03 3.0110455e+01
3.8479297e+03 2.9847025e+01
3.8482258e+03 2.9593967e+01
3.8485223e+03 2.9358864e+01
3.8488185e+03 2.9144430e+01
3.8491147e+03 2.8948139e+01
3.8494110e+03 2.8761482e+01
3.8497073e+03 2.8573584e+01
3.8500040e+03 2.8374027e+01
3.8503004e+03 2.8156399e+01
3.8505968e+03 2.7920984e+01
3.8508933e+03 2.7673172e+01
3.8511899e+03 2.7422308e+01
3.8514868e+03 2.7176117e+01
3.8517834e+03 2.6939320e+01
3.8520801e+03 2.6712656e+01
3.8523768e+03 2.6493572e+01
3.8526736e+03 2.6279066e+01
3.8529708e+03 2.6067829e+01
3.8532676e+03 2.5861572e+01
3.8535645e+03 2.5663328e+01
3.8538615e+03 2.5476122e+01
3.8541585e+03 2.5300407e+01
3.8544559e+03 2.5132965e+01
3.8547530e+03 2.4967789e+01
3.8550501e+03 2.4798727e+01
3.8553473e+03 2.4621986e+01
3.8556445e+03 2.4437952e+01
3.8559422e+03 2.4251007e+01
3.8562395e+03 2.4066996e+01
3.8565368e+03 2.3888254e+01
3.8568342e+03 2.3712206e+01
3.8571317e+03 2.3530840e+01
3.8574296e+03 2.3335218e+01
3.8577271e+03 2.3121714e+01
3.8580247e+03 2.2894812e+01
3.8583223e+03 2.2667622e+01
3.8586200e+03 2.2455025e+01
3.8589181e+03 2.2267126e+01
3.8592159e+03 2.2102188e+01
3.8595137e+03 2.1947502e+01
3.8598116e+03 2.1786213e+01
3.8601095e+03 2.1607447e+01
3.8604078e+03 2.1413349e+01
3.8607058e+03 2.1218491e+01
3.8610039e+03 2.1041178e+01
3.8613020e+03 2.0892881e+01
3.8616001e+03 2.0770884e+01
3.8618987e+03 2.0659971e+01
3.8621969e+03 2.0540356e+01
3.8624952e+03 2.0396303e+01
3.8627935e+03 2.0223307e+01
3.8630919e+03 2.0026659e+01
3.8633907e+03 1.9818211e+01
3.8636891e+03 1.9610214e+01
3.8639876e+03 1.9412636e+01
3.8642862e+03 1.9231724e+01
3.8645848e+03 1.9070219e+01
3.8648838e+03 1.8928955e+01
3.8651825e+03 1.8805695e+01
3.8654813e+03 1.8697023e+01
3.8657800e+03 1.8596792e+01
3.8660789e+03 1.8496536e+01
3.8663781e+03 1.8386578e+01
3.8666771e+03 1.8257046e+01
3.8669760e+03 1.8102383e+01
3.8672750e+03 1.7923880e+01
3.8675741e+03 1.7729687e+01
3.8678736e+03 1.7531490e+01
3.8681727e+03 1.7337727e+01
3.8684720e+03 1.7151642e+01
3.8687712e+03 1.6972469e+01
3.8690705e+03 1.6801571e+01
3.8693702e+03 1.6645861e+01
3.8696696e+03 1.6517233e+01
3.8699690e+03 1.6424656e+01
3.8702685e+03 1.6366695e+01
3.8705681e+03 1.6328762e+01
3.8708680e+03 1.6289543e+01
3.8711676e+03 1.6229773e+01
3.8714673e+03 1.6141081e+01
3.8717670e+03 1.6025352e+01
3.8720668e+03 1.5890884e+01
3.8723669e+03 1.5746569e+01
3.8726668e+03 1.5599060e+01
3.8729667e+03 1.5452218e+01
3.8732666e+03 1.5308022e+01
3.8735666e+03 1.5167784e+01
3.8738670e+03 1.5030407e+01
3.8741671e+03 1.4893531e+01
3.8744673e+03 1.4754986e+01
3.8747674e+03 1.4615678e+01
3.8750677e+03 1.4480447e+01
3.8753683e+03 1.4355421e+01
3.8756686e+03 1.4245271e+01
3.8759690e+03 1.4150643e+01
3.8762694e+03 1.4067721e+01
3.8765699e+03 1.3988447e+01
3.8768707e+03 1.3903188e+01
3.8771713e+03 1.3803815e+01
3.8774719e+03 1.3687992e+01
3.8777725e+03 1.3561511e+01
3.8780732e+03 1.3435244e+01
3.8783743e+03 1.3321423e+01
3.8786751e+03 1.3226270e+01
3.8789760e+03 1.3147616e+01
3.8792768e+03 1.3077855e+01
3.8795778e+03 1.3010191e+01
3.8798791e+03 1.2942886e+01
3.8801801e+03 1.2878537e+01
3.8804812e+03 1.2818551e+01
3.8807823e+03 1.2759590e+01
3.8810835e+03 1.2693786e+01
3.8813850e+03 1.2614393e+01
3.8816863e+03 1.2519812e+01
3.8819876e+03 1.2414836e+01
3.8822889e+03 1.2307190e+01
3.8825903e+03 1.2203359e+01
3.8828921e+03 1.2106776e+01
3.8831936e+03 1.2019109e+01
3.8834951e+03 1.1942243e+01
3.8837967e+03 1.1877155e+01
3.8840984e+03 1.1821413e+01
3.8844004e+03 1.1767983e+01
3.8847021e+03 1.1707305e+01
3.8850039e+03 1.1632919e+01
3.8853057e+03 1.1544156e+01
3.8856076e+03 1.1445379e+01
3.8859098e+03 1.1341023e+01
3.8862118e+03 1.1232376e+01
3.8865138e+03 1.1117577e+01
3.8868158e+03 1.0996389e+01
3.8871179e+03 1.0874223e+01
3.8874205e+03 1.0760927e+01
3.8877226e+03 1.0664963e+01
3.8880249e+03 1.0587358e+01
3.8883272e+03 1.0520315e+01
3.8886295e+03 1.0453486e+01
3.8889322e+03 1.0379695e+01
3.8892347e+03 1.0299563e+01
3.8895371e+03 1.0219192e+01
3.8898397e+03 1.0144114e+01
3.8901422e+03 1.0074162e+01
3.8904452e+03 1.0003757e+01
3.8907479e+03 9.9256506e+00
3.8910506e+03 9.8361254e+00
3.8913533e+03 9.7364664e+00
3.8916561e+03 9.6325150e+00
3.8919594e+03 9.5304012e+00
3.8922623e+03 9.4349136e+00
3.8925652e+03 9.3474855e+00
3.8928682e+03 9.2664948e+00
3.8931712e+03 9.1904163e+00
3.8934747e+03 9.1192236e+00
3.8937778e+03 9.0557327e+00
3.8940810e+03 9.0032568e+00
3.8943842e+03 8.9614391e+00
3.8946875e+03 8.9243174e+00
3.8949912e+03 8.8818779e+00
3.8952946e+03 8.8244905e+00
3.8955980e+03 8.7486496e+00
3.8959014e+03 8.6597910e+00
3.8962049e+03 8.5704556e+00
3.8965089e+03 8.4931374e+00
3.8968125e+03 8.4351301e+00
3.8971161e+03 8.3951712e+00
3.8974198e+03 8.3671799e+00
3.8977236e+03 8.3445311e+00
3.8980277e+03 8.3245506e+00
3.8983316e+03 8.3073606e+00
3.8986355e+03 8.2907906e+00
3.8989394e+03 8.2670918e+00
3.8992434e+03 8.2220306e+00
3.8995478e+03 8.1413260e+00
3.8998519e+03 8.0222836e+00
3.9001560e+03 7.8787322e+00
3.9004602e+03 7.7387328e+00
3.9007644e+03 7.6296802e+00
3.9010690e+03 7.5646400e+00
3.9013734e+03 7.5356722e+00
3.9016777e+03 7.5206752e+00
3.9019821e+03 7.4967141e+00
3.9022866e+03 7.4522491e+00
3.9025915e+03 7.3917861e+00
3.9028960e+03 7.3293681e+00
3.9032006e+03 7.2805161e+00
3.9035053e+03 7.2534790e+00
3.9038100e+03 7.2481632e+00
3.9041151e+03 7.2570562e+00
3.9044199e+03 7.2682381e+00
3.9047247e+03 7.2676892e+00
3.9050296e+03 7.2429652e+00
3.9053345e+03 7.1881771e+00
3.9056399e+03 7.1052780e+00
3.9059449e+03 7.0028782e+00
3.9062500e+03 6.8919182e+00
3.9065551e+03 6.7819829e+00
3.9068603e+03 6.6801071e+00
3.9071659e+03 6.5922022e+00
3.9074712e+03 6.5239191e+00
3.9077765e+03 6.4801450e+00
3.9080818e+03 6.4615960e+00
3.9083873e+03 6.4620252e+00
3.9086931e+03 6.4682722e+00
3.9089986e+03 6.4655542e+00
3.9093041e+03 6.4429040e+00
3.9096097e+03 6.3978672e+00
3.9099154e+03 6.3353062e+00
3.9102215e+03 6.2648768e+00
3.9105272e+03 6.1960220e+00
3.9108330e+03 6.1353679e+00
3.9111388e+03 6.0865641e+00
3.9114447e+03 6.0508008e+00
3.9117510e+03 6.0276980e+00
3.9120570e+03 6.0155149e+00
3.9123631e+03 6.0107460e+00
3.9126691e+03 6.0089340e+00
3.9129753e+03 6.0059071e+00
3.9132818e+03 5.9983959e+00
3.9135881e+03 5.9850450e+00
3.9138943e+03 5.9650178e+00
3.9142006e+03 5.9370041e+00
3.9145070e+03 5.8993568e+00
3.9148138e+03 5.8507199e+00
3.9151203e+03 5.7921171e+00
3.9154268e+03 5.7272429e+00
3.9157333e+03 5.6615109e+00
3.9160400e+03 5.5987830e+00
3.9163470e+03 5.5392742e+00
3.9166537e+03 5.4795260e+00
3.9169604e+03 5.4157009e+00
3.9172672e+03 5.3471079e+00
3.9175741e+03 5.2791591e+00
3.9178814e+03 5.2213659e+00
3.9181883e+03 5.1825280e+00
3.9184953e+03 5.1660061e+00
3.9188023e+03 5.1671019e+00
3.9191094e+03 5.1759238e+00
3.9194169e+03 5.1823850e+00
3.9197241e+03 5.1807160e+00
3.9200314e+03 5.1703448e+00
3.9203386e+03 5.1537509e+00
3.9206460e+03 5.1326270e+00
3.9209537e+03 5.1064248e+00
3.9212612e+03 5.0726171e+00
3.9215686e+03 5.0291290e+00
3.9218762e+03 4.9768200e+00
3.9221837e+03 4.9186702e+00
3.9224917e+03 4.8590178e+00
3.9227994e+03 4.8013210e+00
3.9231071e+03 4.7469368e+00
3.9234149e+03 4.6962972e+00
3.9237227e+03 4.6497340e+00
3.9240309e+03 4.6082730e+00
3.9243388e+03 4.5732732e+00
3.9246468e+03 4.5453310e+00
3.9249548e+03 4.5231810e+00
3.9252628e+03 4.5042748e+00
3.9255713e+03 4.4851298e+00
3.9258795e+03 4.4636240e+00
3.9261877e+03 4.4394960e+00
3.9264959e+03 4.4144630e+00
3.9268042e+03 4.3914552e+00
3.9271129e+03 4.3734779e+00
3.9274213e+03 4.3622012e+00
3.9277298e+03 4.3574090e+00
3.9280383e+03 4.3566461e+00
3.9283468e+03 4.3549771e+00
3.9286558e+03 4.3469419e+00
3.9289644e+03 4.3277969e+00
3.9292731e+03 4.2956109e+00
3.9295818e+03 4.2514319e+00
3.9298906e+03 4.1989799e+00
3.9301998e+03 4.1434278e+00
3.9305087e+03 4.0896411e+00
3.9308176e+03 4.0422201e+00
3.9311266e+03 4.0049310e+00
3.9314356e+03 3.9805410e+00
3.9317451e+03 3.9703360e+00
3.9320542e+03 3.9726729e+00
3.9323634e+03 3.9827099e+00
3.9326726e+03 3.9929860e+00
3.9329818e+03 3.9951320e+00
3.9332915e+03 3.9832110e+00
3.9336009e+03 3.9560790e+00
3.9339103e+03 3.9192910e+00
3.9342198e+03 3.8825750e+00
3.9345293e+03 3.8554900e+00
3.9348392e+03 3.8413279e+00
3.9351488e+03 3.8345809e+00
3.9354585e+03 3.8233509e+00
3.9357682e+03 3.7975070e+00
3.9360779e+03 3.7554021e+00
3.9363881e+03 3.7055490e+00
3.9366980e+03 3.6621089e+00
3.9370079e+03 3.6350250e+00
3.9373178e+03 3.6237230e+00
3.9376278e+03 3.6175251e+00
3.9379382e+03 3.6032670e+00
3.9382483e+03 3.5731070e+00
3.9385585e+03 3.5285709e+00
3.9388687e+03 3.4771199e+00
3.9391789e+03 3.4262409e+00
3.9394896e+03 3.3780811e+00
3.9397999e+03 3.3305399e+00
3.9401103e+03 3.2814260e+00
3.9404208e+03 3.2338850e+00
3.9407312e+03 3.1970730e+00
3.9410422e+03 3.1827209e+00
3.9413527e+03 3.1964300e+00
3.9416634e+03 3.2335279e+00
3.9419741e+03 3.2777071e+00
3.9422848e+03 3.3090110e+00
3.9425960e+03 3.3116570e+00
3.9429068e+03 3.2818310e+00
3.9432177e+03 3.2289021e+00
3.9435286e+03 3.1705849e+00
3.9438396e+03 3.1256671e+00
3.9441510e+03 3.1049960e+00
3.9444621e+03 3.1084771e+00
3.9447732e+03 3.1253569e+00
3.9450843e+03 3.1408780e+00
3.9453956e+03 3.1422851e+00
3.9457072e+03 3.1250710e+00
3.9460185e+03 3.0934329e+00
3.9463299e+03 3.0571690e+00
3.9466413e+03 3.0256031e+00
3.9469528e+03 3.0021660e+00
3.9472647e+03 2.9839029e+00
3.9475763e+03 2.9634709e+00
3.9478879e+03 2.9344079e+00
3.9481995e+03 2.8939481e+00
3.9485113e+03 2.8443329e+00
3.9488234e+03 2.7907839e+00
3.9491352e+03 2.7403350e+00
3.9494471e+03 2.6992791e+00
3.9497590e+03 2.6712170e+00
3.9500709e+03 2.6567690e+00
3.9503833e+03 2.6532640e+00
3.9506954e+03 2.6562920e+00
3.9510075e+03 2.6610849e+00
3.9513197e+03 2.6648750e+00
3.9516319e+03 2.6678081e+00
3.9519445e+03 2.6727669e+00
3.9522568e+03 2.6834481e+00
3.9525692e+03 2.7021880e+00
3.9528816e+03 2.7277229e+00
3.9531940e+03 2.7547591e+00
3.9535069e+03 2.7745240e+00
3.9538195e+03 2.7773850e+00
3.9541321e+03 2.7580490e+00
3.9544447e+03 2.7182810e+00
3.9547574e+03 2.6677599e+00
3.9550706e+03 2.6190751e+00
3.9553834e+03 2.5831690e+00
3.9556962e+03 2.5650730e+00
3.9560091e+03 2.5632851e+00
3.9563221e+03 2.5723691e+00
3.9566354e+03 2.5849810e+00
3.9569485e+03 2.5936601e+00
3.9572616e+03 2.5914190e+00
3.9575747e+03 2.5726309e+00
3.9578879e+03 2.5357480e+00
3.9582015e+03 2.4856801e+00
3.9585148e+03 2.4329901e+00
3.9588282e+03 2.3882151e+00
3.9591416e+03 2.3564570e+00
3.9594550e+03 2.3342371e+00
3.9597689e+03 2.3132801e+00
3.9600824e+03 2.2864580e+00
3.9603960e+03 2.2540331e+00
3.9607097e+03 2.2236340e+00
3.9610234e+03 2.2067780e+00
3.9613375e+03 2.2115700e+00
3.9616513e+03 2.2383680e+00
3.9619651e+03 2.2787330e+00
3.9622790e+03 2.3186679e+00
3.9625930e+03 2.3441069e+00
3.9629073e+03 2.3445599e+00
3.9632214e+03 2.3182859e+00
3.9635355e+03 2.2721050e+00
3.9638496e+03 2.2199149e+00
3.9641638e+03 2.1751881e+00
3.9644784e+03 2.1464100e+00
3.9647927e+03 2.1343939e+00
3.9651071e+03 2.1345370e+00
3.9654214e+03 2.1411409e+00
3.9657359e+03 2.1500580e+00
3.9660508e+03 2.1589270e+00
3.9663653e+03 2.1652930e+00
3.9666799e+03 2.1643400e+00
3.9669945e+03 2.1492951e+00
3.9673092e+03 2.1143191e+00
3.9676243e+03 2.0591249e+00
3.9679391e+03 1.9901510e+00
3.9682540e+03 1.9194120e+00
3.9685689e+03 1.8609760e+00
3.9688838e+03 1.8247600e+00
3.9691992e+03 1.8137450e+00
3.9695142e+03 1.8229240e+00
3.9698293e+03 1.8424031e+00
3.9701444e+03 1.8622870e+00
3.9704596e+03 1.8763781e+00
3.9707752e+03 1.8825051e+00
3.9710905e+03 1.8798110e+00
3.9714059e+03 1.8672220e+00
3.9717213e+03 1.8445250e+00
3.9720367e+03 1.8145560e+00
3.9723526e+03 1.7851820e+00
3.9726681e+03 1.7669430e+00
3.9729837e+03 1.7681119e+00
3.9732994e+03 1.7894500e+00
3.9736150e+03 1.8243550e+00
3.9739312e+03 1.8612140e+00
3.9742470e+03 1.8898480e+00
3.9745628e+03 1.9041290e+00
3.9748787e+03 1.9004580e+00
3.9751946e+03 1.8781180e+00
3.9755110e+03 1.8392560e+00
3.9758270e+03 1.7911670e+00
3.9761431e+03 1.7452000e+00
3.9764593e+03 1.7125120e+00
3.9767755e+03 1.6978740e+00
3.9770921e+03 1.6957520e+00
3.9774084e+03 1.6940351e+00
3.9777247e+03 1.6818280e+00
3.9780411e+03 1.6587970e+00
3.9783576e+03 1.6347880e+00
3.9786745e+03 1.6240590e+00
3.9789910e+03 1.6347400e+00
3.9793076e+03 1.6655200e+00
3.9796242e+03 1.7069330e+00
3.9799409e+03 1.7483230e+00
3.9802581e+03 1.7819160e+00
3.9805749e+03 1.8033980e+00
3.9808917e+03 1.8103120e+00
3.9812086e+03 1.8005600e+00
3.9815256e+03 1.7729990e+00
3.9818430e+03 1.7303700e+00
3.9821600e+03 1.6799440e+00
3.9824771e+03 1.6309260e+00
3.9827943e+03 1.5903230e+00
3.9831115e+03 1.5609020e+00
3.9834291e+03 1.5413990e+00
3.9837464e+03 1.5290260e+00
3.9840637e+03 1.5211340e+00
3.9843811e+03 1.5158170e+00
3.9846986e+03 1.5110730e+00
3.9850165e+03 1.5041820e+00
3.9853340e+03 1.4926910e+00
3.9856517e+03 1.4750000e+00
3.9859693e+03 1.4518729e+00
3.9862870e+03 1.4273640e+00
3.9866052e+03 1.4066451e+00
3.9869230e+03 1.3942240e+00
3.9872408e+03 1.3916730e+00
3.9875587e+03 1.3962260e+00
3.9878767e+03 1.4010659e+00
3.9881951e+03 1.3991110e+00
3.9885132e+03 1.3870230e+00
3.9888313e+03 1.3685700e+00
3.9891494e+03 1.3536210e+00
3.9894676e+03 1.3523099e+00
3.9897863e+03 1.3695470e+00
3.9901046e+03 1.4002320e+00
3.9904230e+03 1.4320850e+00
3.9907414e+03 1.4507771e+00
3.9910599e+03 1.4481300e+00
3.9913788e+03 1.4248840e+00
3.9916973e+03 1.3895750e+00
3.9920160e+03 1.3527631e+00
3.9923346e+03 1.3223400e+00
3.9926534e+03 1.3018130e+00
3.9929725e+03 1.2907979e+00
3.9932913e+03 1.2873170e+00
3.9936102e+03 1.2892480e+00
3.9939291e+03 1.2950650e+00
3.9942481e+03 1.3030519e+00
3.9945675e+03 1.3110870e+00
3.9948866e+03 1.3177150e+00
3.9952058e+03 1.3227700e+00
3.9955249e+03 1.3280860e+00
3.9958442e+03 1.3356680e+00
3.9961638e+03 1.3458010e+00
3.9964832e+03 1.3549320e+00
3.9968026e+03 1.3572210e+00
3.9971220e+03 1.3476610e+00
3.9974415e+03 1.3257260e+00
3.9977614e+03 1.2960910e+00
3.9980810e+03 1.2671469e+00
3.9984006e+03 1.2448310e+00
3.9987203e+03 1.2290230e+00
3.9990401e+03 1.2148139e+00
3.9993603e+03 1.1970520e+00
3.9996801e+03 1.1751410e+00
4.0000000e+03 1.1539220e+00
4.0003199e+03 1.1399740e+00
4.0006399e+03 1.1362790e+00
4.0009604e+03 1.1403080e+00
4.0012805e+03 1.1449569e+00
4.0016006e+03 1.1426680e+00
4.0019208e+03 1.1279581e+00
4.0022411e+03 1.0993000e+00
4.0025618e+03 1.0593890e+00
4.0028822e+03 1.0156630e+00
4.0032026e+03 9.8047203e-01
4.0035230e+03 9.6850300e-01
4.0038435e+03 9.9086702e-01
4.0041645e+03 1.0470620e+00
4.0044851e+03 1.1236660e+00
4.0048058e+03 1.1968610e+00
4.0051265e+03 1.2446640e+00
4.0054473e+03 1.2552730e+00
4.0057685e+03 1.2314080e+00
4.0060893e+03 1.1855839e+00
4.0064103e+03 1.1322490e+00
4.0067312e+03 1.0819190e+00
4.0070523e+03 1.0390990e+00
4.0073737e+03 1.0057210e+00
4.0076949e+03 9.8402500e-01
4.0080160e+03 9.7601402e-01
4.0083373e+03 9.8152101e-01
4.0086585e+03 9.9611199e-01
4.0089803e+03 1.0125160e+00
4.0093017e+03 1.0237449e+00
4.0096231e+03 1.0265580e+00
4.0099446e+03 1.0213130e+00
4.0102661e+03 1.0099170e+00
4.0105881e+03 9.9401402e-01
4.0109098e+03 9.7441602e-01
4.0112314e+03 9.5293498e-01
4.0115532e+03 9.3343198e-01
4.0118750e+03 9.2098701e-01
4.0121972e+03 9.1996098e-01
4.0125191e+03 9.3162000e-01
4.0128411e+03 9.5398402e-01
4.0131631e+03 9.8245102e-01
4.0134852e+03 1.0105840e+00
4.0138077e+03 1.0304210e+00
4.0141298e+03 1.0318511e+00
4.0144520e+03 1.0072460e+00
4.0147743e+03 9.5639199e-01
4.0150966e+03 8.9142299e-01
4.0154194e+03 8.3382100e-01
4.0157418e+03 8.0521101e-01
4.0160643e+03 8.1722701e-01
4.0163868e+03 8.6510098e-01
4.0167094e+03 9.3195403e-01
4.0170324e+03 9.9604100e-01
4.0173551e+03 1.0414120e+00
4.0176778e+03 1.0600560e+00
4.0180006e+03 1.0504000e+00
4.0183234e+03 1.0149471e+00
4.0186467e+03 9.6039701e-01
4.0189696e+03 8.9962399e-01
4.0192926e+03 8.4974700e-01
4.0196156e+03 8.2709700e-01
4.0199387e+03 8.3880401e-01
4.0202623e+03 8.7926298e-01
4.0205855e+03 9.3288398e-01
4.0209087e+03 9.8142600e-01
4.0212320e+03 1.0129451e+00
4.0215554e+03 1.0243649e+00
4.0218792e+03 1.0192870e+00
4.0222026e+03 1.0030980e+00
4.0225261e+03 9.8075801e-01
4.0228497e+03 9.5670199e-01
4.0231733e+03 9.3617398e-01
4.0234974e+03 9.2535001e-01
4.0238211e+03 9.2720902e-01
4.0241449e+03 9.3948799e-01
4.0244687e+03 9.5407897e-01
4.0247926e+03 9.6077901e-01
4.0251169e+03 9.5269603e-01
4.0254409e+03 9.3035603e-01
4.0257649e+03 9.0114999e-01
4.0260890e+03 8.7489998e-01
4.0264131e+03 8.5906899e-01
4.0267377e+03 8.5453898e-01
4.0270619e+03 8.5678101e-01
4.0273862e+03 8.5854501e-01
4.0277106e+03 8.5356200e-01
4.0280350e+03 8.3906603e-01
4.0283598e+03 8.1646401e-01
4.0286843e+03 7.8961802e-01
4.0290089e+03 7.6322502e-01
4.0293335e+03 7.4179101e-01
4.0296581e+03 7.2872603e-01
4.0299832e+03 7.2610301e-01
4.0303080e+03 7.3323202e-01
4.0306328e+03 7.4651200e-01
4.0309577e+03 7.6017302e-01
4.0312826e+03 7.6794600e-01
4.0316080e+03 7.6625299e-01
4.0319330e+03 7.5507098e-01
4.0322581e+03 7.3783302e-01
4.0325832e+03 7.1871197e-01
4.0329084e+03 7.0040202e-01
4.0332340e+03 6.8375999e-01
4.0335593e+03 6.6895401e-01
4.0338846e+03 6.5691400e-01
4.0342100e+03 6.5057200e-01
4.0345355e+03 6.5305197e-01
4.0348614e+03 6.6547298e-01
4.0351869e+03 6.8588197e-01
4.0355125e+03 7.0989102e-01
4.0358382e+03 7.3285103e-01
4.0361639e+03 7.5213897e-01
4.0364900e+03 7.6713502e-01
4.0368158e+03 7.7805501e-01
4.0371417e+03 7.8485000e-01
4.0374676e+03 7.8658998e-01
4.0377936e+03 7.8303802e-01
4.0381200e+03 7.7562302e-01
4.0384461e+03 7.6665801e-01
4.0387722e+03 7.5809902e-01
4.0390984e+03 7.4849099e-01
4.0394246e+03 7.3425698e-01
4.0397513e+03 7.1165502e-01
4.0400776e+03 6.8032700e-01
4.0404040e+03 6.4411098e-01
4.0407305e+03 6.0932600e-01
4.0410570e+03 5.8050102e-01
4.0413839e+03 5.5961603e-01
4.0417105e+03 5.4664600e-01
4.0420372e+03 5.4263997e-01
4.0423639e+03 5.5112797e-01
4.0426907e+03 5.7532698e-01
4.0430179e+03 6.1404699e-01
4.0433447e+03 6.5987098e-01
4.0436717e+03 7.0226097e-01
4.0439986e+03 7.3487699e-01
4.0443257e+03 7.5900501e-01
4.0446531e+03 7.8287101e-01
4.0449803e+03 8.1343597e-01
4.0453074e+03 8.5017598e-01
4.0456347e+03 8.8324499e-01
4.0459620e+03 8.9948100e-01
4.0462897e+03 8.8930100e-01
4.0466171e+03 8.5377598e-01
4.0469446e+03 8.0203998e-01
4.0472721e+03 7.4651200e-01
4.0475996e+03 6.9708800e-01
4.0479276e+03 6.5822601e-01
4.0482553e+03 6.3102198e-01
4.0485830e+03 6.1464298e-01
4.0489108e+03 6.0696602e-01
4.0492386e+03 6.0453397e-01
4.0495669e+03 6.0131502e-01
4.0498948e+03 5.9106302e-01
4.0502228e+03 5.7024902e-01
4.0505508e+03 5.4135299e-01
4.0508789e+03 5.1371998e-01
4.0512074e+03 5.0044000e-01
4.0515356e+03 5.1193202e-01
4.0518639e+03 5.5093700e-01
4.0521922e+03 6.1085200e-01
4.0525205e+03 6.7896801e-01
4.0528493e+03 7.4179101e-01
4.0531778e+03 7.8895003e-01
4.0535063e+03 8.1624901e-01
4.0538348e+03 8.2411700e-01
4.0541635e+03 8.1496203e-01
4.0544925e+03 7.9278898e-01
4.0548213e+03 7.6282001e-01
4.0551500e+03 7.3151499e-01
4.0554789e+03 7.0524198e-01
4.0558078e+03 6.8781298e-01
4.0561371e+03 6.7963600e-01
4.0564661e+03 6.7870599e-01
4.0567951e+03 6.8271101e-01
4.0571242e+03 6.8922001e-01
4.0574534e+03 6.9456100e-01
4.0577830e+03 6.9267702e-01
4.0581122e+03 6.7632103e-01
4.0584416e+03 6.4170301e-01
4.0587709e+03 5.9318501e-01
4.0591003e+03 5.4476202e-01
4.0594302e+03 5.1271898e-01
4.0597597e+03 5.0761598e-01
4.0600893e+03 5.2652299e-01
4.0604190e+03 5.5632502e-01
4.0607486e+03 5.8171701e-01
4.0610788e+03 5.9451997e-01
4.0614086e+03 5.9671402e-01
4.0617384e+03 5.9614098e-01
4.0620683e+03 5.9804899e-01
4.0623983e+03 6.0021800e-01
4.0627287e+03 5.9413898e-01
4.0630588e+03 5.7213300e-01
4.0633889e+03 5.3522497e-01
4.0637190e+03 4.9445599e-01
4.0640493e+03 4.6558300e-01
4.0643799e+03 4.5917001e-01
4.0647103e+03 4.7473899e-01
4.0650407e+03 4.9993899e-01
4.0653711e+03 5.1889402e-01
4.0657016e+03 5.2142102e-01
4.0660325e+03 5.0892800e-01
4.0663631e+03 4.9278700e-01
4.0666938e+03 4.8775601e-01
4.0670245e+03 5.0218099e-01
4.0673552e+03 5.3484398e-01
4.0676865e+03 5.7706797e-01
4.0680173e+03 6.1807603e-01
4.0683483e+03 6.4933300e-01
4.0686792e+03 6.6521102e-01
4.0690103e+03 6.6287500e-01
4.0693417e+03 6.4167899e-01
4.0696729e+03 6.0422403e-01
4.0700041e+03 5.5816102e-01
4.0703353e+03 5.1622301e-01
4.0706666e+03 4.9340701e-01
4.0709984e+03 4.9996299e-01
4.0713298e+03 5.3667998e-01
4.0716612e+03 5.9215999e-01
4.0719928e+03 6.4761603e-01
4.0723243e+03 6.8430901e-01
4.0726563e+03 6.9141299e-01
4.0729880e+03 6.7017001e-01
4.0733198e+03 6.3009202e-01
4.0736515e+03 5.8367199e-01
4.0739834e+03 5.3884900e-01
4.0743157e+03 4.9777001e-01
4.0746476e+03 4.5926499e-01
4.0749796e+03 4.2378899e-01
4.0753117e+03 3.9448699e-01
4.0756438e+03 3.7453100e-01
4.0759764e+03 3.6361200e-01
4.0763086e+03 3.5731700e-01
4.0766408e+03 3.5071301e-01
4.0769732e+03 3.4305999e-01
4.0773056e+03 3.3950800e-01
4.0776384e+03 3.4823400e-01
4.0779709e+03 3.7386400e-01
4.0783034e+03 4.1296399e-01
4.0786360e+03 4.5421100e-01
4.0789687e+03 4.8456100e-01
4.0793018e+03 4.9526599e-01
4.0796345e+03 4.8711199e-01
4.0799674e+03 4.6880201e-01
4.0803002e+03 4.5270899e-01
4.0806332e+03 4.4846499e-01
4.0809665e+03 4.6019500e-01
4.0812996e+03 4.8506200e-01
4.0816327e+03 5.1534098e-01
4.0819658e+03 5.4211599e-01
4.0822990e+03 5.5830401e-01
4.0826326e+03 5.6211901e-01
4.0829659e+03 5.5720800e-01
4.0832993e+03 5.5167598e-01
4.0836327e+03 5.5334502e-01
4.0839662e+03 5.6528997e-01
4.0843001e+03 5.8271801e-01
4.0846337e+03 5.9499699e-01
4.0849673e+03 5.9182602e-01
4.0853010e+03 5.7096398e-01
4.0856347e+03 5.4080403e-01
4.0859689e+03 5.1622301e-01
4.0863028e+03 5.1004797e-01
4.0866367e+03 5.2335203e-01
4.0869707e+03 5.4492903e-01
4.0873047e+03 5.5713600e-01
4.0876391e+03 5.4941100e-01
4.0879733e+03 5.2413899e-01
4.0883074e+03 4.9612501e-01
4.0886417e+03 4.8170000e-01
4.0889760e+03 4.8899600e-01
4.0893107e+03 5.1276600e-01
4.0896451e+03 5.3939801e-01
4.0899796e+03 5.5522901e-01
4.0903141e+03 5.5494303e-01
4.0906486e+03 5.4330802e-01
4.0909836e+03 5.3162497e-01
4.0913183e+03 5.3050500e-01
4.0916530e+03 5.4464298e-01
4.0919878e+03 5.7034397e-01
4.0923226e+03 5.9618902e-01
4.0926579e+03 6.0870600e-01
4.0929929e+03 5.9866899e-01
4.0933279e+03 5.6824601e-01
4.0936629e+03 5.3129101e-01
4.0939980e+03 5.0744998e-01
4.0943336e+03 5.0992900e-01
4.0946688e+03 5.3844398e-01
4.0950041e+03 5.7835501e-01
4.0953394e+03 6.1013597e-01
4.0956748e+03 6.2048399e-01
4.0960106e+03 6.0887301e-01
4.0963461e+03 5.8562702e-01
4.0966817e+03 5.6259602e-01
4.0970173e+03 5.4521501e-01
4.0973529e+03 5.2967000e-01
4.0976891e+03 5.0854599e-01
4.0980248e+03 4.7743300e-01
4.0983607e+03 4.4038200e-01
4.0986965e+03 4.0886399e-01
4.0990325e+03 3.9756200e-01
4.0993689e+03 4.1556299e-01
4.0997049e+03 4.6143499e-01
4.1000410e+03 5.2084899e-01
4.1003772e+03 5.7299101e-01
4.1007134e+03 5.9878802e-01
4.1010500e+03 5.9003800e-01
4.1013864e+03 5.5322599e-01
4.1017227e+03 5.0539899e-01
4.1020592e+03 4.6594101e-01
4.1023956e+03 4.4677201e-01
4.1027326e+03 4.4915599e-01
4.1030692e+03 4.6591699e-01
4.1034058e+03 4.8866200e-01
4.1037425e+03 5.1207501e-01
4.1040793e+03 5.3482002e-01
4.1044165e+03 5.5668300e-01
4.1047534e+03 5.7570899e-01
4.1050903e+03 5.8786798e-01
4.1054273e+03 5.8824998e-01
4.1057643e+03 5.7458800e-01
4.1061018e+03 5.4905403e-01
4.1064390e+03 5.1665300e-01
4.1067762e+03 4.8308301e-01
4.1071134e+03 4.5187399e-01
4.1074508e+03 4.2428899e-01
4.1077885e+03 4.0159199e-01
4.1081260e+03 3.8647601e-01
4.1084634e+03 3.8189799e-01
4.1088010e+03 3.8788301e-01
4.1091386e+03 3.9904100e-01
4.1094766e+03 4.0573999e-01
4.1098143e+03 3.9927900e-01
4.1101521e+03 3.7961000e-01
4.1104899e+03 3.5710299e-01
4.1108278e+03 3.4794801e-01
4.1111661e+03 3.6225301e-01
4.1115041e+03 3.9756200e-01
4.1118421e+03 4.3895200e-01
4.1121802e+03 4.6951699e-01
4.1125183e+03 4.7972199e-01
4.1128570e+03 4.7230700e-01
4.1131952e+03 4.5764399e-01
4.1135335e+03 4.4586599e-01
4.1138719e+03 4.4169399e-01
4.1142103e+03 4.4424501e-01
4.1145492e+03 4.5056301e-01
4.1148877e+03 4.5914599e-01
4.1152263e+03 4.6904001e-01
4.1155650e+03 4.7750399e-01
4.1159037e+03 4.8022199e-01
4.1162429e+03 4.7423801e-01
4.1165817e+03 4.6100599e-01
4.1169205e+03 4.4574699e-01
4.1172595e+03 4.3408799e-01
4.1175985e+03 4.2819899e-01
4.1179379e+03 4.2591000e-01
4.1182770e+03 4.2350200e-01
4.1186161e+03 4.1918701e-01
4.1189554e+03 4.1513401e-01
4.1192946e+03 4.1623101e-01
4.1196343e+03 4.2591000e-01
4.1199737e+03 4.4167000e-01
4.1203131e+03 4.5561701e-01
4.1206526e+03 4.5802501e-01
4.1209922e+03 4.4360101e-01
4.1213322e+03 4.1456199e-01
4.1216718e+03 3.8113499e-01
4.1220115e+03 3.5610101e-01
4.1223513e+03 3.4854400e-01
4.1226911e+03 3.5955900e-01
4.1230314e+03 3.8290000e-01
4.1233714e+03 4.1029400e-01
4.1237113e+03 4.3568599e-01
4.1240514e+03 4.5590401e-01
4.1243915e+03 4.6813399e-01
4.1247321e+03 4.6818200e-01
4.1250723e+03 4.5323300e-01
4.1254125e+03 4.2533800e-01
4.1257529e+03 3.9329499e-01
4.1260932e+03 3.6899999e-01
4.1264341e+03 3.6103699e-01
4.1267746e+03 3.6950099e-01
4.1271151e+03 3.8704801e-01
4.1274558e+03 4.0573999e-01
4.1277964e+03 4.2357400e-01
4.1281376e+03 4.4481701e-01
4.1284783e+03 4.7457200e-01
4.1288192e+03 5.1176500e-01
4.1291600e+03 5.4798102e-01
4.1295010e+03 5.7179898e-01
4.1298424e+03 5.7461202e-01
4.1301835e+03 5.5470401e-01
4.1305246e+03 5.1648599e-01
4.1308657e+03 4.6770501e-01
4.1312070e+03 4.1615900e-01
4.1315487e+03 3.6921501e-01
4.1318900e+03 3.3316600e-01
4.1322314e+03 3.1256601e-01
4.1325729e+03 3.0786899e-01
4.1329144e+03 3.1382999e-01
4.1332563e+03 3.2129201e-01
4.1335980e+03 3.2052901e-01
4.1339396e+03 3.0665299e-01
4.1342814e+03 2.8202501e-01
4.1346232e+03 2.5517899e-01
4.1349654e+03 2.3705900e-01
4.1353073e+03 2.3596200e-01
4.1356493e+03 2.5358200e-01
4.1359913e+03 2.8400400e-01
4.1363334e+03 3.1711999e-01
4.1366759e+03 3.4332201e-01
4.1370181e+03 3.5784200e-01
4.1373604e+03 3.6168000e-01
4.1377027e+03 3.5996401e-01
4.1380450e+03 3.5803300e-01
4.1383879e+03 3.5850999e-01
4.1387303e+03 3.6098900e-01
4.1390728e+03 3.6270601e-01
4.1394154e+03 3.6108401e-01
4.1397581e+03 3.5636401e-01
4.1401012e+03 3.5181001e-01
4.1404439e+03 3.5207200e-01
4.1407867e+03 3.6177599e-01
4.1411296e+03 3.8177899e-01
4.1414725e+03 4.0826699e-01
4.1418159e+03 4.3292001e-01
4.1421590e+03 4.4665301e-01
4.1425021e+03 4.4338700e-01
4.1428452e+03 4.2345500e-01
4.1431884e+03 3.9482099e-01
4.1435321e+03 3.6976299e-01
4.1438754e+03 3.6051199e-01
4.1442188e+03 3.7388799e-01
4.1445623e+03 4.0814799e-01
4.1449057e+03 4.5242301e-01
4.1452497e+03 4.9152300e-01
4.1455933e+03 5.1124001e-01
4.1459370e+03 5.0477898e-01
4.1462807e+03 4.7430900e-01
4.1466245e+03 4.2917699e-01
4.1469687e+03 3.8185099e-01
4.1473126e+03 3.4308401e-01
4.1476566e+03 3.1948000e-01
4.1480006e+03 3.1127900e-01
4.1483446e+03 3.1328201e-01
4.1486892e+03 3.1683400e-01
4.1490334e+03 3.1366301e-01
4.1493776e+03 2.9940599e-01
4.1497219e+03 2.7606401e-01
4.1500662e+03 2.5122100e-01
4.1504111e+03 2.3343500e-01
4.1507555e+03 2.2792800e-01
4.1511000e+03 2.3396000e-01
4.1514446e+03 2.4781200e-01
4.1517893e+03 2.6617000e-01
4.1521344e+03 2.8803301e-01
4.1524791e+03 3.1266201e-01
4.1528239e+03 3.3726600e-01
4.1531688e+03 3.5636401e-01
4.1535137e+03 3.6520901e-01
4.1538591e+03 3.6270601e-01
4.1542041e+03 3.5233399e-01
4.1545492e+03 3.3953100e-01
4.1548944e+03 3.2722899e-01
4.1552396e+03 3.1359100e-01
4.1555853e+03 2.9513800e-01
4.1559306e+03 2.7115300e-01
4.1562760e+03 2.4604701e-01
4.1566214e+03 2.2737899e-01
4.1569669e+03 2.2122800e-01
4.1573129e+03 2.2892900e-01
4.1576585e+03 2.4774000e-01
4.1580042e+03 2.7320299e-01
4.1583499e+03 3.0188501e-01
4.1586957e+03 3.3178300e-01
4.1590419e+03 3.6075100e-01
4.1593878e+03 3.8504601e-01
4.1597338e+03 3.9896899e-01
4.1600798e+03 3.9763400e-01
4.1604259e+03 3.7951401e-01
4.1607724e+03 3.4761399e-01
4.1611186e+03 3.0889499e-01
4.1614648e+03 2.7117699e-01
4.1618111e+03 2.4061200e-01
4.1621575e+03 2.1972600e-01
4.1625043e+03 2.0806700e-01
4.1628508e+03 2.0365700e-01
4.1631973e+03 2.0618400e-01
4.1635439e+03 2.1715100e-01
4.1638906e+03 2.3889500e-01
4.1642377e+03 2.7131999e-01
4.1645845e+03 3.1027699e-01
4.1649313e+03 3.4813800e-01
4.1652782e+03 3.7765500e-01
4.1656251e+03 3.9551201e-01
4.1659725e+03 4.0371400e-01
4.1663196e+03 4.0676501e-01
4.1666667e+03 4.0726599e-01
