1.201000000000000000e+03 1.124993208053770089e-03
1.202000000000000000e+03 2.242890702842800007e-03
1.203000000000000000e+03 -1.880110785848099913e-04
1.204000000000000000e+03 1.848655537060399888e-04
1.205000000000000000e+03 3.539979627202420164e-03
1.206000000000000000e+03 4.088932355469400426e-03
1.207000000000000000e+03 4.080290094483180266e-03
1.208000000000000000e+03 3.732326489081090083e-03
1.209000000000000000e+03 2.775350625168599827e-03
1.210000000000000000e+03 7.419921426188649805e-03
1.211000000000000000e+03 3.924975712977040072e-03
1.212000000000000000e+03 -5.594715638519439467e-04
1.213000000000000000e+03 -1.997761706695309823e-06
1.214000000000000000e+03 6.125419107529359809e-06
1.215000000000000000e+03 3.342239928910219898e-03
1.216000000000000000e+03 4.837116337098689919e-03
1.217000000000000000e+03 1.495674299187530008e-03
1.218000000000000000e+03 -2.694861396990410175e-06
1.219000000000000000e+03 3.712730682599429803e-04
1.220000000000000000e+03 3.550317379450329981e-03
1.221000000000000000e+03 6.682746800189139601e-03
1.222000000000000000e+03 4.248937796039070104e-03
1.223000000000000000e+03 9.233992503939140312e-04
1.224000000000000000e+03 2.207763842826830202e-03
1.225000000000000000e+03 4.090150364522459822e-03
1.226000000000000000e+03 3.533294608452879852e-03
1.227000000000000000e+03 2.961394042288189882e-03
1.228000000000000000e+03 2.788234452866820111e-03
1.229000000000000000e+03 2.243457331767399927e-03
1.230000000000000000e+03 -9.256274816716589856e-04
1.231000000000000000e+03 2.069322496258500180e-03
1.232000000000000000e+03 5.560201573154279972e-03
1.233000000000000000e+03 5.206672756022750342e-03
1.234000000000000000e+03 5.946701716091910145e-03
1.235000000000000000e+03 4.080311649009520265e-03
1.236000000000000000e+03 2.041756615264070200e-03
1.237000000000000000e+03 -1.970244749346579968e-04
1.238000000000000000e+03 1.480903476547199915e-03
1.239000000000000000e+03 1.025969672993299990e-02
1.240000000000000000e+03 8.542869548548499836e-03
1.241000000000000000e+03 2.967128849740170021e-03
1.242000000000000000e+03 7.281645864086460371e-04
1.243000000000000000e+03 -1.859468545101339906e-03
1.244000000000000000e+03 9.138414468986819951e-04
1.245000000000000000e+03 2.040975456811089817e-03
1.246000000000000000e+03 3.727157624739220248e-04
1.247000000000000000e+03 -1.870555414886409986e-04
1.248000000000000000e+03 2.055079306333119915e-03
1.249000000000000000e+03 4.832357887248310210e-03
1.250000000000000000e+03 3.908432897895979669e-03
1.251000000000000000e+03 -5.828082632542170172e-04
1.252000000000000000e+03 -5.428147485020379899e-04
1.253000000000000000e+03 3.681979631994439900e-04
1.254000000000000000e+03 -3.157309297333129976e-03
1.255000000000000000e+03 -3.350654772204860170e-03
1.256000000000000000e+03 -5.443279947979950050e-04
1.257000000000000000e+03 1.117776238777339927e-03
1.258000000000000000e+03 7.392437675878100415e-04
1.259000000000000000e+03 -7.461115245868109877e-04
1.260000000000000000e+03 3.729393936785090156e-03
1.261000000000000000e+03 6.501062462503849615e-03
1.262000000000000000e+03 5.389122145664659684e-03
1.263000000000000000e+03 2.976393690310899943e-03
1.264000000000000000e+03 2.784423955990040014e-03
1.265000000000000000e+03 3.347752362872779847e-03
1.266000000000000000e+03 9.285435731061570308e-04
1.267000000000000000e+03 1.857992444735899950e-03
1.268000000000000000e+03 7.439889075162679777e-04
1.269000000000000000e+03 -1.487091479403519984e-03
1.270000000000000000e+03 -1.857578956248619921e-03
1.271000000000000000e+03 2.616411961928469948e-03
1.272000000000000000e+03 7.250539407750280010e-03
1.273000000000000000e+03 8.553739164115619839e-03
1.274000000000000000e+03 7.040502275721789716e-03
1.275000000000000000e+03 4.267579631208820098e-03
1.276000000000000000e+03 3.902218020795020052e-03
1.277000000000000000e+03 2.599494987570089878e-03
1.278000000000000000e+03 -1.686139116217079924e-03
1.279000000000000000e+03 -1.274132469833710000e-03
1.280000000000000000e+03 -2.656218646493740173e-03
1.281000000000000000e+03 1.674608996923969981e-03
1.282000000000000000e+03 7.792852255942140163e-03
1.283000000000000000e+03 1.452893705760959896e-03
1.284000000000000000e+03 -2.044611558326490074e-03
1.285000000000000000e+03 -3.667894514765759743e-04
1.286000000000000000e+03 1.864773379704659983e-03
1.287000000000000000e+03 2.601682000790210038e-03
1.288000000000000000e+03 3.721144933597429847e-03
1.289000000000000000e+03 1.827732456363650093e-03
1.290000000000000000e+03 -1.300911826305320039e-03
1.291000000000000000e+03 1.828438129548499904e-03
1.292000000000000000e+03 3.904358447349770209e-03
1.293000000000000000e+03 9.188795032457259572e-04
1.294000000000000000e+03 -3.726333550607879895e-04
1.295000000000000000e+03 -7.473337261731799464e-04
1.296000000000000000e+03 -1.682340963686279915e-04
1.297000000000000000e+03 2.797083027167020057e-03
1.298000000000000000e+03 5.016491434814080233e-03
1.299000000000000000e+03 4.102235939925169897e-03
1.300000000000000000e+03 -1.672858967085999980e-03
1.301000000000000000e+03 -2.944052276582950073e-03
1.302000000000000000e+03 -9.324867890725660252e-04
1.303000000000000000e+03 2.404677362058310012e-03
1.304000000000000000e+03 1.162074515707449971e-03
1.305000000000000000e+03 -1.665036436867339993e-03
1.306000000000000000e+03 1.491722223521020066e-03
1.307000000000000000e+03 2.795481592411359819e-03
1.308000000000000000e+03 1.664253914949260105e-03
1.309000000000000000e+03 2.414435099871699818e-03
1.310000000000000000e+03 1.504140767821030011e-03
1.311000000000000000e+03 -1.308884791823880078e-03
1.312000000000000000e+03 -1.491274202637009934e-03
1.313000000000000000e+03 -3.332010313446639896e-04
1.314000000000000000e+03 -2.099731905799259897e-03
1.315000000000000000e+03 -2.187455208731610163e-03
1.316000000000000000e+03 4.111830167837609608e-03
1.317000000000000000e+03 5.567289289673259776e-03
1.318000000000000000e+03 5.390316475625690339e-04
1.319000000000000000e+03 1.317078972806830055e-03
1.320000000000000000e+03 1.662950835410669957e-03
1.321000000000000000e+03 2.522636359920100196e-06
1.322000000000000000e+03 4.088802577360499575e-03
1.323000000000000000e+03 6.132459365177049884e-03
1.324000000000000000e+03 2.973238240095460016e-03
1.325000000000000000e+03 1.672660608318599995e-03
1.326000000000000000e+03 4.460101522490839826e-03
1.327000000000000000e+03 3.680058256922779758e-04
1.328000000000000000e+03 -1.853790176233030031e-03
1.329000000000000000e+03 1.117605077791490077e-03
1.330000000000000000e+03 2.045119382590629940e-03
1.331000000000000000e+03 5.460277654073330362e-04
1.332000000000000000e+03 -3.650589985824459808e-04
1.333000000000000000e+03 -7.563346838882169980e-04
1.334000000000000000e+03 2.150015024234540068e-04
1.335000000000000000e+03 1.285148781914599971e-03
1.336000000000000000e+03 5.036236310744029825e-03
1.337000000000000000e+03 5.426471186212080029e-03
1.338000000000000000e+03 7.452125162432129794e-04
1.339000000000000000e+03 -3.710105660430549983e-04
1.340000000000000000e+03 -2.047552463427520109e-03
1.341000000000000000e+03 -5.369512287641440510e-04
1.342000000000000000e+03 4.307090613820990094e-03
1.343000000000000000e+03 2.405060793315740020e-03
1.344000000000000000e+03 -2.595635101277559906e-03
1.345000000000000000e+03 -2.974031304080469815e-03
1.346000000000000000e+03 1.982708116104130018e-04
1.347000000000000000e+03 3.161205032343810187e-03
1.348000000000000000e+03 3.677395227326499825e-04
1.349000000000000000e+03 1.822885061712659939e-03
1.350000000000000000e+03 2.231940330586859936e-03
1.351000000000000000e+03 -1.296872254874500106e-03
1.352000000000000000e+03 7.661136874162990289e-04
1.353000000000000000e+03 4.288920502335439623e-03
1.354000000000000000e+03 4.460833002320249881e-03
1.355000000000000000e+03 9.146014091059210356e-04
1.356000000000000000e+03 -3.711954336091470141e-04
1.357000000000000000e+03 -1.847630122598689889e-04
1.358000000000000000e+03 1.121452753808019906e-03
1.359000000000000000e+03 3.355832513627339878e-03
1.360000000000000000e+03 5.586822531609750113e-03
1.361000000000000000e+03 1.100565059714920038e-03
1.362000000000000000e+03 -1.629566412555589995e-03
1.363000000000000000e+03 3.625561936166349754e-04
1.364000000000000000e+03 -1.302928276475850099e-03
1.365000000000000000e+03 2.413377820871450211e-03
1.366000000000000000e+03 4.100547970345110212e-03
1.367000000000000000e+03 1.861330250851779902e-03
1.368000000000000000e+03 3.633912880305239829e-04
1.369000000000000000e+03 3.744610222413590145e-04
1.370000000000000000e+03 4.457200856372300034e-03
1.371000000000000000e+03 3.728488447704470139e-03
1.372000000000000000e+03 3.678854558860860215e-04
1.373000000000000000e+03 1.873363018022840016e-03
1.374000000000000000e+03 1.472493095490860077e-03
1.375000000000000000e+03 5.637303476262560398e-04
1.376000000000000000e+03 5.526578944274610416e-04
1.377000000000000000e+03 -1.488829755871689999e-03
1.378000000000000000e+03 -1.112190661623920027e-03
1.379000000000000000e+03 -7.448662069701820479e-04
1.380000000000000000e+03 3.547493554888699807e-06
1.381000000000000000e+03 3.681970225320530042e-04
1.382000000000000000e+03 -3.702083651875390257e-04
1.383000000000000000e+03 -1.307307879396640100e-03
1.384000000000000000e+03 -1.703414717836349869e-04
1.385000000000000000e+03 7.318066671873579799e-04
1.386000000000000000e+03 2.259647022032950162e-03
1.387000000000000000e+03 3.510655188735470073e-03
1.388000000000000000e+03 1.884066213948729876e-04
1.389000000000000000e+03 9.324194707023959836e-04
1.390000000000000000e+03 2.598580560453599836e-03
1.391000000000000000e+03 -1.887602602732530062e-03
1.392000000000000000e+03 -2.378602856966450119e-03
1.393000000000000000e+03 -9.290537525020309533e-04
1.394000000000000000e+03 -7.351849594874659876e-04
1.395000000000000000e+03 2.052252359804869995e-03
1.396000000000000000e+03 3.344097395126169932e-03
1.397000000000000000e+03 3.343851747949269908e-03
1.398000000000000000e+03 -2.645584597773999874e-05
1.399000000000000000e+03 -1.895730253788509940e-04
1.400000000000000000e+03 4.656612938781220373e-03
1.401000000000000000e+03 7.066184918337960023e-03
1.402000000000000000e+03 4.266298605866039595e-03
1.403000000000000000e+03 1.299596581305550004e-03
1.404000000000000000e+03 1.848459806375929893e-04
1.405000000000000000e+03 1.321492408359950087e-03
1.406000000000000000e+03 3.902622196496639828e-03
1.407000000000000000e+03 6.487275350307660296e-03
1.408000000000000000e+03 4.079819441490190046e-03
1.409000000000000000e+03 2.261886765237270096e-03
1.410000000000000000e+03 4.456964477140539643e-03
1.411000000000000000e+03 2.047739955289300164e-03
1.412000000000000000e+03 7.403542811131449486e-04
1.413000000000000000e+03 2.046190496926289862e-03
1.414000000000000000e+03 7.112915472855869947e-03
1.415000000000000000e+03 9.465305195228160273e-03
1.416000000000000000e+03 5.942096594700090398e-03
1.417000000000000000e+03 1.677084449407549929e-03
1.418000000000000000e+03 -3.739114584002200094e-04
1.419000000000000000e+03 1.839416343961089884e-04
1.420000000000000000e+03 -1.873026690301610002e-04
1.421000000000000000e+03 1.520628057930799911e-03
1.422000000000000000e+03 2.024268915482040077e-03
1.423000000000000000e+03 -9.418970761158759969e-04
1.424000000000000000e+03 3.762894143056349887e-03
1.425000000000000000e+03 8.168358268830460192e-03
1.426000000000000000e+03 3.705300663335599903e-03
1.427000000000000000e+03 1.302311403709940051e-03
1.428000000000000000e+03 4.837419927097129889e-03
1.429000000000000000e+03 4.455193878278830392e-03
1.430000000000000000e+03 9.290415398825510162e-04
1.431000000000000000e+03 1.855207961955779999e-04
1.432000000000000000e+03 7.444787781958260532e-04
1.433000000000000000e+03 -2.608251699980919814e-03
1.434000000000000000e+03 -3.895714142478320149e-03
1.435000000000000000e+03 1.121171124811600091e-03
1.436000000000000000e+03 3.160129600314370065e-03
1.437000000000000000e+03 3.532146373771860148e-03
1.438000000000000000e+03 2.216540050706049952e-03
1.439000000000000000e+03 3.938538627530179838e-03
1.440000000000000000e+03 2.350332642402720110e-03
1.441000000000000000e+03 1.677816784903470070e-03
1.442000000000000000e+03 2.818481877516030177e-03
1.443000000000000000e+03 3.690755013746099735e-04
1.444000000000000000e+03 -1.480591352447500073e-03
1.445000000000000000e+03 -2.227224147826889922e-03
1.446000000000000000e+03 5.266134551680350355e-06
1.447000000000000000e+03 3.672434891748169801e-04
1.448000000000000000e+03 2.232604670252330212e-03
1.449000000000000000e+03 4.275832297362690271e-03
1.450000000000000000e+03 1.307636429161349945e-03
1.451000000000000000e+03 9.377939615667840127e-04
1.452000000000000000e+03 6.536398482806120291e-03
1.453000000000000000e+03 2.964450365328130145e-03
1.454000000000000000e+03 3.660039541191990008e-03
1.455000000000000000e+03 5.202229050413260426e-03
1.456000000000000000e+03 -7.433377145114889849e-04
1.457000000000000000e+03 3.719777532647570214e-03
1.458000000000000000e+03 3.191056472897320102e-03
1.459000000000000000e+03 7.502227504305080319e-04
1.460000000000000000e+03 2.216625329207870011e-03
1.461000000000000000e+03 -3.799335656197389758e-04
1.462000000000000000e+03 7.433887342814239586e-04
1.463000000000000000e+03 3.532865968072580048e-03
1.464000000000000000e+03 2.222451179763869876e-03
1.465000000000000000e+03 1.857708996432850038e-04
1.466000000000000000e+03 -9.357944328157360428e-04
1.467000000000000000e+03 1.321166502223510095e-03
1.468000000000000000e+03 4.088357429813190176e-03
1.469000000000000000e+03 2.045327586357499876e-03
1.470000000000000000e+03 -2.035820481225890117e-03
1.471000000000000000e+03 -5.240448693891200339e-04
1.472000000000000000e+03 9.150088707787309462e-04
1.473000000000000000e+03 1.918153134158930029e-04
1.474000000000000000e+03 1.486675429022979921e-03
1.475000000000000000e+03 5.208103147861090076e-03
1.476000000000000000e+03 5.574537535150529861e-03
1.477000000000000000e+03 2.230013143534470207e-03
1.478000000000000000e+03 9.314317395773410264e-04
1.479000000000000000e+03 -1.855458728333730066e-03
1.480000000000000000e+03 -1.488979315337759894e-03
1.481000000000000000e+03 1.859903953378660134e-04
1.482000000000000000e+03 3.713282506988569982e-04
1.483000000000000000e+03 5.388422240546810252e-03
1.484000000000000000e+03 6.869805011532339849e-03
1.485000000000000000e+03 3.716688572557439937e-03
1.486000000000000000e+03 4.277427273005490055e-03
1.487000000000000000e+03 1.833526446783359911e-03
1.488000000000000000e+03 7.644347690780530120e-04
1.489000000000000000e+03 4.457820165319249968e-03
1.490000000000000000e+03 2.408240809577349897e-03
1.491000000000000000e+03 -1.783600083933119989e-04
1.492000000000000000e+03 2.962462377130489939e-03
1.493000000000000000e+03 4.089358425985380185e-03
1.494000000000000000e+03 -7.579072738930890283e-04
1.495000000000000000e+03 -2.199911774581230135e-04
1.496000000000000000e+03 2.233992041795339941e-03
1.497000000000000000e+03 5.599121341117670224e-04
1.498000000000000000e+03 2.223566259239609984e-03
1.499000000000000000e+03 2.415134487440980145e-03
1.500000000000000000e+03 3.546991791777980192e-03
1.501000000000000000e+03 5.760721634448179654e-03
1.502000000000000000e+03 3.700667740143839812e-03
1.503000000000000000e+03 1.863837531048590001e-03
1.504000000000000000e+03 3.540020840040950054e-03
1.505000000000000000e+03 2.415505487541710211e-03
1.506000000000000000e+03 1.845527240140120047e-03
1.507000000000000000e+03 1.295033939814570038e-03
1.508000000000000000e+03 -9.269223236698599568e-04
1.509000000000000000e+03 3.785018244566179936e-04
1.510000000000000000e+03 1.114728429020420044e-03
1.511000000000000000e+03 7.433377145114889849e-04
1.512000000000000000e+03 1.848359288313570006e-03
1.513000000000000000e+03 5.209467082293969993e-03
1.514000000000000000e+03 1.966961592502560179e-03
1.515000000000000000e+03 -1.527367198931649868e-04
1.516000000000000000e+03 2.412028107860929912e-03
1.517000000000000000e+03 5.525213265874880011e-04
1.518000000000000000e+03 -1.849830461373599922e-04
1.519000000000000000e+03 2.042858632872509867e-03
1.520000000000000000e+03 1.306896345621230086e-03
1.521000000000000000e+03 -2.410021069886870201e-03
1.522000000000000000e+03 2.009012677942790138e-03
1.523000000000000000e+03 4.112998765703089997e-03
1.524000000000000000e+03 -3.663369170594239885e-04
1.525000000000000000e+03 -2.959220115244100106e-03
1.526000000000000000e+03 1.622541351827730058e-03
1.527000000000000000e+03 7.438698361286640026e-03
1.528000000000000000e+03 2.258012849134199800e-03
1.529000000000000000e+03 -1.961414334804519911e-04
1.530000000000000000e+03 1.673173715360480075e-03
1.531000000000000000e+03 2.599870586273090190e-03
1.532000000000000000e+03 1.670862504411499937e-03
1.533000000000000000e+03 3.915768499939379851e-03
1.534000000000000000e+03 3.128464728824159949e-03
1.535000000000000000e+03 -2.233680887524020029e-03
1.536000000000000000e+03 3.604011576336909928e-05
1.537000000000000000e+03 5.767164979374610027e-03
1.538000000000000000e+03 4.870324534202350418e-03
1.539000000000000000e+03 -7.362520254069900537e-04
1.540000000000000000e+03 -7.433013438378969877e-04
1.541000000000000000e+03 3.173180913942820133e-03
1.542000000000000000e+03 3.882595058832950200e-03
1.543000000000000000e+03 5.209857686752260124e-03
1.544000000000000000e+03 3.563945317996239804e-03
1.545000000000000000e+03 -3.717058639086399984e-04
1.546000000000000000e+03 -3.769715595414560084e-04
1.547000000000000000e+03 4.638693661997589715e-03
1.548000000000000000e+03 6.354926384774159907e-03
1.549000000000000000e+03 3.716041468502820095e-03
1.550000000000000000e+03 4.079232563485460025e-03
1.551000000000000000e+03 2.787227603074360176e-03
1.552000000000000000e+03 1.965285205986659958e-04
1.553000000000000000e+03 -3.614165320012259876e-04
1.554000000000000000e+03 2.787012505894810154e-03
1.555000000000000000e+03 4.088357429813190176e-03
1.556000000000000000e+03 2.033808686243350136e-03
1.557000000000000000e+03 -9.300632063888120355e-04
1.558000000000000000e+03 2.217182638281310018e-03
1.559000000000000000e+03 3.319485990745169989e-03
1.560000000000000000e+03 1.848160026988149946e-04
1.561000000000000000e+03 3.727441628623430177e-04
1.562000000000000000e+03 5.574876856618030075e-04
1.563000000000000000e+03 2.596686050516530155e-03
1.564000000000000000e+03 1.500945676320709996e-03
1.565000000000000000e+03 5.431351519774660222e-04
1.566000000000000000e+03 3.348244134331589909e-03
1.567000000000000000e+03 1.842967270070670080e-03
1.568000000000000000e+03 -1.873415890829819869e-04
1.569000000000000000e+03 5.247609187316419621e-03
1.570000000000000000e+03 5.532184390589839872e-03
1.571000000000000000e+03 -2.252179618019459813e-03
1.572000000000000000e+03 -2.614524367033379832e-03
1.573000000000000000e+03 -5.567184332877750082e-04
1.574000000000000000e+03 -1.871990597920190002e-04
1.575000000000000000e+03 -5.570235850152940437e-04
1.576000000000000000e+03 -5.556150910773970065e-04
1.577000000000000000e+03 2.613120681215109955e-03
1.578000000000000000e+03 2.770305245936210015e-03
1.579000000000000000e+03 3.336485440509480167e-03
1.580000000000000000e+03 3.342911584885040199e-03
1.581000000000000000e+03 -5.638281023473939568e-04
1.582000000000000000e+03 1.467322501958840016e-03
1.583000000000000000e+03 3.902898036685629925e-03
1.584000000000000000e+03 7.316904744761540142e-04
1.585000000000000000e+03 -5.615634203897250419e-04
1.586000000000000000e+03 3.909108484588029973e-03
1.587000000000000000e+03 3.685478115078090131e-03
1.588000000000000000e+03 1.857860745568340000e-04
1.589000000000000000e+03 -7.340585848782009903e-04
1.590000000000000000e+03 1.849044206135119870e-04
1.591000000000000000e+03 -5.781597460913130444e-04
1.592000000000000000e+03 -7.425885383127469978e-04
1.593000000000000000e+03 1.858344286278719969e-03
1.594000000000000000e+03 2.417578698079029999e-03
1.595000000000000000e+03 3.537870798567939890e-03
1.596000000000000000e+03 2.217004764114609977e-03
1.597000000000000000e+03 -1.490411051348429928e-03
1.598000000000000000e+03 -1.121137327265210072e-03
1.599000000000000000e+03 -5.457383883560060298e-04
1.600000000000000000e+03 5.276194447181680033e-04
1.601000000000000000e+03 5.391680034471900418e-03
1.602000000000000000e+03 4.797615360534790256e-03
1.603000000000000000e+03 -5.863965869846649633e-04
1.604000000000000000e+03 -3.907105422887390163e-03
1.605000000000000000e+03 -1.094315827394159914e-03
1.606000000000000000e+03 -1.129256097951569955e-03
1.607000000000000000e+03 3.858644972348160155e-04
1.608000000000000000e+03 7.625454494650079837e-03
1.609000000000000000e+03 4.450426554008080245e-03
1.610000000000000000e+03 -2.231508663506149865e-03
1.611000000000000000e+03 2.426250420667830018e-03
1.612000000000000000e+03 5.195917430484720337e-03
1.613000000000000000e+03 2.230013143534470207e-03
1.614000000000000000e+03 -2.625100263222340195e-03
1.615000000000000000e+03 -2.944396342241660091e-03
1.616000000000000000e+03 -3.881413960096370252e-04
1.617000000000000000e+03 -2.793767968245149808e-03
1.618000000000000000e+03 -2.590952322776899925e-03
1.619000000000000000e+03 -1.818148475449869966e-04
1.620000000000000000e+03 1.854698532383709927e-03
1.621000000000000000e+03 2.784225492341990075e-03
1.622000000000000000e+03 2.045993468769919874e-03
1.623000000000000000e+03 -3.760901622939629763e-04
1.624000000000000000e+03 3.765140026748880174e-03
1.625000000000000000e+03 4.583251076082360022e-03
1.626000000000000000e+03 1.678782780346219907e-03
1.627000000000000000e+03 4.084026330562169800e-03
1.628000000000000000e+03 4.084716583716910265e-03
1.629000000000000000e+03 9.084162753319820378e-04
1.630000000000000000e+03 -9.287706628800139952e-04
1.631000000000000000e+03 1.290780465206110015e-03
1.632000000000000000e+03 -1.318433494457160043e-03
1.633000000000000000e+03 -4.629462485260730023e-03
1.634000000000000000e+03 9.552299416400849555e-04
1.635000000000000000e+03 3.159169883246889989e-03
1.636000000000000000e+03 3.643997512818250052e-04
1.637000000000000000e+03 1.802856738407050058e-06
1.638000000000000000e+03 7.434504044358910190e-04
1.639000000000000000e+03 2.806798671505880086e-03
1.640000000000000000e+03 2.587970565864519939e-03
1.641000000000000000e+03 7.433377145114889849e-04
1.642000000000000000e+03 -1.675468834787580043e-03
1.643000000000000000e+03 -1.305282105202460081e-03
1.644000000000000000e+03 -1.105203807140249950e-03
1.645000000000000000e+03 -7.610304930751519937e-04
1.646000000000000000e+03 2.791998980332549909e-03
1.647000000000000000e+03 5.372484056504010091e-04
1.648000000000000000e+03 3.942842386169460346e-03
1.649000000000000000e+03 6.295465274245079859e-03
1.650000000000000000e+03 3.911037144110810111e-03
1.651000000000000000e+03 9.004812237152600351e-04
1.652000000000000000e+03 3.021989066988770099e-03
1.653000000000000000e+03 8.354145074095820078e-03
1.654000000000000000e+03 4.843867523011130029e-03
1.655000000000000000e+03 5.619754020790170392e-04
1.656000000000000000e+03 -1.672721676819510003e-03
1.657000000000000000e+03 -7.382370195106749628e-04
1.658000000000000000e+03 1.678310352683620070e-03
1.659000000000000000e+03 3.710845013784559807e-03
1.660000000000000000e+03 5.388739847734430426e-03
1.661000000000000000e+03 1.656569247236009974e-03
1.662000000000000000e+03 -1.125149576327799921e-03
1.663000000000000000e+03 1.670750783217899967e-03
1.664000000000000000e+03 5.399811184887690248e-03
1.665000000000000000e+03 4.661594940091060360e-03
1.666000000000000000e+03 1.114457635609129903e-03
1.667000000000000000e+03 5.559249180919589688e-04
1.668000000000000000e+03 7.436307752056990107e-04
1.669000000000000000e+03 3.767313843270560150e-04
1.670000000000000000e+03 -2.232680143177429889e-03
1.671000000000000000e+03 -1.448901373164419935e-04
1.672000000000000000e+03 1.104737373978429988e-03
1.673000000000000000e+03 3.672831047314410085e-04
1.674000000000000000e+03 4.258696501373120287e-03
1.675000000000000000e+03 7.436541936437590303e-03
1.676000000000000000e+03 3.274631436400310056e-03
1.677000000000000000e+03 -2.045851196488750190e-03
1.678000000000000000e+03 2.252659204007740126e-03
1.679000000000000000e+03 3.710751815614369859e-03
1.680000000000000000e+03 9.289902710435369877e-04
1.681000000000000000e+03 -9.213142193742630132e-04
1.682000000000000000e+03 7.215350586026459930e-04
1.683000000000000000e+03 2.430988623046049894e-03
1.684000000000000000e+03 1.875001985999419970e-04
1.685000000000000000e+03 2.944207223619120083e-03
1.686000000000000000e+03 3.003899826120899966e-03
1.687000000000000000e+03 0.000000000000000000e+00
1.688000000000000000e+03 0.000000000000000000e+00
1.689000000000000000e+03 7.366734167128799948e-04
1.690000000000000000e+03 -1.724217994975949940e-04
1.691000000000000000e+03 -1.966652338368859998e-04
1.692000000000000000e+03 7.466438682265510518e-04
1.693000000000000000e+03 1.854276431351289999e-04
1.694000000000000000e+03 1.301581860286779970e-03
1.695000000000000000e+03 1.110526136556779907e-03
1.696000000000000000e+03 -3.744930967309430194e-04
1.697000000000000000e+03 -1.119431097692150101e-03
1.698000000000000000e+03 4.465882324968659632e-03
1.699000000000000000e+03 6.724624732135870385e-03
1.700000000000000000e+03 2.232564762172250042e-03
1.701000000000000000e+03 4.094020968885130410e-03
1.702000000000000000e+03 4.629460843221819798e-03
1.703000000000000000e+03 1.115545053168010047e-03
1.704000000000000000e+03 4.787324911534949871e-03
1.705000000000000000e+03 4.651876101868349794e-03
1.706000000000000000e+03 5.039259485845970416e-06
1.707000000000000000e+03 -3.718689074401570040e-04
1.708000000000000000e+03 5.443601026740160168e-04
1.709000000000000000e+03 2.229161976318100053e-03
1.710000000000000000e+03 1.117290482089079977e-03
1.711000000000000000e+03 5.559844081699150033e-04
1.712000000000000000e+03 2.420226518780689996e-03
1.713000000000000000e+03 7.242565880419779903e-03
1.714000000000000000e+03 4.864884945576530145e-03
1.715000000000000000e+03 1.912186597875400031e-04
1.716000000000000000e+03 -3.178101854485279852e-06
1.717000000000000000e+03 1.301095060986389926e-03
1.718000000000000000e+03 4.087686741563089678e-03
1.719000000000000000e+03 4.089671071742160408e-03
1.720000000000000000e+03 2.792323140502270176e-03
1.721000000000000000e+03 3.805800911683560050e-04
1.722000000000000000e+03 -5.607331218229730414e-04
1.723000000000000000e+03 3.694283807680400237e-04
1.724000000000000000e+03 2.221125226786269894e-03
1.725000000000000000e+03 3.161976661194209996e-03
1.726000000000000000e+03 3.342306150668300068e-03
1.727000000000000000e+03 2.975774953097109956e-03
1.728000000000000000e+03 1.300722764126829986e-03
1.729000000000000000e+03 1.488693292910750043e-03
1.730000000000000000e+03 -1.307482744976640017e-05
1.731000000000000000e+03 1.835645986952139921e-03
1.732000000000000000e+03 2.423127694089589803e-03
1.733000000000000000e+03 1.885572484206340027e-04
1.734000000000000000e+03 2.408276918164350099e-03
1.735000000000000000e+03 5.012733814266790398e-03
1.736000000000000000e+03 2.031491610672689786e-03
1.737000000000000000e+03 7.225646534734640096e-04
1.738000000000000000e+03 2.229211015490209849e-03
1.739000000000000000e+03 1.869370188795369935e-03
1.740000000000000000e+03 2.230534573059710091e-03
1.741000000000000000e+03 2.590149411396810205e-03
1.742000000000000000e+03 4.274364780450509889e-03
1.743000000000000000e+03 5.210665923675660005e-03
1.744000000000000000e+03 4.454863489997159913e-03
1.745000000000000000e+03 2.231524557982669972e-03
1.746000000000000000e+03 1.855855697330980074e-03
1.747000000000000000e+03 2.644848668455810037e-05
1.748000000000000000e+03 -3.734330582525759949e-04
1.749000000000000000e+03 1.862376057833509905e-03
1.750000000000000000e+03 3.579928008356609800e-04
1.751000000000000000e+03 -7.399242630232030294e-04
1.752000000000000000e+03 1.303672882331230075e-03
1.753000000000000000e+03 3.708596289856000081e-04
1.754000000000000000e+03 2.039416059258320098e-03
1.755000000000000000e+03 6.317369197655849783e-03
1.756000000000000000e+03 2.613753294848939878e-03
1.757000000000000000e+03 2.404227370036760014e-03
1.758000000000000000e+03 2.056562347714860003e-03
1.759000000000000000e+03 4.445232935523089901e-03
1.760000000000000000e+03 4.835962623580009750e-03
1.761000000000000000e+03 1.872508352388310043e-04
1.762000000000000000e+03 2.231026024257629862e-03
1.763000000000000000e+03 3.589620489668040237e-04
1.764000000000000000e+03 1.725024646650870027e-05
1.765000000000000000e+03 7.294404969566490454e-04
1.766000000000000000e+03 -9.296943323605350419e-04
1.767000000000000000e+03 3.482072082768059886e-03
1.768000000000000000e+03 2.816866035872900038e-03
1.769000000000000000e+03 -1.857907459319339946e-03
1.770000000000000000e+03 3.184502831128910132e-03
1.771000000000000000e+03 7.814754919263769417e-03
1.772000000000000000e+03 4.257222396387260431e-03
1.773000000000000000e+03 3.517069295680519837e-03
1.774000000000000000e+03 4.823345968127779916e-03
1.775000000000000000e+03 1.120642509505979977e-03
1.776000000000000000e+03 1.283945450829479962e-03
1.777000000000000000e+03 2.230666968858389856e-03
1.778000000000000000e+03 -1.887036558636269977e-03
1.779000000000000000e+03 -3.339259397999900202e-03
1.780000000000000000e+03 -1.881808543985699915e-04
1.781000000000000000e+03 3.927895813743909753e-03
1.782000000000000000e+03 5.008898796840109864e-03
1.783000000000000000e+03 -5.652237876215630277e-04
1.784000000000000000e+03 -1.860083942807099974e-03
1.785000000000000000e+03 2.040303140248399955e-03
1.786000000000000000e+03 5.713566889823670043e-04
1.787000000000000000e+03 -3.707013256635690018e-03
1.788000000000000000e+03 -5.230597948608309983e-04
1.789000000000000000e+03 5.351684192064859675e-04
1.790000000000000000e+03 -9.155589158281570361e-04
1.791000000000000000e+03 4.859605123663630032e-03
1.792000000000000000e+03 2.641041319605570096e-03
1.793000000000000000e+03 -3.160214282091810146e-03
1.794000000000000000e+03 3.593263100408950112e-04
1.795000000000000000e+03 2.418249344377400214e-03
1.796000000000000000e+03 -5.592098832820959755e-04
1.797000000000000000e+03 -9.236100092294560141e-04
1.798000000000000000e+03 -1.126362901454980000e-03
1.799000000000000000e+03 1.105000094283470000e-03
1.800000000000000000e+03 2.597027924802319809e-03
1.801000000000000000e+03 1.845729708417630005e-04
1.802000000000000000e+03 2.224192425278320208e-03
1.803000000000000000e+03 9.163752521801199740e-04
1.804000000000000000e+03 -1.614166116480299955e-04
1.805000000000000000e+03 -1.906900933993810083e-04
1.806000000000000000e+03 -3.156055527713540025e-03
1.807000000000000000e+03 -1.853900063510919953e-03
1.808000000000000000e+03 -1.127055720103940090e-03
1.809000000000000000e+03 2.250015865004850041e-03
1.810000000000000000e+03 2.791862082936899959e-03
1.811000000000000000e+03 2.024869104539720084e-03
1.812000000000000000e+03 5.387152951301540232e-03
1.813000000000000000e+03 3.717457246814900081e-03
1.814000000000000000e+03 5.434555485036510073e-04
1.815000000000000000e+03 5.672065237518610038e-04
1.816000000000000000e+03 1.484966042511930064e-03
1.817000000000000000e+03 -1.890347077258869887e-04
1.818000000000000000e+03 2.231154650325460100e-03
1.819000000000000000e+03 1.119834390838469985e-03
1.820000000000000000e+03 2.594029398005100098e-03
1.821000000000000000e+03 4.280872752322380410e-03
1.822000000000000000e+03 -5.573055537042930462e-04
1.823000000000000000e+03 1.485656419137220069e-03
1.824000000000000000e+03 1.299918928920350096e-03
1.825000000000000000e+03 2.237357432829560101e-03
1.826000000000000000e+03 2.215412773654840215e-03
1.827000000000000000e+03 -1.795479126631140088e-04
1.828000000000000000e+03 3.680826453889349931e-04
1.829000000000000000e+03 3.389810647401209943e-03
1.830000000000000000e+03 5.013174640119200283e-03
1.831000000000000000e+03 2.607626029920860102e-03
1.832000000000000000e+03 -7.353440392676939942e-04
1.833000000000000000e+03 7.538944690329990334e-04
1.834000000000000000e+03 7.071738724927400166e-04
1.835000000000000000e+03 1.200205988022620098e-06
1.836000000000000000e+03 9.482249351038359508e-04
1.837000000000000000e+03 7.421031274981099764e-04
1.838000000000000000e+03 3.160511907669420056e-03
1.839000000000000000e+03 4.088868074529860425e-03
1.840000000000000000e+03 6.865865347701279736e-03
1.841000000000000000e+03 4.252732934739969842e-03
1.842000000000000000e+03 1.857224748338559940e-03
1.843000000000000000e+03 2.609169439599429933e-03
1.844000000000000000e+03 1.488832585240050044e-03
1.845000000000000000e+03 4.279820475084490129e-03
1.846000000000000000e+03 3.903150201456219957e-03
1.847000000000000000e+03 1.670956643852829909e-03
1.848000000000000000e+03 3.817899311685980118e-04
1.849000000000000000e+03 -1.486675429022979921e-03
1.850000000000000000e+03 2.442884650053509920e-03
1.851000000000000000e+03 1.830009424996719954e-03
1.852000000000000000e+03 -3.586845984190839901e-04
1.853000000000000000e+03 2.045423446553889992e-03
1.854000000000000000e+03 2.042675471012820199e-03
1.855000000000000000e+03 9.340640623419860320e-04
1.856000000000000000e+03 -1.111257787984970069e-03
1.857000000000000000e+03 5.553845171057820431e-04
1.858000000000000000e+03 1.482627258517669978e-03
1.859000000000000000e+03 1.123597279615010016e-03
1.860000000000000000e+03 3.895902318478799888e-03
1.861000000000000000e+03 3.160753237729870165e-03
1.862000000000000000e+03 -3.784358752152479767e-04
1.863000000000000000e+03 3.607508572908730161e-04
1.864000000000000000e+03 4.090044942727079705e-03
1.865000000000000000e+03 3.515546573220150201e-03
1.866000000000000000e+03 1.300894122851380032e-03
1.867000000000000000e+03 -5.458341492411899684e-04
1.868000000000000000e+03 -1.113790157729409964e-03
1.869000000000000000e+03 1.312854777045930005e-03
1.870000000000000000e+03 5.585400740133260149e-03
1.871000000000000000e+03 5.023855518843400349e-03
1.872000000000000000e+03 4.809217017098219721e-03
1.873000000000000000e+03 4.500172213446719700e-03
1.874000000000000000e+03 1.301262387249450033e-03
1.875000000000000000e+03 1.105510176012820074e-03
1.876000000000000000e+03 2.811390438695749849e-03
1.877000000000000000e+03 4.267252785862380403e-03
1.878000000000000000e+03 9.155162359088040011e-04
1.879000000000000000e+03 -1.113310976228669901e-03
1.880000000000000000e+03 2.801889598472029862e-03
1.881000000000000000e+03 8.743424759060010668e-03
1.882000000000000000e+03 7.417015513491690033e-03
1.883000000000000000e+03 3.537933687405070199e-04
1.884000000000000000e+03 2.051023305197319880e-05
1.885000000000000000e+03 -2.652612525782070002e-05
1.886000000000000000e+03 -2.409610206476950085e-03
1.887000000000000000e+03 1.484912131460169914e-03
1.888000000000000000e+03 3.729692069573019818e-03
1.889000000000000000e+03 3.892651148534319837e-03
1.890000000000000000e+03 6.129826612724469798e-03
1.891000000000000000e+03 3.149954356358489974e-03
1.892000000000000000e+03 -7.433377145114889849e-04
1.893000000000000000e+03 3.712930524133550066e-03
1.894000000000000000e+03 6.519032364875879636e-03
1.895000000000000000e+03 2.605390474060019935e-03
1.896000000000000000e+03 1.493254474956990036e-03
1.897000000000000000e+03 2.415971005738900071e-03
1.898000000000000000e+03 1.491614972356150072e-03
1.899000000000000000e+03 1.674824793123640002e-03
1.900000000000000000e+03 -1.848341770204520043e-03
1.901000000000000000e+03 -4.381824772711409707e-05
1.902000000000000000e+03 1.280642319534359931e-03
1.903000000000000000e+03 -2.228442543972160034e-03
1.904000000000000000e+03 -7.433377145114889849e-04
1.905000000000000000e+03 -2.758620044693609885e-06
1.906000000000000000e+03 3.737690803599700131e-04
1.907000000000000000e+03 1.661695959074010022e-03
1.908000000000000000e+03 1.683984309331150019e-03
1.909000000000000000e+03 -1.844749676332390069e-04
1.910000000000000000e+03 2.395950089756519914e-03
1.911000000000000000e+03 2.432638575760310076e-03
1.912000000000000000e+03 2.218017820867179864e-03
1.913000000000000000e+03 3.719295358391789836e-03
1.914000000000000000e+03 1.115414190571569928e-03
1.915000000000000000e+03 2.795088633005669843e-03
1.916000000000000000e+03 4.656546218363540046e-03
1.917000000000000000e+03 2.049750364359199852e-03
1.918000000000000000e+03 -3.640814342454119962e-07
1.919000000000000000e+03 2.389533942976950105e-03
1.920000000000000000e+03 5.018966446093339924e-03
1.921000000000000000e+03 5.579053292671189851e-03
1.922000000000000000e+03 3.728689309112010169e-03
1.923000000000000000e+03 9.270905946790320264e-04
1.924000000000000000e+03 2.225776125102049870e-03
1.925000000000000000e+03 -1.136462224665130008e-03
1.926000000000000000e+03 -3.717273597251239889e-03
1.927000000000000000e+03 -9.341273808952559651e-04
1.928000000000000000e+03 9.197665695461579869e-04
1.929000000000000000e+03 -2.416832411090470093e-03
1.930000000000000000e+03 -8.654622105668220104e-04
1.931000000000000000e+03 5.240494954081500057e-04
1.932000000000000000e+03 -1.100851548756429966e-03
1.933000000000000000e+03 1.859794500784780081e-03
1.934000000000000000e+03 3.720912900429260064e-03
1.935000000000000000e+03 3.527075194001420139e-03
1.936000000000000000e+03 2.789746817446669882e-03
1.937000000000000000e+03 1.293840811616930007e-03
1.938000000000000000e+03 1.123371739842700086e-03
1.939000000000000000e+03 2.784822185241020171e-03
1.940000000000000000e+03 3.352709691523700006e-03
1.941000000000000000e+03 6.711626717396709796e-03
1.942000000000000000e+03 8.177920482381280734e-03
1.943000000000000000e+03 3.029082467660590156e-03
1.944000000000000000e+03 1.717840491751389980e-04
1.945000000000000000e+03 9.323743649986780116e-04
1.946000000000000000e+03 -1.861580791507290097e-03
1.947000000000000000e+03 -1.843874095362030025e-03
1.948000000000000000e+03 1.300605225611249985e-03
1.949000000000000000e+03 5.551472019264879626e-03
1.950000000000000000e+03 3.902834193045380019e-03
1.951000000000000000e+03 -1.305246164090060040e-03
1.952000000000000000e+03 -7.417134210036030375e-04
1.953000000000000000e+03 4.628867581005199731e-03
1.954000000000000000e+03 2.001595074550749798e-03
1.955000000000000000e+03 -4.459132026038870045e-03
1.956000000000000000e+03 1.849722974617920047e-03
1.957000000000000000e+03 3.735278220164380079e-03
1.958000000000000000e+03 -9.253817066287989539e-04
1.959000000000000000e+03 -1.860588621824260094e-03
1.960000000000000000e+03 -2.043273453357839949e-03
1.961000000000000000e+03 1.499065922034479963e-03
1.962000000000000000e+03 5.390958098344510001e-03
1.963000000000000000e+03 4.081996413008389703e-03
1.964000000000000000e+03 3.722744838065250063e-03
1.965000000000000000e+03 3.913263103196449808e-03
1.966000000000000000e+03 3.709631861335270162e-03
1.967000000000000000e+03 5.757383986003119895e-03
1.968000000000000000e+03 1.861558114023470056e-03
1.969000000000000000e+03 4.295314396035279821e-03
1.970000000000000000e+03 5.433929707824780228e-03
1.971000000000000000e+03 4.078367050403259968e-03
1.972000000000000000e+03 6.121526721661970163e-03
1.973000000000000000e+03 2.975057353548269789e-03
1.974000000000000000e+03 -9.362656539114340426e-04
1.975000000000000000e+03 -8.968400532688069939e-04
1.976000000000000000e+03 3.718964386611579940e-03
1.977000000000000000e+03 4.091685654976929751e-03
1.978000000000000000e+03 1.321095986890559936e-03
1.979000000000000000e+03 9.284133988027500495e-04
1.980000000000000000e+03 2.601682000790210038e-03
1.981000000000000000e+03 3.910962961658320282e-03
1.982000000000000000e+03 3.525273762383669858e-03
1.983000000000000000e+03 3.531341407362290075e-03
1.984000000000000000e+03 2.792720775641759860e-03
1.985000000000000000e+03 1.297925435654900079e-03
1.986000000000000000e+03 3.795760385244060088e-04
1.987000000000000000e+03 1.287178143534790107e-03
1.988000000000000000e+03 1.867982764599949996e-03
1.989000000000000000e+03 7.390087656207349788e-04
1.990000000000000000e+03 1.901763999955509942e-04
1.991000000000000000e+03 -1.672493871515760107e-03
1.992000000000000000e+03 1.682334368238149998e-03
1.993000000000000000e+03 7.159841872729800225e-04
1.994000000000000000e+03 -2.590714080669469840e-03
1.995000000000000000e+03 -5.578097851090669905e-04
1.996000000000000000e+03 9.237847468429639681e-04
1.997000000000000000e+03 7.467866008280969531e-04
1.998000000000000000e+03 1.674573391475570007e-03
1.999000000000000000e+03 3.532403818857250168e-03
2.000000000000000000e+03 2.786443792341810211e-03
2.001000000000000000e+03 1.858344286278719969e-03
2.002000000000000000e+03 2.417537029838360066e-03
2.003000000000000000e+03 -1.291021847596779924e-03
2.004000000000000000e+03 -4.468202012282419984e-03
2.005000000000000000e+03 -1.108503227957020063e-03
2.006000000000000000e+03 2.864857071069049922e-07
2.007000000000000000e+03 3.331275210534430029e-03
2.008000000000000000e+03 4.107768685924049687e-03
2.009000000000000000e+03 2.660605223652280150e-06
2.010000000000000000e+03 -9.247517340964819766e-04
2.011000000000000000e+03 1.092410027056170060e-03
2.012000000000000000e+03 2.611421103773910093e-03
2.013000000000000000e+03 1.302382014035209992e-03
2.014000000000000000e+03 2.406870622602000093e-03
2.015000000000000000e+03 1.127614524190909953e-03
2.016000000000000000e+03 5.520454184332660406e-04
2.017000000000000000e+03 3.345141141704970067e-03
2.018000000000000000e+03 4.088357429813190176e-03
2.019000000000000000e+03 5.770277793412530208e-04
2.020000000000000000e+03 -3.083184075335690079e-06
2.021000000000000000e+03 -2.003129920901429906e-04
2.022000000000000000e+03 -2.418859532230220166e-03
2.023000000000000000e+03 -5.680287296026979632e-04
2.024000000000000000e+03 1.866447198725669900e-04
2.025000000000000000e+03 2.611339949981950157e-03
2.026000000000000000e+03 2.978831204305219804e-03
2.027000000000000000e+03 1.850072758351879905e-03
2.028000000000000000e+03 4.019739979546319854e-04
2.029000000000000000e+03 -9.314426328607680128e-04
2.030000000000000000e+03 1.497196858671250106e-03
2.031000000000000000e+03 1.479147076740260081e-03
2.032000000000000000e+03 2.237555621532359880e-03
2.033000000000000000e+03 4.461078722139229756e-03
2.034000000000000000e+03 2.224607382926149964e-03
2.035000000000000000e+03 9.315178643514210365e-04
2.036000000000000000e+03 1.807211900593869906e-04
2.037000000000000000e+03 -1.671871737630839993e-03
2.038000000000000000e+03 -2.046740523067709823e-03
2.039000000000000000e+03 -1.104992189099379988e-03
2.040000000000000000e+03 1.122327156956840107e-03
2.041000000000000000e+03 -5.547301356968209907e-04
2.042000000000000000e+03 5.161815765217749779e-04
2.043000000000000000e+03 2.980503174233829853e-03
2.044000000000000000e+03 -2.040750015754830195e-03
2.045000000000000000e+03 4.009723582238919923e-04
2.046000000000000000e+03 1.686133458712610030e-03
2.047000000000000000e+03 7.028065041819050399e-04
2.048000000000000000e+03 6.314347859804550142e-03
2.049000000000000000e+03 6.870775683848529859e-03
2.050000000000000000e+03 5.548177768243560187e-04
2.051000000000000000e+03 -3.536054497008020089e-03
2.052000000000000000e+03 7.623409315810510383e-04
2.053000000000000000e+03 3.903136689434540032e-03
2.054000000000000000e+03 5.564798191324650057e-04
2.055000000000000000e+03 2.035297267743540160e-03
2.056000000000000000e+03 3.541971996567709960e-03
2.057000000000000000e+03 2.036067863690619803e-03
2.058000000000000000e+03 3.718144280769279837e-03
2.059000000000000000e+03 3.715468518763049861e-03
2.060000000000000000e+03 5.386587385681949891e-03
2.061000000000000000e+03 1.859308195412629925e-03
2.062000000000000000e+03 5.419681662664090072e-02
2.063000000000000000e+03 5.435079813476759863e-02
2.064000000000000000e+03 2.761851979191779806e-03
2.065000000000000000e+03 7.062216734898789892e-03
2.066000000000000000e+03 9.488147059030440852e-03
2.067000000000000000e+03 1.097021988112649969e-02
2.068000000000000000e+03 1.133802926224460050e-02
2.069000000000000000e+03 1.413216062101550069e-02
2.070000000000000000e+03 1.765754407377479948e-02
2.071000000000000000e+03 2.284533281399930144e-02
2.072000000000000000e+03 3.337446610898490290e-02
2.073000000000000000e+03 3.939684091256299980e-02
2.074000000000000000e+03 4.204205879521410311e-02
2.075000000000000000e+03 5.019721950613729999e-02
2.076000000000000000e+03 6.041734148594180009e-02
2.077000000000000000e+03 6.968955866764969809e-02
2.078000000000000000e+03 7.711962747668520135e-02
2.079000000000000000e+03 8.771187707228060570e-02
2.080000000000000000e+03 1.007147397910419934e-01
2.081000000000000000e+03 1.146507586290829994e-01
2.082000000000000000e+03 1.323156207650910132e-01
2.083000000000000000e+03 1.501706583269170059e-01
2.084000000000000000e+03 1.644960797379209916e-01
2.085000000000000000e+03 1.803248066857439935e-01
2.086000000000000000e+03 2.014122509089280033e-01
2.087000000000000000e+03 2.294984135485449994e-01
2.088000000000000000e+03 2.521306800483950061e-01
2.089000000000000000e+03 2.692591723167250262e-01
2.090000000000000000e+03 2.923732274030400036e-01
2.091000000000000000e+03 3.194172465120230231e-01
2.092000000000000000e+03 3.407626373951189724e-01
2.093000000000000000e+03 3.569886120084310166e-01
2.094000000000000000e+03 3.829154322440970204e-01
2.095000000000000000e+03 4.091162558687769790e-01
2.096000000000000000e+03 4.415570457174339825e-01
2.097000000000000000e+03 4.788688658889480032e-01
2.098000000000000000e+03 5.033755332672950056e-01
2.099000000000000000e+03 5.289539247981900338e-01
2.100000000000000000e+03 5.581333063216340484e-01
2.101000000000000000e+03 5.917196504777769706e-01
2.102000000000000000e+03 6.243005283210459888e-01
2.103000000000000000e+03 6.549370273620800376e-01
2.104000000000000000e+03 6.915704896783220201e-01
2.105000000000000000e+03 7.254515806207000317e-01
2.106000000000000000e+03 7.531841201772490058e-01
2.107000000000000000e+03 7.790620496393839689e-01
2.108000000000000000e+03 8.092033764337850377e-01
2.109000000000000000e+03 8.431004585877019952e-01
2.110000000000000000e+03 8.639576426614670179e-01
2.111000000000000000e+03 8.891333675280329585e-01
2.112000000000000000e+03 9.208850231396910058e-01
2.113000000000000000e+03 9.365897476352339490e-01
2.114000000000000000e+03 9.487182117327069841e-01
2.115000000000000000e+03 9.594607741808890422e-01
2.116000000000000000e+03 9.689135343856769556e-01
2.117000000000000000e+03 9.826256556410210008e-01
2.118000000000000000e+03 9.930746809386189478e-01
2.119000000000000000e+03 9.958792717158150287e-01
2.120000000000000000e+03 9.995561619263380049e-01
2.121000000000000000e+03 9.983710388132219782e-01
2.122000000000000000e+03 9.960384924917310423e-01
2.123000000000000000e+03 9.999492264676970166e-01
2.124000000000000000e+03 1.000000000000000000e+00
2.125000000000000000e+03 9.995862869348850488e-01
2.126000000000000000e+03 9.964884414020319658e-01
2.127000000000000000e+03 9.875539628799400171e-01
2.128000000000000000e+03 9.804708578841679900e-01
2.129000000000000000e+03 9.793495912404850401e-01
2.130000000000000000e+03 9.780288570777879720e-01
2.131000000000000000e+03 9.704316069599649985e-01
2.132000000000000000e+03 9.619083835476079924e-01
2.133000000000000000e+03 9.538947453547900190e-01
2.134000000000000000e+03 9.440780795849099682e-01
2.135000000000000000e+03 9.344234225190579668e-01
2.136000000000000000e+03 9.256513767811299642e-01
2.137000000000000000e+03 9.123133810622130468e-01
2.138000000000000000e+03 8.974524888222320529e-01
2.139000000000000000e+03 8.815788232740360275e-01
2.140000000000000000e+03 8.613416192689820061e-01
2.141000000000000000e+03 8.455537962809710484e-01
2.142000000000000000e+03 8.243868980656390288e-01
2.143000000000000000e+03 7.998409044441120441e-01
2.144000000000000000e+03 7.766004499955559970e-01
2.145000000000000000e+03 7.518201234890620199e-01
2.146000000000000000e+03 7.252845899808050278e-01
2.147000000000000000e+03 7.015663469773310013e-01
2.148000000000000000e+03 6.757288417906960332e-01
2.149000000000000000e+03 6.412753847417299591e-01
2.150000000000000000e+03 6.094442134791340226e-01
2.151000000000000000e+03 5.799911061494329445e-01
2.152000000000000000e+03 5.507361271111469447e-01
2.153000000000000000e+03 5.160445109856629520e-01
2.154000000000000000e+03 4.804691821208300073e-01
2.155000000000000000e+03 4.447063572871490233e-01
2.156000000000000000e+03 4.050430723250980081e-01
2.157000000000000000e+03 3.695022602971190229e-01
2.158000000000000000e+03 3.351112140730729827e-01
2.159000000000000000e+03 2.972473690714410033e-01
2.160000000000000000e+03 2.625375389640590140e-01
2.161000000000000000e+03 2.352445129807340107e-01
2.162000000000000000e+03 2.073533548168879914e-01
2.163000000000000000e+03 1.776213166731719917e-01
2.164000000000000000e+03 1.517670597801289989e-01
2.165000000000000000e+03 1.307716911609259902e-01
2.166000000000000000e+03 1.130184339823230022e-01
2.167000000000000000e+03 9.177151641409840577e-02
2.168000000000000000e+03 7.383900807778620567e-02
2.169000000000000000e+03 6.727206316328969427e-02
2.170000000000000000e+03 5.759751718826339878e-02
2.171000000000000000e+03 4.387913228192599768e-02
2.172000000000000000e+03 3.701364290221059727e-02
2.173000000000000000e+03 3.215698805854010078e-02
2.174000000000000000e+03 2.767916197194610073e-02
2.175000000000000000e+03 2.192694357214650114e-02
2.176000000000000000e+03 1.710094640738719918e-02
2.177000000000000000e+03 1.062522680736180045e-02
2.178000000000000000e+03 5.390854840427119869e-03
2.179000000000000000e+03 4.467362483837920145e-03
2.180000000000000000e+03 5.740201091481539689e-03
2.181000000000000000e+03 4.859521005430880031e-03
2.182000000000000000e+03 5.690421609737820107e-04
2.183000000000000000e+03 -2.033871610394210033e-03
2.184000000000000000e+03 4.045893873150110433e-03
2.185000000000000000e+03 8.554712457695800437e-03
2.186000000000000000e+03 3.188587872347930108e-03
2.187000000000000000e+03 1.296201567470470000e-03
2.188000000000000000e+03 9.317511224944050041e-04
2.189000000000000000e+03 1.839893359149619980e-03
2.190000000000000000e+03 9.370676490400959516e-04
2.191000000000000000e+03 2.994252102748509985e-03
2.192000000000000000e+03 3.820523612700460177e-04
2.193000000000000000e+03 -3.921961808213620011e-03
2.194000000000000000e+03 1.096519010949419982e-03
2.195000000000000000e+03 2.973350858045959843e-03
2.196000000000000000e+03 -1.381246968117919905e-04
2.197000000000000000e+03 -2.974715231816099908e-03
2.198000000000000000e+03 -7.268957569355289847e-04
2.199000000000000000e+03 1.864991114520859897e-03
2.200000000000000000e+03 9.283089019811859249e-06
2.201000000000000000e+03 -1.504185811626830094e-03
2.202000000000000000e+03 -7.380692661953139984e-04
2.203000000000000000e+03 5.387588196492640097e-04
2.204000000000000000e+03 2.230013143534470207e-03
2.205000000000000000e+03 5.633970578026550099e-04
2.206000000000000000e+03 -1.673433356060449999e-03
2.207000000000000000e+03 -3.823666318209820126e-04
2.208000000000000000e+03 1.670167348249089901e-03
2.209000000000000000e+03 1.488619664311569999e-03
2.210000000000000000e+03 -2.424235773208889989e-03
2.211000000000000000e+03 -2.980561677091609837e-03
2.212000000000000000e+03 -5.541194455595450409e-04
2.213000000000000000e+03 -7.418561544014509821e-04
2.214000000000000000e+03 5.587330095325290140e-04
2.215000000000000000e+03 1.300855864853369976e-03
2.216000000000000000e+03 9.292676512108900139e-04
2.217000000000000000e+03 3.718471670197099851e-04
2.218000000000000000e+03 -2.786263841068180140e-03
2.219000000000000000e+03 -2.821691241727449992e-03
2.220000000000000000e+03 1.288235381390669902e-03
2.221000000000000000e+03 5.186106932692669848e-03
2.222000000000000000e+03 4.839939585385560038e-03
2.223000000000000000e+03 3.692275449588800179e-04
2.224000000000000000e+03 9.157487036919790104e-04
2.225000000000000000e+03 1.690471184065240077e-03
2.226000000000000000e+03 -1.104439786709850071e-03
2.227000000000000000e+03 -3.531791827899749894e-03
2.228000000000000000e+03 7.221734009649370331e-04
2.229000000000000000e+03 2.447334684691230156e-03
2.230000000000000000e+03 -1.298553119923630088e-03
2.231000000000000000e+03 -1.303622484899629938e-03
2.232000000000000000e+03 -9.298424088454449723e-04
2.233000000000000000e+03 3.818035304912129730e-04
2.234000000000000000e+03 3.173578544974930016e-03
2.235000000000000000e+03 1.832016683379490045e-03
2.236000000000000000e+03 3.146292108292049992e-03
2.237000000000000000e+03 6.150752330088229969e-03
2.238000000000000000e+03 3.729045748996709982e-03
2.239000000000000000e+03 3.154761761464439963e-03
2.240000000000000000e+03 -1.700036577825649942e-04
2.241000000000000000e+03 -2.972178467637629808e-03
2.242000000000000000e+03 -9.346944640305930498e-04
2.243000000000000000e+03 1.100937843492259946e-03
2.244000000000000000e+03 1.305556126893700009e-03
2.245000000000000000e+03 2.235972314819140074e-03
2.246000000000000000e+03 3.760893953677889876e-04
2.247000000000000000e+03 2.204129687401770038e-03
2.248000000000000000e+03 1.900046889320120003e-03
2.249000000000000000e+03 -5.887006082295670245e-04
2.250000000000000000e+03 2.973350858045959843e-03
2.251000000000000000e+03 4.091486866988889616e-03
2.252000000000000000e+03 2.811136934823659991e-03
2.253000000000000000e+03 -5.494114220042490117e-04
2.254000000000000000e+03 9.129796394284519882e-04
2.255000000000000000e+03 4.455695750654549772e-03
2.256000000000000000e+03 2.974615140261669798e-03
2.257000000000000000e+03 -1.469519549098160030e-03
2.258000000000000000e+03 2.577927348677879794e-03
2.259000000000000000e+03 5.941302448705850121e-03
2.260000000000000000e+03 2.789755532862230134e-03
2.261000000000000000e+03 -5.327049280875369988e-04
2.262000000000000000e+03 -1.694337986357040068e-03
2.263000000000000000e+03 -5.550356241394640167e-04
2.264000000000000000e+03 1.930322412004799901e-04
2.265000000000000000e+03 -1.913566915634220091e-04
2.266000000000000000e+03 -3.697236388169929805e-04
2.267000000000000000e+03 1.486873178033939905e-03
2.268000000000000000e+03 7.419720811889010106e-04
2.269000000000000000e+03 3.166762213259820009e-03
2.270000000000000000e+03 6.690039430603400214e-03
2.271000000000000000e+03 1.823678617644289898e-03
2.272000000000000000e+03 -1.490876094973080102e-03
2.273000000000000000e+03 2.019779049763199830e-03
2.274000000000000000e+03 2.058729774905500038e-03
2.275000000000000000e+03 2.227041129884910035e-03
2.276000000000000000e+03 2.246470285180969962e-03
2.277000000000000000e+03 3.301028391000740154e-03
2.278000000000000000e+03 6.690039430603400214e-03
2.279000000000000000e+03 1.280341912609070073e-03
2.280000000000000000e+03 3.752698768169920201e-04
2.281000000000000000e+03 4.274855520393169676e-03
2.282000000000000000e+03 2.604947570269590049e-03
2.283000000000000000e+03 2.412346717177759996e-03
2.284000000000000000e+03 -5.446441466746130460e-04
2.285000000000000000e+03 -2.605265211622850158e-03
2.286000000000000000e+03 7.429249100931739494e-04
2.287000000000000000e+03 2.046175799656850189e-03
2.288000000000000000e+03 2.042826760620460036e-03
2.289000000000000000e+03 3.898093057102210157e-03
2.290000000000000000e+03 9.987332411845640731e-03
2.291000000000000000e+03 7.285859176535220035e-03
2.292000000000000000e+03 -1.489266488864459921e-03
2.293000000000000000e+03 -2.602950926023670213e-03
2.294000000000000000e+03 1.680642220634339886e-04
2.295000000000000000e+03 2.234033814287350074e-03
2.296000000000000000e+03 2.957681618142529983e-03
2.297000000000000000e+03 5.755431499227040004e-03
2.298000000000000000e+03 4.996696808469190156e-03
2.299000000000000000e+03 -3.956498094564229843e-04
2.300000000000000000e+03 -1.995710479196620033e-04
2.301000000000000000e+03 -5.013294504880669994e-04
2.302000000000000000e+03 -1.337940404736199986e-03
2.303000000000000000e+03 1.991228665904090059e-04
2.304000000000000000e+03 -2.037999359302059867e-03
2.305000000000000000e+03 5.509528710516619580e-04
2.306000000000000000e+03 3.570865869821630194e-04
2.307000000000000000e+03 9.186767056824319752e-04
2.308000000000000000e+03 2.623590601711679911e-03
2.309000000000000000e+03 1.486371497197380058e-03
2.310000000000000000e+03 7.520089411213559498e-04
2.311000000000000000e+03 -5.644187803685679584e-04
2.312000000000000000e+03 2.027708784361479874e-03
2.313000000000000000e+03 4.451643443644600143e-03
2.314000000000000000e+03 3.900748521919640208e-03
2.315000000000000000e+03 2.974186986712810173e-03
2.316000000000000000e+03 3.897405811761520036e-03
2.317000000000000000e+03 1.508755777298270099e-03
2.318000000000000000e+03 -1.116682350019279971e-03
2.319000000000000000e+03 -7.433377145114889849e-04
2.320000000000000000e+03 -1.116420481038929956e-03
2.321000000000000000e+03 -1.671898331015429914e-03
2.322000000000000000e+03 -1.750049572276119879e-05
2.323000000000000000e+03 2.041422157206979841e-03
2.324000000000000000e+03 -1.461595513633799984e-03
2.325000000000000000e+03 -9.206838270370919621e-04
2.326000000000000000e+03 3.159417491153130187e-03
2.327000000000000000e+03 1.491535827636970022e-03
2.328000000000000000e+03 1.850791462528440041e-04
2.329000000000000000e+03 1.111749914225130045e-03
2.330000000000000000e+03 1.302919423598750083e-03
2.331000000000000000e+03 -1.836552314212899978e-04
2.332000000000000000e+03 2.230059382061980091e-03
2.333000000000000000e+03 3.151686757455559977e-03
2.334000000000000000e+03 3.515060654295340103e-03
2.335000000000000000e+03 2.283636542305529822e-03
2.336000000000000000e+03 -7.512472966093120073e-04
2.337000000000000000e+03 7.431191071821499671e-04
2.338000000000000000e+03 1.911416188676720118e-04
2.339000000000000000e+03 -1.295263414250039926e-03
2.340000000000000000e+03 1.299086333884370099e-03
2.341000000000000000e+03 2.050903260017970017e-03
2.342000000000000000e+03 -5.566941164302839726e-04
2.343000000000000000e+03 2.769528538588780179e-03
2.344000000000000000e+03 3.359848637653139840e-03
2.345000000000000000e+03 1.112013030839689980e-03
2.346000000000000000e+03 1.116450226786520070e-03
2.347000000000000000e+03 2.231720726849520213e-03
2.348000000000000000e+03 1.691493558645050001e-03
2.349000000000000000e+03 -2.129186840436299890e-06
2.350000000000000000e+03 3.706735420350200242e-04
2.351000000000000000e+03 3.702987681446309894e-04
2.352000000000000000e+03 1.111629292206659956e-03
2.353000000000000000e+03 7.531989984623350086e-04
2.354000000000000000e+03 9.253037998752949465e-04
2.355000000000000000e+03 3.166701279418530045e-03
2.356000000000000000e+03 3.713512982731849866e-03
2.357000000000000000e+03 3.719095063030879948e-03
2.358000000000000000e+03 2.223470165712300179e-03
2.359000000000000000e+03 -1.493880609851130047e-03
2.360000000000000000e+03 -1.649743239812369896e-04
2.361000000000000000e+03 -5.480092212681570265e-04
2.362000000000000000e+03 -3.165941399764509931e-03
2.363000000000000000e+03 3.507239505233880226e-04
2.364000000000000000e+03 1.118887535381130104e-03
2.365000000000000000e+03 -1.923912555989600016e-04
2.366000000000000000e+03 3.760587234211900005e-04
2.367000000000000000e+03 0.000000000000000000e+00
2.368000000000000000e+03 2.952697651689970004e-03
2.369000000000000000e+03 3.185745326599890171e-03
2.370000000000000000e+03 1.854770168751460014e-04
2.371000000000000000e+03 5.395296562481720001e-03
2.372000000000000000e+03 6.870601659852790082e-03
2.373000000000000000e+03 -1.960878653852539974e-04
2.374000000000000000e+03 -2.052572827672220161e-03
2.375000000000000000e+03 1.478572277504139939e-03
2.376000000000000000e+03 4.460025916935970135e-03
2.377000000000000000e+03 1.513789008936589943e-03
2.378000000000000000e+03 -1.673363693508839959e-03
2.379000000000000000e+03 5.666947577722620047e-04
2.380000000000000000e+03 2.602094397728849963e-03
2.381000000000000000e+03 2.047008677622820169e-03
2.382000000000000000e+03 9.301926130094580148e-04
2.383000000000000000e+03 -1.795951328217009889e-04
2.384000000000000000e+03 1.751709932493050064e-04
2.385000000000000000e+03 5.653783936021529932e-04
2.386000000000000000e+03 1.817829728354270044e-04
2.387000000000000000e+03 2.777105657300560099e-03
2.388000000000000000e+03 2.977400225890439872e-03
2.389000000000000000e+03 1.115006571767229900e-03
2.390000000000000000e+03 2.962158534763570123e-03
2.391000000000000000e+03 5.749543061436220015e-03
2.392000000000000000e+03 1.700635905389999989e-03
2.393000000000000000e+03 -3.673505351847510198e-04
2.394000000000000000e+03 1.916857924125939890e-04
2.395000000000000000e+03 -7.513340123506850226e-04
2.396000000000000000e+03 3.740867936738279760e-04
2.397000000000000000e+03 1.106867178164939926e-03
2.398000000000000000e+03 1.861206641232809921e-03
2.399000000000000000e+03 7.480286173857749648e-04
2.400000000000000000e+03 1.665349306706209905e-03
