3.8000000e+02 4.4603812e-04
3.8100000e+02 1.4730809e-04
3.8200000e+02 4.4603812e-04
3.8300000e+02 4.4603812e-04
3.8400000e+02 0.0000000e+00
3.8500000e+02 0.0000000e+00
3.8600000e+02 0.0000000e+00
3.8700000e+02 1.4914890e-05
3.8800000e+02 0.0000000e+00
3.8900000e+02 4.4603812e-04
3.9000000e+02 4.2724197e-04
3.9100000e+02 4.3304344e-04
3.9200000e+02 1.4847809e-05
3.9300000e+02 1.6448674e-05
3.9400000e+02 0.0000000e+00
3.9500000e+02 8.7876187e-04
3.9600000e+02 0.0000000e+00
3.9700000e+02 4.2824809e-04
3.9800000e+02 4.4603812e-04
3.9900000e+02 4.4603812e-04
4.0000000e+02 8.5538728e-04
4.0100000e+02 0.0000000e+00
4.0200000e+02 0.0000000e+00
4.0300000e+02 0.0000000e+00
4.0400000e+02 8.6055550e-04
4.0500000e+02 0.0000000e+00
4.0600000e+02 0.0000000e+00
4.0700000e+02 4.4603812e-04
4.0800000e+02 0.0000000e+00
4.0900000e+02 0.0000000e+00
4.1000000e+02 1.6002943e-05
4.1100000e+02 1.2919492e-05
4.1200000e+02 0.0000000e+00
4.1300000e+02 0.0000000e+00
4.1400000e+02 4.3451981e-04
4.1500000e+02 4.2976857e-04
4.1600000e+02 1.3683902e-05
4.1700000e+02 4.3456530e-04
4.1800000e+02 4.2950557e-04
4.1900000e+02 4.3160619e-04
4.2000000e+02 1.2484567e-05
4.2100000e+02 4.4603812e-04
4.2200000e+02 4.2941302e-04
4.2300000e+02 0.0000000e+00
4.2400000e+02 4.4603812e-04
4.2500000e+02 4.4603812e-04
4.2600000e+02 0.0000000e+00
4.2700000e+02 1.7742779e-05
4.2800000e+02 1.6902993e-05
4.2900000e+02 1.6231198e-05
4.3000000e+02 4.4603812e-04
4.3100000e+02 1.5092424e-05
4.3200000e+02 1.4990962e-05
4.3300000e+02 0.0000000e+00
4.3400000e+02 0.0000000e+00
4.3500000e+02 0.0000000e+00
4.3600000e+02 4.3075457e-04
4.3700000e+02 3.1769547e-05
4.3800000e+02 8.5912022e-04
4.3900000e+02 4.4603812e-04
4.4000000e+02 4.3544228e-04
4.4100000e+02 1.1679164e-05
4.4200000e+02 0.0000000e+00
4.4300000e+02 4.4603812e-04
4.4400000e+02 1.5881636e-05
4.4500000e+02 9.8573169e-06
4.4600000e+02 4.3431028e-04
4.4700000e+02 4.3216005e-04
4.4800000e+02 0.0000000e+00
4.4900000e+02 1.0619117e-05
4.5000000e+02 0.0000000e+00
4.5100000e+02 8.6092643e-04
4.5200000e+02 0.0000000e+00
4.5300000e+02 4.4603812e-04
4.5400000e+02 4.3665081e-04
4.5500000e+02 0.0000000e+00
4.5600000e+02 1.5941979e-05
4.5700000e+02 4.3399122e-04
4.5800000e+02 4.3035943e-04
4.5900000e+02 4.3386419e-04
4.6000000e+02 0.0000000e+00
4.6100000e+02 1.2787547e-05
4.6200000e+02 9.5897768e-06
4.6300000e+02 4.4603812e-04
4.6400000e+02 0.0000000e+00
4.6500000e+02 4.4603812e-04
4.6600000e+02 1.3287187e-05
4.6700000e+02 0.0000000e+00
4.6800000e+02 4.3733372e-04
4.6900000e+02 4.3185845e-04
4.7000000e+02 4.3361373e-04
4.7100000e+02 8.7092488e-04
4.7200000e+02 8.7390640e-04
4.7300000e+02 4.4603812e-04
4.7400000e+02 0.0000000e+00
4.7500000e+02 0.0000000e+00
4.7600000e+02 4.4603812e-04
4.7700000e+02 0.0000000e+00
4.7800000e+02 4.3526873e-04
4.7900000e+02 4.3578094e-04
4.8000000e+02 0.0000000e+00
4.8100000e+02 4.4603812e-04
4.8200000e+02 4.3610470e-04
4.8300000e+02 0.0000000e+00
4.8400000e+02 1.0495165e-05
4.8500000e+02 1.1127701e-05
4.8600000e+02 0.0000000e+00
4.8700000e+02 4.3320285e-04
4.8800000e+02 0.0000000e+00
4.8900000e+02 7.9528515e-06
4.9000000e+02 9.3941170e-06
4.9100000e+02 0.0000000e+00
4.9200000e+02 0.0000000e+00
4.9300000e+02 4.3881860e-04
4.9400000e+02 4.3672446e-04
4.9500000e+02 4.3441538e-04
4.9600000e+02 6.6524491e-06
4.9700000e+02 4.4603812e-04
4.9800000e+02 1.2155136e-05
4.9900000e+02 7.8014671e-06
5.0000000e+02 4.3527325e-04
5.0100000e+02 4.4603812e-04
5.0200000e+02 0.0000000e+00
5.0300000e+02 4.4603812e-04
5.0400000e+02 0.0000000e+00
5.0500000e+02 0.0000000e+00
5.0600000e+02 1.1164193e-05
5.0700000e+02 8.2151464e-06
5.0800000e+02 0.0000000e+00
5.0900000e+02 0.0000000e+00
5.1000000e+02 4.3839917e-04
5.1100000e+02 0.0000000e+00
5.1200000e+02 1.0778004e-05
5.1300000e+02 4.3728014e-04
5.1400000e+02 0.0000000e+00
5.1500000e+02 5.4085688e-06
5.1600000e+02 8.8060911e-04
5.1700000e+02 1.0196712e-05
5.1800000e+02 0.0000000e+00
5.1900000e+02 4.3767935e-04
5.2000000e+02 4.4603812e-04
5.2100000e+02 0.0000000e+00
5.2200000e+02 0.0000000e+00
5.2300000e+02 4.3922017e-04
5.2400000e+02 4.3914306e-04
5.2500000e+02 4.3886652e-04
5.2600000e+02 0.0000000e+00
5.2700000e+02 4.5426236e-04
5.2800000e+02 0.0000000e+00
5.2900000e+02 4.3568915e-04
5.3000000e+02 0.0000000e+00
5.3100000e+02 4.4067496e-04
5.3200000e+02 6.8885654e-06
5.3300000e+02 0.0000000e+00
5.3400000e+02 1.0638067e-05
5.3500000e+02 4.4058344e-04
5.3600000e+02 7.8970234e-06
5.3700000e+02 0.0000000e+00
5.3800000e+02 4.4042276e-04
5.3900000e+02 0.0000000e+00
5.4000000e+02 4.2485643e-06
5.4100000e+02 7.5955331e-06
5.4200000e+02 0.0000000e+00
5.4300000e+02 4.4603812e-04
5.4400000e+02 0.0000000e+00
5.4500000e+02 8.0972606e-06
5.4600000e+02 4.9415861e-06
5.4700000e+02 4.4603812e-04
5.4800000e+02 4.4603812e-04
5.4900000e+02 0.0000000e+00
5.5000000e+02 4.5542384e-04
5.5100000e+02 4.3880440e-04
5.5200000e+02 4.4603812e-04
5.5300000e+02 0.0000000e+00
5.5400000e+02 0.0000000e+00
5.5500000e+02 4.5416104e-04
5.5600000e+02 0.0000000e+00
5.5700000e+02 0.0000000e+00
5.5800000e+02 8.8103601e-04
5.5900000e+02 4.9952080e-06
5.6000000e+02 4.7808593e-06
5.6100000e+02 0.0000000e+00
5.6200000e+02 4.7435318e-06
5.6300000e+02 4.4089944e-04
5.6400000e+02 0.0000000e+00
5.6500000e+02 0.0000000e+00
5.6600000e+02 0.0000000e+00
5.6700000e+02 4.4603812e-04
5.6800000e+02 8.8962529e-04
5.6900000e+02 4.4603812e-04
5.7000000e+02 0.0000000e+00
5.7100000e+02 0.0000000e+00
5.7200000e+02 0.0000000e+00
5.7300000e+02 4.4603812e-04
5.7400000e+02 4.3856317e-04
5.7500000e+02 0.0000000e+00
5.7600000e+02 4.4603812e-04
5.7700000e+02 2.0439781e-06
5.7800000e+02 4.4603812e-04
5.7900000e+02 0.0000000e+00
5.8000000e+02 4.4035047e-04
5.8100000e+02 0.0000000e+00
5.8200000e+02 4.4603812e-04
5.8300000e+02 3.7758559e-06
5.8400000e+02 1.2192877e-06
5.8500000e+02 4.4603812e-04
5.8600000e+02 4.4603812e-04
5.8700000e+02 4.4396252e-04
5.8800000e+02 3.0551657e-07
5.8900000e+02 4.4603812e-04
5.9000000e+02 4.4603812e-04
5.9100000e+02 4.4233266e-04
5.9200000e+02 4.4319582e-04
5.9300000e+02 2.1811545e-06
5.9400000e+02 1.8302256e-06
5.9500000e+02 4.4603812e-04
5.9600000e+02 1.6233144e-06
5.9700000e+02 4.4410666e-04
5.9800000e+02 2.4428449e-06
5.9900000e+02 3.1002361e-06
6.0000000e+02 0.0000000e+00
6.0100000e+02 8.9207624e-04
6.0200000e+02 8.9207624e-04
6.0300000e+02 4.4603812e-04
6.0400000e+02 4.8384763e-06
6.0500000e+02 4.4603812e-04
6.0600000e+02 4.7284023e-07
6.0700000e+02 4.4407680e-04
6.0800000e+02 4.4150438e-04
6.0900000e+02 4.4603812e-04
6.1000000e+02 3.5448838e-06
6.1100000e+02 4.4603812e-04
6.1200000e+02 0.0000000e+00
6.1300000e+02 4.4580609e-04
6.1400000e+02 4.4208877e-04
6.1500000e+02 0.0000000e+00
6.1600000e+02 0.0000000e+00
6.1700000e+02 0.0000000e+00
6.1800000e+02 0.0000000e+00
6.1900000e+02 4.4477368e-04
6.2000000e+02 4.4603812e-04
6.2100000e+02 0.0000000e+00
6.2200000e+02 4.4603812e-04
6.2300000e+02 5.9140427e-08
6.2400000e+02 8.9134187e-04
6.2500000e+02 4.4454712e-04
6.2600000e+02 4.4415484e-04
6.2700000e+02 0.0000000e+00
6.2800000e+02 1.7443875e-06
6.2900000e+02 4.4449985e-04
6.3000000e+02 9.6753628e-07
6.3100000e+02 4.4603812e-04
6.3200000e+02 4.4692348e-04
6.3300000e+02 2.1684477e-06
6.3400000e+02 3.4633678e-06
6.3500000e+02 0.0000000e+00
6.3600000e+02 0.0000000e+00
6.3700000e+02 0.0000000e+00
6.3800000e+02 8.8755323e-04
6.3900000e+02 0.0000000e+00
6.4000000e+02 4.4221242e-04
6.4100000e+02 4.4114082e-07
6.4200000e+02 2.8738582e-06
6.4300000e+02 4.4603812e-04
6.4400000e+02 0.0000000e+00
6.4500000e+02 3.5787530e-07
6.4600000e+02 4.4603812e-04
6.4700000e+02 4.4376986e-04
6.4800000e+02 1.4559358e-07
6.4900000e+02 4.4603812e-04
6.5000000e+02 3.8826779e-06
6.5100000e+02 4.4603812e-04
6.5200000e+02 5.9340905e-07
6.5300000e+02 4.4603812e-04
6.5400000e+02 4.4492644e-04
6.5500000e+02 4.4432194e-04
6.5600000e+02 4.4408298e-04
6.5700000e+02 1.9375595e-06
6.5800000e+02 1.7721101e-06
6.5900000e+02 4.4474270e-04
6.6000000e+02 4.4603812e-04
6.6100000e+02 4.4544096e-04
6.6200000e+02 4.4058013e-04
6.6300000e+02 0.0000000e+00
6.6400000e+02 2.0561361e-06
6.6500000e+02 7.8770604e-08
6.6600000e+02 4.4603812e-04
6.6700000e+02 4.4603812e-04
6.6800000e+02 8.9207624e-04
6.6900000e+02 4.4987567e-04
6.7000000e+02 0.0000000e+00
6.7100000e+02 4.4603812e-04
6.7200000e+02 2.8959282e-08
6.7300000e+02 4.4290538e-04
6.7400000e+02 4.4025993e-04
6.7500000e+02 1.2018687e-06
6.7600000e+02 0.0000000e+00
6.7700000e+02 4.4035716e-04
6.7800000e+02 4.4592239e-04
6.7900000e+02 4.4454228e-04
6.8000000e+02 5.3707126e-06
6.8100000e+02 4.4225748e-04
6.8200000e+02 4.4370141e-06
6.8300000e+02 4.7886599e-06
6.8400000e+02 0.0000000e+00
6.8500000e+02 0.0000000e+00
6.8600000e+02 4.4603812e-04
6.8700000e+02 4.4238516e-04
6.8800000e+02 0.0000000e+00
6.8900000e+02 0.0000000e+00
6.9000000e+02 4.4603812e-04
6.9100000e+02 5.2102145e-06
6.9200000e+02 3.2055004e-06
6.9300000e+02 4.4603812e-04
6.9400000e+02 4.4063902e-04
6.9500000e+02 2.5036747e-06
6.9600000e+02 6.5176650e-06
6.9700000e+02 4.4291872e-04
6.9800000e+02 1.3106361e-05
6.9900000e+02 0.0000000e+00
7.0000000e+02 5.3990292e-06
7.0100000e+02 7.9054149e-06
7.0200000e+02 3.2177574e-06
7.0300000e+02 0.0000000e+00
7.0400000e+02 0.0000000e+00
7.0500000e+02 4.3756089e-04
7.0600000e+02 0.0000000e+00
7.0700000e+02 0.0000000e+00
7.0800000e+02 0.0000000e+00
7.0900000e+02 4.2232627e-06
7.1000000e+02 8.8776943e-04
7.1100000e+02 8.8794287e-04
7.1200000e+02 0.0000000e+00
7.1300000e+02 4.4603812e-04
7.1400000e+02 4.3723263e-04
7.1500000e+02 7.3281798e-06
7.1600000e+02 0.0000000e+00
7.1700000e+02 0.0000000e+00
7.1800000e+02 4.3756589e-04
7.1900000e+02 4.4013320e-04
7.2000000e+02 4.4603812e-04
7.2100000e+02 0.0000000e+00
7.2200000e+02 4.4242348e-04
7.2300000e+02 4.3904756e-04
7.2400000e+02 9.8405500e-06
7.2500000e+02 0.0000000e+00
7.2600000e+02 4.5415690e-04
7.2700000e+02 1.0374772e-05
7.2800000e+02 5.1894518e-06
7.2900000e+02 8.7848320e-04
7.3000000e+02 4.3813277e-04
7.3100000e+02 4.3700796e-04
7.3200000e+02 4.3629944e-04
7.3300000e+02 0.0000000e+00
7.3400000e+02 4.4603812e-04
7.3500000e+02 4.3603285e-04
7.3600000e+02 9.4713076e-06
7.3700000e+02 0.0000000e+00
7.3800000e+02 4.3855917e-04
7.3900000e+02 4.4603812e-04
7.4000000e+02 4.4603812e-04
7.4100000e+02 1.9000887e-05
7.4200000e+02 7.0482277e-06
7.4300000e+02 4.4603812e-04
7.4400000e+02 8.5620454e-06
7.4500000e+02 0.0000000e+00
7.4600000e+02 8.7783346e-06
7.4700000e+02 4.4114346e-04
7.4800000e+02 8.7625418e-04
7.4900000e+02 4.4603812e-04
7.5000000e+02 4.5148439e-04
7.5100000e+02 4.3867822e-04
7.5200000e+02 4.4603812e-04
7.5300000e+02 0.0000000e+00
7.5400000e+02 0.0000000e+00
7.5500000e+02 0.0000000e+00
7.5600000e+02 4.3373540e-04
7.5700000e+02 0.0000000e+00
7.5800000e+02 4.4603812e-04
7.5900000e+02 4.3439936e-04
7.6000000e+02 0.0000000e+00
7.6100000e+02 4.3671389e-04
7.6200000e+02 0.0000000e+00
7.6300000e+02 0.0000000e+00
7.6400000e+02 0.0000000e+00
7.6500000e+02 4.3776587e-04
7.6600000e+02 1.2304204e-05
7.6700000e+02 0.0000000e+00
7.6800000e+02 0.0000000e+00
7.6900000e+02 4.3708012e-04
7.7000000e+02 4.4603812e-04
7.7100000e+02 8.7740962e-04
7.7200000e+02 4.4603812e-04
7.7300000e+02 4.4603812e-04
7.7400000e+02 4.4603812e-04
7.7500000e+02 0.0000000e+00
7.7600000e+02 0.0000000e+00
7.7700000e+02 4.4603812e-04
7.7800000e+02 4.3712465e-04
7.7900000e+02 0.0000000e+00
7.8000000e+02 0.0000000e+00
7.8100000e+02 0.0000000e+00
7.8200000e+02 1.3374112e-05
7.8300000e+02 1.1999558e-05
7.8400000e+02 4.4603812e-04
7.8500000e+02 0.0000000e+00
7.8600000e+02 4.4603812e-04
7.8700000e+02 0.0000000e+00
7.8800000e+02 4.4603812e-04
7.8900000e+02 4.3577279e-04
7.9000000e+02 1.3584263e-05
7.9100000e+02 4.3675765e-04
7.9200000e+02 1.1870391e-05
7.9300000e+02 4.3199594e-04
7.9400000e+02 4.4603812e-04
7.9500000e+02 0.0000000e+00
7.9600000e+02 0.0000000e+00
7.9700000e+02 0.0000000e+00
7.9800000e+02 4.4603812e-04
7.9900000e+02 4.3340023e-04
8.0000000e+02 0.0000000e+00
8.0100000e+02 0.0000000e+00
8.0200000e+02 1.0822270e-05
8.0300000e+02 4.5557258e-04
8.0400000e+02 1.4464018e-05
8.0500000e+02 0.0000000e+00
8.0600000e+02 2.0966420e-05
8.0700000e+02 4.3161167e-04
8.0800000e+02 4.3452323e-04
8.0900000e+02 4.4603812e-04
8.1000000e+02 1.1167929e-05
8.1100000e+02 4.5985156e-04
8.1200000e+02 0.0000000e+00
8.1300000e+02 4.4603812e-04
8.1400000e+02 1.3372316e-05
8.1500000e+02 0.0000000e+00
8.1600000e+02 0.0000000e+00
8.1700000e+02 8.6021254e-04
8.1800000e+02 0.0000000e+00
8.1900000e+02 1.6190976e-05
8.2000000e+02 0.0000000e+00
8.2100000e+02 4.4603812e-04
8.2200000e+02 1.3742513e-05
8.2300000e+02 1.2529034e-05
8.2400000e+02 4.4603812e-04
8.2500000e+02 0.0000000e+00
8.2600000e+02 1.2141437e-05
8.2700000e+02 0.0000000e+00
8.2800000e+02 0.0000000e+00
8.2900000e+02 4.4603812e-04
8.3000000e+02 0.0000000e+00
8.3100000e+02 0.0000000e+00
8.3200000e+02 1.6142342e-05
8.3300000e+02 0.0000000e+00
8.3400000e+02 4.3377237e-04
8.3500000e+02 0.0000000e+00
8.3600000e+02 0.0000000e+00
8.3700000e+02 1.3668349e-05
8.3800000e+02 4.4603812e-04
8.3900000e+02 4.4603812e-04
8.4000000e+02 1.1804783e-05
8.4100000e+02 4.2904168e-04
8.4200000e+02 1.5528290e-05
8.4300000e+02 4.4603812e-04
8.4400000e+02 4.2869076e-04
8.4500000e+02 4.3148200e-04
8.4600000e+02 2.2683685e-05
8.4700000e+02 1.4687725e-05
8.4800000e+02 0.0000000e+00
8.4900000e+02 0.0000000e+00
8.5000000e+02 4.4603812e-04
8.5100000e+02 0.0000000e+00
8.5200000e+02 1.7499559e-05
8.5300000e+02 0.0000000e+00
8.5400000e+02 4.3398996e-04
8.5500000e+02 4.4603812e-04
8.5600000e+02 8.5563235e-04
8.5700000e+02 4.2854206e-04
8.5800000e+02 0.0000000e+00
8.5900000e+02 1.4884142e-05
8.6000000e+02 4.5918028e-04
8.6100000e+02 0.0000000e+00
8.6200000e+02 4.3134935e-04
8.6300000e+02 4.4603812e-04
8.6400000e+02 0.0000000e+00
8.6500000e+02 4.4603812e-04
8.6600000e+02 1.3747448e-05
8.6700000e+02 8.7654800e-04
8.6800000e+02 1.3037967e-03
8.6900000e+02 1.3381144e-03
8.7000000e+02 1.3381144e-03
8.7100000e+02 2.2172727e-03
8.7200000e+02 2.6506247e-03
8.7300000e+02 2.6634870e-03
8.7400000e+02 2.2489949e-03
8.7500000e+02 2.2477083e-03
8.7600000e+02 1.8158856e-03
8.7700000e+02 1.3934762e-03
8.7800000e+02 1.3381144e-03
8.7900000e+02 1.7841525e-03
8.8000000e+02 9.2934766e-04
8.8100000e+02 9.0746586e-04
8.8200000e+02 1.3204191e-03
8.8300000e+02 9.0566422e-04
8.8400000e+02 1.3073864e-03
8.8500000e+02 8.9207624e-04
8.8600000e+02 4.4603812e-04
8.8700000e+02 8.7400204e-04
8.8800000e+02 1.8184650e-05
8.8900000e+02 8.9207624e-04
8.9000000e+02 1.3381144e-03
8.9100000e+02 4.6225781e-04
8.9200000e+02 1.3381144e-03
8.9300000e+02 4.6536498e-04
8.9400000e+02 1.7500165e-03
8.9500000e+02 8.9207624e-04
8.9600000e+02 9.0982173e-04
8.9700000e+02 1.3381144e-03
8.9800000e+02 1.3381144e-03
8.9900000e+02 2.2301906e-03
9.0000000e+02 2.6474564e-03
9.0100000e+02 3.1069065e-03
9.0200000e+02 3.1060854e-03
9.0300000e+02 3.9977196e-03
9.0400000e+02 3.9808247e-03
9.0500000e+02 5.3040275e-03
9.0600000e+02 4.8912080e-03
9.0700000e+02 5.3524575e-03
9.0800000e+02 7.5448758e-03
9.0900000e+02 8.0120709e-03
9.1000000e+02 8.4604827e-03
9.1100000e+02 9.7951093e-03
9.1200000e+02 1.1136562e-02
9.1300000e+02 1.3347398e-02
9.1400000e+02 1.4643798e-02
9.1500000e+02 1.5568265e-02
9.1600000e+02 1.7379661e-02
9.1700000e+02 2.0450946e-02
9.1800000e+02 2.3949234e-02
9.1900000e+02 2.7534508e-02
9.2000000e+02 3.3284565e-02
9.2100000e+02 4.0798011e-02
9.2200000e+02 5.0005115e-02
9.2300000e+02 6.2434787e-02
9.2400000e+02 8.1864975e-02
9.2500000e+02 1.0904128e-01
9.2600000e+02 1.4579775e-01
9.2700000e+02 2.0836729e-01
9.2800000e+02 2.8640505e-01
9.2900000e+02 3.9269278e-01
9.3000000e+02 5.0645568e-01
9.3100000e+02 6.3438935e-01
9.3200000e+02 7.4139444e-01
9.3300000e+02 8.3160466e-01
9.3400000e+02 8.8443839e-01
9.3500000e+02 9.1803816e-01
9.3600000e+02 9.4825701e-01
9.3700000e+02 9.7581666e-01
9.3800000e+02 9.6908875e-01
9.3900000e+02 9.8734322e-01
9.4000000e+02 1.0000000e+00
9.4100000e+02 9.9180726e-01
9.4200000e+02 9.7898534e-01
9.4300000e+02 9.6915701e-01
9.4400000e+02 9.5583663e-01
9.4500000e+02 9.3497302e-01
9.4600000e+02 9.3212461e-01
9.4700000e+02 9.0997647e-01
9.4800000e+02 8.7589197e-01
9.4900000e+02 7.9642038e-01
9.5000000e+02 6.9131086e-01
9.5100000e+02 5.8302119e-01
9.5200000e+02 4.6864627e-01
9.5300000e+02 3.5332724e-01
9.5400000e+02 2.7291282e-01
9.5500000e+02 2.0751445e-01
9.5600000e+02 1.5286627e-01
9.5700000e+02 1.1001093e-01
9.5800000e+02 8.3447304e-02
9.5900000e+02 6.5719405e-02
9.6000000e+02 5.1733191e-02
9.6100000e+02 4.2248511e-02
9.6200000e+02 3.5064686e-02
9.6300000e+02 2.9644935e-02
9.6400000e+02 2.5564097e-02
9.6500000e+02 2.1996106e-02
9.6600000e+02 1.9283522e-02
9.6700000e+02 1.7456931e-02
9.6800000e+02 1.7001198e-02
9.6900000e+02 1.5204274e-02
9.7000000e+02 1.3890480e-02
9.7100000e+02 1.3827182e-02
9.7200000e+02 1.2952299e-02
9.7300000e+02 1.2043029e-02
9.7400000e+02 1.1185462e-02
9.7500000e+02 1.1167805e-02
9.7600000e+02 1.0704915e-02
9.7700000e+02 8.1689603e-03
9.7800000e+02 6.7260330e-03
9.7900000e+02 5.3952498e-03
9.8000000e+02 4.8880394e-03
9.8100000e+02 4.0143431e-03
9.8200000e+02 3.1388487e-03
9.8300000e+02 2.2485190e-03
9.8400000e+02 2.2301906e-03
9.8500000e+02 2.2301906e-03
9.8600000e+02 2.2301906e-03
9.8700000e+02 2.2301906e-03
9.8800000e+02 2.2301906e-03
9.8900000e+02 2.2301906e-03
9.9000000e+02 2.6762287e-03
9.9100000e+02 2.2494089e-03
9.9200000e+02 2.6762287e-03
9.9300000e+02 2.6762287e-03
9.9400000e+02 2.6762287e-03
9.9500000e+02 3.1058067e-03
9.9600000e+02 2.6762287e-03
9.9700000e+02 2.6762287e-03
9.9800000e+02 3.1038616e-03
9.9900000e+02 3.1042584e-03
1.0000000e+03 3.1222669e-03
1.0010000e+03 3.1222669e-03
1.0020000e+03 3.1222669e-03
1.0030000e+03 3.1222669e-03
1.0040000e+03 3.1222669e-03
1.0050000e+03 3.1222669e-03
1.0060000e+03 3.1222669e-03
1.0070000e+03 2.6762287e-03
1.0080000e+03 3.1222669e-03
1.0090000e+03 3.1006468e-03
1.0100000e+03 2.6762287e-03
1.0110000e+03 2.2512248e-03
1.0120000e+03 2.6762287e-03
1.0130000e+03 1.8198731e-03
1.0140000e+03 2.2301906e-03
1.0150000e+03 2.2301906e-03
1.0160000e+03 2.2144139e-03
1.0170000e+03 2.6403298e-03
1.0180000e+03 3.0832231e-03
1.0190000e+03 3.5268925e-03
1.0200000e+03 3.9929740e-03
1.0210000e+03 4.4388970e-03
1.0220000e+03 4.8855483e-03
1.0230000e+03 5.3325434e-03
1.0240000e+03 5.3524575e-03
1.0250000e+03 5.7984956e-03
1.0260000e+03 5.7789887e-03
1.0270000e+03 5.3524575e-03
1.0280000e+03 6.2076476e-03
1.0290000e+03 5.3524575e-03
1.0300000e+03 5.7771635e-03
1.0310000e+03 5.7984956e-03
1.0320000e+03 5.3683076e-03
1.0330000e+03 4.9486620e-03
1.0340000e+03 4.9268614e-03
1.0350000e+03 4.9252310e-03
1.0360000e+03 4.4932548e-03
1.0370000e+03 4.4996522e-03
1.0380000e+03 4.0466935e-03
1.0390000e+03 3.6049033e-03
1.0400000e+03 3.5878145e-03
1.0410000e+03 3.1429206e-03
1.0420000e+03 2.6971687e-03
1.0430000e+03 2.2508829e-03
1.0440000e+03 2.6762287e-03
1.0450000e+03 3.1037841e-03
1.0460000e+03 3.5350377e-03
1.0470000e+03 3.5484280e-03
1.0480000e+03 3.5516835e-03
1.0490000e+03 3.5683050e-03
1.0500000e+03 3.5683050e-03
1.0510000e+03 3.9986492e-03
1.0520000e+03 3.5846763e-03
1.0530000e+03 3.1384662e-03
1.0540000e+03 2.6918163e-03
1.0550000e+03 4.3993762e-03
1.0560000e+03 4.0327783e-03
1.0570000e+03 3.1695825e-03
1.0580000e+03 2.7140390e-03
1.0590000e+03 2.2453427e-03
1.0600000e+03 2.6592440e-03
1.0610000e+03 3.1222669e-03
1.0620000e+03 1.8024136e-03
1.0630000e+03 9.2836761e-04
1.0640000e+03 1.3381144e-03
1.0650000e+03 1.8170175e-03
1.0660000e+03 9.5221000e-04
1.0670000e+03 1.3728124e-03
1.0680000e+03 1.7841525e-03
1.0690000e+03 8.9207624e-04
1.0700000e+03 1.3381144e-03
1.0710000e+03 4.4603812e-04
1.0720000e+03 4.6504021e-04
1.0730000e+03 4.4603812e-04
1.0740000e+03 4.4603812e-04
1.0750000e+03 0.0000000e+00
1.0760000e+03 1.9486860e-05
1.0770000e+03 1.6779482e-05
1.0780000e+03 1.9028813e-05
1.0790000e+03 1.5115014e-05
1.0800000e+03 4.2949991e-04
1.0810000e+03 4.2937834e-04
1.0820000e+03 0.0000000e+00
1.0830000e+03 1.5805339e-05
1.0840000e+03 0.0000000e+00
1.0850000e+03 0.0000000e+00
1.0860000e+03 8.6094096e-04
1.0870000e+03 0.0000000e+00
1.0880000e+03 1.9910842e-05
1.0890000e+03 4.3096953e-04
1.0900000e+03 0.0000000e+00
1.0910000e+03 1.5742100e-05
1.0920000e+03 4.3099304e-04
1.0930000e+03 4.2690019e-04
1.0940000e+03 4.4603812e-04
1.0950000e+03 0.0000000e+00
1.0960000e+03 4.2890629e-04
1.0970000e+03 4.2728663e-04
1.0980000e+03 4.4603812e-04
1.0990000e+03 1.4824803e-05
1.1000000e+03 4.4603812e-04
