1.3333333e+04 -1.0800000e-02
1.3336890e+04 2.6010999e-02
1.3340449e+04 5.3119000e-02
1.3344008e+04 5.9413001e-02
1.3347571e+04 4.6204999e-02
1.3351135e+04 2.3507999e-02
1.3354701e+04 3.5280001e-03
1.3358269e+04 -8.6059999e-03
1.3361838e+04 -1.6116999e-02
1.3365410e+04 -2.6130000e-02
1.3368984e+04 -4.2199999e-02
1.3372560e+04 -6.1678000e-02
1.3376137e+04 -7.6674998e-02
1.3379716e+04 -8.0274999e-02
1.3383297e+04 -7.1787000e-02
1.3386881e+04 -5.7744000e-02
1.3390466e+04 -4.6944000e-02
1.3394053e+04 -4.5084000e-02
1.3397642e+04 -5.0639998e-02
1.3401233e+04 -5.5955999e-02
1.3404826e+04 -5.1998999e-02
1.3408421e+04 -3.3902999e-02
1.3412018e+04 -4.1000000e-03
1.3415615e+04 2.9062999e-02
1.3419216e+04 5.5431999e-02
1.3422819e+04 6.8043999e-02
1.3426423e+04 6.4539000e-02
1.3430030e+04 4.6252999e-02
1.3433637e+04 1.6116999e-02
1.3437248e+04 -2.1266000e-02
1.3440860e+04 -5.8244999e-02
1.3444475e+04 -8.4256999e-02
1.3448091e+04 -8.7641999e-02
1.3451708e+04 -6.1868999e-02
1.3455328e+04 -9.9889999e-03
1.3458950e+04 5.4287001e-02
1.3462574e+04 1.1277100e-01
1.3466200e+04 1.5230100e-01
1.3469827e+04 1.7035000e-01
1.3473457e+04 1.7573801e-01
1.3477089e+04 1.8026800e-01
1.3480723e+04 1.9001900e-01
1.3484359e+04 2.0031901e-01
1.3487995e+04 2.0039000e-01
1.3491635e+04 1.8026800e-01
1.3495277e+04 1.3971300e-01
1.3498920e+04 8.7714002e-02
1.3502566e+04 3.8003001e-02
1.3506212e+04 9.7699999e-04
1.3509862e+04 -1.9645000e-02
1.3513514e+04 -2.5629001e-02
1.3517167e+04 -1.9812001e-02
1.3520823e+04 -4.4339998e-03
1.3524479e+04 1.7189000e-02
1.3528138e+04 3.8217999e-02
1.3531800e+04 4.8994999e-02
1.3535463e+04 4.3701999e-02
1.3539129e+04 2.6082000e-02
1.3542795e+04 1.0895000e-02
1.3546464e+04 1.8072000e-02
1.3550136e+04 5.9461001e-02
1.3553809e+04 1.3189299e-01
1.3557484e+04 2.1615000e-01
1.3561160e+04 2.8850999e-01
1.3564840e+04 3.3073401e-01
1.3568521e+04 3.3791000e-01
1.3572204e+04 3.1633300e-01
1.3575890e+04 2.7749500e-01
1.3579576e+04 2.3179001e-01
1.3583265e+04 1.8627600e-01
1.3586957e+04 1.4503001e-01
1.3590650e+04 1.0988700e-01
1.3594345e+04 8.1753001e-02
1.3598041e+04 6.1202001e-02
1.3601741e+04 4.8588999e-02
1.3605442e+04 4.5513999e-02
1.3609146e+04 5.4407001e-02
1.3612851e+04 7.5673997e-02
1.3616557e+04 1.0514200e-01
1.3620267e+04 1.3306101e-01
1.3623978e+04 1.4746100e-01
1.3627692e+04 1.4002299e-01
1.3631407e+04 1.1053000e-01
1.3635124e+04 6.7400001e-02
1.3638843e+04 2.2816001e-02
1.3642565e+04 -1.1467000e-02
1.3646288e+04 -2.9897001e-02
1.3650014e+04 -3.4046002e-02
1.3653741e+04 -3.0660000e-02
1.3657470e+04 -2.7966000e-02
1.3661202e+04 -3.2901000e-02
1.3664936e+04 -4.8041001e-02
1.3668672e+04 -7.0858002e-02
1.3672409e+04 -9.3888998e-02
1.3676149e+04 -1.0662000e-01
1.3679891e+04 -1.0042100e-01
1.3683635e+04 -7.1382001e-02
1.3687381e+04 -2.3150001e-02
1.3691128e+04 3.3116002e-02
1.3694878e+04 8.1896000e-02
1.3698630e+04 1.0771700e-01
1.3702384e+04 1.0266300e-01
1.3706141e+04 7.0214003e-02
1.3709898e+04 2.5725000e-02
1.3713659e+04 -1.0538000e-02
1.3717421e+04 -2.0861000e-02
1.3721186e+04 1.5020000e-03
1.3724952e+04 5.0902002e-02
1.3728720e+04 1.1520300e-01
1.3732491e+04 1.8329599e-01
1.3736264e+04 2.5007701e-01
1.3740039e+04 3.1387800e-01
1.3743816e+04 3.7042999e-01
1.3747594e+04 4.0933999e-01
1.3751375e+04 4.1604000e-01
1.3755158e+04 3.8115901e-01
1.3758944e+04 3.0662999e-01
1.3762731e+04 2.0723300e-01
1.3766519e+04 1.0483200e-01
1.3770311e+04 1.9359000e-02
1.3774105e+04 -3.6977999e-02
1.3777900e+04 -6.0628999e-02
1.3781698e+04 -5.3095002e-02
1.3785497e+04 -1.8285999e-02
1.3789299e+04 3.7670001e-02
1.3793103e+04 1.0437900e-01
1.3796910e+04 1.6639200e-01
1.3800718e+04 2.0771000e-01
1.3804527e+04 2.1905801e-01
1.3808340e+04 2.0313200e-01
1.3812155e+04 1.7445000e-01
1.3815971e+04 1.5242000e-01
1.3819790e+04 1.5113300e-01
1.3823610e+04 1.7027800e-01
1.3827433e+04 1.9712400e-01
1.3831259e+04 2.1340799e-01
1.3835086e+04 2.0737600e-01
1.3838915e+04 1.7857499e-01
1.3842746e+04 1.3608900e-01
1.3846580e+04 9.2577003e-02
1.3850416e+04 5.8531001e-02
1.3854253e+04 3.9839000e-02
1.3858094e+04 3.7121002e-02
1.3861935e+04 4.6443000e-02
1.3865779e+04 5.8722001e-02
1.3869626e+04 6.3109003e-02
1.3873474e+04 5.0592002e-02
1.3877325e+04 2.1195000e-02
1.3881177e+04 -1.3828000e-02
1.3885032e+04 -3.6835000e-02
1.3888889e+04 -3.5356998e-02
1.3892748e+04 -1.0013000e-02
1.3896610e+04 2.6582999e-02
1.3900472e+04 5.8674000e-02
1.3904338e+04 7.8201003e-02
1.3908206e+04 8.7784998e-02
1.3912076e+04 9.6321002e-02
1.3915948e+04 1.1060200e-01
1.3919821e+04 1.3089100e-01
1.3923698e+04 1.4991701e-01
1.3927577e+04 1.5845200e-01
1.3931457e+04 1.5144300e-01
1.3935340e+04 1.3244100e-01
1.3939225e+04 1.1162700e-01
1.3943112e+04 1.0328200e-01
1.3947001e+04 1.1906600e-01
1.3950893e+04 1.6331600e-01
1.3954787e+04 2.2971600e-01
1.3958682e+04 3.0291000e-01
1.3962580e+04 3.6408901e-01
1.3966480e+04 3.9718100e-01
1.3970383e+04 3.9594099e-01
1.3974288e+04 3.6461300e-01
1.3978194e+04 3.1628600e-01
1.3982103e+04 2.6729101e-01
1.3986014e+04 2.3131301e-01
1.3989927e+04 2.1510100e-01
1.3993843e+04 2.1615000e-01
1.3997760e+04 2.2592500e-01
1.4001680e+04 2.3436500e-01
1.4005602e+04 2.3591501e-01
1.4009527e+04 2.3152800e-01
1.4013453e+04 2.2723600e-01
1.4017381e+04 2.2795200e-01
1.4021312e+04 2.3291101e-01
1.4025245e+04 2.3472300e-01
1.4029181e+04 2.2506700e-01
1.4033119e+04 2.0062900e-01
1.4037057e+04 1.6777501e-01
1.4040999e+04 1.3821100e-01
1.4044944e+04 1.2199800e-01
1.4048890e+04 1.1975700e-01
1.4052839e+04 1.2273700e-01
1.4056789e+04 1.1870800e-01
1.4060742e+04 1.0139900e-01
1.4064698e+04 7.5696997e-02
1.4068655e+04 5.5241000e-02
1.4072615e+04 5.3571999e-02
1.4076576e+04 7.5577997e-02
1.4080540e+04 1.1568000e-01
1.4084507e+04 1.6252901e-01
1.4088476e+04 2.0711400e-01
1.4092447e+04 2.4771599e-01
1.4096419e+04 2.8901100e-01
1.4100395e+04 3.3643201e-01
1.4104372e+04 3.9088699e-01
1.4108352e+04 4.4705799e-01
1.4112335e+04 4.9643499e-01
1.4116318e+04 5.3040898e-01
1.4120305e+04 5.4380798e-01
1.4124294e+04 5.3398597e-01
1.4128285e+04 5.0146502e-01
1.4132279e+04 4.5192200e-01
1.4136273e+04 3.9763400e-01
1.4140271e+04 3.5743701e-01
1.4144272e+04 3.4887701e-01
1.4148274e+04 3.8137400e-01
1.4152279e+04 4.4867900e-01
1.4156285e+04 5.3112501e-01
1.4160294e+04 6.0505801e-01
1.4164306e+04 6.5374303e-01
1.4168320e+04 6.7439002e-01
1.4172336e+04 6.7429501e-01
1.4176353e+04 6.6332799e-01
1.4180374e+04 6.4585203e-01
1.4184397e+04 6.2060302e-01
1.4188422e+04 5.8529299e-01
1.4192450e+04 5.4175800e-01
1.4196479e+04 4.9722099e-01
1.4200511e+04 4.6231699e-01
1.4204545e+04 4.4593799e-01
1.4208582e+04 4.5342401e-01
1.4212621e+04 4.8520499e-01
1.4216661e+04 5.3913498e-01
1.4220705e+04 6.1027998e-01
1.4224751e+04 6.9031698e-01
1.4228799e+04 7.6875597e-01
1.4232850e+04 8.3479798e-01
1.4236902e+04 8.8200498e-01
1.4240957e+04 9.1102099e-01
1.4245014e+04 9.2916399e-01
1.4249074e+04 9.4618702e-01
1.4253136e+04 9.6926600e-01
1.4257199e+04 1.0007139e+00
1.4261266e+04 1.0366430e+00
1.4265335e+04 1.0726690e+00
1.4269407e+04 1.1065240e+00
1.4273480e+04 1.1402130e+00
1.4277555e+04 1.1780500e+00
1.4281634e+04 1.2217280e+00
1.4285714e+04 1.2698650e+00
1.4289797e+04 1.3179300e+00
1.4293883e+04 1.3623950e+00
1.4297969e+04 1.4037840e+00
1.4302059e+04 1.4455791e+00
1.4306152e+04 1.4926430e+00
1.4310246e+04 1.5452380e+00
1.4314343e+04 1.5998840e+00
1.4318442e+04 1.6520500e+00
1.4322543e+04 1.7015930e+00
1.4326648e+04 1.7546170e+00
1.4330754e+04 1.8203020e+00
1.4334863e+04 1.9069910e+00
1.4338973e+04 2.0169251e+00
1.4343086e+04 2.1469591e+00
1.4347202e+04 2.2917030e+00
1.4351321e+04 2.4443381e+00
1.4355441e+04 2.6013131e+00
1.4359563e+04 2.7592649e+00
1.4363688e+04 2.9184339e+00
1.4367816e+04 3.0817270e+00
1.4371946e+04 3.2530060e+00
1.4376079e+04 3.4371130e+00
1.4380212e+04 3.6293499e+00
1.4384350e+04 3.8194411e+00
1.4388489e+04 3.9904110e+00
1.4392631e+04 4.1312451e+00
1.4396776e+04 4.2469258e+00
1.4400921e+04 4.3546429e+00
1.4405070e+04 4.4852490e+00
1.4409222e+04 4.6598191e+00
1.4413376e+04 4.8868890e+00
1.4417532e+04 5.1584949e+00
1.4421690e+04 5.4573050e+00
1.4425851e+04 5.7739968e+00
1.4430014e+04 6.1063051e+00
1.4434180e+04 6.4661021e+00
1.4438349e+04 6.8608761e+00
1.4442518e+04 7.2852612e+00
1.4446691e+04 7.7274318e+00
1.4450867e+04 8.1655502e+00
1.4455045e+04 8.5991850e+00
1.4459225e+04 9.0398550e+00
1.4463407e+04 9.5203629e+00
1.4467592e+04 1.0078048e+01
1.4471780e+04 1.0731649e+01
1.4475970e+04 1.1485886e+01
1.4480163e+04 1.2304401e+01
1.4484356e+04 1.3140153e+01
1.4488554e+04 1.3945412e+01
1.4492754e+04 1.4701437e+01
1.4496956e+04 1.5439081e+01
1.4501161e+04 1.6214966e+01
1.4505366e+04 1.7105602e+01
1.4509576e+04 1.8155407e+01
1.4513788e+04 1.9361042e+01
1.4518003e+04 2.0679258e+01
1.4522220e+04 2.2039030e+01
1.4526438e+04 2.3398232e+01
1.4530659e+04 2.4751377e+01
1.4534884e+04 2.6144909e+01
1.4539110e+04 2.7643751e+01
1.4543340e+04 2.9280853e+01
1.4547570e+04 3.1047462e+01
1.4551804e+04 3.2872318e+01
1.4556041e+04 3.4679340e+01
1.4560280e+04 3.6419487e+01
1.4564521e+04 3.8115070e+01
1.4568764e+04 3.9856625e+01
1.4573011e+04 4.1760731e+01
1.4577259e+04 4.3903732e+01
1.4581511e+04 4.6259426e+01
1.4585765e+04 4.8692226e+01
1.4590020e+04 5.1027630e+01
1.4594279e+04 5.3150604e+01
1.4598540e+04 5.5062984e+01
1.4602804e+04 5.6881500e+01
1.4607070e+04 5.8743023e+01
1.4611338e+04 6.0734154e+01
1.4615609e+04 6.2834023e+01
1.4619883e+04 6.4939857e+01
1.4624159e+04 6.6932228e+01
1.4628438e+04 6.8734833e+01
1.4632718e+04 7.0359062e+01
1.4637002e+04 7.1878365e+01
1.4641288e+04 7.3366615e+01
1.4645577e+04 7.4858139e+01
1.4649869e+04 7.6303932e+01
1.4654161e+04 7.7630707e+01
1.4658458e+04 7.8765938e+01
1.4662757e+04 7.9692932e+01
1.4667058e+04 8.0455849e+01
1.4671362e+04 8.1114647e+01
1.4675667e+04 8.1744858e+01
1.4679976e+04 8.2363655e+01
1.4684288e+04 8.2959938e+01
1.4688602e+04 8.3492897e+01
1.4692919e+04 8.3920906e+01
1.4697236e+04 8.4241318e+01
1.4701558e+04 8.4458969e+01
1.4705882e+04 8.4611031e+01
1.4710209e+04 8.4711693e+01
1.4714538e+04 8.4758827e+01
1.4718869e+04 8.4751938e+01
1.4723204e+04 8.4677292e+01
1.4727541e+04 8.4557320e+01
1.4731880e+04 8.4398796e+01
1.4736222e+04 8.4206459e+01
1.4740566e+04 8.3954521e+01
1.4744913e+04 8.3586906e+01
1.4749263e+04 8.3074142e+01
1.4753615e+04 8.2405304e+01
1.4757970e+04 8.1632759e+01
1.4762326e+04 8.0827042e+01
1.4766686e+04 8.0032730e+01
1.4771049e+04 7.9244545e+01
1.4775414e+04 7.8373428e+01
1.4779782e+04 7.7327942e+01
1.4784151e+04 7.6041313e+01
1.4788524e+04 7.4533585e+01
1.4792899e+04 7.2905968e+01
1.4797278e+04 7.1268585e+01
1.4801658e+04 6.9697807e+01
1.4806040e+04 6.8161102e+01
1.4810426e+04 6.6561653e+01
1.4814815e+04 6.4781380e+01
1.4819206e+04 6.2766647e+01
1.4823600e+04 6.0564064e+01
1.4827995e+04 5.8289551e+01
1.4832394e+04 5.6066013e+01
1.4836795e+04 5.3952671e+01
1.4841199e+04 5.1917458e+01
1.4845606e+04 4.9874519e+01
1.4850014e+04 4.7743870e+01
1.4854426e+04 4.5512817e+01
1.4858841e+04 4.3246841e+01
1.4863258e+04 4.1050053e+01
1.4867678e+04 3.9011024e+01
1.4872099e+04 3.7151432e+01
1.4876525e+04 3.5424183e+01
1.4880952e+04 3.3751724e+01
1.4885383e+04 3.2067467e+01
1.4889816e+04 3.0344986e+01
1.4894250e+04 2.8610182e+01
1.4898689e+04 2.6922035e+01
1.4903130e+04 2.5348616e+01
1.4907573e+04 2.3903036e+01
1.4912020e+04 2.2559404e+01
1.4916467e+04 2.1279144e+01
1.4920919e+04 2.0063995e+01
1.4925373e+04 1.8950676e+01
1.4929830e+04 1.7949009e+01
1.4934290e+04 1.7050051e+01
1.4938751e+04 1.6262697e+01
1.4943216e+04 1.5650439e+01
1.4947683e+04 1.5235543e+01
1.4952153e+04 1.4892888e+01
1.4956626e+04 1.4364910e+01
1.4961101e+04 1.3426566e+01
1.4965579e+04 1.2082338e+01
1.4970060e+04 1.0586142e+01
1.4974544e+04 9.2752934e+00
1.4979030e+04 8.3760729e+00
1.4983518e+04 7.8870769e+00
1.4988009e+04 7.6475849e+00
1.4992504e+04 7.4646468e+00
1.4997001e+04 7.2298522e+00
1.5001501e+04 6.9487090e+00
1.5006002e+04 6.6607952e+00
1.5010507e+04 6.3841810e+00
1.5015015e+04 6.0981750e+00
1.5019526e+04 5.7954779e+00
1.5024039e+04 5.4932108e+00
1.5028554e+04 5.2107568e+00
1.5033072e+04 4.9518342e+00
1.5037594e+04 4.6977992e+00
1.5042118e+04 4.4432640e+00
1.5046645e+04 4.1938539e+00
1.5051173e+04 3.9613240e+00
1.5055706e+04 3.7526360e+00
1.5060241e+04 3.5665030e+00
1.5064779e+04 3.4099340e+00
1.5069319e+04 3.2799950e+00
1.5073861e+04 3.1686299e+00
1.5078407e+04 3.0642741e+00
1.5082956e+04 2.9555321e+00
1.5087508e+04 2.8377531e+00
1.5092062e+04 2.7137749e+00
1.5096618e+04 2.5935640e+00
1.5101178e+04 2.4881120e+00
1.5105740e+04 2.4030919e+00
1.5110306e+04 2.3360960e+00
1.5114874e+04 2.2757759e+00
1.5119443e+04 2.2106171e+00
1.5124017e+04 2.1331069e+00
1.5128593e+04 2.0449390e+00
1.5133172e+04 1.9559860e+00
1.5137754e+04 1.8774030e+00
1.5142337e+04 1.8180840e+00
1.5146925e+04 1.7767420e+00
1.5151515e+04 1.7460099e+00
1.5156108e+04 1.7139190e+00
1.5160704e+04 1.6692390e+00
1.5165301e+04 1.6044130e+00
1.5169903e+04 1.5130750e+00
1.5174507e+04 1.3942480e+00
1.5179114e+04 1.2535570e+00
1.5183724e+04 1.1059520e+00
1.5188335e+04 9.7119802e-01
1.5192950e+04 8.6498201e-01
1.5197568e+04 7.9307503e-01
1.5202189e+04 7.4770403e-01
1.5206813e+04 7.1594697e-01
1.5211438e+04 6.8821901e-01
1.5216068e+04 6.6444802e-01
1.5220700e+04 6.5090603e-01
1.5225335e+04 6.5236002e-01
1.5229973e+04 6.6711903e-01
1.5234612e+04 6.9024497e-01
1.5239256e+04 7.1957099e-01
1.5243902e+04 7.5600100e-01
1.5248552e+04 7.9731899e-01
1.5253204e+04 8.3332002e-01
1.5257857e+04 8.4946102e-01
1.5262515e+04 8.3668202e-01
1.5267176e+04 8.0099100e-01
1.5271839e+04 7.6236701e-01
1.5276505e+04 7.4627298e-01
1.5281173e+04 7.6735002e-01
1.5285845e+04 8.2077903e-01
1.5290520e+04 8.8241100e-01
1.5295198e+04 9.1943699e-01
1.5299878e+04 9.0808803e-01
1.5304560e+04 8.4397697e-01
1.5309246e+04 7.4517697e-01
1.5313936e+04 6.4177501e-01
1.5318628e+04 5.6405002e-01
1.5323323e+04 5.2769101e-01
1.5328019e+04 5.3055203e-01
1.5332720e+04 5.5589598e-01
1.5337423e+04 5.8310002e-01
1.5342130e+04 5.9773898e-01
1.5346839e+04 5.9788197e-01
1.5351550e+04 5.9211200e-01
1.5356265e+04 5.8810699e-01
1.5360983e+04 5.8143097e-01
1.5365704e+04 5.5649197e-01
1.5370428e+04 4.9841401e-01
1.5375153e+04 4.0712300e-01
1.5379883e+04 3.0193299e-01
1.5384615e+04 2.1097600e-01
1.5389351e+04 1.5625900e-01
1.5394089e+04 1.4483900e-01
1.5398829e+04 1.7075500e-01
1.5403573e+04 2.1815200e-01
1.5408320e+04 2.6865000e-01
1.5413071e+04 3.0579501e-01
1.5417824e+04 3.1819299e-01
1.5422578e+04 3.0460301e-01
1.5427337e+04 2.7604100e-01
1.5432099e+04 2.5515500e-01
1.5436864e+04 2.6490599e-01
1.5441631e+04 3.1790701e-01
1.5446400e+04 4.0471500e-01
1.5451174e+04 4.9505201e-01
1.5455951e+04 5.4967397e-01
1.5460730e+04 5.3937399e-01
1.5465512e+04 4.6052900e-01
1.5470296e+04 3.3743301e-01
1.5475085e+04 2.1417101e-01
1.5479876e+04 1.3246500e-01
1.5484670e+04 1.1422600e-01
1.5489468e+04 1.5058500e-01
1.5494267e+04 2.1331300e-01
1.5499070e+04 2.7101001e-01
1.5503876e+04 3.0605701e-01
1.5508685e+04 3.1676200e-01
1.5513497e+04 3.1204200e-01
1.5518311e+04 3.0298200e-01
1.5523129e+04 2.9804701e-01
1.5527950e+04 3.0305299e-01
1.5532774e+04 3.1893200e-01
1.5537602e+04 3.4074700e-01
1.5542430e+04 3.5633999e-01
1.5547263e+04 3.5123801e-01
1.5552100e+04 3.1695300e-01
1.5556939e+04 2.5777799e-01
1.5561781e+04 1.8966100e-01
1.5566625e+04 1.2950800e-01
1.5571473e+04 8.5639000e-02
1.5576324e+04 5.5456001e-02
1.5581178e+04 3.4999002e-02
1.5586036e+04 2.8347000e-02
1.5590894e+04 4.9017999e-02
1.5595758e+04 1.0752600e-01
1.5600624e+04 1.9721900e-01
1.5605493e+04 2.9106101e-01
1.5610366e+04 3.5345501e-01
1.5615240e+04 3.6318299e-01
1.5620118e+04 3.2989901e-01
1.5625000e+04 2.8686500e-01
1.5629885e+04 2.7098599e-01
1.5634772e+04 2.9566199e-01
1.5639662e+04 3.4384701e-01
1.5644555e+04 3.7798801e-01
1.5649452e+04 3.6675900e-01
1.5654352e+04 3.0085999e-01
1.5659255e+04 1.9829200e-01
1.5664160e+04 8.9097001e-02
1.5669069e+04 -9.5000003e-05
1.5673981e+04 -5.8626998e-02
1.5678897e+04 -9.1146998e-02
1.5683815e+04 -1.1067300e-01
1.5688735e+04 -1.2896000e-01
1.5693659e+04 -1.4872500e-01
1.5698587e+04 -1.6095600e-01
1.5703518e+04 -1.4972600e-01
1.5708452e+04 -1.0128000e-01
1.5713387e+04 -1.4829000e-02
1.5718327e+04 9.0336002e-02
1.5723270e+04 1.8200800e-01
1.5728217e+04 2.2730801e-01
1.5733166e+04 2.1214400e-01
1.5738117e+04 1.4727101e-01
1.5743073e+04 6.2036000e-02
1.5748031e+04 -1.4591000e-02
1.5752993e+04 -6.6827998e-02
1.5757958e+04 -9.5151998e-02
1.5762925e+04 -1.0662000e-01
1.5767896e+04 -1.0759800e-01
1.5772871e+04 -9.9896997e-02
1.5777848e+04 -8.1372000e-02
1.5782829e+04 -5.0806001e-02
1.5787811e+04 -1.2397000e-02
1.5792798e+04 2.4199000e-02
1.5797788e+04 4.7540002e-02
1.5802782e+04 4.9780998e-02
1.5807778e+04 3.1684998e-02
1.5812776e+04 1.6210000e-03
1.5817779e+04 -2.7465001e-02
1.5822785e+04 -4.5108002e-02
1.5827794e+04 -4.4654999e-02
1.5832806e+04 -2.2983000e-02
1.5837820e+04 2.1195000e-02
1.5842839e+04 8.8523999e-02
1.5847861e+04 1.7576200e-01
1.5852886e+04 2.7089101e-01
1.5857914e+04 3.5269201e-01
1.5862944e+04 3.9851600e-01
1.5867978e+04 3.9732400e-01
1.5873016e+04 3.5598201e-01
1.5878057e+04 2.9852301e-01
1.5883101e+04 2.5176999e-01
1.5888147e+04 2.3491301e-01
1.5893197e+04 2.5000501e-01
1.5898251e+04 2.8409901e-01
1.5903308e+04 3.1676200e-01
1.5908368e+04 3.3142501e-01
1.5913430e+04 3.2229400e-01
1.5918497e+04 2.9480401e-01
1.5923567e+04 2.5939900e-01
1.5928640e+04 2.2325499e-01
1.5933716e+04 1.8658599e-01
1.5938794e+04 1.4445700e-01
1.5943877e+04 9.2673004e-02
1.5948963e+04 3.4022000e-02
1.5954053e+04 -2.1886000e-02
1.5959145e+04 -6.4897001e-02
1.5964239e+04 -9.1576003e-02
1.5969339e+04 -1.0778900e-01
1.5974441e+04 -1.2073500e-01
1.5979546e+04 -1.3036700e-01
1.5984655e+04 -1.2800600e-01
1.5989766e+04 -1.0418800e-01
1.5994881e+04 -5.8889002e-02
1.6000000e+04 -4.8389998e-03
1.6005122e+04 3.8647000e-02
1.6010247e+04 5.6504998e-02
1.6015374e+04 4.8422001e-02
1.6020506e+04 2.8562000e-02
1.6025641e+04 1.9311000e-02
1.6030779e+04 3.7859999e-02
1.6035921e+04 8.8381000e-02
1.6041064e+04 1.5873900e-01
1.6046213e+04 2.2802299e-01
1.6051364e+04 2.7546799e-01
1.6056519e+04 2.8944001e-01
1.6061677e+04 2.7122399e-01
1.6066837e+04 2.3307800e-01
1.6072002e+04 1.9145000e-01
1.6077170e+04 1.5850000e-01
1.6082342e+04 1.4023700e-01
1.6087517e+04 1.3701899e-01
1.6092693e+04 1.4619800e-01
1.6097875e+04 1.6276801e-01
1.6103060e+04 1.7955300e-01
1.6108248e+04 1.8846899e-01
1.6113439e+04 1.8401100e-01
1.6118633e+04 1.6455600e-01
1.6123831e+04 1.2874600e-01
1.6129032e+04 7.4648000e-02
1.6134237e+04 3.5999999e-03
1.6139445e+04 -7.5006001e-02
1.6144655e+04 -1.4047600e-01
1.6149870e+04 -1.6593900e-01
1.6155089e+04 -1.3260800e-01
1.6160311e+04 -4.1150998e-02
1.6165536e+04 8.3922997e-02
1.6170763e+04 2.0451500e-01
1.6175995e+04 2.8355101e-01
1.6181230e+04 3.0350599e-01
1.6186468e+04 2.6914999e-01
1.6191710e+04 2.0475300e-01
1.6196954e+04 1.4355101e-01
1.6202203e+04 1.1818400e-01
1.6207455e+04 1.5008400e-01
1.6212711e+04 2.3758399e-01
1.6217970e+04 3.5552901e-01
1.6223231e+04 4.6036199e-01
1.6228497e+04 5.1181298e-01
1.6233766e+04 4.8932999e-01
1.6239039e+04 4.0307000e-01
1.6244315e+04 2.8617299e-01
1.6249593e+04 1.7771700e-01
1.6254876e+04 1.0461800e-01
1.6260163e+04 7.2336003e-02
1.6265453e+04 7.0881002e-02
1.6270746e+04 8.3159998e-02
1.6276041e+04 9.3340002e-02
1.6281341e+04 8.7428004e-02
1.6286645e+04 5.7624999e-02
1.6291952e+04 6.5319999e-03
1.6297263e+04 -5.1856000e-02
1.6302575e+04 -9.5200002e-02
1.6307893e+04 -1.0392600e-01
1.6313214e+04 -7.1239002e-02
1.6318538e+04 -1.1110000e-02
1.6323866e+04 4.9137998e-02
1.6329196e+04 8.0323003e-02
1.6334531e+04 6.8687998e-02
1.6339869e+04 2.3126001e-02
1.6345211e+04 -2.7036000e-02
1.6350557e+04 -4.9137998e-02
1.6355904e+04 -2.6059000e-02
1.6361256e+04 3.6047999e-02
1.6366612e+04 1.0902800e-01
1.6371972e+04 1.5926300e-01
1.6377334e+04 1.6353101e-01
1.6382699e+04 1.2199800e-01
1.6388069e+04 5.5408001e-02
1.6393443e+04 -3.5039999e-03
1.6398820e+04 -2.9634999e-02
1.6404200e+04 -1.7547000e-02
1.6409583e+04 1.5759001e-02
1.6414970e+04 4.5155998e-02
1.6420361e+04 5.4644998e-02
1.6425756e+04 4.8326999e-02
1.6431154e+04 4.7373001e-02
1.6436554e+04 7.3981002e-02
1.6441960e+04 1.3420500e-01
1.6447368e+04 2.1142900e-01
1.6452781e+04 2.7553999e-01
1.6458197e+04 2.9725999e-01
1.6463615e+04 2.6547900e-01
1.6469038e+04 1.8713400e-01
1.6474465e+04 8.2087003e-02
1.6479895e+04 -2.6774000e-02
1.6485329e+04 -1.1808800e-01
1.6490765e+04 -1.7712100e-01
1.6496206e+04 -2.0203499e-01
1.6501650e+04 -2.0446700e-01
1.6507098e+04 -2.0451500e-01
1.6512550e+04 -2.1867700e-01
1.6518004e+04 -2.5148299e-01
1.6523463e+04 -2.9246801e-01
1.6528926e+04 -3.2427299e-01
1.6534392e+04 -3.3087701e-01
1.6539862e+04 -3.0508000e-01
1.6545334e+04 -2.4964800e-01
1.6550811e+04 -1.7490301e-01
1.6556291e+04 -9.5390998e-02
1.6561776e+04 -2.9372999e-02
1.6567264e+04 3.6470001e-03
1.6572754e+04 -6.7940000e-03
1.6578249e+04 -5.4430000e-02
1.6583748e+04 -1.1477400e-01
1.6589251e+04 -1.5928701e-01
1.6594757e+04 -1.6994400e-01
1.6600265e+04 -1.4727101e-01
1.6605778e+04 -1.0588100e-01
1.6611296e+04 -6.2011998e-02
1.6616817e+04 -2.5415000e-02
1.6622341e+04 2.7170000e-03
1.6627868e+04 2.4103999e-02
1.6633400e+04 3.9863002e-02
1.6638935e+04 5.2142002e-02
1.6644474e+04 6.8067998e-02
1.6650017e+04 9.9252999e-02
1.6655562e+04 1.5065600e-01
1.6661113e+04 2.1262100e-01
1.6666667e+04 2.6042399e-01
