     400       0
     401       0
     402       0
     403       0
     404       0
     405       0
     406       0
     407       0
     408       0
     409       0
     410       0
     411       0
     412       0
     413       0
     414       0
     415       0
     416       0
     417       0
     418       0
     419       0
     420       0
     421       0
     422       0
     423       0
     424       0
     425       0
     426       0
     427       0
     428       0
     429       0
     430       0
     431       0
     432       0
     433       0
     434       0
     435       0
     436       0
     437       0
     438       0
     439       0
     440       0
     441       0
     442       0
     443       0
     444       0
     445       0
     446       0
     447       0
     448       0
     449       0
     450       0
     451       0
     452       0
     453       0
     454       0
     455       0
     456       0
     457       0
     458       0
     459       0
     460       0
     461       0
     462       0
     463       0
     464       0
     465       0
     466       0
     467       0
     468       0
     469       0
     470       0
     471       0
     472       0
     473       0
     474       0
     475       0
     476       0
     477       0
     478       0
     479       0
     480       0
     481       0
     482       0
     483       0
     484       0
     485       0
     486       0
     487       0
     488       0
     489       0
     490       0
     491       0
     492       0
     493       0
     494       0
     495       0
     496       0
     497       0
     498       0
     499       0
     500       0
     501       0
     502 0.0004911
     503 0.0006771
     504 0.0008574
     505 0.001031
     506 0.001198
     507  0.0011
     508 0.001006
     509 0.000999
     510 0.0009915
     511 0.0009843
     512 0.0009778
     513 0.0008903
     514 0.0008073
     515 0.0008033
     516 0.0007989
     517 0.0007956
     518 0.0007921
     519 0.0007884
     520 0.0007855
     521 0.0007826
     522 0.0007811
     523 0.0009946
     524 0.001201
     525 0.001124
     526 0.001047
     527 0.0009034
     528 0.0007681
     529 0.001173
     530 0.001568
     531 0.001626
     532 0.001693
     533 0.002736
     534 0.003757
     535 0.00444
     536 0.005114
     537 0.005649
     538 0.006182
     539 0.006397
     540 0.006597
     541 0.006488
     542 0.006387
     543 0.006277
     544 0.00618
     545 0.006326
     546 0.006474
     547 0.006669
     548 0.006877
     549 0.007236
     550 0.007618
     551 0.008141
     552 0.00869
     553 0.009744
     554 0.01077
     555 0.01226
     556 0.01373
     557 0.01562
     558 0.01749
     559 0.01992
     560 0.02234
     561 0.02605
     562 0.02976
     563 0.03529
     564 0.04084
     565 0.04947
     566 0.05812
     567 0.07312
     568 0.08813
     569  0.1122
     570  0.1357
     571  0.1752
     572  0.2142
     573  0.2756
     574  0.3371
     575   0.424
     576  0.5116
     577  0.6146
     578  0.7173
     579   0.803
     580  0.8889
     581  0.9261
     582   0.963
     583  0.9651
     584  0.9643
     585  0.9528
     586  0.9398
     587   0.931
     588  0.9233
     589  0.9215
     590  0.9211
     591   0.925
     592  0.9296
     593  0.9356
     594  0.9441
     595  0.9496
     596  0.9565
     597  0.9618
     598  0.9668
     599  0.9677
     600  0.9703
     601  0.9685
     602  0.9681
     603  0.9677
     604  0.9671
     605  0.9686
     606   0.969
     607  0.9731
     608  0.9778
     609  0.9817
     610  0.9861
     611    0.99
     612  0.9935
     613  0.9972
     614       1
     615   0.999
     616   0.999
     617  0.9961
     618  0.9907
     619  0.9844
     620  0.9773
     621  0.9674
     622  0.9584
     623  0.9527
     624  0.9477
     625  0.9483
     626  0.9478
     627  0.9491
     628  0.9535
     629  0.9577
     630   0.959
     631  0.9617
     632   0.964
     633  0.9659
     634   0.967
     635  0.9641
     636  0.9591
     637   0.952
     638  0.9471
     639  0.9363
     640  0.9262
     641  0.9152
     642  0.9063
     643  0.8948
     644  0.8865
     645  0.8801
     646  0.8711
     647  0.8629
     648  0.8567
     649  0.8693
     650  0.8786
     651  0.8967
     652  0.9115
     653  0.9277
     654  0.9425
     655  0.9586
     656  0.9675
     657  0.9734
     658  0.9804
     659  0.9759
     660  0.9694
     661  0.9535
     662  0.9379
     663  0.9045
     664   0.872
     665  0.8355
     666  0.7992
     667  0.7477
     668  0.6959
     669  0.6361
     670   0.576
     671    0.51
     672  0.4451
     673  0.3838
     674  0.3234
     675   0.274
     676  0.2252
     677   0.188
     678  0.1514
     679   0.125
     680 0.09876
     681 0.08349
     682 0.06832
     683   0.057
     684 0.04581
     685  0.0377
     686  0.0295
     687 0.02433
     688 0.01916
     689 0.01567
     690 0.01222
     691 0.009941
     692 0.007666
     693 0.006053
     694 0.00444
     695 0.003654
     696 0.002869
     697 0.00221
     698 0.001548
     699 0.001152
     700 0.0007548
     701 0.0008434
     702 0.0009328
     703 0.0008013
     704 0.0006672
     705 0.0007567
     706 0.0008474
     707 0.0008036
     708 0.000759
     709 0.0007145
     710 0.0006697
     711 0.0007152
     712 0.0007609
     713 0.0007167
     714 0.0006717
     715 0.0007171
     716 0.0007641
     717 0.0008115
     718 0.0008588
     719 0.0008603
     720 0.0008616
     721 0.0008624
     722 0.0008639
     723 0.0008653
     724 0.0008661
     725 0.0008668
     726 0.0008682
     727 0.0008692
     728 0.0008706
     729 0.000872
     730 0.0008733
     731 0.0008744
     732 0.0008752
     733 0.0008764
     734 0.0008784
     735 0.0004423
     736       0
     737       0
     738       0
     739       0
     740       0
     741       0
     742       0
     743       0
     744       0
     745       0
     746       0
     747       0
     748       0
     749       0
     750       0
     751       0
     752       0
     753       0
     754       0
     755       0
     756       0
     757       0
     758       0
     759       0
     760       0
     761       0
     762       0
     763       0
     764       0
     765       0
     766       0
     767       0
     768       0
     769       0
     770       0
     771       0
     772       0
     773       0
     774       0
     775       0
     776       0
     777       0
     778       0
     779       0
     780       0
     781       0
     782       0
     783       0
     784       0
     785       0
     786       0
     787       0
     788       0
     789       0
     790       0
     791       0
     792       0
     793       0
     794       0
     795       0
     796       0
     797       0
     798       0
     799       0
     800       0
     801       0
     802       0
     803       0
     804       0
     805       0
     806       0
     807       0
     808       0
     809       0
     810       0
     811       0
     812       0
     813       0
     814       0
     815       0
     816       0
     817       0
     818       0
     819       0
     820       0
     821       0
     822       0
     823       0
     824       0
     825       0
     826       0
     827       0
     828       0
     829       0
     830       0
     831       0
     832       0
     833       0
     834       0
     835       0
     836       0
     837       0
     838       0
     839       0
     840       0
     841       0
     842       0
     843       0
     844       0
     845       0
     846       0
     847       0
     848       0
     849       0
     850       0
     851       0
     852       0
     853       0
     854       0
     855       0
     856       0
     857       0
     858       0
     859       0
     860       0
     861       0
     862       0
     863       0
     864       0
     865       0
     866       0
     867       0
     868       0
     869       0
     870       0
     871       0
     872       0
     873       0
     874       0
     875       0
     876       0
     877       0
     878       0
     879       0
     880       0
     881       0
     882       0
     883       0
     884       0
     885       0
     886       0
     887       0
     888       0
     889       0
     890       0
     891       0
     892       0
     893       0
     894       0
     895       0
     896       0
     897       0
     898       0
     899       0
     900       0
     901       0
     902       0
     903       0
     904       0
     905       0
     906       0
     907       0
     908       0
     909       0
     910       0
     911       0
     912       0
     913       0
     914       0
     915       0
     916       0
     917       0
     918       0
     919       0
     920       0
     921       0
     922       0
     923       0
     924       0
     925       0
     926       0
     927       0
     928       0
     929       0
     930       0
     931       0
     932       0
     933       0
     934       0
     935       0
     936       0
     937       0
     938       0
     939       0
     940       0
     941       0
     942       0
     943       0
     944       0
     945       0
     946       0
     947       0
     948       0
     949       0
     950       0
     951       0
     952       0
     953       0
     954       0
     955       0
     956       0
     957       0
     958       0
     959       0
     960       0
     961       0
     962       0
     963       0
     964       0
     965       0
     966       0
     967       0
     968       0
     969       0
     970       0
     971       0
     972       0
     973       0
     974       0
     975       0
     976       0
     977       0
     978       0
     979       0
     980       0
     981       0
     982       0
     983       0
     984       0
     985       0
     986       0
     987       0
     988       0
     989       0
     990       0
     991       0
     992       0
     993       0
     994       0
     995       0
     996       0
     997       0
     998       0
     999       0
    1000       0
    1001       0
    1002       0
    1003       0
    1004       0
    1005       0
    1006       0
    1007       0
    1008       0
    1009       0
    1010       0
    1011       0
    1012       0
    1013       0
    1014       0
    1015       0
    1016       0
    1017       0
    1018       0
    1019       0
    1020       0
    1021       0
    1022       0
    1023       0
    1024       0
    1025       0
    1026       0
    1027       0
    1028       0
    1029       0
    1030       0
    1031       0
    1032       0
    1033       0
    1034       0
    1035       0
    1036       0
    1037       0
    1038       0
    1039       0
    1040       0
    1041       0
    1042       0
    1043       0
    1044       0
    1045       0
    1046       0
    1047       0
    1048       0
    1049       0
    1050       0
    1051       0
    1052       0
    1053       0
    1054       0
    1055       0
    1056       0
    1057       0
    1058       0
    1059       0
    1060       0
    1061       0
    1062       0
    1063       0
    1064       0
    1065       0
    1066       0
    1067       0
    1068       0
    1069       0
    1070       0
    1071       0
    1072       0
    1073       0
    1074       0
    1075       0
    1076       0
    1077       0
    1078       0
    1079       0
    1080       0
    1081       0
    1082       0
    1083       0
    1084       0
    1085       0
    1086       0
    1087       0
    1088       0
    1089       0
    1090       0
    1091       0
    1092       0
    1093       0
    1094       0
    1095       0
    1096       0
    1097       0
    1098       0
    1099       0
    1100       0
    1101       0
    1102       0
    1103       0
    1104       0
    1105       0
    1106       0
    1107       0
    1108       0
    1109       0
    1110       0
    1111       0
    1112       0
    1113       0
    1114       0
    1115       0
    1116       0
    1117       0
    1118       0
    1119       0
    1120       0
    1121       0
    1122       0
    1123       0
    1124       0
    1125       0
    1126       0
    1127       0
    1128       0
    1129       0
    1130       0
    1131       0
    1132       0
    1133       0
    1134       0
    1135       0
    1136       0
    1137       0
    1138       0
    1139       0
    1140       0
    1141       0
    1142       0
    1143       0
    1144       0
    1145       0
    1146       0
    1147       0
    1148       0
    1149       0
    1150       0
    1151       0
    1152       0
    1153       0
    1154       0
    1155       0
    1156       0
    1157       0
    1158       0
    1159       0
    1160       0
    1161       0
    1162       0
    1163       0
    1164       0
    1165       0
    1166       0
    1167       0
    1168       0
    1169       0
    1170       0
    1171       0
    1172       0
    1173       0
    1174       0
    1175       0
    1176       0
    1177       0
    1178       0
    1179       0
    1180       0
    1181       0
    1182       0
    1183       0
    1184       0
    1185       0
    1186       0
    1187       0
    1188       0
    1189       0
    1190       0
    1191       0
    1192       0
    1193       0
    1194       0
    1195       0
    1196       0
    1197       0
    1198       0
    1199       0
    1200       0
