8.6956522e+03 3.5760000e-03
8.6971644e+03 2.0502999e-02
8.6986780e+03 5.0020002e-02
8.7001912e+03 8.0441996e-02
8.7017059e+03 9.9896997e-02
8.7032202e+03 1.0230500e-01
8.7047350e+03 8.9763999e-02
8.7062513e+03 7.1096003e-02
8.7077671e+03 5.6028001e-02
8.7092845e+03 5.0592002e-02
8.7108014e+03 5.4931000e-02
8.7123188e+03 6.4754002e-02
8.7138378e+03 7.4290998e-02
8.7153563e+03 7.8557998e-02
8.7168762e+03 7.4075997e-02
8.7183958e+03 5.9937999e-02
8.7199159e+03 3.8908999e-02
8.7214375e+03 1.7046001e-02
8.7229586e+03 3.2420000e-03
8.7244813e+03 5.1970002e-03
8.7260035e+03 2.6392000e-02
8.7275262e+03 6.3585997e-02
8.7290505e+03 1.0836100e-01
8.7305743e+03 1.5053700e-01
8.7320996e+03 1.8253300e-01
8.7336245e+03 2.0282200e-01
8.7351499e+03 2.1476699e-01
8.7366768e+03 2.2344500e-01
8.7382032e+03 2.3171900e-01
8.7397312e+03 2.3870400e-01
8.7412587e+03 2.4070700e-01
8.7427868e+03 2.3422199e-01
8.7443164e+03 2.1860500e-01
8.7458455e+03 1.9678999e-01
8.7473762e+03 1.7337701e-01
8.7489064e+03 1.5294500e-01
8.7504371e+03 1.3856800e-01
8.7519694e+03 1.3170201e-01
8.7535012e+03 1.3256000e-01
8.7550345e+03 1.3973700e-01
8.7565674e+03 1.4951199e-01
8.7581009e+03 1.5642600e-01
8.7596358e+03 1.5649700e-01
8.7611703e+03 1.4913000e-01
8.7627063e+03 1.3852100e-01
8.7642419e+03 1.3065299e-01
8.7657780e+03 1.2936500e-01
8.7673156e+03 1.3360900e-01
8.7688528e+03 1.3778199e-01
8.7703915e+03 1.3568400e-01
8.7719298e+03 1.2452600e-01
8.7734687e+03 1.0745500e-01
8.7750090e+03 9.1481000e-02
8.7765489e+03 8.4090002e-02
8.7780903e+03 8.9359000e-02
8.7796313e+03 1.0728800e-01
8.7811728e+03 1.3396700e-01
8.7827158e+03 1.6291100e-01
8.7842584e+03 1.8711001e-01
8.7858025e+03 1.9989000e-01
8.7873462e+03 1.9710000e-01
8.7888905e+03 1.7807400e-01
8.7904362e+03 1.4672200e-01
8.7919815e+03 1.1060200e-01
8.7935283e+03 7.9011001e-02
8.7950748e+03 5.9390001e-02
8.7966217e+03 5.4359000e-02
8.7981702e+03 6.1368000e-02
8.7997182e+03 7.4314997e-02
8.8012678e+03 8.7499000e-02
8.8028169e+03 9.8775998e-02
8.8043666e+03 1.1055400e-01
8.8059178e+03 1.2726700e-01
8.8074685e+03 1.5120500e-01
8.8090208e+03 1.7881300e-01
8.8105727e+03 2.0177300e-01
8.8121251e+03 2.1035600e-01
8.8136790e+03 1.9943701e-01
8.8152325e+03 1.7144600e-01
8.8167875e+03 1.3520700e-01
8.8183422e+03 1.0044500e-01
8.8198973e+03 7.3408999e-02
8.8214540e+03 5.5050001e-02
8.8230102e+03 4.3940000e-02
8.8245680e+03 4.0459000e-02
8.8261253e+03 4.8397999e-02
8.8276832e+03 7.1716003e-02
8.8292426e+03 1.1026800e-01
8.8308016e+03 1.5707000e-01
8.8323622e+03 2.0034300e-01
8.8339223e+03 2.2909600e-01
8.8354829e+03 2.3844200e-01
8.8370451e+03 2.3133700e-01
8.8386068e+03 2.1500500e-01
8.8401701e+03 1.9648001e-01
8.8417330e+03 1.7907600e-01
8.8432964e+03 1.6312499e-01
8.8448613e+03 1.4755701e-01
8.8464259e+03 1.3201199e-01
8.8479919e+03 1.1725400e-01
8.8495575e+03 1.0440300e-01
8.8511237e+03 9.3817003e-02
8.8526914e+03 8.4471002e-02
8.8542587e+03 7.4529000e-02
8.8558275e+03 6.3514002e-02
8.8573959e+03 5.3500999e-02
8.8589649e+03 4.8684999e-02
8.8605354e+03 5.2976001e-02
8.8621054e+03 6.7328997e-02
8.8636770e+03 8.8834003e-02
8.8652482e+03 1.1210400e-01
8.8668200e+03 1.3144000e-01
8.8683932e+03 1.4410000e-01
8.8699661e+03 1.5075199e-01
8.8715405e+03 1.5337400e-01
8.8731145e+03 1.5323099e-01
8.8746890e+03 1.5046500e-01
8.8762651e+03 1.4505300e-01
8.8778407e+03 1.3871101e-01
8.8794179e+03 1.3437200e-01
8.8809947e+03 1.3537399e-01
8.8825720e+03 1.4433800e-01
8.8841509e+03 1.6238600e-01
8.8857293e+03 1.8837400e-01
8.8873093e+03 2.1705601e-01
8.8888889e+03 2.3949100e-01
8.8904690e+03 2.4497500e-01
8.8920507e+03 2.2735500e-01
8.8936320e+03 1.8887500e-01
8.8952148e+03 1.4188200e-01
8.8967972e+03 1.0340200e-01
8.8983801e+03 8.7808996e-02
8.8999646e+03 9.9395998e-02
8.9015487e+03 1.3129701e-01
8.9031343e+03 1.7101701e-01
8.9047195e+03 2.0635100e-01
8.9063053e+03 2.3157500e-01
8.9078926e+03 2.4664401e-01
8.9094795e+03 2.5527400e-01
8.9110679e+03 2.6109201e-01
8.9126560e+03 2.6512101e-01
8.9142446e+03 2.6462001e-01
8.9158347e+03 2.5653800e-01
8.9174245e+03 2.4073100e-01
8.9190157e+03 2.2335000e-01
8.9206066e+03 2.1491000e-01
8.9221980e+03 2.2547200e-01
8.9237910e+03 2.5713399e-01
8.9253836e+03 3.0045500e-01
8.9269777e+03 3.3740899e-01
8.9285714e+03 3.4997401e-01
8.9301657e+03 3.3018500e-01
8.9317615e+03 2.8436100e-01
8.9333570e+03 2.2976300e-01
8.9349539e+03 1.8455900e-01
8.9365505e+03 1.6126600e-01
8.9381476e+03 1.6245800e-01
8.9397463e+03 1.8355800e-01
8.9413446e+03 2.1646000e-01
8.9429444e+03 2.5255600e-01
8.9445438e+03 2.8367001e-01
8.9461438e+03 3.0233800e-01
8.9477454e+03 3.0412599e-01
8.9493465e+03 2.9027399e-01
8.9509492e+03 2.6931700e-01
8.9525515e+03 2.5365299e-01
8.9541543e+03 2.5372499e-01
8.9557587e+03 2.7222601e-01
8.9573628e+03 3.0221900e-01
8.9589683e+03 3.3195001e-01
8.9605735e+03 3.5130900e-01
8.9621792e+03 3.5786599e-01
8.9637865e+03 3.5591099e-01
8.9653934e+03 3.5307401e-01
8.9670018e+03 3.5402700e-01
8.9686099e+03 3.5805699e-01
8.9702185e+03 3.6022601e-01
8.9718287e+03 3.5564801e-01
8.9734384e+03 3.4229699e-01
8.9750498e+03 3.2231799e-01
8.9766607e+03 3.0050200e-01
8.9782722e+03 2.8159600e-01
8.9798853e+03 2.6855400e-01
8.9814979e+03 2.6204500e-01
8.9831121e+03 2.6125899e-01
8.9847260e+03 2.6454899e-01
8.9863404e+03 2.7029499e-01
8.9879563e+03 2.7627900e-01
8.9895719e+03 2.7935499e-01
8.9911890e+03 2.7663699e-01
8.9928058e+03 2.6557401e-01
8.9944231e+03 2.4621400e-01
8.9960419e+03 2.2199100e-01
8.9976604e+03 1.9936500e-01
8.9992805e+03 1.8491700e-01
9.0009001e+03 1.8200800e-01
9.0025203e+03 1.8939900e-01
9.0041421e+03 2.0134400e-01
9.0057635e+03 2.1073800e-01
9.0073865e+03 2.1278800e-01
9.0090090e+03 2.0797201e-01
9.0106321e+03 2.0089100e-01
9.0122569e+03 1.9779199e-01
9.0138812e+03 2.0155901e-01
9.0155071e+03 2.0978400e-01
9.0171326e+03 2.1622100e-01
9.0187586e+03 2.1533900e-01
9.0203863e+03 2.0692299e-01
9.0220135e+03 1.9750500e-01
9.0236423e+03 1.9624200e-01
9.0252708e+03 2.0863999e-01
9.0268998e+03 2.3138499e-01
9.0285304e+03 2.5372499e-01
9.0301605e+03 2.6412001e-01
9.0317923e+03 2.5804001e-01
9.0334237e+03 2.4127901e-01
9.0350556e+03 2.2509000e-01
9.0366892e+03 2.1867700e-01
9.0383223e+03 2.2270600e-01
9.0399570e+03 2.3064600e-01
9.0415913e+03 2.3379301e-01
9.0432262e+03 2.2926299e-01
9.0448627e+03 2.2127600e-01
9.0464988e+03 2.1798600e-01
9.0481365e+03 2.2499500e-01
9.0497738e+03 2.4232800e-01
9.0514116e+03 2.6471600e-01
9.0530511e+03 2.8600600e-01
9.0546901e+03 3.0217099e-01
9.0563308e+03 3.1273299e-01
9.0579710e+03 3.1936100e-01
9.0596118e+03 3.2384300e-01
9.0612543e+03 3.2677600e-01
9.0628963e+03 3.2730100e-01
9.0645399e+03 3.2415301e-01
9.0661831e+03 3.1723899e-01
9.0678269e+03 3.0825099e-01
9.0694724e+03 3.0083600e-01
9.0711174e+03 2.9985899e-01
9.0727640e+03 3.0927601e-01
9.0744102e+03 3.2997099e-01
9.0760570e+03 3.5812801e-01
9.0777054e+03 3.8659501e-01
9.0793533e+03 4.0733799e-01
9.0810029e+03 4.1577801e-01
9.0826521e+03 4.1275001e-01
9.0843019e+03 4.0416700e-01
9.0859533e+03 3.9787200e-01
9.0876043e+03 3.9894500e-01
9.0892569e+03 4.0659899e-01
9.0909091e+03 4.1484800e-01
9.0925619e+03 4.1666001e-01
9.0942163e+03 4.0867299e-01
9.0958703e+03 3.9422500e-01
9.0975259e+03 3.8094500e-01
9.0991811e+03 3.7658200e-01
9.1008369e+03 3.8352001e-01
9.1024943e+03 3.9789599e-01
9.1041513e+03 4.1193900e-01
9.1058099e+03 4.1847199e-01
9.1074681e+03 4.1441900e-01
9.1091269e+03 4.0163901e-01
9.1107874e+03 3.8430601e-01
9.1124474e+03 3.6640099e-01
9.1141090e+03 3.5033199e-01
9.1157703e+03 3.3674201e-01
9.1174321e+03 3.2572699e-01
9.1190956e+03 3.1838399e-01
9.1207586e+03 3.1742999e-01
9.1224233e+03 3.2639500e-01
9.1240876e+03 3.4732801e-01
9.1257525e+03 3.7789300e-01
9.1274190e+03 4.1072300e-01
9.1290851e+03 4.3659201e-01
9.1307528e+03 4.5001501e-01
9.1324201e+03 4.5287600e-01
9.1340880e+03 4.5387700e-01
9.1357576e+03 4.6226901e-01
9.1374267e+03 4.8096099e-01
9.1390975e+03 5.0277698e-01
9.1407678e+03 5.1510298e-01
9.1424388e+03 5.0790298e-01
9.1441114e+03 4.8212999e-01
9.1457836e+03 4.4872701e-01
9.1474574e+03 4.2333600e-01
9.1491308e+03 4.1666001e-01
9.1508049e+03 4.3020201e-01
9.1524805e+03 4.5733401e-01
9.1541558e+03 4.8890099e-01
9.1558327e+03 5.1774901e-01
9.1575092e+03 5.4030401e-01
9.1591863e+03 5.5539602e-01
9.1608650e+03 5.6166601e-01
9.1625433e+03 5.5785102e-01
9.1642233e+03 5.4466701e-01
9.1659028e+03 5.2628499e-01
9.1675830e+03 5.0997698e-01
9.1692648e+03 5.0222802e-01
9.1709462e+03 5.0625801e-01
9.1726293e+03 5.2070600e-01
9.1743119e+03 5.4259300e-01
9.1759952e+03 5.6972498e-01
9.1776801e+03 6.0169601e-01
9.1793646e+03 6.3781703e-01
9.1810507e+03 6.7446202e-01
9.1827365e+03 7.0390701e-01
9.1844228e+03 7.1856898e-01
9.1861108e+03 7.1556503e-01
9.1877984e+03 7.0059198e-01
9.1894876e+03 6.8485701e-01
9.1911765e+03 6.7922997e-01
9.1928659e+03 6.8757498e-01
9.1945570e+03 7.0471698e-01
9.1962477e+03 7.2045302e-01
9.1979401e+03 7.2548300e-01
9.1996320e+03 7.1625698e-01
9.2013246e+03 6.9596702e-01
9.2030188e+03 6.7176801e-01
9.2047126e+03 6.5054798e-01
9.2064081e+03 6.3626701e-01
9.2081031e+03 6.2930501e-01
9.2097988e+03 6.2835199e-01
9.2114962e+03 6.3190401e-01
9.2131931e+03 6.3967699e-01
9.2148917e+03 6.5231299e-01
9.2165899e+03 6.6993201e-01
9.2182887e+03 6.9098401e-01
9.2199891e+03 7.1222699e-01
9.2216892e+03 7.3015600e-01
9.2233909e+03 7.4355602e-01
9.2250923e+03 7.5435603e-01
9.2267942e+03 7.6634800e-01
9.2284978e+03 7.8136897e-01
9.2302010e+03 7.9793900e-01
9.2319059e+03 8.1169599e-01
9.2336103e+03 8.1958699e-01
9.2353154e+03 8.2316297e-01
9.2370222e+03 8.2952899e-01
9.2387285e+03 8.4671903e-01
9.2404366e+03 8.7831002e-01
9.2421442e+03 9.1953200e-01
9.2438524e+03 9.5953900e-01
9.2455623e+03 9.8743403e-01
9.2472718e+03 9.9883002e-01
9.2489830e+03 9.9861598e-01
9.2506938e+03 9.9699402e-01
9.2524052e+03 1.0033600e+00
9.2541183e+03 1.0206460e+00
9.2558310e+03 1.0448930e+00
9.2575453e+03 1.0677090e+00
9.2592593e+03 1.0816571e+00
9.2609738e+03 1.0823480e+00
9.2626901e+03 1.0702130e+00
9.2644059e+03 1.0497570e+00
9.2661235e+03 1.0287520e+00
9.2678406e+03 1.0164731e+00
9.2695583e+03 1.0203360e+00
9.2712778e+03 1.0427229e+00
9.2729968e+03 1.0777709e+00
9.2747175e+03 1.1139630e+00
9.2764378e+03 1.1384960e+00
9.2781588e+03 1.1450050e+00
9.2798814e+03 1.1360880e+00
9.2816037e+03 1.1217110e+00
9.2833276e+03 1.1137720e+00
9.2850511e+03 1.1205670e+00
9.2867752e+03 1.1450289e+00
9.2885010e+03 1.1848210e+00
9.2902265e+03 1.2342210e+00
9.2919536e+03 1.2852190e+00
9.2936803e+03 1.3298030e+00
9.2954076e+03 1.3611790e+00
9.2971367e+03 1.3765090e+00
9.2988653e+03 1.3791080e+00
9.3005957e+03 1.3781780e+00
9.3023256e+03 1.3849250e+00
9.3040561e+03 1.4070981e+00
9.3057884e+03 1.4450550e+00
9.3075203e+03 1.4914030e+00
9.3092538e+03 1.5358920e+00
9.3109870e+03 1.5704629e+00
9.3127208e+03 1.5930170e+00
9.3144562e+03 1.6067020e+00
9.3161913e+03 1.6165010e+00
9.3179281e+03 1.6247030e+00
9.3196645e+03 1.6299000e+00
9.3214015e+03 1.6308060e+00
9.3231402e+03 1.6308780e+00
9.3248786e+03 1.6392699e+00
9.3266186e+03 1.6671410e+00
9.3283582e+03 1.7197371e+00
9.3300985e+03 1.7922870e+00
9.3318405e+03 1.8715140e+00
9.3335820e+03 1.9422760e+00
9.3353253e+03 1.9950860e+00
9.3370682e+03 2.0287750e+00
9.3388117e+03 2.0490160e+00
9.3405569e+03 2.0628209e+00
9.3423017e+03 2.0753379e+00
9.3440483e+03 2.0895481e+00
9.3457944e+03 2.1082871e+00
9.3475412e+03 2.1349659e+00
9.3492897e+03 2.1727080e+00
9.3510378e+03 2.2221320e+00
9.3527876e+03 2.2801630e+00
9.3545370e+03 2.3408170e+00
9.3562870e+03 2.3970840e+00
9.3580388e+03 2.4432890e+00
9.3597901e+03 2.4779079e+00
9.3615432e+03 2.5040619e+00
9.3632959e+03 2.5285239e+00
9.3650492e+03 2.5569429e+00
9.3668043e+03 2.5918000e+00
9.3685589e+03 2.6312349e+00
9.3703153e+03 2.6717420e+00
9.3720712e+03 2.7113190e+00
9.3738278e+03 2.7504921e+00
9.3755862e+03 2.7921669e+00
9.3773441e+03 2.8388970e+00
9.3791038e+03 2.8906341e+00
9.3808630e+03 2.9444690e+00
9.3826230e+03 2.9961579e+00
9.3843846e+03 3.0435319e+00
9.3861458e+03 3.0875440e+00
9.3879088e+03 3.1321521e+00
9.3896714e+03 3.1825781e+00
9.3914346e+03 3.2424440e+00
9.3931995e+03 3.3131590e+00
9.3949641e+03 3.3928390e+00
9.3967304e+03 3.4794331e+00
9.3984962e+03 3.5711999e+00
9.4002628e+03 3.6679261e+00
9.4020311e+03 3.7689919e+00
9.4037989e+03 3.8699379e+00
9.4055685e+03 3.9644949e+00
9.4073377e+03 4.0472980e+00
9.4091076e+03 4.1190138e+00
9.4108792e+03 4.1866541e+00
9.4126504e+03 4.2587509e+00
9.4144233e+03 4.3412442e+00
9.4161959e+03 4.4325109e+00
9.4179691e+03 4.5275922e+00
9.4197440e+03 4.6220541e+00
9.4215185e+03 4.7168012e+00
9.4232948e+03 4.8177242e+00
9.4250707e+03 4.9301620e+00
9.4268472e+03 5.0554271e+00
9.4286255e+03 5.1897521e+00
9.4304034e+03 5.3281541e+00
9.4321830e+03 5.4683199e+00
9.4339623e+03 5.6102748e+00
9.4357422e+03 5.7563539e+00
9.4375238e+03 5.9067478e+00
9.4393050e+03 6.0603852e+00
9.4410880e+03 6.2140460e+00
9.4428706e+03 6.3647270e+00
9.4446539e+03 6.5124750e+00
9.4464389e+03 6.6597929e+00
9.4482235e+03 6.8125238e+00
9.4500099e+03 6.9746971e+00
9.4517958e+03 7.1471210e+00
9.4535825e+03 7.3268409e+00
9.4553709e+03 7.5079441e+00
9.4571589e+03 7.6872110e+00
9.4589486e+03 7.8643789e+00
9.4607379e+03 8.0442657e+00
9.4625280e+03 8.2331409e+00
9.4643197e+03 8.4347239e+00
9.4661111e+03 8.6499920e+00
9.4679042e+03 8.8746538e+00
9.4696970e+03 9.1053724e+00
9.4714904e+03 9.3389511e+00
9.4732856e+03 9.5746269e+00
9.4750803e+03 9.8152390e+00
9.4768769e+03 1.0063648e+01
9.4786730e+03 1.0325765e+01
9.4804698e+03 1.0604882e+01
9.4822684e+03 1.0903906e+01
9.4840665e+03 1.1222314e+01
9.4858665e+03 1.1554932e+01
9.4876660e+03 1.1896228e+01
9.4894663e+03 1.2237095e+01
9.4912683e+03 1.2573695e+01
9.4930698e+03 1.2906408e+01
9.4948732e+03 1.3242173e+01
9.4966762e+03 1.3593196e+01
9.4984798e+03 1.3967871e+01
9.5002852e+03 1.4371585e+01
9.5020902e+03 1.4799761e+01
9.5038970e+03 1.5243721e+01
9.5057034e+03 1.5696430e+01
9.5075105e+03 1.6154289e+01
9.5093194e+03 1.6623949e+01
9.5111278e+03 1.7111492e+01
9.5129380e+03 1.7624331e+01
9.5147479e+03 1.8164181e+01
9.5165584e+03 1.8727255e+01
9.5183707e+03 1.9310116e+01
9.5201826e+03 1.9904709e+01
9.5219963e+03 2.0508598e+01
9.5238095e+03 2.1118855e+01
9.5256235e+03 2.1736216e+01
9.5274392e+03 2.2364473e+01
9.5292546e+03 2.3004436e+01
9.5310717e+03 2.3660444e+01
9.5328885e+03 2.4329710e+01
9.5347059e+03 2.5012230e+01
9.5365251e+03 2.5710011e+01
9.5383439e+03 2.6428484e+01
9.5401645e+03 2.7180052e+01
9.5419847e+03 2.7969837e+01
9.5438056e+03 2.8799747e+01
9.5456283e+03 2.9660606e+01
9.5474506e+03 3.0539583e+01
9.5492747e+03 3.1429218e+01
9.5510984e+03 3.2324982e+01
9.5529227e+03 3.3233929e+01
9.5547489e+03 3.4160278e+01
9.5565747e+03 3.5108494e+01
9.5584023e+03 3.6079884e+01
9.5602294e+03 3.7073112e+01
9.5620573e+03 3.8092659e+01
9.5638870e+03 3.9139389e+01
9.5657162e+03 4.0215755e+01
9.5675473e+03 4.1318272e+01
9.5693780e+03 4.2439556e+01
9.5712094e+03 4.3574738e+01
9.5730425e+03 4.4717812e+01
9.5748753e+03 4.5869564e+01
9.5767099e+03 4.7027851e+01
9.5785441e+03 4.8189617e+01
9.5803789e+03 4.9351955e+01
9.5822156e+03 5.0513817e+01
9.5840519e+03 5.1682831e+01
9.5858900e+03 5.2867771e+01
9.5877277e+03 5.4076767e+01
9.5895661e+03 5.5311203e+01
9.5914063e+03 5.6564854e+01
9.5932461e+03 5.7829857e+01
9.5950878e+03 5.9098862e+01
9.5969290e+03 6.0368965e+01
9.5987709e+03 6.1639809e+01
9.6006147e+03 6.2910507e+01
9.6024580e+03 6.4177254e+01
9.6043032e+03 6.5434433e+01
9.6061479e+03 6.6675087e+01
9.6079934e+03 6.7896675e+01
9.6098407e+03 6.9098618e+01
9.6116876e+03 7.0285416e+01
9.6135363e+03 7.1464661e+01
9.6153846e+03 7.2641495e+01
9.6172336e+03 7.3820374e+01
9.6190845e+03 7.4996185e+01
9.6209349e+03 7.6161507e+01
9.6227872e+03 7.7306915e+01
9.6246391e+03 7.8424095e+01
9.6264917e+03 7.9512115e+01
9.6283461e+03 8.0568909e+01
9.6302001e+03 8.1599045e+01
9.6320559e+03 8.2604645e+01
9.6339114e+03 8.3586884e+01
9.6357675e+03 8.4547707e+01
9.6376255e+03 8.5482002e+01
9.6394831e+03 8.6388824e+01
9.6413425e+03 8.7261322e+01
9.6432015e+03 8.8095596e+01
9.6450613e+03 8.8890289e+01
9.6469229e+03 8.9643242e+01
9.6487840e+03 9.0361740e+01
9.6506470e+03 9.1047501e+01
9.6525097e+03 9.1707733e+01
9.6543730e+03 9.2344948e+01
9.6562382e+03 9.2958595e+01
9.6581029e+03 9.3551132e+01
9.6599695e+03 9.4117500e+01
9.6618357e+03 9.4661423e+01
9.6637027e+03 9.5182800e+01
9.6655715e+03 9.5685669e+01
9.6674398e+03 9.6176147e+01
9.6693101e+03 9.6652840e+01
9.6711799e+03 9.7115562e+01
9.6730504e+03 9.7549911e+01
9.6749228e+03 9.7941422e+01
9.6767948e+03 9.8274376e+01
9.6786687e+03 9.8540184e+01
9.6805421e+03 9.8748375e+01
9.6824163e+03 9.8914101e+01
9.6842923e+03 9.9062851e+01
9.6861679e+03 9.9210381e+01
9.6880454e+03 9.9360970e+01
9.6899225e+03 9.9509903e+01
9.6918003e+03 9.9641632e+01
9.6936800e+03 9.9750015e+01
9.6955592e+03 9.9829506e+01
9.6974403e+03 9.9885513e+01
9.6993210e+03 9.9925827e+01
9.7012025e+03 9.9951866e+01
9.7030858e+03 9.9965141e+01
9.7049687e+03 9.9954124e+01
9.7068535e+03 9.9912521e+01
9.7087379e+03 9.9832108e+01
9.7106230e+03 9.9708176e+01
9.7125099e+03 9.9542404e+01
9.7143965e+03 9.9331879e+01
9.7162850e+03 9.9083801e+01
9.7181730e+03 9.8803452e+01
9.7200617e+03 9.8504135e+01
9.7219524e+03 9.8200180e+01
9.7238426e+03 9.7895500e+01
9.7257348e+03 9.7588280e+01
9.7276265e+03 9.7256371e+01
9.7295189e+03 9.6881767e+01
9.7314132e+03 9.6451088e+01
9.7333071e+03 9.5964745e+01
9.7352030e+03 9.5438553e+01
9.7370983e+03 9.4881966e+01
9.7389945e+03 9.4305374e+01
9.7408925e+03 9.3703964e+01
9.7427901e+03 9.3070648e+01
9.7446896e+03 9.2403122e+01
9.7465887e+03 9.1698814e+01
9.7484885e+03 9.0966965e+01
9.7503902e+03 9.0207481e+01
9.7522916e+03 8.9421486e+01
9.7541948e+03 8.8604355e+01
9.7560976e+03 8.7747887e+01
9.7580011e+03 8.6850067e+01
9.7599065e+03 8.5904694e+01
9.7618116e+03 8.4916710e+01
9.7637185e+03 8.3890053e+01
9.7656250e+03 8.2830498e+01
9.7675328e+03 8.1743141e+01
9.7694414e+03 8.0623749e+01
9.7713502e+03 7.9472778e+01
9.7732602e+03 7.8287956e+01
9.7751711e+03 7.7075600e+01
9.7770826e+03 7.5847717e+01
9.7789950e+03 7.4614426e+01
9.7809074e+03 7.3386024e+01
9.7828212e+03 7.2159286e+01
9.7847358e+03 7.0927284e+01
9.7866511e+03 6.9678162e+01
9.7885672e+03 6.8402313e+01
9.7904834e+03 6.7098495e+01
9.7924010e+03 6.5769409e+01
9.7943193e+03 6.4424156e+01
9.7962384e+03 6.3070084e+01
9.7981582e+03 6.1712147e+01
9.8000782e+03 6.0351467e+01
9.8019995e+03 5.8986233e+01
9.8039216e+03 5.7615398e+01
9.8058444e+03 5.6240940e+01
9.8077680e+03 5.4868412e+01
9.8096917e+03 5.3506924e+01
9.8116168e+03 5.2164505e+01
9.8135427e+03 5.0844406e+01
9.8154693e+03 4.9546410e+01
9.8173967e+03 4.8265003e+01
9.8193242e+03 4.6997143e+01
9.8212531e+03 4.5742558e+01
9.8231827e+03 4.4504452e+01
9.8251131e+03 4.3288826e+01
9.8270443e+03 4.2096329e+01
9.8289756e+03 4.0926956e+01
9.8309083e+03 3.9774967e+01
9.8328417e+03 3.8635517e+01
9.8347759e+03 3.7507439e+01
9.8367108e+03 3.6388565e+01
9.8386460e+03 3.5284924e+01
9.8405824e+03 3.4199333e+01
9.8425197e+03 3.3139633e+01
9.8444577e+03 3.2112335e+01
9.8463965e+03 3.1118464e+01
9.8483354e+03 3.0159140e+01
9.8502757e+03 2.9225182e+01
9.8522167e+03 2.8312588e+01
9.8541586e+03 2.7418375e+01
9.8561012e+03 2.6547264e+01
9.8580439e+03 2.5709795e+01
9.8599880e+03 2.4910448e+01
9.8619329e+03 2.4151920e+01
9.8638786e+03 2.3425173e+01
9.8658250e+03 2.2721170e+01
9.8677716e+03 2.2034954e+01
9.8697196e+03 2.1365261e+01
9.8716683e+03 2.0720530e+01
9.8736178e+03 2.0102762e+01
9.8755681e+03 1.9513487e+01
9.8775185e+03 1.8945908e+01
9.8794703e+03 1.8389845e+01
9.8814229e+03 1.7839575e+01
9.8833763e+03 1.7288088e+01
9.8853304e+03 1.6737795e+01
9.8872847e+03 1.6189646e+01
9.8892404e+03 1.5647983e+01
9.8911968e+03 1.5118241e+01
9.8931541e+03 1.4603686e+01
9.8951121e+03 1.4112281e+01
9.8970702e+03 1.3646864e+01
9.8990298e+03 1.3212370e+01
9.9009901e+03 1.2810873e+01
9.9029512e+03 1.2440204e+01
9.9049131e+03 1.2097048e+01
9.9068751e+03 1.1769652e+01
9.9088386e+03 1.1446738e+01
9.9108028e+03 1.1116075e+01
9.9127678e+03 1.0772562e+01
9.9147335e+03 1.0421633e+01
9.9166995e+03 1.0073661e+01
9.9186668e+03 9.7443104e+00
9.9206349e+03 9.4410181e+00
9.9226038e+03 9.1652870e+00
9.9245735e+03 8.9117517e+00
9.9265433e+03 8.6735716e+00
9.9285146e+03 8.4489098e+00
9.9304866e+03 8.2365026e+00
9.9324594e+03 8.0378046e+00
9.9344330e+03 7.8504081e+00
9.9364068e+03 7.6688519e+00
9.9383819e+03 7.4872489e+00
9.9403579e+03 7.2985878e+00
9.9423346e+03 7.1015830e+00
9.9443121e+03 6.8978539e+00
9.9462898e+03 6.6933632e+00
9.9482689e+03 6.4948082e+00
9.9502488e+03 6.3052168e+00
9.9522294e+03 6.1247821e+00
9.9542109e+03 5.9483762e+00
9.9561925e+03 5.7724471e+00
9.9581755e+03 5.5967088e+00
9.9601594e+03 5.4267159e+00
9.9621440e+03 5.2715530e+00
9.9641294e+03 5.1367278e+00
9.9661150e+03 5.0219531e+00
9.9681020e+03 4.9203629e+00
9.9700897e+03 4.8232551e+00
9.9720783e+03 4.7249551e+00
9.9740677e+03 4.6224351e+00
9.9760572e+03 4.5158381e+00
9.9780482e+03 4.4042821e+00
9.9800399e+03 4.2875051e+00
9.9820325e+03 4.1661019e+00
9.9840258e+03 4.0434122e+00
9.9860193e+03 3.9257281e+00
9.9880143e+03 3.8180821e+00
9.9900100e+03 3.7220950e+00
9.9920065e+03 3.6349771e+00
9.9940038e+03 3.5521979e+00
9.9960014e+03 3.4717081e+00
9.9980003e+03 3.3947461e+00
1.0000000e+04 3.3255811e+00
1.0002001e+04 3.2665961e+00
1.0004002e+04 3.2161469e+00
1.0006003e+04 3.1672709e+00
1.0008006e+04 3.1110041e+00
1.0010010e+04 3.0411241e+00
1.0012015e+04 2.9575100e+00
1.0014020e+04 2.8671970e+00
1.0016025e+04 2.7796741e+00
1.0018032e+04 2.7021401e+00
1.0020040e+04 2.6357410e+00
1.0022049e+04 2.5752299e+00
1.0024058e+04 2.5131941e+00
1.0026068e+04 2.4441710e+00
1.0028078e+04 2.3679249e+00
1.0030090e+04 2.2897000e+00
1.0032103e+04 2.2166250e+00
1.0034116e+04 2.1543739e+00
1.0036130e+04 2.1037810e+00
1.0038145e+04 2.0618911e+00
1.0040161e+04 2.0232670e+00
1.0042177e+04 1.9841900e+00
1.0044195e+04 1.9457570e+00
1.0046212e+04 1.9135710e+00
1.0048231e+04 1.8945450e+00
1.0050251e+04 1.8911600e+00
1.0052272e+04 1.8978831e+00
1.0054293e+04 1.9016980e+00
1.0056315e+04 1.8874160e+00
1.0058338e+04 1.8460270e+00
1.0060362e+04 1.7793890e+00
1.0062387e+04 1.6988270e+00
1.0064412e+04 1.6197439e+00
1.0066438e+04 1.5527720e+00
1.0068465e+04 1.5017270e+00
1.0070493e+04 1.4646760e+00
1.0072522e+04 1.4384030e+00
1.0074552e+04 1.4199970e+00
1.0076582e+04 1.4062880e+00
1.0078613e+04 1.3926980e+00
1.0080645e+04 1.3737910e+00
1.0082678e+04 1.3473740e+00
1.0084712e+04 1.3183590e+00
1.0086746e+04 1.2979740e+00
1.0088781e+04 1.2977600e+00
1.0090817e+04 1.3203620e+00
1.0092854e+04 1.3566490e+00
1.0094892e+04 1.3883110e+00
1.0096930e+04 1.3986580e+00
1.0098970e+04 1.3794661e+00
1.0101010e+04 1.3343090e+00
1.0103051e+04 1.2741560e+00
1.0105093e+04 1.2112370e+00
1.0107135e+04 1.1549940e+00
1.0109179e+04 1.1108390e+00
1.0111223e+04 1.0820620e+00
1.0113269e+04 1.0703080e+00
1.0115315e+04 1.0739800e+00
1.0117361e+04 1.0867110e+00
1.0119409e+04 1.0986320e+00
1.0121457e+04 1.1005640e+00
1.0123507e+04 1.0882850e+00
1.0125557e+04 1.0654210e+00
1.0127608e+04 1.0403390e+00
1.0129660e+04 1.0223620e+00
1.0131712e+04 1.0153770e+00
1.0133766e+04 1.0164970e+00
1.0135820e+04 1.0175940e+00
1.0137875e+04 1.0108700e+00
1.0139931e+04 9.9282199e-01
1.0141988e+04 9.6623802e-01
1.0144046e+04 9.3634099e-01
1.0146104e+04 9.0768301e-01
1.0148163e+04 8.8155198e-01
1.0150223e+04 8.5616100e-01
1.0152284e+04 8.3012497e-01
1.0154346e+04 8.0521101e-01
1.0156409e+04 7.8525501e-01
1.0158472e+04 7.7307200e-01
1.0160536e+04 7.6658702e-01
1.0162602e+04 7.5926697e-01
1.0164668e+04 7.4415201e-01
1.0166735e+04 7.1926099e-01
1.0168802e+04 6.9098401e-01
1.0170871e+04 6.7179197e-01
1.0172940e+04 6.7443800e-01
1.0175010e+04 7.0402598e-01
1.0177081e+04 7.5535703e-01
1.0179153e+04 8.1250602e-01
1.0181226e+04 8.5680401e-01
1.0183299e+04 8.7258798e-01
1.0185374e+04 8.5391903e-01
1.0187449e+04 8.0616403e-01
1.0189525e+04 7.4291199e-01
1.0191602e+04 6.8035102e-01
1.0193680e+04 6.2935299e-01
1.0195759e+04 5.9235001e-01
1.0197838e+04 5.6354898e-01
1.0199918e+04 5.3470099e-01
1.0201999e+04 5.0120300e-01
1.0204082e+04 4.6684700e-01
1.0206165e+04 4.4136000e-01
1.0208249e+04 4.3578100e-01
1.0210333e+04 4.5459199e-01
1.0212418e+04 4.9297801e-01
1.0214505e+04 5.3703701e-01
1.0216592e+04 5.7134598e-01
1.0218680e+04 5.8469701e-01
1.0220768e+04 5.7327700e-01
1.0222858e+04 5.4078102e-01
1.0224949e+04 4.9467000e-01
1.0227040e+04 4.4414899e-01
1.0229133e+04 3.9761001e-01
1.0231225e+04 3.6337301e-01
1.0233320e+04 3.4821001e-01
1.0235415e+04 3.5481399e-01
1.0237510e+04 3.8025299e-01
1.0239607e+04 4.1520500e-01
1.0241704e+04 4.4846499e-01
1.0243802e+04 4.7266400e-01
1.0245902e+04 4.8830500e-01
1.0248002e+04 5.0168002e-01
1.0250103e+04 5.1901299e-01
1.0252204e+04 5.4035097e-01
1.0254307e+04 5.5868602e-01
1.0256410e+04 5.6428897e-01
1.0258515e+04 5.5189103e-01
1.0260620e+04 5.2490199e-01
1.0262726e+04 4.9359700e-01
1.0264833e+04 4.6970800e-01
1.0266940e+04 4.5990899e-01
1.0269049e+04 4.6458200e-01
1.0271159e+04 4.7914901e-01
1.0273269e+04 4.9762699e-01
1.0275380e+04 5.1407802e-01
1.0277492e+04 5.2318501e-01
1.0279605e+04 5.2139699e-01
1.0281719e+04 5.0775999e-01
1.0283834e+04 4.8499101e-01
1.0285949e+04 4.5886001e-01
1.0288066e+04 4.3606699e-01
1.0290183e+04 4.2104700e-01
1.0292302e+04 4.1387001e-01
1.0294420e+04 4.1067600e-01
1.0296540e+04 4.0636000e-01
1.0298661e+04 3.9751500e-01
1.0300783e+04 3.8356701e-01
1.0302906e+04 3.6675900e-01
1.0305029e+04 3.5004601e-01
1.0307153e+04 3.3609799e-01
1.0309278e+04 3.2591799e-01
1.0311405e+04 3.1850299e-01
1.0313532e+04 3.1232801e-01
1.0315659e+04 3.0608100e-01
1.0317788e+04 2.9888099e-01
1.0319917e+04 2.8982100e-01
1.0322048e+04 2.7739999e-01
1.0324179e+04 2.5992301e-01
1.0326311e+04 2.3732100e-01
1.0328444e+04 2.1314600e-01
1.0330579e+04 1.9383401e-01
1.0332714e+04 1.8651401e-01
1.0334849e+04 1.9452500e-01
1.0336985e+04 2.1536300e-01
1.0339123e+04 2.4144600e-01
1.0341262e+04 2.6557401e-01
1.0343401e+04 2.8517199e-01
1.0345541e+04 3.0317301e-01
1.0347682e+04 3.2379600e-01
1.0349824e+04 3.4766099e-01
1.0351967e+04 3.6930999e-01
1.0354111e+04 3.8015801e-01
1.0356255e+04 3.7393501e-01
1.0358400e+04 3.5219100e-01
1.0360547e+04 3.2353401e-01
1.0362694e+04 2.9883301e-01
1.0364843e+04 2.8498101e-01
1.0366992e+04 2.8150001e-01
1.0369141e+04 2.8269199e-01
1.0371292e+04 2.8283501e-01
1.0373444e+04 2.8066599e-01
1.0375597e+04 2.7966401e-01
1.0377750e+04 2.8488600e-01
1.0379904e+04 2.9802299e-01
1.0382060e+04 3.1452101e-01
1.0384216e+04 3.2462999e-01
1.0386373e+04 3.1979001e-01
1.0388531e+04 2.9780799e-01
1.0390690e+04 2.6583600e-01
1.0392850e+04 2.3729800e-01
1.0395010e+04 2.2695000e-01
1.0397172e+04 2.4280500e-01
1.0399335e+04 2.8367001e-01
1.0401498e+04 3.3867300e-01
1.0403662e+04 3.9150700e-01
1.0405827e+04 4.2655399e-01
1.0407993e+04 4.3344399e-01
1.0410161e+04 4.1174799e-01
1.0412328e+04 3.7078801e-01
1.0414497e+04 3.2760999e-01
1.0416667e+04 2.9931000e-01
1.0418837e+04 2.9623500e-01
1.0421009e+04 3.1669101e-01
1.0423181e+04 3.4790000e-01
1.0425354e+04 3.7310100e-01
1.0427529e+04 3.7963301e-01
1.0429704e+04 3.6566201e-01
1.0431880e+04 3.3922100e-01
1.0434056e+04 3.1382999e-01
1.0436234e+04 3.0066901e-01
1.0438413e+04 3.0455500e-01
1.0440593e+04 3.2231799e-01
1.0442774e+04 3.4665999e-01
1.0444955e+04 3.6990601e-01
1.0447137e+04 3.8700101e-01
1.0449321e+04 3.9577401e-01
1.0451505e+04 3.9622700e-01
1.0453690e+04 3.8876501e-01
1.0455876e+04 3.7336299e-01
1.0458063e+04 3.5052201e-01
1.0460251e+04 3.2246101e-01
1.0462440e+04 2.9287300e-01
1.0464630e+04 2.6643199e-01
1.0466820e+04 2.4621400e-01
1.0469012e+04 2.3233800e-01
1.0471204e+04 2.2296900e-01
1.0473398e+04 2.1607800e-01
1.0475592e+04 2.1100000e-01
1.0477787e+04 2.0782900e-01
1.0479983e+04 2.0644601e-01
1.0482180e+04 2.0494400e-01
1.0484378e+04 1.9998500e-01
1.0486577e+04 1.8956600e-01
1.0488777e+04 1.7488000e-01
1.0490978e+04 1.6045500e-01
1.0493179e+04 1.5122800e-01
1.0495382e+04 1.4970300e-01
1.0497586e+04 1.5442300e-01
1.0499790e+04 1.6152801e-01
1.0501995e+04 1.6739300e-01
1.0504202e+04 1.6996799e-01
1.0506409e+04 1.6999200e-01
1.0508617e+04 1.7042100e-01
1.0510826e+04 1.7545199e-01
1.0513036e+04 1.8875501e-01
1.0515247e+04 2.1154800e-01
1.0517459e+04 2.4077800e-01
1.0519672e+04 2.6943600e-01
1.0521885e+04 2.8839099e-01
1.0524100e+04 2.9106101e-01
1.0526316e+04 2.7732801e-01
