3.8000000e+02 3.6819155e-05
3.8100000e+02 2.7528106e-04
3.8200000e+02 1.2000331e-03
3.8300000e+02 0.0000000e+00
3.8400000e+02 0.0000000e+00
3.8500000e+02 3.8763485e-04
3.8600000e+02 0.0000000e+00
3.8700000e+02 4.2477027e-04
3.8800000e+02 4.1102613e-04
3.8900000e+02 4.1102613e-04
3.9000000e+02 3.4641475e-05
3.9100000e+02 0.0000000e+00
3.9200000e+02 0.0000000e+00
3.9300000e+02 1.9945005e-03
3.9400000e+02 0.0000000e+00
3.9500000e+02 0.0000000e+00
3.9600000e+02 1.4142992e-05
3.9700000e+02 0.0000000e+00
3.9800000e+02 1.1900735e-05
3.9900000e+02 0.0000000e+00
4.0000000e+02 7.7133869e-04
4.0100000e+02 0.0000000e+00
4.0200000e+02 1.2021869e-03
4.0300000e+02 8.2205226e-04
4.0400000e+02 0.0000000e+00
4.0500000e+02 2.1724825e-05
4.0600000e+02 3.9687852e-04
4.0700000e+02 0.0000000e+00
4.0800000e+02 4.3931679e-04
4.0900000e+02 0.0000000e+00
4.1000000e+02 1.4746783e-05
4.1100000e+02 0.0000000e+00
4.1200000e+02 0.0000000e+00
4.1300000e+02 1.1935555e-03
4.1400000e+02 0.0000000e+00
4.1500000e+02 0.0000000e+00
4.1600000e+02 0.0000000e+00
4.1700000e+02 0.0000000e+00
4.1800000e+02 4.2626095e-04
4.1900000e+02 0.0000000e+00
4.2000000e+02 0.0000000e+00
4.2100000e+02 7.8844466e-04
4.2200000e+02 0.0000000e+00
4.2300000e+02 0.0000000e+00
4.2400000e+02 0.0000000e+00
4.2500000e+02 3.9981409e-04
4.2600000e+02 1.0349525e-05
4.2700000e+02 0.0000000e+00
4.2800000e+02 0.0000000e+00
4.2900000e+02 3.9606901e-04
4.3000000e+02 0.0000000e+00
4.3100000e+02 0.0000000e+00
4.3200000e+02 3.9721189e-04
4.3300000e+02 5.4751640e-05
4.3400000e+02 4.1102613e-04
4.3500000e+02 1.3835456e-05
4.3600000e+02 1.4083866e-05
4.3700000e+02 0.0000000e+00
4.3800000e+02 3.6547244e-04
4.3900000e+02 0.0000000e+00
4.4000000e+02 8.0252403e-04
4.4100000e+02 3.7873892e-04
4.4200000e+02 0.0000000e+00
4.4300000e+02 0.0000000e+00
4.4400000e+02 2.9269997e-05
4.4500000e+02 0.0000000e+00
4.4600000e+02 4.0021887e-04
4.4700000e+02 3.8544872e-04
4.4800000e+02 1.2185960e-03
4.4900000e+02 3.9145500e-04
4.5000000e+02 3.9892688e-04
4.5100000e+02 0.0000000e+00
4.5200000e+02 8.1189901e-04
4.5300000e+02 1.5927072e-03
4.5400000e+02 8.0475136e-04
4.5500000e+02 0.0000000e+00
4.5600000e+02 0.0000000e+00
4.5700000e+02 0.0000000e+00
4.5800000e+02 0.0000000e+00
4.5900000e+02 3.8858947e-04
4.6000000e+02 3.6710707e-04
4.6100000e+02 1.1783782e-05
4.6200000e+02 8.8370223e-06
4.6300000e+02 0.0000000e+00
4.6400000e+02 4.2124025e-04
4.6500000e+02 0.0000000e+00
4.6600000e+02 0.0000000e+00
4.6700000e+02 1.2330784e-03
4.6800000e+02 4.0300499e-04
4.6900000e+02 3.9795950e-04
4.7000000e+02 3.7667872e-04
4.7100000e+02 0.0000000e+00
4.7200000e+02 7.9693687e-04
4.7300000e+02 0.0000000e+00
4.7400000e+02 0.0000000e+00
4.7500000e+02 3.8762524e-04
4.7600000e+02 4.1102613e-04
4.7700000e+02 0.0000000e+00
4.7800000e+02 3.8125400e-04
4.7900000e+02 0.0000000e+00
4.8000000e+02 3.8322228e-04
4.8100000e+02 4.2024010e-04
4.8200000e+02 4.2017982e-04
4.8300000e+02 8.2205226e-04
4.8400000e+02 0.0000000e+00
4.8500000e+02 4.3153458e-04
4.8600000e+02 0.0000000e+00
4.8700000e+02 3.9919837e-04
4.8800000e+02 1.1944737e-03
4.8900000e+02 4.0369754e-04
4.9000000e+02 7.8742537e-04
4.9100000e+02 1.1928941e-03
4.9200000e+02 7.9861215e-04
4.9300000e+02 0.0000000e+00
4.9400000e+02 8.1346967e-04
4.9500000e+02 1.0710408e-05
4.9600000e+02 8.0979173e-04
4.9700000e+02 4.1102613e-04
4.9800000e+02 0.0000000e+00
4.9900000e+02 1.2043220e-03
5.0000000e+02 0.0000000e+00
5.0100000e+02 8.0953703e-04
5.0200000e+02 4.1102613e-04
5.0300000e+02 0.0000000e+00
5.0400000e+02 0.0000000e+00
5.0500000e+02 0.0000000e+00
5.0600000e+02 0.0000000e+00
5.0700000e+02 0.0000000e+00
5.0800000e+02 0.0000000e+00
5.0900000e+02 0.0000000e+00
5.1000000e+02 7.0393324e-06
5.1100000e+02 1.1974495e-03
5.1200000e+02 0.0000000e+00
5.1300000e+02 7.9784070e-04
5.1400000e+02 0.0000000e+00
5.1500000e+02 4.0604211e-04
5.1600000e+02 0.0000000e+00
5.1700000e+02 0.0000000e+00
5.1800000e+02 0.0000000e+00
5.1900000e+02 0.0000000e+00
5.2000000e+02 0.0000000e+00
5.2100000e+02 1.9792136e-05
5.2200000e+02 1.2792235e-05
5.2300000e+02 0.0000000e+00
5.2400000e+02 1.2330784e-03
5.2500000e+02 0.0000000e+00
5.2600000e+02 0.0000000e+00
5.2700000e+02 8.1447358e-04
5.2800000e+02 0.0000000e+00
5.2900000e+02 0.0000000e+00
5.3000000e+02 4.0072591e-04
5.3100000e+02 4.0608395e-04
5.3200000e+02 0.0000000e+00
5.3300000e+02 1.5955701e-03
5.3400000e+02 3.9142008e-04
5.3500000e+02 0.0000000e+00
5.3600000e+02 0.0000000e+00
5.3700000e+02 0.0000000e+00
5.3800000e+02 0.0000000e+00
5.3900000e+02 0.0000000e+00
5.4000000e+02 8.1813719e-04
5.4100000e+02 4.0402681e-04
5.4200000e+02 6.8011214e-06
5.4300000e+02 4.0411725e-04
5.4400000e+02 0.0000000e+00
5.4500000e+02 2.2384986e-05
5.4600000e+02 0.0000000e+00
5.4700000e+02 0.0000000e+00
5.4800000e+02 0.0000000e+00
5.4900000e+02 0.0000000e+00
5.5000000e+02 4.1102613e-04
5.5100000e+02 0.0000000e+00
5.5200000e+02 0.0000000e+00
5.5300000e+02 0.0000000e+00
5.5400000e+02 0.0000000e+00
5.5500000e+02 0.0000000e+00
5.5600000e+02 0.0000000e+00
5.5700000e+02 0.0000000e+00
5.5800000e+02 0.0000000e+00
5.5900000e+02 4.2483545e-04
5.6000000e+02 4.4055832e-06
5.6100000e+02 0.0000000e+00
5.6200000e+02 0.0000000e+00
5.6300000e+02 0.0000000e+00
5.6400000e+02 0.0000000e+00
5.6500000e+02 0.0000000e+00
5.6600000e+02 4.1771649e-04
5.6700000e+02 7.8344482e-06
5.6800000e+02 0.0000000e+00
5.6900000e+02 0.0000000e+00
5.7000000e+02 0.0000000e+00
5.7100000e+02 0.0000000e+00
5.7200000e+02 4.6578173e-06
5.7300000e+02 0.0000000e+00
5.7400000e+02 4.1102613e-04
5.7500000e+02 0.0000000e+00
5.7600000e+02 1.6703342e-05
5.7700000e+02 0.0000000e+00
5.7800000e+02 8.2708675e-04
5.7900000e+02 4.0618473e-04
5.8000000e+02 4.1102613e-04
5.8100000e+02 0.0000000e+00
5.8200000e+02 8.2205226e-04
5.8300000e+02 0.0000000e+00
5.8400000e+02 4.1102613e-04
5.8500000e+02 8.1631082e-04
5.8600000e+02 0.0000000e+00
5.8700000e+02 4.1485148e-04
5.8800000e+02 2.8153489e-07
5.8900000e+02 0.0000000e+00
5.9000000e+02 0.0000000e+00
5.9100000e+02 0.0000000e+00
5.9200000e+02 4.0840693e-04
5.9300000e+02 0.0000000e+00
5.9400000e+02 0.0000000e+00
5.9500000e+02 0.0000000e+00
5.9600000e+02 0.0000000e+00
5.9700000e+02 1.2277388e-03
5.9800000e+02 4.5021850e-06
5.9900000e+02 0.0000000e+00
6.0000000e+02 7.4997827e-06
6.0100000e+02 1.6346443e-03
6.0200000e+02 1.5961533e-06
6.0300000e+02 0.0000000e+00
6.0400000e+02 1.6463339e-03
6.0500000e+02 4.2065351e-06
6.0600000e+02 8.2161653e-04
6.0700000e+02 0.0000000e+00
6.0800000e+02 0.0000000e+00
6.0900000e+02 0.0000000e+00
6.1000000e+02 3.6992352e-03
6.1100000e+02 9.4466074e-03
6.1200000e+02 2.2651939e-02
6.1300000e+02 4.7669195e-02
6.1400000e+02 8.8428847e-02
6.1500000e+02 1.4756917e-01
6.1600000e+02 2.2004242e-01
6.1700000e+02 3.0553630e-01
6.1800000e+02 4.0486399e-01
6.1900000e+02 5.0938227e-01
6.2000000e+02 5.9707471e-01
6.2100000e+02 6.8379525e-01
6.2200000e+02 7.6814868e-01
6.2300000e+02 8.1794167e-01
6.2400000e+02 8.6471777e-01
6.2500000e+02 9.3187339e-01
6.2600000e+02 9.2664699e-01
6.2700000e+02 9.2133706e-01
6.2800000e+02 9.4314100e-01
6.2900000e+02 9.5549116e-01
6.3000000e+02 9.7446449e-01
6.3100000e+02 1.0000000e+00
6.3200000e+02 9.9701803e-01
6.3300000e+02 9.5549787e-01
6.3400000e+02 9.8274045e-01
6.3500000e+02 9.8618375e-01
6.3600000e+02 9.5519555e-01
6.3700000e+02 9.7501889e-01
6.3800000e+02 9.5911200e-01
6.3900000e+02 9.5353352e-01
6.4000000e+02 9.3855100e-01
6.4100000e+02 9.3298988e-01
6.4200000e+02 9.4026888e-01
6.4300000e+02 9.3916419e-01
6.4400000e+02 9.4912141e-01
6.4500000e+02 9.4079857e-01
6.4600000e+02 9.3810592e-01
6.4700000e+02 9.2997655e-01
6.4800000e+02 9.3055081e-01
6.4900000e+02 9.3120280e-01
6.5000000e+02 9.3812220e-01
6.5100000e+02 9.3157593e-01
6.5200000e+02 9.3213234e-01
6.5300000e+02 9.1901431e-01
6.5400000e+02 9.4762956e-01
6.5500000e+02 9.1968354e-01
6.5600000e+02 9.5200342e-01
6.5700000e+02 9.3621039e-01
6.5800000e+02 9.6243050e-01
6.5900000e+02 9.3660320e-01
6.6000000e+02 9.4240289e-01
6.6100000e+02 9.5637691e-01
6.6200000e+02 9.2648670e-01
6.6300000e+02 9.3626852e-01
6.6400000e+02 9.5041733e-01
6.6500000e+02 9.5603952e-01
6.6600000e+02 9.6575710e-01
6.6700000e+02 9.6496011e-01
6.6800000e+02 9.4739866e-01
6.6900000e+02 9.6482412e-01
6.7000000e+02 9.1042058e-01
6.7100000e+02 8.8260305e-01
6.7200000e+02 8.7918494e-01
6.7300000e+02 8.2831869e-01
6.7400000e+02 7.5867333e-01
6.7500000e+02 6.7087438e-01
6.7600000e+02 5.8265243e-01
6.7700000e+02 4.8338497e-01
6.7800000e+02 4.0114732e-01
6.7900000e+02 3.2273546e-01
6.8000000e+02 2.5656691e-01
6.8100000e+02 1.9819472e-01
6.8200000e+02 1.5137619e-01
6.8300000e+02 1.1516233e-01
6.8400000e+02 8.9237198e-02
6.8500000e+02 6.8658394e-02
6.8600000e+02 5.3030226e-02
6.8700000e+02 3.9909929e-02
6.8800000e+02 3.3290616e-02
6.8900000e+02 2.4665290e-02
6.9000000e+02 1.9729254e-02
6.9100000e+02 1.5991609e-02
6.9200000e+02 1.2715225e-02
6.9300000e+02 7.8619650e-03
6.9400000e+02 6.1504660e-03
6.9500000e+02 6.1607776e-03
6.9600000e+02 2.0971730e-03
6.9700000e+02 3.2882090e-03
6.9800000e+02 8.7640132e-04
6.9900000e+02 9.4843711e-06
7.0000000e+02 1.2131775e-03
7.0100000e+02 3.9645638e-04
7.0200000e+02 4.1102613e-04
7.0300000e+02 9.4979619e-06
7.0400000e+02 3.9832791e-04
7.0500000e+02 1.2174548e-03
7.0600000e+02 4.2741489e-06
7.0700000e+02 4.1717766e-04
7.0800000e+02 3.6273381e-06
7.0900000e+02 8.1037699e-04
7.1000000e+02 4.0308862e-04
7.1100000e+02 4.0721720e-04
7.1200000e+02 0.0000000e+00
7.1300000e+02 4.0855337e-04
7.1400000e+02 0.0000000e+00
7.1500000e+02 4.1102613e-04
7.1600000e+02 0.0000000e+00
7.1700000e+02 2.0346564e-03
7.1800000e+02 0.0000000e+00
7.1900000e+02 4.0014330e-04
7.2000000e+02 0.0000000e+00
7.2100000e+02 0.0000000e+00
7.2200000e+02 4.0769522e-04
7.2300000e+02 8.1561042e-04
7.2400000e+02 0.0000000e+00
7.2500000e+02 0.0000000e+00
7.2600000e+02 0.0000000e+00
7.2700000e+02 0.0000000e+00
7.2800000e+02 0.0000000e+00
7.2900000e+02 4.1102613e-04
7.3000000e+02 1.4569638e-05
7.3100000e+02 0.0000000e+00
7.3200000e+02 1.2061557e-03
7.3300000e+02 3.9244431e-04
7.3400000e+02 1.2142284e-03
7.3500000e+02 0.0000000e+00
7.3600000e+02 0.0000000e+00
7.3700000e+02 0.0000000e+00
7.3800000e+02 4.1102613e-04
7.3900000e+02 5.6282371e-06
7.4000000e+02 4.0166184e-06
7.4100000e+02 3.9351673e-04
7.4200000e+02 0.0000000e+00
7.4300000e+02 8.0090755e-04
7.4400000e+02 4.1891609e-04
7.4500000e+02 1.5133612e-05
7.4600000e+02 0.0000000e+00
7.4700000e+02 0.0000000e+00
7.4800000e+02 3.8915598e-04
7.4900000e+02 1.9012193e-05
7.5000000e+02 0.0000000e+00
7.5100000e+02 8.0170571e-04
7.5200000e+02 8.2205226e-04
7.5300000e+02 0.0000000e+00
7.5400000e+02 0.0000000e+00
7.5500000e+02 0.0000000e+00
7.5600000e+02 0.0000000e+00
7.5700000e+02 0.0000000e+00
7.5800000e+02 0.0000000e+00
7.5900000e+02 4.1102613e-04
7.6000000e+02 0.0000000e+00
7.6100000e+02 0.0000000e+00
7.6200000e+02 0.0000000e+00
7.6300000e+02 0.0000000e+00
7.6400000e+02 8.0210920e-04
7.6500000e+02 3.9578029e-04
7.6600000e+02 4.2236451e-04
7.6700000e+02 0.0000000e+00
7.6800000e+02 8.4541209e-04
7.6900000e+02 8.2548387e-06
7.7000000e+02 1.1897876e-03
7.7100000e+02 8.0177922e-04
7.7200000e+02 8.7692595e-06
7.7300000e+02 0.0000000e+00
7.7400000e+02 0.0000000e+00
7.7500000e+02 8.4207404e-04
7.7600000e+02 0.0000000e+00
7.7700000e+02 1.2169955e-03
7.7800000e+02 4.0281232e-04
7.7900000e+02 0.0000000e+00
7.8000000e+02 3.1162222e-05
7.8100000e+02 0.0000000e+00
7.8200000e+02 0.0000000e+00
7.8300000e+02 0.0000000e+00
7.8400000e+02 8.1264104e-04
7.8500000e+02 0.0000000e+00
7.8600000e+02 0.0000000e+00
7.8700000e+02 0.0000000e+00
7.8800000e+02 2.5694501e-05
7.8900000e+02 1.2236188e-03
7.9000000e+02 0.0000000e+00
7.9100000e+02 7.7929226e-04
7.9200000e+02 0.0000000e+00
7.9300000e+02 0.0000000e+00
7.9400000e+02 4.0280011e-04
7.9500000e+02 1.2425043e-03
7.9600000e+02 3.9029688e-04
7.9700000e+02 3.7724615e-04
7.9800000e+02 4.1102613e-04
7.9900000e+02 7.9876050e-04
8.0000000e+02 0.0000000e+00
8.0100000e+02 4.2189475e-04
8.0200000e+02 4.3097167e-04
8.0300000e+02 4.2859821e-04
8.0400000e+02 0.0000000e+00
8.0500000e+02 0.0000000e+00
8.0600000e+02 1.6151235e-03
8.0700000e+02 2.6588077e-05
8.0800000e+02 2.1222048e-05
8.0900000e+02 7.9453971e-04
8.1000000e+02 0.0000000e+00
8.1100000e+02 0.0000000e+00
8.1200000e+02 4.1102613e-04
8.1300000e+02 0.0000000e+00
8.1400000e+02 0.0000000e+00
8.1500000e+02 7.9547560e-04
8.1600000e+02 4.1102613e-04
8.1700000e+02 2.9362548e-05
8.1800000e+02 0.0000000e+00
8.1900000e+02 0.0000000e+00
8.2000000e+02 0.0000000e+00
8.2100000e+02 0.0000000e+00
8.2200000e+02 0.0000000e+00
8.2300000e+02 1.1984417e-03
8.2400000e+02 0.0000000e+00
8.2500000e+02 3.8372642e-04
8.2600000e+02 0.0000000e+00
8.2700000e+02 3.8136807e-04
8.2800000e+02 3.8765884e-04
8.2900000e+02 7.9275555e-04
8.3000000e+02 0.0000000e+00
8.3100000e+02 1.5924133e-03
8.3200000e+02 7.7742653e-04
8.3300000e+02 0.0000000e+00
8.3400000e+02 7.9944637e-04
8.3500000e+02 0.0000000e+00
8.3600000e+02 7.8502101e-04
8.3700000e+02 1.2595445e-05
8.3800000e+02 0.0000000e+00
8.3900000e+02 0.0000000e+00
8.4000000e+02 0.0000000e+00
8.4100000e+02 1.1860915e-03
8.4200000e+02 3.8240735e-04
8.4300000e+02 0.0000000e+00
8.4400000e+02 0.0000000e+00
8.4500000e+02 2.6827062e-05
8.4600000e+02 0.0000000e+00
8.4700000e+02 0.0000000e+00
8.4800000e+02 8.0625894e-04
8.4900000e+02 7.8651027e-04
8.5000000e+02 3.6988346e-04
8.5100000e+02 1.2181652e-03
8.5200000e+02 3.2251844e-05
8.5300000e+02 0.0000000e+00
8.5400000e+02 3.9992370e-04
8.5500000e+02 0.0000000e+00
8.5600000e+02 4.2781773e-04
8.5700000e+02 4.2714883e-04
8.5800000e+02 0.0000000e+00
8.5900000e+02 0.0000000e+00
8.6000000e+02 0.0000000e+00
8.6100000e+02 4.1102613e-04
8.6200000e+02 0.0000000e+00
8.6300000e+02 0.0000000e+00
8.6400000e+02 1.1918846e-03
8.6500000e+02 0.0000000e+00
8.6600000e+02 4.1102613e-04
8.6700000e+02 0.0000000e+00
8.6800000e+02 0.0000000e+00
8.6900000e+02 0.0000000e+00
8.7000000e+02 4.1102613e-04
8.7100000e+02 0.0000000e+00
8.7200000e+02 0.0000000e+00
8.7300000e+02 0.0000000e+00
8.7400000e+02 8.0472403e-04
8.7500000e+02 0.0000000e+00
8.7600000e+02 3.6716289e-04
8.7700000e+02 0.0000000e+00
8.7800000e+02 1.1830314e-03
8.7900000e+02 0.0000000e+00
8.8000000e+02 0.0000000e+00
8.8100000e+02 0.0000000e+00
8.8200000e+02 0.0000000e+00
8.8300000e+02 0.0000000e+00
8.8400000e+02 0.0000000e+00
8.8500000e+02 0.0000000e+00
8.8600000e+02 1.2650927e-03
8.8700000e+02 3.7771521e-04
8.8800000e+02 0.0000000e+00
8.8900000e+02 3.7797757e-04
8.9000000e+02 3.1815904e-05
8.9100000e+02 8.3699877e-04
8.9200000e+02 0.0000000e+00
8.9300000e+02 0.0000000e+00
8.9400000e+02 0.0000000e+00
8.9500000e+02 3.9771677e-04
8.9600000e+02 7.5664207e-04
8.9700000e+02 0.0000000e+00
8.9800000e+02 0.0000000e+00
8.9900000e+02 1.5745609e-03
9.0000000e+02 0.0000000e+00
9.0100000e+02 7.9374295e-04
9.0200000e+02 1.4911269e-05
9.0300000e+02 7.7609643e-04
9.0400000e+02 1.5514425e-03
9.0500000e+02 1.4876159e-05
9.0600000e+02 0.0000000e+00
9.0700000e+02 0.0000000e+00
9.0800000e+02 3.7621878e-04
9.0900000e+02 4.1102613e-04
9.1000000e+02 7.6955754e-04
9.1100000e+02 1.1677274e-03
9.1200000e+02 0.0000000e+00
9.1300000e+02 0.0000000e+00
9.1400000e+02 3.7625794e-04
9.1500000e+02 1.3229546e-05
9.1600000e+02 3.6727563e-04
9.1700000e+02 0.0000000e+00
9.1800000e+02 3.6374433e-04
9.1900000e+02 0.0000000e+00
9.2000000e+02 0.0000000e+00
9.2100000e+02 0.0000000e+00
9.2200000e+02 4.3029005e-04
9.2300000e+02 3.9349495e-04
9.2400000e+02 7.6042225e-04
9.2500000e+02 7.6524706e-04
9.2600000e+02 0.0000000e+00
9.2700000e+02 8.7839514e-04
9.2800000e+02 3.9589243e-04
9.2900000e+02 7.7058524e-04
9.3000000e+02 0.0000000e+00
9.3100000e+02 0.0000000e+00
9.3200000e+02 0.0000000e+00
9.3300000e+02 8.0758756e-04
9.3400000e+02 3.9694667e-04
9.3500000e+02 3.9181882e-04
9.3600000e+02 7.2970954e-04
9.3700000e+02 0.0000000e+00
9.3800000e+02 0.0000000e+00
9.3900000e+02 0.0000000e+00
9.4000000e+02 1.2014842e-03
9.4100000e+02 0.0000000e+00
9.4200000e+02 0.0000000e+00
9.4300000e+02 0.0000000e+00
9.4400000e+02 3.9293921e-04
9.4500000e+02 0.0000000e+00
9.4600000e+02 3.9716857e-04
9.4700000e+02 2.8289445e-05
9.4800000e+02 3.9144937e-04
9.4900000e+02 5.6637328e-05
9.5000000e+02 0.0000000e+00
9.5100000e+02 0.0000000e+00
9.5200000e+02 0.0000000e+00
9.5300000e+02 0.0000000e+00
9.5400000e+02 0.0000000e+00
9.5500000e+02 3.4455692e-05
9.5600000e+02 1.9401170e-05
9.5700000e+02 0.0000000e+00
9.5800000e+02 0.0000000e+00
9.5900000e+02 3.9381016e-04
9.6000000e+02 0.0000000e+00
9.6100000e+02 0.0000000e+00
9.6200000e+02 3.7739587e-04
9.6300000e+02 7.9034963e-04
9.6400000e+02 0.0000000e+00
9.6500000e+02 4.2948754e-04
9.6600000e+02 0.0000000e+00
9.6700000e+02 3.5440508e-04
9.6800000e+02 3.9513025e-04
9.6900000e+02 0.0000000e+00
9.7000000e+02 0.0000000e+00
9.7100000e+02 1.5078083e-05
9.7200000e+02 0.0000000e+00
9.7300000e+02 0.0000000e+00
9.7400000e+02 1.1694786e-03
9.7500000e+02 4.6588565e-05
9.7600000e+02 0.0000000e+00
9.7700000e+02 0.0000000e+00
9.7800000e+02 0.0000000e+00
9.7900000e+02 4.1102613e-04
9.8000000e+02 0.0000000e+00
9.8100000e+02 7.4451045e-04
9.8200000e+02 0.0000000e+00
9.8300000e+02 7.8827290e-04
9.8400000e+02 0.0000000e+00
9.8500000e+02 0.0000000e+00
9.8600000e+02 0.0000000e+00
9.8700000e+02 4.1102613e-04
9.8800000e+02 1.1636428e-03
9.8900000e+02 0.0000000e+00
9.9000000e+02 4.1102613e-04
9.9100000e+02 0.0000000e+00
9.9200000e+02 0.0000000e+00
9.9300000e+02 1.7334735e-05
9.9400000e+02 0.0000000e+00
9.9500000e+02 0.0000000e+00
9.9600000e+02 0.0000000e+00
9.9700000e+02 0.0000000e+00
9.9800000e+02 0.0000000e+00
9.9900000e+02 7.8886256e-04
1.0000000e+03 0.0000000e+00
1.0010000e+03 3.9115781e-04
1.0020000e+03 0.0000000e+00
1.0030000e+03 3.7957903e-04
1.0040000e+03 0.0000000e+00
1.0050000e+03 3.0574057e-05
1.0060000e+03 7.7082780e-04
1.0070000e+03 3.7166947e-05
1.0080000e+03 0.0000000e+00
1.0090000e+03 0.0000000e+00
1.0100000e+03 0.0000000e+00
1.0110000e+03 1.2524615e-03
1.0120000e+03 0.0000000e+00
1.0130000e+03 8.0559391e-04
1.0140000e+03 0.0000000e+00
1.0150000e+03 0.0000000e+00
1.0160000e+03 7.6389918e-04
1.0170000e+03 0.0000000e+00
1.0180000e+03 7.8607329e-04
1.0190000e+03 3.9194525e-04
1.0200000e+03 3.3225921e-04
1.0210000e+03 7.6265885e-04
1.0220000e+03 1.9232771e-05
1.0230000e+03 3.9267525e-04
1.0240000e+03 3.7743999e-04
1.0250000e+03 0.0000000e+00
1.0260000e+03 3.7507472e-04
1.0270000e+03 0.0000000e+00
1.0280000e+03 3.4304471e-04
1.0290000e+03 0.0000000e+00
1.0300000e+03 0.0000000e+00
1.0310000e+03 1.4618105e-05
1.0320000e+03 2.9211859e-05
1.0330000e+03 4.3048952e-04
1.0340000e+03 1.1388913e-03
1.0350000e+03 4.2836115e-04
1.0360000e+03 3.0293153e-05
1.0370000e+03 3.9293192e-04
1.0380000e+03 8.3695777e-04
1.0390000e+03 0.0000000e+00
1.0400000e+03 3.5709174e-04
1.0410000e+03 0.0000000e+00
1.0420000e+03 0.0000000e+00
1.0430000e+03 1.1949423e-03
1.0440000e+03 1.5711394e-03
1.0450000e+03 4.1102613e-04
1.0460000e+03 0.0000000e+00
1.0470000e+03 1.5891544e-03
1.0480000e+03 4.1102613e-04
1.0490000e+03 0.0000000e+00
1.0500000e+03 1.9249301e-05
1.0510000e+03 1.1752302e-03
1.0520000e+03 3.6576732e-04
1.0530000e+03 3.8117065e-04
1.0540000e+03 3.9666212e-04
1.0550000e+03 0.0000000e+00
1.0560000e+03 0.0000000e+00
1.0570000e+03 3.5289075e-04
1.0580000e+03 0.0000000e+00
1.0590000e+03 2.7925356e-05
1.0600000e+03 0.0000000e+00
1.0610000e+03 1.2167222e-03
1.0620000e+03 0.0000000e+00
1.0630000e+03 4.1102613e-04
1.0640000e+03 0.0000000e+00
1.0650000e+03 3.9588349e-04
1.0660000e+03 3.6942350e-05
1.0670000e+03 7.9007783e-04
1.0680000e+03 0.0000000e+00
1.0690000e+03 0.0000000e+00
1.0700000e+03 3.6212195e-04
1.0710000e+03 1.9865088e-03
1.0720000e+03 3.5021009e-05
1.0730000e+03 7.8790839e-04
1.0740000e+03 7.7334722e-04
1.0750000e+03 0.0000000e+00
1.0760000e+03 7.6818057e-04
1.0770000e+03 0.0000000e+00
1.0780000e+03 0.0000000e+00
1.0790000e+03 0.0000000e+00
1.0800000e+03 0.0000000e+00
1.0810000e+03 0.0000000e+00
1.0820000e+03 0.0000000e+00
1.0830000e+03 0.0000000e+00
1.0840000e+03 0.0000000e+00
1.0850000e+03 0.0000000e+00
1.0860000e+03 7.9336095e-04
1.0870000e+03 0.0000000e+00
1.0880000e+03 7.6700847e-04
1.0890000e+03 0.0000000e+00
1.0900000e+03 0.0000000e+00
1.0910000e+03 0.0000000e+00
1.0920000e+03 0.0000000e+00
1.0930000e+03 0.0000000e+00
1.0940000e+03 1.5795779e-03
1.0950000e+03 0.0000000e+00
1.0960000e+03 0.0000000e+00
1.0970000e+03 0.0000000e+00
1.0980000e+03 0.0000000e+00
1.0990000e+03 0.0000000e+00
1.1000000e+03 0.0000000e+00
