3.8000000e+02 5.2479260e-03
3.8100000e+02 2.5266587e-03
3.8200000e+02 0.0000000e+00
3.8300000e+02 0.0000000e+00
3.8400000e+02 1.1121155e-03
3.8500000e+02 5.4429549e-04
3.8600000e+02 5.1082318e-04
3.8700000e+02 3.6400958e-05
3.8800000e+02 5.4429549e-04
3.8900000e+02 1.0465293e-03
3.9000000e+02 4.5873479e-05
3.9100000e+02 2.6580484e-03
3.9200000e+02 3.6832381e-03
3.9300000e+02 3.6896356e-03
3.9400000e+02 0.0000000e+00
3.9500000e+02 0.0000000e+00
3.9600000e+02 0.0000000e+00
3.9700000e+02 0.0000000e+00
3.9800000e+02 0.0000000e+00
3.9900000e+02 0.0000000e+00
4.0000000e+02 0.0000000e+00
4.0100000e+02 3.3833289e-05
4.0200000e+02 5.0338788e-04
4.0300000e+02 5.2901904e-04
4.0400000e+02 0.0000000e+00
4.0500000e+02 2.6783243e-03
4.0600000e+02 1.0698562e-03
4.0700000e+02 1.1120468e-03
4.0800000e+02 4.8810023e-04
4.0900000e+02 2.6630969e-03
4.1000000e+02 0.0000000e+00
4.1100000e+02 0.0000000e+00
4.1200000e+02 5.4429549e-04
4.1300000e+02 5.2684960e-04
4.1400000e+02 5.5835117e-04
4.1500000e+02 3.9707118e-05
4.1600000e+02 1.0551944e-03
4.1700000e+02 2.6794770e-03
4.1800000e+02 2.1166585e-03
4.1900000e+02 0.0000000e+00
4.2000000e+02 5.7476506e-04
4.2100000e+02 0.0000000e+00
4.2200000e+02 4.0574876e-05
4.2300000e+02 0.0000000e+00
4.2400000e+02 5.4429549e-04
4.2500000e+02 5.1460073e-04
4.2600000e+02 0.0000000e+00
4.2700000e+02 1.0669397e-03
4.2800000e+02 0.0000000e+00
4.2900000e+02 1.5932730e-03
4.3000000e+02 1.8975979e-05
4.3100000e+02 1.1070081e-03
4.3200000e+02 0.0000000e+00
4.3300000e+02 1.5966344e-03
4.3400000e+02 0.0000000e+00
4.3500000e+02 1.0702696e-03
4.3600000e+02 0.0000000e+00
4.3700000e+02 5.0552746e-04
4.3800000e+02 0.0000000e+00
4.3900000e+02 1.6328865e-03
4.4000000e+02 5.1843552e-04
4.4100000e+02 2.6217138e-03
4.4200000e+02 1.5747224e-05
4.4300000e+02 0.0000000e+00
4.4400000e+02 0.0000000e+00
4.4500000e+02 3.6086331e-05
4.4600000e+02 0.0000000e+00
4.4700000e+02 0.0000000e+00
4.4800000e+02 0.0000000e+00
4.4900000e+02 2.5916786e-05
4.5000000e+02 1.5687974e-03
4.5100000e+02 0.0000000e+00
4.5200000e+02 1.3445295e-05
4.5300000e+02 1.0545599e-03
4.5400000e+02 5.7276163e-05
4.5500000e+02 1.6328865e-03
4.5600000e+02 0.0000000e+00
4.5700000e+02 1.0444889e-03
4.5800000e+02 0.0000000e+00
4.5900000e+02 2.9711427e-05
4.6000000e+02 1.0498182e-03
4.6100000e+02 0.0000000e+00
4.6200000e+02 0.0000000e+00
4.6300000e+02 0.0000000e+00
4.6400000e+02 1.5787829e-03
4.6500000e+02 3.8507399e-05
4.6600000e+02 3.2428422e-05
4.6700000e+02 0.0000000e+00
4.6800000e+02 0.0000000e+00
4.6900000e+02 5.6159879e-04
4.7000000e+02 1.6025638e-03
4.7100000e+02 0.0000000e+00
4.7200000e+02 1.0553323e-03
4.7300000e+02 0.0000000e+00
4.7400000e+02 1.0717719e-03
4.7500000e+02 0.0000000e+00
4.7600000e+02 5.7325373e-04
4.7700000e+02 0.0000000e+00
4.7800000e+02 5.5743727e-04
4.7900000e+02 0.0000000e+00
4.8000000e+02 5.6884140e-04
4.8100000e+02 0.0000000e+00
4.8200000e+02 0.0000000e+00
4.8300000e+02 1.2679122e-05
4.8400000e+02 2.1003392e-03
4.8500000e+02 0.0000000e+00
4.8600000e+02 0.0000000e+00
4.8700000e+02 5.5995824e-04
4.8800000e+02 4.7613326e-04
4.8900000e+02 5.4429549e-04
4.9000000e+02 5.5575903e-04
4.9100000e+02 5.5759886e-04
4.9200000e+02 3.1040227e-05
4.9300000e+02 0.0000000e+00
4.9400000e+02 1.0999564e-03
4.9500000e+02 5.4429549e-04
4.9600000e+02 0.0000000e+00
4.9700000e+02 0.0000000e+00
4.9800000e+02 0.0000000e+00
4.9900000e+02 1.6138464e-03
5.0000000e+02 5.1802298e-04
5.0100000e+02 1.0803044e-03
5.0200000e+02 2.4950084e-05
5.0300000e+02 5.2807991e-04
5.0400000e+02 0.0000000e+00
5.0500000e+02 5.7045824e-04
5.0600000e+02 1.6056394e-03
5.0700000e+02 5.3427064e-04
5.0800000e+02 1.1201068e-03
5.0900000e+02 2.2511116e-03
5.1000000e+02 5.5082071e-03
5.1100000e+02 7.8717690e-03
5.1200000e+02 1.8584960e-02
5.1300000e+02 2.4130685e-02
5.1400000e+02 3.7209834e-02
5.1500000e+02 5.7335827e-02
5.1600000e+02 8.1213414e-02
5.1700000e+02 1.1814020e-01
5.1800000e+02 1.6999650e-01
5.1900000e+02 2.2275597e-01
5.2000000e+02 2.8389921e-01
5.2100000e+02 3.5118153e-01
5.2200000e+02 4.1625679e-01
5.2300000e+02 4.8573622e-01
5.2400000e+02 5.3134178e-01
5.2500000e+02 5.8343226e-01
5.2600000e+02 6.1813295e-01
5.2700000e+02 6.5642272e-01
5.2800000e+02 6.6161877e-01
5.2900000e+02 6.9994127e-01
5.3000000e+02 7.0390787e-01
5.3100000e+02 7.0558476e-01
5.3200000e+02 7.3191563e-01
5.3300000e+02 7.4270426e-01
5.3400000e+02 7.4818376e-01
5.3500000e+02 7.5158555e-01
5.3600000e+02 7.7470560e-01
5.3700000e+02 7.9839314e-01
5.3800000e+02 7.7537439e-01
5.3900000e+02 7.8719325e-01
5.4000000e+02 8.1307889e-01
5.4100000e+02 7.9539597e-01
5.4200000e+02 8.2576323e-01
5.4300000e+02 8.1780616e-01
5.4400000e+02 8.5938878e-01
5.4500000e+02 8.2799286e-01
5.4600000e+02 8.5981962e-01
5.4700000e+02 8.6197113e-01
5.4800000e+02 8.6447338e-01
5.4900000e+02 8.8279883e-01
5.5000000e+02 8.7692929e-01
5.5100000e+02 8.9535127e-01
5.5200000e+02 8.9692998e-01
5.5300000e+02 8.8522553e-01
5.5400000e+02 9.2188151e-01
5.5500000e+02 9.4139243e-01
5.5600000e+02 9.5336039e-01
5.5700000e+02 9.7753373e-01
5.5800000e+02 9.6700968e-01
5.5900000e+02 9.7875050e-01
5.6000000e+02 9.7388228e-01
5.6100000e+02 9.8587484e-01
5.6200000e+02 9.6813979e-01
5.6300000e+02 1.0000000e+00
5.6400000e+02 9.6233046e-01
5.6500000e+02 9.8348660e-01
5.6600000e+02 9.9272182e-01
5.6700000e+02 9.5328334e-01
5.6800000e+02 9.3495605e-01
5.6900000e+02 9.0251698e-01
5.7000000e+02 8.5590569e-01
5.7100000e+02 7.3093961e-01
5.7200000e+02 6.4304729e-01
5.7300000e+02 5.2505869e-01
5.7400000e+02 4.1649563e-01
5.7500000e+02 3.3624635e-01
5.7600000e+02 2.5261685e-01
5.7700000e+02 1.8592208e-01
5.7800000e+02 1.3882630e-01
5.7900000e+02 1.0058781e-01
5.8000000e+02 7.7528870e-02
5.8100000e+02 5.1667971e-02
5.8200000e+02 4.1177961e-02
5.8300000e+02 3.5287054e-02
5.8400000e+02 2.2849996e-02
5.8500000e+02 1.5194656e-02
5.8600000e+02 1.9525410e-02
5.8700000e+02 8.1467026e-03
5.8800000e+02 4.8982866e-03
5.8900000e+02 3.2882577e-03
5.9000000e+02 1.6269343e-03
5.9100000e+02 2.6898253e-03
5.9200000e+02 2.7041353e-03
5.9300000e+02 1.0859293e-03
5.9400000e+02 0.0000000e+00
5.9500000e+02 0.0000000e+00
5.9600000e+02 1.0885910e-03
5.9700000e+02 0.0000000e+00
5.9800000e+02 1.6269245e-03
5.9900000e+02 1.0848078e-03
6.0000000e+02 5.3932975e-04
6.0100000e+02 1.0760634e-03
6.0200000e+02 0.0000000e+00
6.0300000e+02 0.0000000e+00
6.0400000e+02 0.0000000e+00
6.0500000e+02 0.0000000e+00
6.0600000e+02 1.0885910e-03
6.0700000e+02 0.0000000e+00
6.0800000e+02 0.0000000e+00
6.0900000e+02 5.4382708e-04
6.1000000e+02 5.3564393e-04
6.1100000e+02 1.0866065e-03
6.1200000e+02 0.0000000e+00
6.1300000e+02 0.0000000e+00
6.1400000e+02 0.0000000e+00
6.1500000e+02 1.0208407e-06
6.1600000e+02 0.0000000e+00
6.1700000e+02 1.8321731e-05
6.1800000e+02 0.0000000e+00
6.1900000e+02 0.0000000e+00
6.2000000e+02 5.3410210e-04
6.2100000e+02 0.0000000e+00
6.2200000e+02 1.0855783e-03
6.2300000e+02 2.1650527e-07
6.2400000e+02 1.6328865e-03
6.2500000e+02 0.0000000e+00
6.2600000e+02 5.3969919e-04
6.2700000e+02 0.0000000e+00
6.2800000e+02 0.0000000e+00
6.2900000e+02 3.7542709e-06
6.3000000e+02 5.4547617e-04
6.3100000e+02 1.0881123e-03
6.3200000e+02 0.0000000e+00
6.3300000e+02 1.0832987e-03
6.3400000e+02 0.0000000e+00
6.3500000e+02 5.4646847e-04
6.3600000e+02 0.0000000e+00
6.3700000e+02 0.0000000e+00
6.3800000e+02 0.0000000e+00
6.3900000e+02 5.4307256e-04
6.4000000e+02 0.0000000e+00
6.4100000e+02 0.0000000e+00
6.4200000e+02 5.4429549e-04
6.4300000e+02 5.4429549e-04
6.4400000e+02 5.4910883e-04
6.4500000e+02 5.4429549e-04
6.4600000e+02 3.0449812e-06
6.4700000e+02 1.0968948e-03
6.4800000e+02 0.0000000e+00
6.4900000e+02 0.0000000e+00
6.5000000e+02 0.0000000e+00
6.5100000e+02 0.0000000e+00
6.5200000e+02 3.2614282e-03
6.5300000e+02 0.0000000e+00
6.5400000e+02 1.0872344e-03
6.5500000e+02 5.4010702e-04
6.5600000e+02 4.7716872e-06
6.5700000e+02 5.3956673e-04
6.5800000e+02 1.0885910e-03
6.5900000e+02 0.0000000e+00
6.6000000e+02 2.1751311e-03
6.6100000e+02 2.1861296e-06
6.6200000e+02 5.5761616e-04
6.6300000e+02 5.3470211e-04
6.6400000e+02 0.0000000e+00
6.6500000e+02 0.0000000e+00
6.6600000e+02 1.0766130e-03
6.6700000e+02 5.4735152e-04
6.6800000e+02 0.0000000e+00
6.6900000e+02 1.0792251e-03
6.7000000e+02 5.4516312e-04
6.7100000e+02 5.5412896e-04
6.7200000e+02 5.4426016e-04
6.7300000e+02 7.6457104e-06
6.7400000e+02 1.0815399e-03
6.7500000e+02 0.0000000e+00
6.7600000e+02 0.0000000e+00
6.7700000e+02 0.0000000e+00
6.7800000e+02 5.4401303e-04
6.7900000e+02 0.0000000e+00
6.8000000e+02 5.3774167e-04
6.8100000e+02 1.3840445e-05
6.8200000e+02 5.5512437e-04
6.8300000e+02 5.3260839e-04
6.8400000e+02 5.8966260e-06
6.8500000e+02 0.0000000e+00
6.8600000e+02 2.6006255e-05
6.8700000e+02 1.6150558e-03
6.8800000e+02 0.0000000e+00
6.8900000e+02 3.2858751e-06
6.9000000e+02 2.5470616e-05
6.9100000e+02 0.0000000e+00
6.9200000e+02 0.0000000e+00
6.9300000e+02 1.0786652e-03
6.9400000e+02 1.0885910e-03
6.9500000e+02 2.1710716e-03
6.9600000e+02 7.9534361e-06
6.9700000e+02 3.8065716e-06
6.9800000e+02 5.2830194e-04
6.9900000e+02 1.0917309e-03
7.0000000e+02 1.0820026e-03
7.0100000e+02 1.5942989e-03
7.0200000e+02 1.0925176e-03
7.0300000e+02 1.6203089e-03
7.0400000e+02 1.6244788e-03
7.0500000e+02 1.5811631e-03
7.0600000e+02 8.4899712e-06
7.0700000e+02 0.0000000e+00
7.0800000e+02 1.0837875e-03
7.0900000e+02 1.6174257e-03
7.1000000e+02 0.0000000e+00
7.1100000e+02 1.0835471e-03
7.1200000e+02 1.3148779e-05
7.1300000e+02 1.0885910e-03
7.1400000e+02 5.6578600e-04
7.1500000e+02 1.6239440e-03
7.1600000e+02 1.0681246e-03
7.1700000e+02 9.0375883e-06
7.1800000e+02 0.0000000e+00
7.1900000e+02 5.3708978e-04
7.2000000e+02 0.0000000e+00
7.2100000e+02 1.0885910e-03
7.2200000e+02 5.3988458e-04
7.2300000e+02 1.6158255e-03
7.2400000e+02 0.0000000e+00
7.2500000e+02 0.0000000e+00
7.2600000e+02 0.0000000e+00
7.2700000e+02 1.0759308e-03
7.2800000e+02 0.0000000e+00
7.2900000e+02 5.4429549e-04
7.3000000e+02 5.8288277e-04
7.3100000e+02 0.0000000e+00
7.3200000e+02 1.1884013e-05
7.3300000e+02 0.0000000e+00
7.3400000e+02 5.3181458e-04
7.3500000e+02 0.0000000e+00
7.3600000e+02 1.6097710e-03
7.3700000e+02 0.0000000e+00
7.3800000e+02 0.0000000e+00
7.3900000e+02 5.5174861e-04
7.4000000e+02 5.3897654e-04
7.4100000e+02 0.0000000e+00
7.4200000e+02 1.6242856e-03
7.4300000e+02 1.0605904e-03
7.4400000e+02 1.0885910e-03
7.4500000e+02 0.0000000e+00
7.4600000e+02 2.1424213e-05
7.4700000e+02 1.6089949e-03
7.4800000e+02 5.5394924e-04
7.4900000e+02 5.4429549e-04
7.5000000e+02 0.0000000e+00
7.5100000e+02 1.6149241e-03
7.5200000e+02 0.0000000e+00
7.5300000e+02 1.2591184e-05
7.5400000e+02 2.1355077e-03
7.5500000e+02 5.0066784e-04
7.5600000e+02 0.0000000e+00
7.5700000e+02 0.0000000e+00
7.5800000e+02 0.0000000e+00
7.5900000e+02 4.8748485e-04
7.6000000e+02 0.0000000e+00
7.6100000e+02 1.1378263e-05
7.6200000e+02 0.0000000e+00
7.6300000e+02 5.1320428e-04
7.6400000e+02 2.6409306e-05
7.6500000e+02 3.0283616e-05
7.6600000e+02 5.2928081e-04
7.6700000e+02 1.0885910e-03
7.6800000e+02 0.0000000e+00
7.6900000e+02 1.1104537e-03
7.7000000e+02 1.4331786e-05
7.7100000e+02 2.6846284e-05
7.7200000e+02 5.6752063e-04
7.7300000e+02 1.0747790e-03
7.7400000e+02 4.7063415e-05
7.7500000e+02 1.0620774e-03
7.7600000e+02 5.3432571e-04
7.7700000e+02 0.0000000e+00
7.7800000e+02 5.5517251e-04
7.7900000e+02 5.2285160e-04
7.8000000e+02 5.6492856e-04
7.8100000e+02 1.0792719e-03
7.8200000e+02 6.0957663e-04
7.8300000e+02 0.0000000e+00
7.8400000e+02 5.6922083e-04
7.8500000e+02 1.5924115e-03
7.8600000e+02 0.0000000e+00
7.8700000e+02 1.0645782e-03
7.8800000e+02 5.4429549e-04
7.8900000e+02 0.0000000e+00
7.9000000e+02 3.3153459e-05
7.9100000e+02 1.0885910e-03
7.9200000e+02 5.2981019e-04
7.9300000e+02 5.6143101e-04
7.9400000e+02 0.0000000e+00
7.9500000e+02 5.6925986e-04
7.9600000e+02 5.5802070e-04
7.9700000e+02 5.5920638e-04
7.9800000e+02 0.0000000e+00
7.9900000e+02 5.5971738e-04
8.0000000e+02 0.0000000e+00
8.0100000e+02 0.0000000e+00
8.0200000e+02 5.5750179e-04
8.0300000e+02 5.4429549e-04
8.0400000e+02 5.4429549e-04
8.0500000e+02 0.0000000e+00
8.0600000e+02 5.3150295e-04
8.0700000e+02 5.4429549e-04
8.0800000e+02 0.0000000e+00
8.0900000e+02 0.0000000e+00
8.1000000e+02 2.1226696e-03
8.1100000e+02 5.9486465e-04
8.1200000e+02 1.0421681e-03
8.1300000e+02 5.4429549e-04
8.1400000e+02 1.0722729e-03
8.1500000e+02 0.0000000e+00
8.1600000e+02 0.0000000e+00
8.1700000e+02 1.0302666e-03
8.1800000e+02 5.4429549e-04
8.1900000e+02 0.0000000e+00
8.2000000e+02 5.0577817e-04
8.2100000e+02 5.2605703e-04
8.2200000e+02 2.6711680e-03
8.2300000e+02 5.5958454e-04
8.2400000e+02 1.5941996e-03
8.2500000e+02 1.0885910e-03
8.2600000e+02 0.0000000e+00
8.2700000e+02 0.0000000e+00
8.2800000e+02 0.0000000e+00
8.2900000e+02 1.9397874e-05
8.3000000e+02 0.0000000e+00
8.3100000e+02 1.5986608e-03
8.3200000e+02 0.0000000e+00
8.3300000e+02 1.3488624e-05
8.3400000e+02 0.0000000e+00
8.3500000e+02 1.5876541e-05
8.3600000e+02 5.2794946e-04
8.3700000e+02 5.2761616e-04
8.3800000e+02 0.0000000e+00
8.3900000e+02 1.0731073e-03
8.4000000e+02 0.0000000e+00
8.4100000e+02 0.0000000e+00
8.4200000e+02 0.0000000e+00
8.4300000e+02 6.2522964e-04
8.4400000e+02 0.0000000e+00
8.4500000e+02 3.5525355e-05
8.4600000e+02 1.6190462e-03
8.4700000e+02 0.0000000e+00
8.4800000e+02 1.0467628e-03
8.4900000e+02 2.1458047e-03
8.5000000e+02 3.2112904e-03
8.5100000e+02 5.2454691e-04
8.5200000e+02 0.0000000e+00
8.5300000e+02 8.8033847e-05
8.5400000e+02 5.0018878e-04
8.5500000e+02 3.1779006e-03
8.5600000e+02 1.5884144e-03
8.5700000e+02 6.4050766e-05
8.5800000e+02 5.2395463e-04
8.5900000e+02 5.0796958e-04
8.6000000e+02 0.0000000e+00
8.6100000e+02 0.0000000e+00
8.6200000e+02 0.0000000e+00
8.6300000e+02 4.9933421e-04
8.6400000e+02 6.1702921e-04
8.6500000e+02 5.4429549e-04
8.6600000e+02 5.2751963e-04
8.6700000e+02 5.6324445e-04
8.6800000e+02 1.0467135e-03
8.6900000e+02 4.4943792e-05
8.7000000e+02 0.0000000e+00
8.7100000e+02 5.2853196e-04
8.7200000e+02 0.0000000e+00
8.7300000e+02 1.6017893e-03
8.7400000e+02 0.0000000e+00
8.7500000e+02 1.0244612e-03
8.7600000e+02 2.0997349e-03
8.7700000e+02 5.2740613e-04
8.7800000e+02 6.6273983e-05
8.7900000e+02 0.0000000e+00
8.8000000e+02 1.6328865e-03
8.8100000e+02 0.0000000e+00
8.8200000e+02 2.1593307e-05
8.8300000e+02 0.0000000e+00
8.8400000e+02 2.1396850e-03
8.8500000e+02 1.0885910e-03
8.8600000e+02 5.0190105e-04
8.8700000e+02 0.0000000e+00
8.8800000e+02 0.0000000e+00
8.8900000e+02 5.0053141e-04
8.9000000e+02 0.0000000e+00
8.9100000e+02 3.9585427e-05
8.9200000e+02 3.6438356e-05
8.9300000e+02 0.0000000e+00
8.9400000e+02 1.0677631e-03
8.9500000e+02 0.0000000e+00
8.9600000e+02 1.0452817e-03
8.9700000e+02 1.0361546e-03
8.9800000e+02 1.0273736e-03
8.9900000e+02 0.0000000e+00
9.0000000e+02 1.7555271e-05
9.0100000e+02 0.0000000e+00
9.0200000e+02 1.0490989e-03
9.0300000e+02 0.0000000e+00
9.0400000e+02 6.1353145e-05
9.0500000e+02 0.0000000e+00
9.0600000e+02 0.0000000e+00
9.0700000e+02 0.0000000e+00
9.0800000e+02 0.0000000e+00
9.0900000e+02 0.0000000e+00
9.1000000e+02 0.0000000e+00
9.1100000e+02 1.0453210e-03
9.1200000e+02 1.5450776e-03
9.1300000e+02 0.0000000e+00
9.1400000e+02 2.0390582e-03
9.1500000e+02 1.0885910e-03
9.1600000e+02 4.8635952e-04
9.1700000e+02 0.0000000e+00
9.1800000e+02 1.0468495e-03
9.1900000e+02 5.2340136e-04
9.2000000e+02 2.0536796e-05
9.2100000e+02 5.0565365e-04
9.2200000e+02 2.6704575e-03
9.2300000e+02 2.6750466e-03
9.2400000e+02 1.0477847e-03
9.2500000e+02 0.0000000e+00
9.2600000e+02 0.0000000e+00
9.2700000e+02 0.0000000e+00
9.2800000e+02 0.0000000e+00
9.2900000e+02 4.5436305e-05
9.3000000e+02 7.4227440e-05
9.3100000e+02 0.0000000e+00
9.3200000e+02 0.0000000e+00
9.3300000e+02 0.0000000e+00
9.3400000e+02 1.8644524e-05
9.3500000e+02 0.0000000e+00
9.3600000e+02 1.0152209e-03
9.3700000e+02 1.1337608e-03
9.3800000e+02 5.6422315e-04
9.3900000e+02 4.9578117e-04
9.4000000e+02 0.0000000e+00
9.4100000e+02 5.1996136e-04
9.4200000e+02 1.9940892e-05
9.4300000e+02 4.4831742e-05
9.4400000e+02 2.3951342e-05
9.4500000e+02 1.0885910e-03
9.4600000e+02 0.0000000e+00
9.4700000e+02 0.0000000e+00
9.4800000e+02 4.9244700e-04
9.4900000e+02 1.5328849e-03
9.5000000e+02 5.4429549e-04
9.5100000e+02 4.2053061e-03
9.5200000e+02 0.0000000e+00
9.5300000e+02 0.0000000e+00
9.5400000e+02 5.4429549e-04
9.5500000e+02 0.0000000e+00
9.5600000e+02 2.5691722e-05
9.5700000e+02 1.5929685e-03
9.5800000e+02 5.0145868e-04
9.5900000e+02 4.7590148e-04
9.6000000e+02 0.0000000e+00
9.6100000e+02 0.0000000e+00
9.6200000e+02 2.2267193e-05
9.6300000e+02 1.0256184e-03
9.6400000e+02 0.0000000e+00
9.6500000e+02 2.1038402e-03
9.6600000e+02 1.5483755e-03
9.6700000e+02 2.4993206e-05
9.6800000e+02 0.0000000e+00
9.6900000e+02 0.0000000e+00
9.7000000e+02 0.0000000e+00
9.7100000e+02 5.2432856e-04
9.7200000e+02 0.0000000e+00
9.7300000e+02 5.2287795e-04
9.7400000e+02 5.6535076e-04
9.7500000e+02 1.0680262e-03
9.7600000e+02 5.9676095e-04
9.7700000e+02 0.0000000e+00
9.7800000e+02 2.1636455e-05
9.7900000e+02 5.2218995e-05
9.8000000e+02 0.0000000e+00
9.8100000e+02 4.6728277e-04
9.8200000e+02 1.0683563e-03
9.8300000e+02 2.2365914e-05
9.8400000e+02 2.1056415e-03
9.8500000e+02 7.3432554e-05
9.8600000e+02 5.4429549e-04
9.8700000e+02 1.0164610e-03
9.8800000e+02 0.0000000e+00
9.8900000e+02 1.0464575e-03
9.9000000e+02 1.0885910e-03
9.9100000e+02 2.3451913e-05
9.9200000e+02 0.0000000e+00
9.9300000e+02 0.0000000e+00
9.9400000e+02 0.0000000e+00
9.9500000e+02 1.0283326e-03
9.9600000e+02 0.0000000e+00
9.9700000e+02 1.5656406e-03
9.9800000e+02 5.4429549e-04
9.9900000e+02 5.6627099e-04
1.0000000e+03 0.0000000e+00
1.0010000e+03 1.5276451e-03
1.0020000e+03 2.0822294e-03
1.0030000e+03 5.4429549e-04
1.0040000e+03 1.5097936e-03
1.0050000e+03 0.0000000e+00
1.0060000e+03 2.2611087e-05
1.0070000e+03 1.0393732e-03
1.0080000e+03 5.6997982e-04
1.0090000e+03 5.2765334e-05
1.0100000e+03 1.5540509e-03
1.0110000e+03 5.1862764e-04
1.0120000e+03 1.0885910e-03
1.0130000e+03 0.0000000e+00
1.0140000e+03 5.2612245e-05
1.0150000e+03 0.0000000e+00
1.0160000e+03 1.0308347e-03
1.0170000e+03 0.0000000e+00
1.0180000e+03 5.9194013e-04
1.0190000e+03 0.0000000e+00
1.0200000e+03 5.1821900e-04
1.0210000e+03 0.0000000e+00
1.0220000e+03 0.0000000e+00
1.0230000e+03 0.0000000e+00
1.0240000e+03 0.0000000e+00
1.0250000e+03 0.0000000e+00
1.0260000e+03 0.0000000e+00
1.0270000e+03 0.0000000e+00
1.0280000e+03 0.0000000e+00
1.0290000e+03 0.0000000e+00
1.0300000e+03 0.0000000e+00
1.0310000e+03 0.0000000e+00
1.0320000e+03 0.0000000e+00
1.0330000e+03 0.0000000e+00
1.0340000e+03 0.0000000e+00
1.0350000e+03 0.0000000e+00
1.0360000e+03 0.0000000e+00
1.0370000e+03 0.0000000e+00
1.0380000e+03 0.0000000e+00
1.0390000e+03 0.0000000e+00
1.0400000e+03 0.0000000e+00
1.0410000e+03 0.0000000e+00
1.0420000e+03 0.0000000e+00
1.0430000e+03 0.0000000e+00
1.0440000e+03 0.0000000e+00
1.0450000e+03 0.0000000e+00
1.0460000e+03 0.0000000e+00
1.0470000e+03 0.0000000e+00
1.0480000e+03 0.0000000e+00
1.0490000e+03 0.0000000e+00
1.0500000e+03 0.0000000e+00
1.0510000e+03 0.0000000e+00
1.0520000e+03 0.0000000e+00
1.0530000e+03 0.0000000e+00
1.0540000e+03 0.0000000e+00
1.0550000e+03 0.0000000e+00
1.0560000e+03 0.0000000e+00
1.0570000e+03 0.0000000e+00
1.0580000e+03 0.0000000e+00
1.0590000e+03 0.0000000e+00
1.0600000e+03 0.0000000e+00
1.0610000e+03 0.0000000e+00
1.0620000e+03 0.0000000e+00
1.0630000e+03 0.0000000e+00
1.0640000e+03 0.0000000e+00
1.0650000e+03 0.0000000e+00
1.0660000e+03 0.0000000e+00
1.0670000e+03 0.0000000e+00
1.0680000e+03 0.0000000e+00
1.0690000e+03 0.0000000e+00
1.0700000e+03 0.0000000e+00
1.0710000e+03 0.0000000e+00
1.0720000e+03 0.0000000e+00
1.0730000e+03 0.0000000e+00
1.0740000e+03 0.0000000e+00
1.0750000e+03 0.0000000e+00
1.0760000e+03 0.0000000e+00
1.0770000e+03 0.0000000e+00
1.0780000e+03 0.0000000e+00
1.0790000e+03 0.0000000e+00
1.0800000e+03 0.0000000e+00
1.0810000e+03 0.0000000e+00
1.0820000e+03 0.0000000e+00
1.0830000e+03 0.0000000e+00
1.0840000e+03 0.0000000e+00
1.0850000e+03 0.0000000e+00
1.0860000e+03 0.0000000e+00
1.0870000e+03 0.0000000e+00
1.0880000e+03 0.0000000e+00
1.0890000e+03 0.0000000e+00
1.0900000e+03 0.0000000e+00
1.0910000e+03 0.0000000e+00
1.0920000e+03 0.0000000e+00
1.0930000e+03 0.0000000e+00
1.0940000e+03 0.0000000e+00
1.0950000e+03 0.0000000e+00
1.0960000e+03 0.0000000e+00
1.0970000e+03 0.0000000e+00
1.0980000e+03 0.0000000e+00
1.0990000e+03 0.0000000e+00
1.1000000e+03 0.0000000e+00
