3.8000000e+02 2.0563069e-03
3.8100000e+02 7.1095708e-04
3.8200000e+02 0.0000000e+00
3.8300000e+02 0.0000000e+00
3.8400000e+02 0.0000000e+00
3.8500000e+02 0.0000000e+00
3.8600000e+02 0.0000000e+00
3.8700000e+02 0.0000000e+00
3.8800000e+02 2.0763757e-03
3.8900000e+02 0.0000000e+00
3.9000000e+02 0.0000000e+00
3.9100000e+02 0.0000000e+00
3.9200000e+02 2.0810657e-03
3.9300000e+02 0.0000000e+00
3.9400000e+02 2.1527261e-03
3.9500000e+02 0.0000000e+00
3.9600000e+02 0.0000000e+00
3.9700000e+02 1.9810050e-03
3.9800000e+02 0.0000000e+00
3.9900000e+02 2.1527261e-03
4.0000000e+02 0.0000000e+00
4.0100000e+02 0.0000000e+00
4.0200000e+02 2.0718298e-03
4.0300000e+02 0.0000000e+00
4.0400000e+02 2.0766613e-03
4.0500000e+02 2.1527261e-03
4.0600000e+02 0.0000000e+00
4.0700000e+02 0.0000000e+00
4.0800000e+02 7.4085373e-05
4.0900000e+02 2.0372764e-03
4.1000000e+02 0.0000000e+00
4.1100000e+02 0.0000000e+00
4.1200000e+02 8.3297724e-05
4.1300000e+02 1.3799940e-04
4.1400000e+02 0.0000000e+00
4.1500000e+02 0.0000000e+00
4.1600000e+02 6.6042993e-05
4.1700000e+02 0.0000000e+00
4.1800000e+02 0.0000000e+00
4.1900000e+02 2.0830728e-03
4.2000000e+02 0.0000000e+00
4.2100000e+02 2.0647171e-03
4.2200000e+02 2.1527261e-03
4.2300000e+02 0.0000000e+00
4.2400000e+02 6.5136097e-05
4.2500000e+02 5.8722408e-05
4.2600000e+02 0.0000000e+00
4.2700000e+02 0.0000000e+00
4.2800000e+02 8.1579378e-05
4.2900000e+02 0.0000000e+00
4.3000000e+02 7.5051300e-05
4.3100000e+02 0.0000000e+00
4.3200000e+02 2.0803748e-03
4.3300000e+02 0.0000000e+00
4.3400000e+02 7.1968885e-05
4.3500000e+02 0.0000000e+00
4.3600000e+02 2.1527261e-03
4.3700000e+02 2.0760609e-03
4.3800000e+02 2.1527261e-03
4.3900000e+02 8.2195842e-05
4.4000000e+02 5.1138996e-05
4.4100000e+02 0.0000000e+00
4.4200000e+02 6.2281353e-05
4.4300000e+02 0.0000000e+00
4.4400000e+02 0.0000000e+00
4.4500000e+02 2.1051514e-03
4.4600000e+02 0.0000000e+00
4.4700000e+02 0.0000000e+00
4.4800000e+02 2.1527261e-03
4.4900000e+02 0.0000000e+00
4.5000000e+02 0.0000000e+00
4.5100000e+02 0.0000000e+00
4.5200000e+02 0.0000000e+00
4.5300000e+02 2.0854285e-03
4.5400000e+02 2.0621136e-03
4.5500000e+02 6.1375390e-05
4.5600000e+02 0.0000000e+00
4.5700000e+02 2.1527261e-03
4.5800000e+02 0.0000000e+00
4.5900000e+02 2.1527261e-03
4.6000000e+02 2.1527261e-03
4.6100000e+02 0.0000000e+00
4.6200000e+02 2.1064426e-03
4.6300000e+02 0.0000000e+00
4.6400000e+02 2.0992302e-03
4.6500000e+02 0.0000000e+00
4.6600000e+02 0.0000000e+00
4.6700000e+02 0.0000000e+00
4.6800000e+02 4.2010278e-05
4.6900000e+02 0.0000000e+00
4.7000000e+02 2.0927619e-03
4.7100000e+02 5.1041712e-05
4.7200000e+02 2.1088792e-03
4.7300000e+02 0.0000000e+00
4.7400000e+02 2.0862053e-03
4.7500000e+02 0.0000000e+00
4.7600000e+02 2.0954601e-03
4.7700000e+02 0.0000000e+00
4.7800000e+02 0.0000000e+00
4.7900000e+02 4.9504524e-05
4.8000000e+02 2.1041857e-03
4.8100000e+02 2.0562108e-03
4.8200000e+02 2.1047841e-03
4.8300000e+02 0.0000000e+00
4.8400000e+02 2.0514198e-03
4.8500000e+02 5.3705931e-05
4.8600000e+02 0.0000000e+00
4.8700000e+02 2.1527261e-03
4.8800000e+02 2.1527261e-03
4.8900000e+02 0.0000000e+00
4.9000000e+02 2.1073870e-03
4.9100000e+02 0.0000000e+00
4.9200000e+02 0.0000000e+00
4.9300000e+02 0.0000000e+00
4.9400000e+02 2.1077753e-03
4.9500000e+02 0.0000000e+00
4.9600000e+02 0.0000000e+00
4.9700000e+02 2.1080877e-03
4.9800000e+02 0.0000000e+00
4.9900000e+02 0.0000000e+00
5.0000000e+02 2.1527261e-03
5.0100000e+02 0.0000000e+00
5.0200000e+02 0.0000000e+00
5.0300000e+02 0.0000000e+00
5.0400000e+02 0.0000000e+00
5.0500000e+02 4.2364685e-03
5.0600000e+02 5.3882054e-05
5.0700000e+02 0.0000000e+00
5.0800000e+02 0.0000000e+00
5.0900000e+02 4.8732814e-05
5.1000000e+02 3.6868104e-05
5.1100000e+02 0.0000000e+00
5.1200000e+02 5.2018176e-05
5.1300000e+02 0.0000000e+00
5.1400000e+02 0.0000000e+00
5.1500000e+02 2.1266225e-03
5.1600000e+02 5.5344145e-05
5.1700000e+02 2.0543007e-03
5.1800000e+02 0.0000000e+00
5.1900000e+02 0.0000000e+00
5.2000000e+02 7.5237822e-05
5.2100000e+02 0.0000000e+00
5.2200000e+02 2.1192268e-03
5.2300000e+02 0.0000000e+00
5.2400000e+02 0.0000000e+00
5.2500000e+02 2.1181136e-03
5.2600000e+02 2.1527261e-03
5.2700000e+02 0.0000000e+00
5.2800000e+02 2.1527261e-03
5.2900000e+02 0.0000000e+00
5.3000000e+02 0.0000000e+00
5.3100000e+02 0.0000000e+00
5.3200000e+02 0.0000000e+00
5.3300000e+02 4.2366046e-05
5.3400000e+02 0.0000000e+00
5.3500000e+02 0.0000000e+00
5.3600000e+02 0.0000000e+00
5.3700000e+02 2.1037271e-03
5.3800000e+02 2.7101585e-05
5.3900000e+02 2.1106592e-03
5.4000000e+02 2.1322211e-03
5.4100000e+02 2.1160675e-03
5.4200000e+02 4.2698316e-03
5.4300000e+02 4.2330824e-03
5.4400000e+02 1.8480587e-05
5.4500000e+02 1.0685470e-02
5.4600000e+02 8.7063031e-03
5.4700000e+02 1.5113941e-02
5.4800000e+02 2.3810397e-02
5.4900000e+02 4.1022021e-02
5.5000000e+02 5.8712484e-02
5.5100000e+02 9.7536006e-02
5.5200000e+02 1.5361768e-01
5.5300000e+02 2.4383238e-01
5.5400000e+02 3.4644009e-01
5.5500000e+02 4.8190049e-01
5.5600000e+02 6.2782984e-01
5.5700000e+02 7.0541445e-01
5.5800000e+02 7.9310901e-01
5.5900000e+02 8.3617383e-01
5.6000000e+02 8.4041690e-01
5.6100000e+02 8.3425237e-01
5.6200000e+02 8.7265534e-01
5.6300000e+02 8.8811358e-01
5.6400000e+02 8.8981638e-01
5.6500000e+02 9.0706712e-01
5.6600000e+02 9.0162655e-01
5.6700000e+02 8.6769369e-01
5.6800000e+02 9.3687351e-01
5.6900000e+02 9.2908368e-01
5.7000000e+02 1.0000000e+00
5.7100000e+02 9.8936987e-01
5.7200000e+02 9.7141614e-01
5.7300000e+02 9.5279443e-01
5.7400000e+02 9.9086729e-01
5.7500000e+02 9.6237315e-01
5.7600000e+02 8.2493149e-01
5.7700000e+02 7.0383291e-01
5.7800000e+02 5.4868146e-01
5.7900000e+02 3.5944609e-01
5.8000000e+02 2.3873299e-01
5.8100000e+02 1.4203460e-01
5.8200000e+02 8.8164527e-02
5.8300000e+02 4.7323526e-02
5.8400000e+02 3.0120511e-02
5.8500000e+02 1.9314394e-02
5.8600000e+02 8.6109042e-03
5.8700000e+02 2.1527261e-03
5.8800000e+02 2.1527261e-03
5.8900000e+02 2.1230831e-03
5.9000000e+02 4.7082650e-05
5.9100000e+02 6.4045269e-03
5.9200000e+02 1.3717891e-05
5.9300000e+02 0.0000000e+00
5.9400000e+02 8.8332683e-06
5.9500000e+02 2.1375596e-03
5.9600000e+02 0.0000000e+00
5.9700000e+02 0.0000000e+00
5.9800000e+02 2.1527261e-03
5.9900000e+02 2.1377633e-03
6.0000000e+02 0.0000000e+00
6.0100000e+02 0.0000000e+00
6.0200000e+02 4.2970923e-03
6.0300000e+02 3.3532134e-06
6.0400000e+02 0.0000000e+00
6.0500000e+02 0.0000000e+00
6.0600000e+02 0.0000000e+00
6.0700000e+02 0.0000000e+00
6.0800000e+02 0.0000000e+00
6.0900000e+02 2.1508735e-03
6.1000000e+02 0.0000000e+00
6.1100000e+02 0.0000000e+00
6.1200000e+02 0.0000000e+00
6.1300000e+02 0.0000000e+00
6.1400000e+02 0.0000000e+00
6.1500000e+02 0.0000000e+00
6.1600000e+02 0.0000000e+00
6.1700000e+02 1.4492740e-05
6.1800000e+02 0.0000000e+00
6.1900000e+02 0.0000000e+00
6.2000000e+02 0.0000000e+00
6.2100000e+02 2.1400706e-03
6.2200000e+02 0.0000000e+00
6.2300000e+02 2.1524406e-03
6.2400000e+02 0.0000000e+00
6.2500000e+02 0.0000000e+00
6.2600000e+02 0.0000000e+00
6.2700000e+02 0.0000000e+00
6.2800000e+02 0.0000000e+00
6.2900000e+02 0.0000000e+00
6.3000000e+02 2.1480564e-03
6.3100000e+02 2.1517794e-03
6.3200000e+02 0.0000000e+00
6.3300000e+02 0.0000000e+00
6.3400000e+02 4.2720214e-03
6.3500000e+02 8.5942554e-06
6.3600000e+02 0.0000000e+00
6.3700000e+02 2.1403100e-03
6.3800000e+02 0.0000000e+00
6.3900000e+02 2.1503077e-03
6.4000000e+02 0.0000000e+00
6.4100000e+02 0.0000000e+00
6.4200000e+02 0.0000000e+00
6.4300000e+02 0.0000000e+00
6.4400000e+02 0.0000000e+00
6.4500000e+02 0.0000000e+00
6.4600000e+02 2.1406829e-03
6.4700000e+02 2.1527261e-03
6.4800000e+02 2.1520234e-03
6.4900000e+02 0.0000000e+00
6.5000000e+02 1.8739075e-05
6.5100000e+02 9.2305608e-06
6.5200000e+02 0.0000000e+00
6.5300000e+02 0.0000000e+00
6.5400000e+02 0.0000000e+00
6.5500000e+02 0.0000000e+00
6.5600000e+02 2.1432899e-03
6.5700000e+02 9.3512966e-06
6.5800000e+02 8.5527836e-06
6.5900000e+02 0.0000000e+00
6.6000000e+02 0.0000000e+00
6.6100000e+02 2.8820976e-06
6.6200000e+02 2.6342080e-05
6.6300000e+02 0.0000000e+00
6.6400000e+02 9.9235863e-06
6.6500000e+02 0.0000000e+00
6.6600000e+02 2.1764129e-03
6.6700000e+02 0.0000000e+00
6.6800000e+02 2.1500149e-03
6.6900000e+02 0.0000000e+00
6.7000000e+02 1.7157554e-06
6.7100000e+02 0.0000000e+00
6.7200000e+02 2.1527261e-03
6.7300000e+02 0.0000000e+00
6.7400000e+02 0.0000000e+00
6.7500000e+02 0.0000000e+00
6.7600000e+02 4.2697423e-03
6.7700000e+02 2.1253079e-03
6.7800000e+02 0.0000000e+00
6.7900000e+02 0.0000000e+00
6.8000000e+02 2.1397656e-03
6.8100000e+02 1.8246636e-05
6.8200000e+02 2.1527261e-03
6.8300000e+02 0.0000000e+00
6.8400000e+02 2.3321561e-05
6.8500000e+02 0.0000000e+00
6.8600000e+02 2.1321547e-03
6.8700000e+02 2.1350957e-03
6.8800000e+02 0.0000000e+00
6.8900000e+02 0.0000000e+00
6.9000000e+02 3.3579345e-05
6.9100000e+02 0.0000000e+00
6.9200000e+02 0.0000000e+00
6.9300000e+02 0.0000000e+00
6.9400000e+02 0.0000000e+00
6.9500000e+02 2.1406425e-03
6.9600000e+02 0.0000000e+00
6.9700000e+02 1.5055252e-05
6.9800000e+02 0.0000000e+00
6.9900000e+02 0.0000000e+00
7.0000000e+02 2.6057483e-05
7.0100000e+02 3.8154121e-05
7.0200000e+02 0.0000000e+00
7.0300000e+02 0.0000000e+00
7.0400000e+02 2.1194729e-03
7.0500000e+02 2.1527261e-03
7.0600000e+02 0.0000000e+00
7.0700000e+02 0.0000000e+00
7.0800000e+02 0.0000000e+00
7.0900000e+02 0.0000000e+00
7.1000000e+02 2.1319399e-03
7.1100000e+02 2.1527261e-03
7.1200000e+02 2.1700608e-03
7.1300000e+02 2.1397751e-03
7.1400000e+02 0.0000000e+00
7.1500000e+02 2.1527261e-03
7.1600000e+02 2.1257440e-03
7.1700000e+02 0.0000000e+00
7.1800000e+02 4.0889764e-05
7.1900000e+02 0.0000000e+00
7.2000000e+02 2.1384231e-03
7.2100000e+02 0.0000000e+00
7.2200000e+02 0.0000000e+00
7.2300000e+02 2.1189873e-03
7.2400000e+02 2.0577386e-03
7.2500000e+02 2.1251931e-03
7.2600000e+02 2.1135422e-03
7.2700000e+02 0.0000000e+00
7.2800000e+02 2.1527261e-03
7.2900000e+02 2.1527261e-03
7.3000000e+02 4.2291445e-03
7.3100000e+02 0.0000000e+00
7.3200000e+02 0.0000000e+00
7.3300000e+02 2.2013867e-03
7.3400000e+02 2.1033632e-03
7.3500000e+02 0.0000000e+00
7.3600000e+02 0.0000000e+00
7.3700000e+02 0.0000000e+00
7.3800000e+02 2.1166302e-03
7.3900000e+02 2.1232485e-03
7.4000000e+02 0.0000000e+00
7.4100000e+02 2.1068738e-03
7.4200000e+02 0.0000000e+00
7.4300000e+02 0.0000000e+00
7.4400000e+02 0.0000000e+00
7.4500000e+02 0.0000000e+00
7.4600000e+02 0.0000000e+00
7.4700000e+02 0.0000000e+00
7.4800000e+02 0.0000000e+00
7.4900000e+02 2.1527261e-03
7.5000000e+02 0.0000000e+00
7.5100000e+02 2.1527261e-03
7.5200000e+02 2.1090687e-03
7.5300000e+02 0.0000000e+00
7.5400000e+02 2.1527261e-03
7.5500000e+02 5.7516787e-05
7.5600000e+02 5.9376962e-05
7.5700000e+02 0.0000000e+00
7.5800000e+02 0.0000000e+00
7.5900000e+02 5.6172496e-05
7.6000000e+02 2.1012624e-03
7.6100000e+02 2.1077242e-03
7.6200000e+02 0.0000000e+00
7.6300000e+02 2.0912421e-03
7.6400000e+02 0.0000000e+00
7.6500000e+02 0.0000000e+00
7.6600000e+02 0.0000000e+00
7.6700000e+02 2.1527261e-03
7.6800000e+02 2.1527261e-03
7.6900000e+02 2.1094918e-03
7.7000000e+02 2.0393597e-03
7.7100000e+02 0.0000000e+00
7.7200000e+02 0.0000000e+00
7.7300000e+02 0.0000000e+00
7.7400000e+02 0.0000000e+00
7.7500000e+02 0.0000000e+00
7.7600000e+02 0.0000000e+00
7.7700000e+02 0.0000000e+00
7.7800000e+02 2.1527261e-03
7.7900000e+02 2.1103200e-03
7.8000000e+02 0.0000000e+00
7.8100000e+02 0.0000000e+00
7.8200000e+02 0.0000000e+00
7.8300000e+02 0.0000000e+00
7.8400000e+02 4.9290709e-05
7.8500000e+02 0.0000000e+00
7.8600000e+02 0.0000000e+00
7.8700000e+02 0.0000000e+00
7.8800000e+02 0.0000000e+00
7.8900000e+02 9.9087726e-05
7.9000000e+02 2.0216018e-03
7.9100000e+02 2.1975167e-03
7.9200000e+02 2.1527261e-03
7.9300000e+02 2.0849539e-03
7.9400000e+02 4.3083296e-05
7.9500000e+02 4.9367893e-05
7.9600000e+02 0.0000000e+00
7.9700000e+02 0.0000000e+00
7.9800000e+02 2.1527261e-03
7.9900000e+02 0.0000000e+00
8.0000000e+02 0.0000000e+00
8.0100000e+02 2.1527261e-03
8.0200000e+02 2.1004942e-03
8.0300000e+02 2.1527261e-03
8.0400000e+02 6.9808087e-05
8.0500000e+02 0.0000000e+00
8.0600000e+02 4.2042613e-03
8.0700000e+02 2.0830993e-03
8.0800000e+02 2.1527261e-03
8.0900000e+02 2.0806784e-03
8.1000000e+02 0.0000000e+00
8.1100000e+02 0.0000000e+00
8.1200000e+02 4.5901390e-05
8.1300000e+02 0.0000000e+00
8.1400000e+02 2.0236477e-03
8.1500000e+02 6.9596856e-05
8.1600000e+02 0.0000000e+00
8.1700000e+02 7.6892341e-05
8.1800000e+02 0.0000000e+00
8.1900000e+02 0.0000000e+00
8.2000000e+02 2.0003874e-03
8.2100000e+02 0.0000000e+00
8.2200000e+02 0.0000000e+00
8.2300000e+02 1.2093844e-04
8.2400000e+02 0.0000000e+00
8.2500000e+02 0.0000000e+00
8.2600000e+02 0.0000000e+00
8.2700000e+02 0.0000000e+00
8.2800000e+02 0.0000000e+00
8.2900000e+02 0.0000000e+00
8.3000000e+02 0.0000000e+00
8.3100000e+02 2.1527261e-03
8.3200000e+02 7.7908230e-05
8.3300000e+02 2.0993776e-03
8.3400000e+02 0.0000000e+00
8.3500000e+02 1.2558562e-04
8.3600000e+02 2.0880764e-03
8.3700000e+02 0.0000000e+00
8.3800000e+02 0.0000000e+00
8.3900000e+02 1.2247833e-04
8.4000000e+02 5.6973747e-05
8.4100000e+02 4.2234217e-03
8.4200000e+02 0.0000000e+00
8.4300000e+02 6.4020018e-05
8.4400000e+02 2.0690020e-03
8.4500000e+02 4.0946943e-03
8.4600000e+02 0.0000000e+00
8.4700000e+02 0.0000000e+00
8.4800000e+02 8.2716603e-05
8.4900000e+02 6.2049712e-05
8.5000000e+02 7.1827469e-05
8.5100000e+02 7.8107018e-05
8.5200000e+02 0.0000000e+00
8.5300000e+02 0.0000000e+00
8.5400000e+02 0.0000000e+00
8.5500000e+02 0.0000000e+00
8.5600000e+02 0.0000000e+00
8.5700000e+02 0.0000000e+00
8.5800000e+02 0.0000000e+00
8.5900000e+02 4.1617806e-03
8.6000000e+02 6.3428334e-05
8.6100000e+02 2.0681519e-03
8.6200000e+02 2.1527261e-03
8.6300000e+02 0.0000000e+00
8.6400000e+02 0.0000000e+00
8.6500000e+02 0.0000000e+00
8.6600000e+02 0.0000000e+00
8.6700000e+02 0.0000000e+00
8.6800000e+02 2.0699119e-03
8.6900000e+02 2.0638482e-03
8.7000000e+02 6.1309739e-05
8.7100000e+02 0.0000000e+00
8.7200000e+02 6.1786832e-05
8.7300000e+02 0.0000000e+00
8.7400000e+02 9.0755621e-05
8.7500000e+02 8.4545938e-05
8.7600000e+02 7.6577080e-05
8.7700000e+02 0.0000000e+00
8.7800000e+02 0.0000000e+00
8.7900000e+02 0.0000000e+00
8.8000000e+02 1.9728420e-03
8.8100000e+02 7.4275339e-05
8.8200000e+02 0.0000000e+00
8.8300000e+02 0.0000000e+00
8.8400000e+02 2.0044229e-03
8.8500000e+02 4.1436866e-03
8.8600000e+02 1.9850531e-03
8.8700000e+02 2.0654940e-03
8.8800000e+02 4.2176870e-03
8.8900000e+02 8.6544978e-05
8.9000000e+02 8.3316997e-05
8.9100000e+02 1.9961630e-03
8.9200000e+02 0.0000000e+00
8.9300000e+02 0.0000000e+00
8.9400000e+02 0.0000000e+00
8.9500000e+02 2.0133120e-03
8.9600000e+02 2.0670805e-03
8.9700000e+02 0.0000000e+00
8.9800000e+02 0.0000000e+00
8.9900000e+02 2.0616684e-03
9.0000000e+02 2.0138614e-03
9.0100000e+02 2.0044577e-03
9.0200000e+02 0.0000000e+00
9.0300000e+02 8.0230338e-05
9.0400000e+02 0.0000000e+00
9.0500000e+02 7.7913042e-05
9.0600000e+02 2.0793112e-03
9.0700000e+02 0.0000000e+00
9.0800000e+02 9.1150758e-05
9.0900000e+02 2.0725352e-03
9.1000000e+02 0.0000000e+00
9.1100000e+02 8.5567986e-05
9.1200000e+02 6.9458032e-05
9.1300000e+02 0.0000000e+00
9.1400000e+02 9.1048202e-05
9.1500000e+02 2.0834371e-03
9.1600000e+02 2.0763458e-03
9.1700000e+02 0.0000000e+00
9.1800000e+02 8.2545237e-05
9.1900000e+02 0.0000000e+00
9.2000000e+02 8.1224440e-05
9.2100000e+02 0.0000000e+00
9.2200000e+02 0.0000000e+00
9.2300000e+02 0.0000000e+00
9.2400000e+02 8.0695916e-05
9.2500000e+02 2.0535547e-03
9.2600000e+02 8.5213882e-05
9.2700000e+02 0.0000000e+00
9.2800000e+02 0.0000000e+00
9.2900000e+02 0.0000000e+00
9.3000000e+02 9.7858207e-05
9.3100000e+02 0.0000000e+00
9.3200000e+02 0.0000000e+00
9.3300000e+02 0.0000000e+00
9.3400000e+02 0.0000000e+00
9.3500000e+02 2.0521289e-03
9.3600000e+02 9.6727946e-05
9.3700000e+02 8.9324782e-05
9.3800000e+02 0.0000000e+00
9.3900000e+02 0.0000000e+00
9.4000000e+02 8.2736322e-05
9.4100000e+02 0.0000000e+00
9.4200000e+02 1.5773520e-04
9.4300000e+02 2.0640697e-03
9.4400000e+02 2.0579969e-03
9.4500000e+02 0.0000000e+00
9.4600000e+02 7.2578196e-05
9.4700000e+02 7.4082184e-05
9.4800000e+02 2.0501939e-03
9.4900000e+02 0.0000000e+00
9.5000000e+02 9.2988954e-05
9.5100000e+02 1.9842877e-03
9.5200000e+02 0.0000000e+00
9.5300000e+02 2.0607239e-03
9.5400000e+02 0.0000000e+00
9.5500000e+02 0.0000000e+00
9.5600000e+02 1.0161253e-04
9.5700000e+02 2.0737870e-03
9.5800000e+02 0.0000000e+00
9.5900000e+02 2.0625584e-03
9.6000000e+02 9.2079316e-05
9.6100000e+02 0.0000000e+00
9.6200000e+02 8.8068277e-05
9.6300000e+02 0.0000000e+00
9.6400000e+02 1.5007066e-04
9.6500000e+02 0.0000000e+00
9.6600000e+02 0.0000000e+00
9.6700000e+02 0.0000000e+00
9.6800000e+02 0.0000000e+00
9.6900000e+02 0.0000000e+00
9.7000000e+02 0.0000000e+00
9.7100000e+02 0.0000000e+00
9.7200000e+02 2.0697453e-03
9.7300000e+02 1.6941574e-04
9.7400000e+02 0.0000000e+00
9.7500000e+02 0.0000000e+00
9.7600000e+02 1.0375224e-04
9.7700000e+02 0.0000000e+00
9.7800000e+02 0.0000000e+00
9.7900000e+02 0.0000000e+00
9.8000000e+02 8.8707562e-05
9.8100000e+02 1.0153020e-04
9.8200000e+02 0.0000000e+00
9.8300000e+02 8.8458725e-05
9.8400000e+02 9.4315854e-05
9.8500000e+02 2.2495363e-03
9.8600000e+02 0.0000000e+00
9.8700000e+02 0.0000000e+00
9.8800000e+02 2.0618098e-03
9.8900000e+02 2.0694056e-03
9.9000000e+02 2.0499409e-03
9.9100000e+02 0.0000000e+00
9.9200000e+02 0.0000000e+00
9.9300000e+02 0.0000000e+00
9.9400000e+02 2.0525368e-03
9.9500000e+02 0.0000000e+00
9.9600000e+02 0.0000000e+00
9.9700000e+02 0.0000000e+00
9.9800000e+02 2.1527261e-03
9.9900000e+02 8.6914582e-05
1.0000000e+03 0.0000000e+00
1.0010000e+03 0.0000000e+00
1.0020000e+03 0.0000000e+00
1.0030000e+03 2.1527261e-03
1.0040000e+03 9.7368125e-05
1.0050000e+03 0.0000000e+00
1.0060000e+03 0.0000000e+00
1.0070000e+03 9.7329890e-05
1.0080000e+03 0.0000000e+00
1.0090000e+03 0.0000000e+00
1.0100000e+03 2.0487927e-03
1.0110000e+03 2.0512079e-03
1.0120000e+03 0.0000000e+00
1.0130000e+03 0.0000000e+00
1.0140000e+03 2.1527261e-03
1.0150000e+03 0.0000000e+00
1.0160000e+03 4.1531654e-03
1.0170000e+03 0.0000000e+00
1.0180000e+03 0.0000000e+00
1.0190000e+03 1.9987007e-04
1.0200000e+03 0.0000000e+00
1.0210000e+03 0.0000000e+00
1.0220000e+03 0.0000000e+00
1.0230000e+03 2.0566144e-03
1.0240000e+03 4.1295466e-03
1.0250000e+03 0.0000000e+00
1.0260000e+03 0.0000000e+00
1.0270000e+03 7.9282505e-05
1.0280000e+03 1.9747016e-03
1.0290000e+03 0.0000000e+00
1.0300000e+03 2.0497705e-03
1.0310000e+03 2.0761646e-03
1.0320000e+03 1.9997306e-03
1.0330000e+03 2.1527261e-03
1.0340000e+03 0.0000000e+00
1.0350000e+03 1.9711437e-03
1.0360000e+03 0.0000000e+00
1.0370000e+03 0.0000000e+00
1.0380000e+03 2.1527261e-03
1.0390000e+03 0.0000000e+00
1.0400000e+03 0.0000000e+00
1.0410000e+03 0.0000000e+00
1.0420000e+03 1.9505997e-03
1.0430000e+03 9.9867859e-05
1.0440000e+03 1.9616506e-03
1.0450000e+03 0.0000000e+00
1.0460000e+03 0.0000000e+00
1.0470000e+03 1.9608607e-03
1.0480000e+03 2.0725055e-03
1.0490000e+03 2.0609301e-03
1.0500000e+03 0.0000000e+00
1.0510000e+03 0.0000000e+00
1.0520000e+03 0.0000000e+00
1.0530000e+03 7.8183188e-05
1.0540000e+03 0.0000000e+00
1.0550000e+03 0.0000000e+00
1.0560000e+03 8.8974189e-05
1.0570000e+03 0.0000000e+00
1.0580000e+03 0.0000000e+00
1.0590000e+03 0.0000000e+00
1.0600000e+03 0.0000000e+00
1.0610000e+03 0.0000000e+00
1.0620000e+03 0.0000000e+00
1.0630000e+03 0.0000000e+00
1.0640000e+03 0.0000000e+00
1.0650000e+03 0.0000000e+00
1.0660000e+03 9.6741732e-05
1.0670000e+03 2.2364582e-03
1.0680000e+03 0.0000000e+00
1.0690000e+03 0.0000000e+00
1.0700000e+03 2.0673484e-03
1.0710000e+03 1.7970159e-04
1.0720000e+03 0.0000000e+00
1.0730000e+03 2.0633128e-03
1.0740000e+03 0.0000000e+00
1.0750000e+03 1.9988411e-03
1.0760000e+03 0.0000000e+00
1.0770000e+03 1.6196655e-04
1.0780000e+03 0.0000000e+00
1.0790000e+03 0.0000000e+00
1.0800000e+03 2.1527261e-03
1.0810000e+03 8.0405583e-05
1.0820000e+03 8.0440601e-05
1.0830000e+03 0.0000000e+00
1.0840000e+03 9.6864452e-05
1.0850000e+03 1.9774859e-03
1.0860000e+03 0.0000000e+00
1.0870000e+03 8.6923432e-05
1.0880000e+03 2.0566298e-03
1.0890000e+03 7.2725953e-05
1.0900000e+03 1.5133433e-04
1.0910000e+03 0.0000000e+00
1.0920000e+03 7.2612494e-05
1.0930000e+03 0.0000000e+00
1.0940000e+03 0.0000000e+00
1.0950000e+03 0.0000000e+00
1.0960000e+03 0.0000000e+00
1.0970000e+03 0.0000000e+00
1.0980000e+03 0.0000000e+00
1.0990000e+03 7.1549354e-05
1.1000000e+03 0.0000000e+00
