1.0000000e+04 1.4445700e-01
1.0002001e+04 1.4789100e-01
1.0004002e+04 1.6605800e-01
1.0006003e+04 1.9752900e-01
1.0008006e+04 2.3846599e-01
1.0010010e+04 2.8228700e-01
1.0012015e+04 3.1974301e-01
1.0014020e+04 3.4220201e-01
1.0016025e+04 3.4463400e-01
1.0018032e+04 3.2896900e-01
1.0020040e+04 3.0345899e-01
1.0022049e+04 2.7892500e-01
1.0024058e+04 2.6335701e-01
1.0026068e+04 2.5672901e-01
1.0028078e+04 2.5091100e-01
1.0030090e+04 2.3589100e-01
1.0032103e+04 2.0739999e-01
1.0034116e+04 1.7070700e-01
1.0036130e+04 1.3978399e-01
1.0038145e+04 1.2845901e-01
1.0040161e+04 1.4343201e-01
1.0042177e+04 1.7931400e-01
1.0044195e+04 2.2315900e-01
1.0046212e+04 2.6085299e-01
1.0048231e+04 2.8512400e-01
1.0050251e+04 2.9718801e-01
1.0052272e+04 3.0419800e-01
1.0054293e+04 3.1328201e-01
1.0056315e+04 3.2773000e-01
1.0058338e+04 3.4506300e-01
1.0060362e+04 3.5860500e-01
1.0062387e+04 3.6058399e-01
1.0064412e+04 3.4515801e-01
1.0066438e+04 3.1142199e-01
1.0068465e+04 2.6447701e-01
1.0070493e+04 2.1519600e-01
1.0072522e+04 1.7673901e-01
1.0074552e+04 1.6081300e-01
1.0076582e+04 1.7375900e-01
1.0078613e+04 2.1309800e-01
1.0080645e+04 2.6900700e-01
1.0082678e+04 3.2679999e-01
1.0084712e+04 3.7348199e-01
1.0086746e+04 4.0013701e-01
1.0088781e+04 4.0357101e-01
1.0090817e+04 3.8585600e-01
1.0092854e+04 3.5266799e-01
1.0094892e+04 3.1251901e-01
1.0096930e+04 2.7525401e-01
1.0098970e+04 2.5033900e-01
1.0101010e+04 2.4335299e-01
1.0103051e+04 2.5339100e-01
1.0105093e+04 2.7339399e-01
1.0107135e+04 2.9363599e-01
1.0109179e+04 3.0727300e-01
1.0111223e+04 3.1375799e-01
1.0113269e+04 3.1757301e-01
1.0115315e+04 3.2238901e-01
1.0117361e+04 3.2777700e-01
1.0119409e+04 3.2880300e-01
1.0121457e+04 3.2029101e-01
1.0123507e+04 3.0162299e-01
1.0125557e+04 2.7835301e-01
1.0127608e+04 2.5846899e-01
1.0129660e+04 2.4845600e-01
1.0131712e+04 2.4859899e-01
1.0133766e+04 2.5358200e-01
1.0135820e+04 2.5651401e-01
1.0137875e+04 2.5427300e-01
1.0139931e+04 2.4869400e-01
1.0141988e+04 2.4561800e-01
1.0144046e+04 2.5064901e-01
1.0146104e+04 2.6590800e-01
1.0148163e+04 2.8905800e-01
1.0150223e+04 3.1533200e-01
1.0152284e+04 3.3929300e-01
1.0154346e+04 3.5624501e-01
1.0156409e+04 3.6320600e-01
1.0158472e+04 3.5805699e-01
1.0160536e+04 3.4034199e-01
1.0162602e+04 3.1361499e-01
1.0164668e+04 2.8588700e-01
1.0166735e+04 2.6855400e-01
1.0168802e+04 2.7043799e-01
1.0170871e+04 2.9423201e-01
1.0172940e+04 3.3340400e-01
1.0175010e+04 3.7562799e-01
1.0177081e+04 4.0755200e-01
1.0179153e+04 4.1975901e-01
1.0181226e+04 4.1010299e-01
1.0183299e+04 3.8368699e-01
1.0185374e+04 3.5154799e-01
1.0187449e+04 3.2663301e-01
1.0189525e+04 3.2107800e-01
1.0191602e+04 3.4108099e-01
1.0193680e+04 3.8375801e-01
1.0195759e+04 4.3673500e-01
1.0197838e+04 4.8279700e-01
1.0199918e+04 5.0830799e-01
1.0201999e+04 5.0897503e-01
1.0204082e+04 4.9238199e-01
1.0206165e+04 4.7314101e-01
1.0208249e+04 4.6679899e-01
1.0210333e+04 4.8143801e-01
1.0212418e+04 5.1462603e-01
1.0214505e+04 5.5394101e-01
1.0216592e+04 5.8314800e-01
1.0218680e+04 5.8999002e-01
1.0220768e+04 5.7229900e-01
1.0222858e+04 5.3942198e-01
1.0224949e+04 5.0642401e-01
1.0227040e+04 4.8773199e-01
1.0229133e+04 4.8806599e-01
1.0231225e+04 5.0279999e-01
1.0233320e+04 5.2211201e-01
1.0235415e+04 5.3934997e-01
1.0237510e+04 5.5351198e-01
1.0239607e+04 5.6741202e-01
1.0241704e+04 5.8171701e-01
1.0243802e+04 5.9309000e-01
1.0245902e+04 5.9573603e-01
1.0248002e+04 5.8717698e-01
1.0250103e+04 5.7082099e-01
1.0252204e+04 5.5623001e-01
1.0254307e+04 5.5260599e-01
1.0256410e+04 5.6402600e-01
1.0258515e+04 5.8605599e-01
1.0260620e+04 6.0877699e-01
1.0262726e+04 6.2205702e-01
1.0264833e+04 6.2103200e-01
1.0266940e+04 6.0834801e-01
1.0269049e+04 5.9299397e-01
1.0271159e+04 5.8641398e-01
1.0273269e+04 5.9566402e-01
1.0275380e+04 6.2017399e-01
1.0277492e+04 6.5114403e-01
1.0279605e+04 6.7789501e-01
1.0281719e+04 6.9379801e-01
1.0283834e+04 7.0111698e-01
1.0285949e+04 7.0879400e-01
1.0288066e+04 7.2705698e-01
1.0290183e+04 7.6112700e-01
1.0292302e+04 8.0745202e-01
1.0294420e+04 8.5399097e-01
1.0296540e+04 8.8586801e-01
1.0298661e+04 8.9225698e-01
1.0300783e+04 8.7046599e-01
1.0302906e+04 8.2783598e-01
1.0305029e+04 7.7784002e-01
1.0307153e+04 7.3559201e-01
1.0309278e+04 7.1120203e-01
1.0311405e+04 7.0736402e-01
1.0313532e+04 7.2021401e-01
1.0315659e+04 7.4217302e-01
1.0317788e+04 7.6486999e-01
1.0319917e+04 7.8027201e-01
1.0322048e+04 7.8182203e-01
1.0324179e+04 7.6558501e-01
1.0326311e+04 7.3404300e-01
1.0328444e+04 6.9699198e-01
1.0330579e+04 6.6866797e-01
1.0332714e+04 6.6187298e-01
1.0334849e+04 6.8020803e-01
1.0336985e+04 7.1728200e-01
1.0339123e+04 7.5922000e-01
1.0341262e+04 7.9360002e-01
1.0343401e+04 8.1529599e-01
1.0345541e+04 8.2817000e-01
1.0347682e+04 8.3963799e-01
1.0349824e+04 8.5549301e-01
1.0351967e+04 8.7502003e-01
1.0354111e+04 8.9323503e-01
1.0356255e+04 9.0425003e-01
1.0358400e+04 9.0551299e-01
1.0360547e+04 8.9898098e-01
1.0362694e+04 8.8877600e-01
1.0364843e+04 8.7857199e-01
1.0366992e+04 8.6941701e-01
1.0369141e+04 8.6061901e-01
1.0371292e+04 8.5165501e-01
1.0373444e+04 8.4393001e-01
1.0375597e+04 8.4078300e-01
1.0377750e+04 8.4590900e-01
1.0379904e+04 8.6107200e-01
1.0382060e+04 8.8520002e-01
1.0384216e+04 9.1433501e-01
1.0386373e+04 9.4342202e-01
1.0388531e+04 9.6776402e-01
1.0390690e+04 9.8507398e-01
1.0392850e+04 9.9604100e-01
1.0395010e+04 1.0045760e+00
1.0397172e+04 1.0154480e+00
1.0399335e+04 1.0321850e+00
1.0401498e+04 1.0556450e+00
1.0403662e+04 1.0832300e+00
1.0405827e+04 1.1105061e+00
1.0407993e+04 1.1311049e+00
1.0410161e+04 1.1395690e+00
1.0412328e+04 1.1331310e+00
1.0414497e+04 1.1143200e+00
1.0416667e+04 1.0913841e+00
1.0418837e+04 1.0755531e+00
1.0421009e+04 1.0767690e+00
1.0423181e+04 1.0980600e+00
1.0425354e+04 1.1353010e+00
1.0427529e+04 1.1789790e+00
1.0429704e+04 1.2205600e+00
1.0431880e+04 1.2555120e+00
1.0434056e+04 1.2844800e+00
1.0436234e+04 1.3095610e+00
1.0438413e+04 1.3323060e+00
1.0440593e+04 1.3532870e+00
1.0442774e+04 1.3739820e+00
1.0444955e+04 1.3971090e+00
1.0447137e+04 1.4249560e+00
1.0449321e+04 1.4575000e+00
1.0451505e+04 1.4913080e+00
1.0453690e+04 1.5211580e+00
1.0455876e+04 1.5433310e+00
1.0458063e+04 1.5579700e+00
1.0460251e+04 1.5693901e+00
1.0462440e+04 1.5834090e+00
1.0464630e+04 1.6046040e+00
1.0466820e+04 1.6337630e+00
1.0469012e+04 1.6686670e+00
1.0471204e+04 1.7048590e+00
1.0473398e+04 1.7370930e+00
1.0475592e+04 1.7620800e+00
1.0477787e+04 1.7799610e+00
1.0479983e+04 1.7947910e+00
1.0482180e+04 1.8125770e+00
1.0484378e+04 1.8385640e+00
1.0486577e+04 1.8735880e+00
1.0488777e+04 1.9134520e+00
1.0490978e+04 1.9502161e+00
1.0493179e+04 1.9764659e+00
1.0495382e+04 1.9887919e+00
1.0497586e+04 1.9900790e+00
1.0499790e+04 1.9885060e+00
1.0501995e+04 1.9948720e+00
1.0504202e+04 2.0186660e+00
1.0506409e+04 2.0636549e+00
1.0508617e+04 2.1258590e+00
1.0510826e+04 2.1929021e+00
1.0513036e+04 2.2498839e+00
1.0515247e+04 2.2857659e+00
1.0517459e+04 2.2993801e+00
1.0519672e+04 2.3003809e+00
1.0521885e+04 2.3045771e+00
1.0524100e+04 2.3255100e+00
1.0526316e+04 2.3669000e+00
1.0528532e+04 2.4224279e+00
1.0530750e+04 2.4796481e+00
1.0532968e+04 2.5295489e+00
1.0535187e+04 2.5710821e+00
1.0537408e+04 2.6116841e+00
1.0539629e+04 2.6589630e+00
1.0541851e+04 2.7138710e+00
1.0544074e+04 2.7679679e+00
1.0546298e+04 2.8080461e+00
1.0548523e+04 2.8249259e+00
1.0550749e+04 2.8220410e+00
1.0552976e+04 2.8133631e+00
1.0555203e+04 2.8175590e+00
1.0557432e+04 2.8454540e+00
1.0559662e+04 2.8954260e+00
1.0561893e+04 2.9554839e+00
1.0564125e+04 3.0127759e+00
1.0566356e+04 3.0614851e+00
1.0568590e+04 3.1048770e+00
1.0570825e+04 3.1517501e+00
1.0573060e+04 3.2099240e+00
1.0575296e+04 3.2819271e+00
1.0577533e+04 3.3640139e+00
1.0579771e+04 3.4497731e+00
1.0582011e+04 3.5337920e+00
1.0584251e+04 3.6147110e+00
1.0586492e+04 3.6954870e+00
1.0588733e+04 3.7811041e+00
1.0590976e+04 3.8741109e+00
1.0593220e+04 3.9727440e+00
1.0595465e+04 4.0683031e+00
1.0597711e+04 4.1505570e+00
1.0599957e+04 4.2123551e+00
1.0602205e+04 4.2556281e+00
1.0604454e+04 4.2906518e+00
1.0606704e+04 4.3292518e+00
1.0608954e+04 4.3787241e+00
1.0611205e+04 4.4370651e+00
1.0613458e+04 4.4969082e+00
1.0615711e+04 4.5527449e+00
1.0617966e+04 4.6075101e+00
1.0620221e+04 4.6727409e+00
1.0622477e+04 4.7622910e+00
1.0624734e+04 4.8826208e+00
1.0626993e+04 5.0275078e+00
1.0629252e+04 5.1789761e+00
1.0631512e+04 5.3171868e+00
1.0633773e+04 5.4285278e+00
1.0636035e+04 5.5145502e+00
1.0638298e+04 5.5890079e+00
1.0640562e+04 5.6720972e+00
1.0642827e+04 5.7784309e+00
1.0645092e+04 5.9100618e+00
1.0647359e+04 6.0574050e+00
1.0649627e+04 6.2033172e+00
1.0651896e+04 6.3344240e+00
1.0654166e+04 6.4454069e+00
1.0656436e+04 6.5406561e+00
1.0658708e+04 6.6294899e+00
1.0660981e+04 6.7206850e+00
1.0663255e+04 6.8203678e+00
1.0665529e+04 6.9314470e+00
1.0667804e+04 7.0565701e+00
1.0670081e+04 7.1983089e+00
1.0672359e+04 7.3570480e+00
1.0674637e+04 7.5292110e+00
1.0676917e+04 7.7067132e+00
1.0679197e+04 7.8814979e+00
1.0681478e+04 8.0488682e+00
1.0683761e+04 8.2102289e+00
1.0686044e+04 8.3708763e+00
1.0688329e+04 8.5329771e+00
1.0690613e+04 8.6939812e+00
1.0692900e+04 8.8470926e+00
1.0695187e+04 8.9882851e+00
1.0697476e+04 9.1219664e+00
1.0699765e+04 9.2594624e+00
1.0702055e+04 9.4147921e+00
1.0704346e+04 9.5929623e+00
1.0706638e+04 9.7890368e+00
1.0708931e+04 9.9903336e+00
1.0711226e+04 1.0185933e+01
1.0713520e+04 1.0374283e+01
1.0715816e+04 1.0562229e+01
1.0718114e+04 1.0760641e+01
1.0720412e+04 1.0976338e+01
1.0722711e+04 1.1208868e+01
1.0725010e+04 1.1454272e+01
1.0727312e+04 1.1708164e+01
1.0729614e+04 1.1970949e+01
1.0731917e+04 1.2243723e+01
1.0734221e+04 1.2526273e+01
1.0736525e+04 1.2813520e+01
1.0738831e+04 1.3097071e+01
1.0741139e+04 1.3372039e+01
1.0743447e+04 1.3637828e+01
1.0745756e+04 1.3900876e+01
1.0748065e+04 1.4169406e+01
1.0750376e+04 1.4448928e+01
1.0752688e+04 1.4741683e+01
1.0755001e+04 1.5045213e+01
1.0757315e+04 1.5358161e+01
1.0759630e+04 1.5678405e+01
1.0761946e+04 1.6004419e+01
1.0764263e+04 1.6333055e+01
1.0766581e+04 1.6658688e+01
1.0768900e+04 1.6978264e+01
1.0771219e+04 1.7291998e+01
1.0773540e+04 1.7607473e+01
1.0775862e+04 1.7936707e+01
1.0778185e+04 1.8289518e+01
1.0780509e+04 1.8670511e+01
1.0782833e+04 1.9072937e+01
1.0785159e+04 1.9485830e+01
1.0787487e+04 1.9897007e+01
1.0789815e+04 2.0300697e+01
1.0792144e+04 2.0699787e+01
1.0794473e+04 2.1100592e+01
1.0796804e+04 2.1511745e+01
1.0799136e+04 2.1935320e+01
1.0801469e+04 2.2371340e+01
1.0803803e+04 2.2818518e+01
1.0806138e+04 2.3277378e+01
1.0808474e+04 2.3752642e+01
1.0810811e+04 2.4246454e+01
1.0813149e+04 2.4759102e+01
1.0815488e+04 2.5284695e+01
1.0817827e+04 2.5815510e+01
1.0820169e+04 2.6347733e+01
1.0822511e+04 2.6880764e+01
1.0824854e+04 2.7421021e+01
1.0827198e+04 2.7971981e+01
1.0829543e+04 2.8533911e+01
1.0831889e+04 2.9102396e+01
1.0834236e+04 2.9671644e+01
1.0836584e+04 3.0241871e+01
1.0838934e+04 3.0815958e+01
1.0841283e+04 3.1400824e+01
1.0843635e+04 3.2000923e+01
1.0845987e+04 3.2615803e+01
1.0848340e+04 3.3243942e+01
1.0850695e+04 3.3881855e+01
1.0853049e+04 3.4531235e+01
1.0855406e+04 3.5194969e+01
1.0857763e+04 3.5877251e+01
1.0860122e+04 3.6580276e+01
1.0862481e+04 3.7301422e+01
1.0864841e+04 3.8037586e+01
1.0867203e+04 3.8782574e+01
1.0869565e+04 3.9533615e+01
1.0871929e+04 4.0289665e+01
1.0874293e+04 4.1051125e+01
1.0876658e+04 4.1820858e+01
1.0879025e+04 4.2598225e+01
1.0881393e+04 4.3382717e+01
1.0883762e+04 4.4170689e+01
1.0886131e+04 4.4959641e+01
1.0888501e+04 4.5750595e+01
1.0890873e+04 4.6545719e+01
1.0893246e+04 4.7350288e+01
1.0895620e+04 4.8164822e+01
1.0897995e+04 4.8987507e+01
1.0900370e+04 4.9815510e+01
1.0902747e+04 5.0649738e+01
1.0905125e+04 5.1498745e+01
1.0907505e+04 5.2373219e+01
1.0909885e+04 5.3280163e+01
1.0912265e+04 5.4214550e+01
1.0914647e+04 5.5158211e+01
1.0917031e+04 5.6090282e+01
1.0919415e+04 5.6996513e+01
1.0921800e+04 5.7879330e+01
1.0924186e+04 5.8752655e+01
1.0926573e+04 5.9633492e+01
1.0928962e+04 6.0530972e+01
1.0931351e+04 6.1443542e+01
1.0933742e+04 6.2363697e+01
1.0936133e+04 6.3284779e+01
1.0938525e+04 6.4205551e+01
1.0940919e+04 6.5129852e+01
1.0943314e+04 6.6061211e+01
1.0945710e+04 6.6998695e+01
1.0948106e+04 6.7935966e+01
1.0950504e+04 6.8863632e+01
1.0952903e+04 6.9774864e+01
1.0955303e+04 7.0666718e+01
1.0957704e+04 7.1541092e+01
1.0960105e+04 7.2403214e+01
1.0962508e+04 7.3257233e+01
1.0964912e+04 7.4107315e+01
1.0967318e+04 7.4954155e+01
1.0969724e+04 7.5797417e+01
1.0972130e+04 7.6636124e+01
1.0974539e+04 7.7467873e+01
1.0976948e+04 7.8293465e+01
1.0979359e+04 7.9111954e+01
1.0981771e+04 7.9925323e+01
1.0984182e+04 8.0733940e+01
1.0986596e+04 8.1534790e+01
1.0989011e+04 8.2324120e+01
1.0991427e+04 8.3092926e+01
1.0993844e+04 8.3836792e+01
1.0996261e+04 8.4553238e+01
1.0998680e+04 8.5247063e+01
1.1001100e+04 8.5929153e+01
1.1003521e+04 8.6607506e+01
1.1005944e+04 8.7289383e+01
1.1008366e+04 8.7970444e+01
1.1010790e+04 8.8640785e+01
1.1013216e+04 8.9286423e+01
1.1015642e+04 8.9894699e+01
1.1018070e+04 9.0463234e+01
1.1020498e+04 9.0994408e+01
1.1022928e+04 9.1500519e+01
1.1025358e+04 9.1994164e+01
1.1027790e+04 9.2484833e+01
1.1030223e+04 9.2977837e+01
1.1032656e+04 9.3467186e+01
1.1035091e+04 9.3943665e+01
1.1037528e+04 9.4391418e+01
1.1039965e+04 9.4798233e+01
1.1042403e+04 9.5160652e+01
1.1044842e+04 9.5483017e+01
1.1047282e+04 9.5783257e+01
1.1049724e+04 9.6075890e+01
1.1052166e+04 9.6372673e+01
1.1054610e+04 9.6673485e+01
1.1057054e+04 9.6968987e+01
1.1059500e+04 9.7251343e+01
1.1061947e+04 9.7513031e+01
1.1064395e+04 9.7759201e+01
1.1066844e+04 9.7996117e+01
1.1069293e+04 9.8231026e+01
1.1071745e+04 9.8467659e+01
1.1074197e+04 9.8701759e+01
1.1076651e+04 9.8928474e+01
1.1079105e+04 9.9137260e+01
1.1081560e+04 9.9318481e+01
1.1084017e+04 9.9461105e+01
1.1086475e+04 9.9556801e+01
1.1088933e+04 9.9606964e+01
1.1091393e+04 9.9620270e+01
1.1093854e+04 9.9615860e+01
1.1096316e+04 9.9611496e+01
1.1098779e+04 9.9617149e+01
1.1101243e+04 9.9631119e+01
1.1103709e+04 9.9639442e+01
1.1106175e+04 9.9629761e+01
1.1108642e+04 9.9594620e+01
1.1111111e+04 9.9539543e+01
1.1113581e+04 9.9478676e+01
1.1116052e+04 9.9424744e+01
1.1118523e+04 9.9387741e+01
1.1120996e+04 9.9364372e+01
1.1123471e+04 9.9346710e+01
1.1125946e+04 9.9321320e+01
1.1128422e+04 9.9275398e+01
1.1130899e+04 9.9201294e+01
1.1133378e+04 9.9092819e+01
1.1135857e+04 9.8952415e+01
1.1138338e+04 9.8785683e+01
1.1140820e+04 9.8605537e+01
1.1143303e+04 9.8428085e+01
1.1145787e+04 9.8264671e+01
1.1148272e+04 9.8120758e+01
1.1150758e+04 9.7985863e+01
1.1153246e+04 9.7843529e+01
1.1155734e+04 9.7674057e+01
1.1158223e+04 9.7466469e+01
1.1160714e+04 9.7224953e+01
1.1163206e+04 9.6961403e+01
1.1165699e+04 9.6693016e+01
1.1168193e+04 9.6427414e+01
1.1170688e+04 9.6162224e+01
1.1173184e+04 9.5888069e+01
1.1175682e+04 9.5591568e+01
1.1178180e+04 9.5268562e+01
1.1180679e+04 9.4917656e+01
1.1183180e+04 9.4544434e+01
1.1185682e+04 9.4153404e+01
1.1188185e+04 9.3744110e+01
1.1190690e+04 9.3315193e+01
1.1193194e+04 9.2858650e+01
1.1195701e+04 9.2371323e+01
1.1198208e+04 9.1850090e+01
1.1200717e+04 9.1297386e+01
1.1203227e+04 9.0722229e+01
1.1205737e+04 9.0131973e+01
1.1208249e+04 8.9538170e+01
1.1210762e+04 8.8941788e+01
1.1213277e+04 8.8340401e+01
1.1215792e+04 8.7727257e+01
1.1218308e+04 8.7094429e+01
1.1220826e+04 8.6442230e+01
1.1223345e+04 8.5770775e+01
1.1225865e+04 8.5086609e+01
1.1228386e+04 8.4391212e+01
1.1230907e+04 8.3679390e+01
1.1233431e+04 8.2944443e+01
1.1235955e+04 8.2176254e+01
1.1238481e+04 8.1377197e+01
1.1241008e+04 8.0553581e+01
1.1243535e+04 7.9714348e+01
1.1246064e+04 7.8860428e+01
1.1248594e+04 7.7980110e+01
1.1251125e+04 7.7060127e+01
1.1253658e+04 7.6091286e+01
1.1256191e+04 7.5081947e+01
1.1258725e+04 7.4052811e+01
1.1261261e+04 7.3024727e+01
1.1263798e+04 7.2009827e+01
1.1266336e+04 7.1000168e+01
1.1268875e+04 6.9981979e+01
1.1271416e+04 6.8942307e+01
1.1273957e+04 6.7880104e+01
1.1276500e+04 6.6806602e+01
1.1279044e+04 6.5735718e+01
1.1281588e+04 6.4681412e+01
1.1284134e+04 6.3647556e+01
1.1286682e+04 6.2630985e+01
1.1289230e+04 6.1621117e+01
1.1291780e+04 6.0603737e+01
1.1294330e+04 5.9565590e+01
1.1296882e+04 5.8495735e+01
1.1299435e+04 5.7389141e+01
1.1301989e+04 5.6247498e+01
1.1304545e+04 5.5081272e+01
1.1307101e+04 5.3908394e+01
1.1309658e+04 5.2751301e+01
1.1312217e+04 5.1628922e+01
1.1314777e+04 5.0551460e+01
1.1317338e+04 4.9515343e+01
1.1319900e+04 4.8505188e+01
1.1322464e+04 4.7502541e+01
1.1325028e+04 4.6491264e+01
1.1327594e+04 4.5466709e+01
1.1330161e+04 4.4430874e+01
1.1332729e+04 4.3391682e+01
1.1335298e+04 4.2358089e+01
1.1337868e+04 4.1336990e+01
1.1340440e+04 4.0336586e+01
1.1343013e+04 3.9360188e+01
1.1345586e+04 3.8410042e+01
1.1348161e+04 3.7483429e+01
1.1350738e+04 3.6575840e+01
1.1353315e+04 3.5685966e+01
1.1355894e+04 3.4812809e+01
1.1358473e+04 3.3962177e+01
1.1361054e+04 3.3135532e+01
1.1363636e+04 3.2330585e+01
1.1366220e+04 3.1540512e+01
1.1368804e+04 3.0754805e+01
1.1371389e+04 2.9969620e+01
1.1373976e+04 2.9183792e+01
1.1376564e+04 2.8404306e+01
1.1379154e+04 2.7640795e+01
1.1381744e+04 2.6901865e+01
1.1384335e+04 2.6195669e+01
1.1386928e+04 2.5519514e+01
1.1389522e+04 2.4867630e+01
1.1392117e+04 2.4227667e+01
1.1394713e+04 2.3589348e+01
1.1397310e+04 2.2950863e+01
1.1399909e+04 2.2315382e+01
1.1402509e+04 2.1694992e+01
1.1405110e+04 2.1095633e+01
1.1407712e+04 2.0518898e+01
1.1410315e+04 1.9959450e+01
1.1412919e+04 1.9410252e+01
1.1415525e+04 1.8872976e+01
1.1418132e+04 1.8353342e+01
1.1420740e+04 1.7862940e+01
1.1423349e+04 1.7407202e+01
1.1425960e+04 1.6981459e+01
1.1428571e+04 1.6573811e+01
1.1431184e+04 1.6166067e+01
1.1433799e+04 1.5749835e+01
1.1436413e+04 1.5324783e+01
1.1439030e+04 1.4901947e+01
1.1441648e+04 1.4495301e+01
1.1444267e+04 1.4111852e+01
1.1446887e+04 1.3753032e+01
1.1449507e+04 1.3410234e+01
1.1452130e+04 1.3076853e+01
1.1454754e+04 1.2748718e+01
1.1457379e+04 1.2426781e+01
1.1460005e+04 1.2117099e+01
1.1462631e+04 1.1824107e+01
1.1465260e+04 1.1552095e+01
1.1467890e+04 1.1299180e+01
1.1470521e+04 1.1059784e+01
1.1473153e+04 1.0826444e+01
1.1475786e+04 1.0590887e+01
1.1478420e+04 1.0350275e+01
1.1481056e+04 1.0103845e+01
1.1483693e+04 9.8554611e+00
1.1486332e+04 9.6103897e+00
1.1488970e+04 9.3733072e+00
1.1491611e+04 9.1494789e+00
1.1494253e+04 8.9409351e+00
1.1496896e+04 8.7482214e+00
1.1499540e+04 8.5662355e+00
1.1502185e+04 8.3848953e+00
1.1504832e+04 8.1942310e+00
1.1507480e+04 7.9878092e+00
1.1510129e+04 7.7697511e+00
1.1512780e+04 7.5505490e+00
1.1515430e+04 7.3441262e+00
1.1518083e+04 7.1609969e+00
1.1520737e+04 7.0038791e+00
1.1523393e+04 6.8699832e+00
1.1526049e+04 6.7510362e+00
1.1528706e+04 6.6382880e+00
1.1531365e+04 6.5220828e+00
1.1534025e+04 6.3940039e+00
1.1536687e+04 6.2500472e+00
1.1539350e+04 6.0916419e+00
1.1542013e+04 5.9285641e+00
1.1544678e+04 5.7721128e+00
1.1547344e+04 5.6309929e+00
1.1550012e+04 5.5062289e+00
1.1552681e+04 5.3920741e+00
1.1555350e+04 5.2814002e+00
1.1558021e+04 5.1706548e+00
1.1560694e+04 5.0622702e+00
1.1563367e+04 4.9615378e+00
1.1566042e+04 4.8717260e+00
1.1568718e+04 4.7921181e+00
1.1571395e+04 4.7172298e+00
1.1574074e+04 4.6420569e+00
1.1576754e+04 4.5632830e+00
1.1579435e+04 4.4805522e+00
1.1582117e+04 4.3949118e+00
1.1584801e+04 4.3069830e+00
1.1587486e+04 4.2177200e+00
1.1590172e+04 4.1273589e+00
1.1592859e+04 4.0369272e+00
1.1595547e+04 3.9464469e+00
1.1598237e+04 3.8546560e+00
1.1600928e+04 3.7602661e+00
1.1603620e+04 3.6625860e+00
1.1606314e+04 3.5642381e+00
1.1609008e+04 3.4692280e+00
1.1611704e+04 3.3805599e+00
1.1614402e+04 3.2979960e+00
1.1617101e+04 3.2185309e+00
1.1619800e+04 3.1404250e+00
1.1622501e+04 3.0670879e+00
1.1625203e+04 3.0069110e+00
1.1627907e+04 2.9691930e+00
1.1630612e+04 2.9567950e+00
1.1633318e+04 2.9625890e+00
1.1636025e+04 2.9704800e+00
1.1638734e+04 2.9650440e+00
1.1641444e+04 2.9377220e+00
1.1644155e+04 2.8917069e+00
1.1646867e+04 2.8377531e+00
1.1649580e+04 2.7874939e+00
1.1652295e+04 2.7477739e+00
1.1655012e+04 2.7185199e+00
1.1657729e+04 2.6958699e+00
1.1660448e+04 2.6750081e+00
1.1663167e+04 2.6513331e+00
1.1665889e+04 2.6202199e+00
1.1668611e+04 2.5758500e+00
1.1671335e+04 2.5146241e+00
1.1674061e+04 2.4373050e+00
1.1676786e+04 2.3513789e+00
1.1679514e+04 2.2687910e+00
1.1682243e+04 2.2006030e+00
1.1684973e+04 2.1511309e+00
1.1687705e+04 2.1180389e+00
1.1690437e+04 2.0945539e+00
1.1693171e+04 2.0756950e+00
1.1695906e+04 2.0597210e+00
1.1698643e+04 2.0470610e+00
1.1701381e+04 2.0359271e+00
1.1704120e+04 2.0210741e+00
1.1706860e+04 1.9951340e+00
1.1709602e+04 1.9550080e+00
1.1712345e+04 1.9056320e+00
1.1715089e+04 1.8604510e+00
1.1717834e+04 1.8337960e+00
1.1720581e+04 1.8334150e+00
1.1723329e+04 1.8547050e+00
1.1726079e+04 1.8825530e+00
1.1728830e+04 1.8989800e+00
1.1731581e+04 1.8924710e+00
1.1734334e+04 1.8635030e+00
1.1737089e+04 1.8228530e+00
1.1739845e+04 1.7850389e+00
1.1742602e+04 1.7587661e+00
1.1745360e+04 1.7443650e+00
1.1748120e+04 1.7345901e+00
1.1750881e+04 1.7215490e+00
1.1753644e+04 1.7003050e+00
1.1756408e+04 1.6717190e+00
1.1759172e+04 1.6396990e+00
1.1761938e+04 1.6070840e+00
1.1764706e+04 1.5737770e+00
1.1767475e+04 1.5382760e+00
1.1770245e+04 1.5003910e+00
1.1773016e+04 1.4634840e+00
1.1775789e+04 1.4332530e+00
1.1778563e+04 1.4140120e+00
1.1781339e+04 1.4047379e+00
1.1784115e+04 1.3979909e+00
1.1786893e+04 1.3833040e+00
1.1789672e+04 1.3539310e+00
1.1792453e+04 1.3111590e+00
1.1795235e+04 1.2660500e+00
1.1798018e+04 1.2344120e+00
1.1800802e+04 1.2289280e+00
1.1803588e+04 1.2523410e+00
1.1806375e+04 1.2944690e+00
1.1809164e+04 1.3365260e+00
1.1811954e+04 1.3583890e+00
1.1814744e+04 1.3495920e+00
1.1817537e+04 1.3126611e+00
1.1820331e+04 1.2621640e+00
1.1823126e+04 1.2155050e+00
1.1825923e+04 1.1847730e+00
1.1828720e+04 1.1701339e+00
1.1831519e+04 1.1619560e+00
1.1834320e+04 1.1473650e+00
1.1837121e+04 1.1184930e+00
1.1839925e+04 1.0778420e+00
1.1842728e+04 1.0359280e+00
1.1845534e+04 1.0056970e+00
1.1848341e+04 9.9375200e-01
1.1851150e+04 9.9759102e-01
1.1853960e+04 1.0056250e+00
1.1856770e+04 1.0040280e+00
1.1859582e+04 9.8342800e-01
1.1862396e+04 9.4518602e-01
1.1865211e+04 8.9976698e-01
1.1868028e+04 8.6274099e-01
1.1870845e+04 8.4648103e-01
1.1873664e+04 8.5372901e-01
1.1876485e+04 8.7747502e-01
1.1879306e+04 9.0501302e-01
1.1882130e+04 9.2628002e-01
1.1884953e+04 9.3831998e-01
1.1887779e+04 9.4676000e-01
1.1890606e+04 9.5984900e-01
1.1893435e+04 9.8197401e-01
1.1896265e+04 1.0090110e+00
1.1899095e+04 1.0302060e+00
1.1901928e+04 1.0331150e+00
1.1904762e+04 1.0120860e+00
1.1907597e+04 9.7141200e-01
1.1910434e+04 9.2422903e-01
1.1913271e+04 8.8543802e-01
1.1916110e+04 8.6426699e-01
1.1918951e+04 8.6054802e-01
1.1921793e+04 8.6574501e-01
1.1924637e+04 8.6836803e-01
1.1927481e+04 8.5983199e-01
1.1930327e+04 8.3787400e-01
1.1933174e+04 8.0509102e-01
1.1936023e+04 7.6620501e-01
1.1938873e+04 7.2448200e-01
1.1941724e+04 6.8118501e-01
1.1944577e+04 6.3788801e-01
1.1947431e+04 5.9809601e-01
1.1950287e+04 5.6793600e-01
1.1953144e+04 5.5436999e-01
1.1956002e+04 5.6180900e-01
1.1958861e+04 5.9015697e-01
1.1961722e+04 6.3321501e-01
1.1964585e+04 6.8111402e-01
1.1967449e+04 7.2288501e-01
1.1970313e+04 7.4961102e-01
1.1973180e+04 7.5721699e-01
1.1976048e+04 7.4715602e-01
1.1978917e+04 7.2631800e-01
1.1981788e+04 7.0340598e-01
1.1984659e+04 6.8552399e-01
1.1987533e+04 6.7489100e-01
1.1990408e+04 6.6935998e-01
1.1993284e+04 6.6449600e-01
1.1996162e+04 6.5762901e-01
1.1999040e+04 6.4861703e-01
1.2001920e+04 6.3946199e-01
1.2004802e+04 6.3214302e-01
1.2007685e+04 6.2696898e-01
1.2010570e+04 6.2263000e-01
1.2013455e+04 6.1700302e-01
1.2016342e+04 6.0794300e-01
1.2019231e+04 5.9356600e-01
1.2022121e+04 5.7225198e-01
1.2025012e+04 5.4349798e-01
1.2027904e+04 5.1042998e-01
1.2030799e+04 4.7945899e-01
1.2033694e+04 4.5893100e-01
1.2036591e+04 4.5547399e-01
1.2039490e+04 4.6935001e-01
1.2042389e+04 4.9464700e-01
1.2045290e+04 5.2146900e-01
1.2048193e+04 5.4125702e-01
1.2051097e+04 5.5053198e-01
1.2054002e+04 5.5158103e-01
1.2056908e+04 5.4986399e-01
1.2059817e+04 5.5022198e-01
1.2062726e+04 5.5403697e-01
1.2065637e+04 5.5921000e-01
1.2068550e+04 5.6180900e-01
1.2071463e+04 5.5761302e-01
1.2074378e+04 5.4318899e-01
1.2077295e+04 5.1622301e-01
1.2080213e+04 4.7640800e-01
1.2083132e+04 4.2812800e-01
1.2086052e+04 3.8084900e-01
1.2088975e+04 3.4744701e-01
1.2091898e+04 3.3860201e-01
1.2094824e+04 3.5879600e-01
1.2097750e+04 4.0328500e-01
1.2100677e+04 4.6052900e-01
1.2103607e+04 5.1593697e-01
1.2106538e+04 5.5665898e-01
1.2109470e+04 5.7480299e-01
1.2112403e+04 5.6834197e-01
1.2115338e+04 5.4168701e-01
1.2118274e+04 5.0382602e-01
1.2121212e+04 4.6572599e-01
1.2124151e+04 4.3470800e-01
1.2127092e+04 4.1048500e-01
1.2130034e+04 3.8597500e-01
1.2132977e+04 3.5340700e-01
1.2135922e+04 3.1144601e-01
1.2138869e+04 2.6888800e-01
1.2141817e+04 2.4032500e-01
1.2144765e+04 2.3813200e-01
1.2147716e+04 2.6569301e-01
1.2150668e+04 3.1494999e-01
1.2153622e+04 3.7150300e-01
1.2156577e+04 4.2061800e-01
1.2159533e+04 4.5461601e-01
1.2162491e+04 4.7356999e-01
1.2165450e+04 4.8265401e-01
1.2168411e+04 4.8823300e-01
1.2171373e+04 4.9462301e-01
1.2174336e+04 5.0268102e-01
1.2177301e+04 5.1057303e-01
1.2180268e+04 5.1574701e-01
1.2183236e+04 5.1643801e-01
1.2186206e+04 5.1248002e-01
1.2189176e+04 5.0442201e-01
1.2192148e+04 4.9324000e-01
1.2195122e+04 4.8015100e-01
1.2198097e+04 4.6737099e-01
1.2201074e+04 4.5866901e-01
1.2204051e+04 4.5704800e-01
1.2207031e+04 4.6341401e-01
1.2210012e+04 4.7538200e-01
1.2212995e+04 4.8830500e-01
1.2215979e+04 4.9614900e-01
1.2218963e+04 4.9388400e-01
1.2221950e+04 4.7819600e-01
1.2224939e+04 4.4767800e-01
1.2227929e+04 4.0285501e-01
1.2230920e+04 3.4534901e-01
1.2233912e+04 2.7842501e-01
1.2236906e+04 2.0797201e-01
1.2239902e+04 1.4376600e-01
1.2242899e+04 9.9086002e-02
1.2245898e+04 8.7118000e-02
1.2248897e+04 1.1513200e-01
1.2251899e+04 1.7926601e-01
1.2254902e+04 2.6280800e-01
1.2257907e+04 3.4253499e-01
1.2260913e+04 3.9649001e-01
1.2263919e+04 4.1506201e-01
1.2266928e+04 4.0194899e-01
1.2269939e+04 3.7024000e-01
1.2272951e+04 3.3383301e-01
1.2275964e+04 3.0164701e-01
1.2278978e+04 2.7639800e-01
1.2281994e+04 2.5627601e-01
1.2285012e+04 2.3822699e-01
1.2288032e+04 2.1991700e-01
1.2291052e+04 2.0022300e-01
1.2294074e+04 1.7945699e-01
1.2297098e+04 1.5904900e-01
1.2300123e+04 1.4140600e-01
1.2303150e+04 1.2900800e-01
1.2306178e+04 1.2185500e-01
1.2309207e+04 1.1785000e-01
1.2312238e+04 1.1487000e-01
1.2315271e+04 1.1265200e-01
1.2318305e+04 1.1346300e-01
1.2321341e+04 1.2047200e-01
1.2324377e+04 1.3437200e-01
1.2327416e+04 1.5251601e-01
1.2330456e+04 1.7001601e-01
1.2333498e+04 1.8148400e-01
1.2336541e+04 1.8289000e-01
1.2339585e+04 1.7287700e-01
1.2342631e+04 1.5294500e-01
1.2345679e+04 1.2779200e-01
1.2348728e+04 1.0616700e-01
1.2351779e+04 9.8609000e-02
1.2354830e+04 1.1208000e-01
1.2357884e+04 1.4555401e-01
1.2360939e+04 1.8765900e-01
1.2363996e+04 2.2301599e-01
1.2367055e+04 2.3944300e-01
1.2370113e+04 2.3543800e-01
1.2373175e+04 2.1862900e-01
1.2376238e+04 2.0017600e-01
1.2379302e+04 1.8656200e-01
1.2382368e+04 1.7740700e-01
1.2385434e+04 1.6844200e-01
1.2388503e+04 1.5771300e-01
1.2391574e+04 1.4760400e-01
1.2394646e+04 1.4271700e-01
1.2397719e+04 1.4429000e-01
1.2400793e+04 1.4944001e-01
1.2403870e+04 1.5318300e-01
1.2406948e+04 1.5277800e-01
1.2410027e+04 1.4955901e-01
1.2413109e+04 1.4715099e-01
1.2416190e+04 1.4727101e-01
1.2419275e+04 1.4767601e-01
1.2422360e+04 1.4369400e-01
1.2425448e+04 1.3325199e-01
1.2428536e+04 1.1894700e-01
1.2431626e+04 1.0814600e-01
1.2434718e+04 1.0795500e-01
1.2437811e+04 1.2183100e-01
1.2440906e+04 1.4755701e-01
1.2444002e+04 1.7874201e-01
1.2447099e+04 2.0739999e-01
1.2450199e+04 2.2616300e-01
1.2453300e+04 2.3112200e-01
1.2456403e+04 2.2215800e-01
1.2459507e+04 2.0310800e-01
1.2462612e+04 1.8069699e-01
1.2465719e+04 1.6293500e-01
1.2468828e+04 1.5714100e-01
1.2471938e+04 1.6703600e-01
1.2475050e+04 1.9176000e-01
1.2478163e+04 2.2568700e-01
1.2481278e+04 2.6097199e-01
1.2484395e+04 2.8948700e-01
1.2487513e+04 3.0574700e-01
1.2490632e+04 3.0760700e-01
1.2493753e+04 2.9630601e-01
1.2496876e+04 2.7463400e-01
1.2500000e+04 2.4590400e-01
