4.1666667e+03 -7.2503000e-02
4.1670138e+03 -6.9403000e-02
4.1673611e+03 -5.5335999e-02
4.1677088e+03 -2.3483999e-02
4.1680561e+03 2.5534000e-02
4.1684035e+03 8.2301997e-02
4.1687510e+03 1.3208300e-01
4.1690985e+03 1.6071700e-01
4.1694465e+03 1.6264901e-01
4.1697941e+03 1.4257400e-01
4.1701418e+03 1.1310500e-01
4.1704895e+03 8.5830003e-02
4.1708373e+03 6.5087996e-02
4.1711856e+03 4.5942999e-02
4.1715335e+03 1.9717000e-02
4.1718815e+03 -1.8262001e-02
4.1722296e+03 -6.2965997e-02
4.1725776e+03 -1.0251900e-01
4.1729262e+03 -1.2412000e-01
4.1732744e+03 -1.2230800e-01
4.1736227e+03 -1.0128000e-01
4.1739710e+03 -7.1740001e-02
4.1743194e+03 -4.4631001e-02
4.1746683e+03 -2.5962999e-02
4.1750168e+03 -1.6187999e-02
4.1753653e+03 -1.2993000e-02
4.1757140e+03 -1.2755000e-02
4.1760626e+03 -1.2516000e-02
4.1764118e+03 -9.7510004e-03
4.1767606e+03 -2.0979999e-03
4.1771094e+03 1.2397000e-02
4.1774583e+03 3.4070000e-02
4.1778073e+03 6.1988000e-02
4.1781568e+03 9.3364000e-02
4.1785059e+03 1.2414400e-01
4.1788550e+03 1.4989300e-01
4.1792042e+03 1.6658300e-01
4.1795535e+03 1.7325801e-01
4.1799032e+03 1.7223300e-01
4.1802526e+03 1.6875200e-01
4.1806020e+03 1.6674900e-01
4.1809515e+03 1.6479400e-01
4.1813011e+03 1.5380301e-01
4.1816511e+03 1.2209400e-01
4.1820008e+03 6.2227000e-02
4.1823505e+03 -2.0575000e-02
4.1827003e+03 -1.0788400e-01
4.1830501e+03 -1.7538001e-01
4.1834004e+03 -2.0363300e-01
4.1837504e+03 -1.8880300e-01
4.1841004e+03 -1.4140600e-01
4.1844505e+03 -8.0155998e-02
4.1848006e+03 -2.0623000e-02
4.1851513e+03 2.9993000e-02
4.1855015e+03 7.2168998e-02
4.1858518e+03 1.0840800e-01
4.1862022e+03 1.3856800e-01
4.1865526e+03 1.5797600e-01
4.1869035e+03 1.6121800e-01
4.1872541e+03 1.4662699e-01
4.1876047e+03 1.1847000e-01
4.1879554e+03 8.5066997e-02
4.1883061e+03 5.5718001e-02
4.1886573e+03 3.6168002e-02
4.1890081e+03 2.7012000e-02
4.1893590e+03 2.3412000e-02
4.1897100e+03 1.9288000e-02
4.1900610e+03 1.0180000e-02
4.1904125e+03 -3.8379999e-03
4.1907636e+03 -1.7881000e-02
4.1911148e+03 -2.5986999e-02
4.1914661e+03 -2.4484999e-02
4.1918174e+03 -1.4114000e-02
4.1921692e+03 6.4300001e-04
4.1925206e+03 1.3804000e-02
4.1928721e+03 2.0909000e-02
4.1932237e+03 1.9121001e-02
4.1935753e+03 6.6990000e-03
4.1939274e+03 -1.7571000e-02
4.1942791e+03 -5.2880999e-02
4.1946309e+03 -9.3102001e-02
4.1949827e+03 -1.2652799e-01
4.1953346e+03 -1.3957000e-01
4.1956870e+03 -1.2319000e-01
4.1960390e+03 -8.1205003e-02
4.1963911e+03 -2.9682999e-02
4.1967432e+03 9.0119997e-03
4.1970954e+03 1.9907000e-02
4.1974481e+03 1.0010001e-03
4.1978004e+03 -3.5548002e-02
4.1981528e+03 -7.2645999e-02
4.1985052e+03 -9.7870000e-02
4.1988577e+03 -1.0864700e-01
4.1992107e+03 -1.0950500e-01
4.1995633e+03 -1.0647700e-01
4.1999160e+03 -1.0197100e-01
4.2002687e+03 -9.4866000e-02
4.2006215e+03 -8.3756000e-02
4.2009748e+03 -6.9284000e-02
4.2013277e+03 -5.3954002e-02
4.2016807e+03 -4.1365001e-02
4.2020337e+03 -3.6430001e-02
4.2023868e+03 -4.4488002e-02
4.2027404e+03 -7.0095003e-02
4.2030936e+03 -1.1229500e-01
4.2034468e+03 -1.6126600e-01
4.2038001e+03 -1.9783901e-01
4.2041535e+03 -2.0141600e-01
4.2045074e+03 -1.6107500e-01
4.2048609e+03 -8.3327003e-02
4.2052145e+03 7.7960002e-03
4.2055681e+03 8.3564997e-02
4.2059218e+03 1.2285700e-01
4.2062759e+03 1.2273700e-01
4.2066297e+03 9.5725000e-02
4.2069836e+03 6.1583001e-02
4.2073375e+03 3.5691001e-02
4.2076915e+03 2.4294000e-02
4.2080460e+03 2.5296001e-02
4.2084001e+03 3.3544999e-02
4.2087542e+03 4.4631001e-02
4.2091084e+03 5.4907002e-02
4.2094627e+03 6.0605999e-02
4.2098175e+03 5.7195999e-02
4.2101719e+03 4.0220998e-02
4.2105263e+03 9.4649997e-03
4.2108808e+03 -2.9873000e-02
4.2112354e+03 -6.7590997e-02
4.2115905e+03 -9.3029998e-02
4.2119452e+03 -9.8466001e-02
4.2122999e+03 -8.1491001e-02
4.2126547e+03 -4.5609001e-02
4.2130096e+03 1.9070000e-03
4.2133650e+03 5.2689999e-02
4.2137200e+03 1.0094600e-01
4.2140750e+03 1.4483900e-01
4.2144301e+03 1.8472600e-01
4.2147853e+03 2.1824799e-01
4.2151410e+03 2.3677300e-01
4.2154963e+03 2.2830901e-01
4.2158516e+03 1.8629999e-01
4.2162070e+03 1.1575200e-01
4.2165625e+03 3.5404999e-02
4.2169184e+03 -3.0422000e-02
4.2172740e+03 -6.1606999e-02
4.2176297e+03 -5.1902998e-02
4.2179854e+03 -9.1789998e-03
4.2183412e+03 4.9400002e-02
4.2186974e+03 1.0769300e-01
4.2190533e+03 1.5521000e-01
4.2194093e+03 1.8677700e-01
4.2197653e+03 1.9843499e-01
4.2201214e+03 1.8379600e-01
4.2204779e+03 1.3422900e-01
4.2208341e+03 4.3249000e-02
4.2211904e+03 -8.6975001e-02
4.2215467e+03 -2.3930000e-01
4.2219031e+03 -3.8406801e-01
4.2222599e+03 -4.8932999e-01
4.2226164e+03 -5.3069502e-01
4.2229730e+03 -5.0368297e-01
4.2233296e+03 -4.2016500e-01
4.2236863e+03 -3.0169401e-01
4.2240434e+03 -1.6834700e-01
4.2244002e+03 -3.4666002e-02
4.2247571e+03 8.9763999e-02
4.2251140e+03 1.9731501e-01
4.2254710e+03 2.8121400e-01
4.2258284e+03 3.3853000e-01
4.2261855e+03 3.7410200e-01
4.2265427e+03 3.9811099e-01
4.2268999e+03 4.1995001e-01
4.2272572e+03 4.3909499e-01
4.2276150e+03 4.4240901e-01
4.2279724e+03 4.1174799e-01
4.2283298e+03 3.4019899e-01
4.2286873e+03 2.4003901e-01
4.2290449e+03 1.4371800e-01
4.2294030e+03 8.4804997e-02
4.2297607e+03 8.1849001e-02
4.2301184e+03 1.2824500e-01
4.2304763e+03 1.9941300e-01
4.2308341e+03 2.6466799e-01
4.2311925e+03 3.0233800e-01
4.2315505e+03 3.0255300e-01
4.2319086e+03 2.6500201e-01
4.2322667e+03 1.9636101e-01
4.2326249e+03 1.0907600e-01
4.2329836e+03 2.3460001e-02
4.2333419e+03 -3.4593999e-02
4.2337003e+03 -4.3582000e-02
4.2340587e+03 3.7430001e-03
4.2344172e+03 8.9787997e-02
4.2347762e+03 1.7762101e-01
4.2351348e+03 2.2485200e-01
4.2354934e+03 2.0782900e-01
4.2358522e+03 1.2993801e-01
4.2362110e+03 1.3136000e-02
4.2365702e+03 -1.1842200e-01
4.2369292e+03 -2.4530800e-01
4.2372881e+03 -3.4587300e-01
4.2376472e+03 -3.9551201e-01
4.2380063e+03 -3.7753499e-01
4.2383659e+03 -2.9783201e-01
4.2387251e+03 -1.8298601e-01
4.2390844e+03 -6.1106000e-02
4.2394437e+03 5.2738000e-02
4.2398031e+03 1.5559100e-01
4.2401630e+03 2.4549900e-01
4.2405225e+03 3.1561801e-01
4.2408821e+03 3.5815200e-01
4.2412417e+03 3.7021601e-01
4.2416015e+03 3.5405099e-01
4.2419617e+03 3.1361499e-01
4.2423215e+03 2.5346199e-01
4.2426814e+03 1.7940900e-01
4.2430413e+03 9.8537996e-02
4.2434013e+03 1.9669000e-02
4.2437618e+03 -4.7421001e-02
4.2441220e+03 -9.6773997e-02
4.2444822e+03 -1.2621801e-01
4.2448424e+03 -1.3680400e-01
4.2452027e+03 -1.3120100e-01
4.2455636e+03 -1.1320100e-01
4.2459240e+03 -8.9073002e-02
4.2462845e+03 -6.8425998e-02
4.2466451e+03 -5.8959998e-02
4.2470057e+03 -6.0653001e-02
4.2473668e+03 -6.7400001e-02
4.2477276e+03 -7.2668999e-02
4.2480884e+03 -7.7342004e-02
4.2484492e+03 -8.7284997e-02
4.2488102e+03 -1.0747900e-01
4.2491716e+03 -1.3520700e-01
4.2495326e+03 -1.6016901e-01
4.2498938e+03 -1.6782200e-01
4.2502549e+03 -1.4665100e-01
4.2506162e+03 -9.4342001e-02
4.2509779e+03 -2.1576000e-02
4.2513393e+03 5.1711999e-02
4.2517007e+03 1.0724000e-01
4.2520622e+03 1.3973700e-01
4.2524237e+03 1.5993100e-01
4.2527858e+03 1.8248500e-01
4.2531474e+03 2.1271700e-01
4.2535091e+03 2.4087401e-01
4.2538709e+03 2.5136399e-01
4.2542328e+03 2.3570000e-01
4.2545951e+03 1.9979399e-01
4.2549571e+03 1.6021700e-01
4.2553191e+03 1.3461100e-01
4.2556812e+03 1.2917501e-01
4.2560434e+03 1.3499200e-01
4.2564061e+03 1.2807800e-01
4.2567684e+03 8.5592002e-02
4.2571307e+03 -8.1000000e-04
4.2574931e+03 -1.1568000e-01
4.2578556e+03 -2.2752200e-01
4.2582185e+03 -3.0372101e-01
4.2585811e+03 -3.2832599e-01
4.2589438e+03 -3.0603400e-01
4.2593065e+03 -2.5498801e-01
4.2596693e+03 -1.9416800e-01
4.2600326e+03 -1.3320400e-01
4.2603955e+03 -7.4005000e-02
4.2607584e+03 -1.5044000e-02
4.2611214e+03 4.2629000e-02
4.2614845e+03 9.6559003e-02
4.2618481e+03 1.4805700e-01
4.2622113e+03 2.0422900e-01
4.2625746e+03 2.7394199e-01
4.2629379e+03 3.5767499e-01
4.2633013e+03 4.3919000e-01
4.2636652e+03 4.8870999e-01
4.2640287e+03 4.8224899e-01
4.2643923e+03 4.1880599e-01
4.2647560e+03 3.2517901e-01
4.2651197e+03 2.3834699e-01
4.2654839e+03 1.8336700e-01
4.2658477e+03 1.6152801e-01
4.2662116e+03 1.5420900e-01
4.2665756e+03 1.3930701e-01
4.2669396e+03 1.0426000e-01
4.2673041e+03 5.0592002e-02
4.2676682e+03 -1.0132000e-02
4.2680324e+03 -6.2488999e-02
4.2683967e+03 -9.4223000e-02
4.2687610e+03 -9.7799003e-02
4.2691259e+03 -7.2430998e-02
4.2694903e+03 -2.6655000e-02
4.2698548e+03 2.2411000e-02
4.2702194e+03 5.6147002e-02
4.2705840e+03 6.5135002e-02
4.2709492e+03 5.0902002e-02
4.2713139e+03 2.1695999e-02
4.2716788e+03 -1.5211000e-02
4.2720437e+03 -5.5312999e-02
4.2724086e+03 -9.4056003e-02
4.2727741e+03 -1.2464500e-01
4.2731391e+03 -1.3914099e-01
4.2735043e+03 -1.3098700e-01
4.2738695e+03 -9.7512998e-02
4.2742347e+03 -3.9434001e-02
4.2746005e+03 3.8504001e-02
4.2749659e+03 1.2745801e-01
4.2753313e+03 2.1235900e-01
4.2756968e+03 2.7153400e-01
4.2760624e+03 2.8498101e-01
4.2764285e+03 2.4769300e-01
4.2767942e+03 1.7979100e-01
4.2771600e+03 1.1477400e-01
4.2775258e+03 7.9821996e-02
4.2778917e+03 7.6389000e-02
4.2782581e+03 8.5449003e-02
4.2786241e+03 8.3278999e-02
4.2789902e+03 6.0892001e-02
4.2793563e+03 2.8061001e-02
4.2797225e+03 5.8650002e-03
4.2800892e+03 1.1849000e-02
4.2804555e+03 5.0639998e-02
4.2808219e+03 1.0883800e-01
4.2811884e+03 1.5940601e-01
4.2815549e+03 1.7502300e-01
4.2819219e+03 1.3971300e-01
4.2822885e+03 6.0033001e-02
4.2826552e+03 -3.6238998e-02
4.2830220e+03 -1.0955300e-01
4.2833888e+03 -1.3236900e-01
4.2837562e+03 -1.0225700e-01
4.2841231e+03 -4.6967998e-02
4.2844901e+03 -8.4870001e-03
4.2848572e+03 -1.8453000e-02
4.2852244e+03 -7.4458003e-02
4.2855920e+03 -1.3921200e-01
4.2859593e+03 -1.6438900e-01
4.2863266e+03 -1.2357200e-01
4.2866940e+03 -2.9587001e-02
4.2870615e+03 8.2850002e-02
4.2874294e+03 1.8269999e-01
4.2877970e+03 2.5865999e-01
4.2881647e+03 3.0944300e-01
4.2885324e+03 3.3068600e-01
4.2889001e+03 3.1657201e-01
4.2892684e+03 2.6891199e-01
4.2896363e+03 2.0196401e-01
4.2900043e+03 1.3434801e-01
4.2903723e+03 8.0084004e-02
4.2907404e+03 4.2653002e-02
4.2911090e+03 2.0265000e-02
4.2914772e+03 1.5783001e-02
4.2918455e+03 3.9028998e-02
4.2922138e+03 9.7250000e-02
4.2925822e+03 1.8317600e-01
4.2929512e+03 2.7034199e-01
4.2933197e+03 3.2956600e-01
4.2936883e+03 3.4594500e-01
4.2940569e+03 3.2679999e-01
4.2944257e+03 2.8982100e-01
4.2947949e+03 2.4921800e-01
4.2951637e+03 2.1200100e-01
4.2955326e+03 1.8172200e-01
4.2959016e+03 1.6005000e-01
4.2962707e+03 1.4550599e-01
4.2966402e+03 1.3368100e-01
4.2970094e+03 1.1975700e-01
4.2973786e+03 1.0328200e-01
4.2977479e+03 8.8285998e-02
4.2981172e+03 8.1324004e-02
4.2984871e+03 8.6116001e-02
4.2988566e+03 1.0097000e-01
4.2992261e+03 1.1756400e-01
4.2995957e+03 1.2474000e-01
4.2999654e+03 1.1360600e-01
4.3003356e+03 8.2277998e-02
4.3007054e+03 3.7407000e-02
4.3010753e+03 -8.5589997e-03
4.3014452e+03 -4.0245000e-02
4.3018152e+03 -4.6895999e-02
4.3021857e+03 -2.9397000e-02
4.3025558e+03 -2.9559999e-03
4.3029260e+03 1.3065000e-02
4.3032962e+03 6.5319999e-03
4.3036665e+03 -1.8405000e-02
4.3040374e+03 -4.6849001e-02
4.3044078e+03 -6.2965997e-02
4.3047783e+03 -5.7767998e-02
4.3051489e+03 -3.0588999e-02
4.3055195e+03 1.3375000e-02
4.3058906e+03 6.2847003e-02
4.3062614e+03 1.0423600e-01
4.3066322e+03 1.2767300e-01
4.3070031e+03 1.3394301e-01
4.3073740e+03 1.3248900e-01
4.3077455e+03 1.3530201e-01
4.3081166e+03 1.4719900e-01
4.3084877e+03 1.6348299e-01
4.3088589e+03 1.7354400e-01
4.3092302e+03 1.6820399e-01
4.3096020e+03 1.4417100e-01
4.3099734e+03 1.0650100e-01
4.3103448e+03 6.7423999e-02
4.3107164e+03 4.1246001e-02
4.3110879e+03 3.8169999e-02
4.3114600e+03 5.8173999e-02
4.3118318e+03 9.2220001e-02
4.3122035e+03 1.2588499e-01
4.3125754e+03 1.4564900e-01
4.3129473e+03 1.4240700e-01
4.3133197e+03 1.1346300e-01
4.3136917e+03 6.4825997e-02
4.3140638e+03 1.0490000e-02
4.3144360e+03 -3.2448001e-02
4.3148082e+03 -5.4860000e-02
4.3151810e+03 -5.9556000e-02
4.3155533e+03 -5.9175000e-02
4.3159258e+03 -6.4778000e-02
4.3162983e+03 -7.7247001e-02
4.3166708e+03 -8.4972002e-02
4.3170439e+03 -7.3337004e-02
4.3174165e+03 -3.5119001e-02
4.3177893e+03 2.2005999e-02
4.3181621e+03 7.9916999e-02
4.3185350e+03 1.1954300e-01
4.3189084e+03 1.3051000e-01
4.3192814e+03 1.1267600e-01
4.3196544e+03 7.2741002e-02
4.3200276e+03 2.2149000e-02
4.3204008e+03 -2.5224000e-02
4.3207745e+03 -5.4216001e-02
4.3211478e+03 -5.4191999e-02
4.3215212e+03 -2.3627000e-02
4.3218946e+03 2.8514000e-02
4.3222681e+03 8.7118000e-02
4.3226422e+03 1.3923600e-01
4.3230158e+03 1.7771700e-01
4.3233895e+03 2.0210700e-01
4.3237633e+03 2.1324100e-01
4.3241372e+03 2.0973600e-01
4.3245115e+03 1.8901800e-01
4.3248855e+03 1.5261100e-01
4.3252595e+03 1.0995800e-01
4.3256336e+03 7.5029999e-02
4.3260078e+03 5.8555000e-02
4.3263825e+03 6.3014001e-02
4.3267568e+03 8.1896000e-02
4.3271311e+03 1.0516600e-01
4.3275055e+03 1.2490700e-01
4.3278800e+03 1.3925999e-01
4.3282550e+03 1.5161000e-01
4.3286296e+03 1.6713101e-01
4.3290043e+03 1.8718199e-01
4.3293791e+03 2.0828199e-01
4.3297539e+03 2.2318301e-01
4.3301292e+03 2.2718900e-01
4.3305042e+03 2.2082300e-01
4.3308792e+03 2.0992699e-01
4.3312542e+03 2.0208301e-01
4.3316294e+03 2.0222600e-01
4.3320050e+03 2.1052299e-01
4.3323803e+03 2.2332600e-01
4.3327556e+03 2.3367400e-01
4.3331310e+03 2.3360200e-01
4.3335065e+03 2.1772300e-01
4.3338825e+03 1.8525100e-01
4.3342581e+03 1.4185899e-01
4.3346337e+03 9.7512998e-02
4.3350094e+03 6.2822998e-02
4.3353852e+03 4.4845998e-02
4.3357615e+03 4.4178002e-02
4.3361375e+03 5.4644998e-02
4.3365134e+03 6.5063998e-02
4.3368895e+03 6.4897001e-02
4.3372656e+03 4.9400002e-02
4.3376422e+03 2.3627000e-02
4.3380185e+03 -1.2870000e-03
4.3383948e+03 -1.4114000e-02
4.3387712e+03 -1.0037000e-02
4.3391476e+03 8.6780004e-03
4.3395246e+03 3.5737999e-02
4.3399011e+03 6.5444998e-02
4.3402778e+03 9.4723001e-02
4.3406545e+03 1.2264200e-01
4.3410312e+03 1.4905900e-01
4.3414085e+03 1.7268600e-01
4.3417854e+03 1.9106799e-01
4.3421624e+03 2.0191599e-01
4.3425394e+03 2.0515899e-01
4.3429165e+03 2.0411000e-01
4.3432941e+03 2.0451500e-01
4.3436714e+03 2.1202500e-01
4.3440487e+03 2.2902399e-01
4.3444260e+03 2.5274700e-01
4.3448034e+03 2.7651700e-01
4.3451814e+03 2.9318300e-01
4.3455589e+03 2.9971501e-01
4.3459365e+03 2.9881001e-01
4.3463142e+03 2.9621100e-01
4.3466920e+03 2.9504201e-01
4.3470703e+03 2.9320699e-01
4.3474481e+03 2.8398001e-01
4.3478261e+03 2.6111600e-01
4.3482041e+03 2.2251600e-01
4.3485822e+03 1.7297199e-01
4.3489608e+03 1.2199800e-01
4.3493390e+03 8.0417998e-02
4.3497173e+03 5.5670001e-02
4.3500956e+03 4.9327999e-02
4.3504740e+03 5.7457998e-02
4.3508530e+03 7.2931997e-02
4.3512315e+03 8.9311004e-02
4.3516101e+03 1.0340200e-01
4.3519888e+03 1.1646700e-01
4.3523675e+03 1.3167800e-01
4.3527468e+03 1.5094200e-01
4.3531256e+03 1.7285299e-01
4.3535046e+03 1.9321400e-01
4.3538836e+03 2.0842500e-01
4.3542626e+03 2.1820000e-01
4.3546422e+03 2.2499500e-01
4.3550214e+03 2.3109899e-01
4.3554007e+03 2.3505600e-01
4.3557800e+03 2.3207600e-01
4.3561594e+03 2.1770000e-01
4.3565394e+03 1.9314200e-01
4.3569189e+03 1.6696399e-01
4.3572985e+03 1.5218200e-01
4.3576781e+03 1.5752301e-01
4.3580579e+03 1.8310501e-01
4.3584381e+03 2.1944000e-01
4.3588180e+03 2.5339100e-01
4.3591979e+03 2.7551600e-01
4.3595779e+03 2.8357500e-01
4.3599580e+03 2.8099999e-01
4.3603385e+03 2.7186799e-01
4.3607187e+03 2.5727701e-01
4.3610990e+03 2.3627201e-01
4.3614793e+03 2.0911600e-01
4.3618597e+03 1.8055400e-01
4.3622406e+03 1.5888201e-01
4.3626212e+03 1.5246800e-01
4.3630017e+03 1.6598700e-01
4.3633824e+03 1.9862600e-01
4.3637631e+03 2.4576101e-01
4.3641444e+03 2.9997799e-01
4.3645252e+03 3.5195300e-01
4.3649062e+03 3.9012399e-01
4.3652871e+03 4.0316501e-01
4.3656682e+03 3.8552201e-01
4.3660498e+03 3.4196299e-01
4.3664310e+03 2.8777099e-01
4.3668122e+03 2.4070700e-01
4.3671935e+03 2.1321701e-01
4.3675749e+03 2.0554000e-01
4.3679569e+03 2.0852000e-01
4.3683384e+03 2.1116699e-01
4.3687200e+03 2.0883000e-01
4.3691016e+03 2.0444299e-01
4.3694833e+03 2.0379999e-01
4.3698656e+03 2.0852000e-01
4.3702474e+03 2.1405201e-01
4.3706294e+03 2.1343200e-01
4.3710114e+03 2.0449100e-01
4.3713934e+03 1.9299901e-01
4.3717760e+03 1.9052000e-01
4.3721582e+03 2.0706600e-01
4.3725404e+03 2.4445000e-01
4.3729228e+03 2.9387400e-01
4.3733052e+03 3.4062800e-01
4.3736881e+03 3.7155101e-01
4.3740706e+03 3.8018200e-01
4.3744532e+03 3.6978701e-01
4.3748359e+03 3.4859100e-01
4.3752186e+03 3.2691899e-01
4.3756018e+03 3.1165999e-01
4.3759847e+03 3.0515099e-01
4.3763676e+03 3.0581900e-01
4.3767506e+03 3.1032500e-01
4.3771337e+03 3.1557000e-01
4.3775173e+03 3.2033899e-01
4.3779005e+03 3.2529801e-01
4.3782837e+03 3.3164001e-01
4.3786670e+03 3.3917400e-01
4.3790504e+03 3.4546801e-01
4.3794344e+03 3.4615901e-01
4.3798179e+03 3.3690900e-01
4.3802015e+03 3.1681001e-01
4.3805852e+03 2.8972599e-01
4.3809689e+03 2.6488301e-01
4.3813531e+03 2.5358200e-01
4.3817370e+03 2.6497799e-01
4.3821209e+03 3.0066901e-01
4.3825049e+03 3.5288301e-01
4.3828890e+03 4.0671799e-01
4.3832736e+03 4.4641399e-01
4.3836578e+03 4.6310401e-01
4.3840421e+03 4.5831200e-01
4.3844264e+03 4.4341001e-01
4.3848108e+03 4.3156099e-01
4.3851958e+03 4.3139401e-01
4.3855803e+03 4.4350600e-01
4.3859649e+03 4.6341401e-01
4.3863496e+03 4.8646900e-01
4.3867343e+03 5.1114500e-01
4.3871196e+03 5.3708500e-01
4.3875045e+03 5.6242901e-01
4.3878894e+03 5.8155000e-01
4.3882744e+03 5.8779699e-01
4.3886595e+03 5.7682902e-01
4.3890451e+03 5.4962599e-01
4.3894303e+03 5.1171702e-01
4.3898156e+03 4.6980301e-01
4.3902010e+03 4.2920101e-01
4.3905864e+03 3.9403400e-01
4.3909723e+03 3.6871400e-01
4.3913579e+03 3.5850999e-01
4.3917435e+03 3.6766499e-01
4.3921292e+03 3.9653701e-01
4.3925150e+03 4.4031101e-01
4.3929013e+03 4.9130899e-01
4.3932872e+03 5.4268801e-01
4.3936731e+03 5.9173101e-01
4.3940591e+03 6.3829398e-01
4.3944452e+03 6.8216300e-01
4.3948319e+03 7.2114402e-01
4.3952181e+03 7.5230497e-01
4.3956044e+03 7.7593303e-01
4.3959908e+03 7.9722399e-01
4.3963772e+03 8.2404602e-01
4.3967642e+03 8.6166799e-01
4.3971507e+03 9.0727800e-01
4.3975374e+03 9.5133698e-01
4.3979241e+03 9.8237902e-01
4.3983109e+03 9.9439597e-01
4.3986982e+03 9.9000901e-01
4.3990851e+03 9.7792101e-01
4.3994721e+03 9.6662003e-01
4.3998591e+03 9.6063602e-01
4.4002462e+03 9.6011102e-01
4.4006339e+03 9.6423602e-01
4.4010211e+03 9.7465497e-01
4.4014085e+03 9.9508703e-01
4.4017958e+03 1.0279170e+00
4.4021833e+03 1.0708330e+00
4.4025713e+03 1.1171809e+00
4.4029589e+03 1.1593100e+00
4.4033465e+03 1.1927360e+00
4.4037343e+03 1.2182471e+00
4.4041221e+03 1.2395620e+00
4.4045104e+03 1.2595650e+00
4.4048983e+03 1.2779230e+00
4.4052863e+03 1.2931340e+00
4.4056744e+03 1.3052940e+00
4.4060626e+03 1.3185500e+00
4.4064512e+03 1.3387440e+00
4.4068395e+03 1.3707390e+00
4.4072279e+03 1.4149660e+00
4.4076163e+03 1.4682050e+00
4.4080047e+03 1.5261650e+00
4.4083938e+03 1.5852211e+00
4.4087824e+03 1.6419640e+00
4.4091711e+03 1.6913410e+00
4.4095598e+03 1.7266510e+00
4.4099487e+03 1.7435549e+00
4.4103380e+03 1.7455330e+00
4.4107270e+03 1.7458910e+00
4.4111160e+03 1.7621750e+00
4.4115051e+03 1.8069980e+00
4.4118943e+03 1.8796680e+00
4.4122840e+03 1.9667619e+00
4.4126733e+03 2.0492549e+00
4.4130627e+03 2.1131990e+00
4.4134521e+03 2.1553991e+00
4.4138416e+03 2.1828880e+00
4.4142317e+03 2.2049899e+00
4.4146213e+03 2.2289031e+00
4.4150110e+03 2.2571080e+00
4.4154008e+03 2.2907250e+00
4.4157907e+03 2.3321390e+00
4.4161811e+03 2.3849721e+00
4.4165711e+03 2.4514191e+00
4.4169611e+03 2.5283329e+00
4.4173513e+03 2.6080360e+00
4.4177415e+03 2.6811121e+00
4.4181322e+03 2.7419319e+00
4.4185225e+03 2.7936449e+00
4.4189129e+03 2.8465741e+00
4.4193034e+03 2.9150240e+00
4.4196940e+03 3.0079601e+00
4.4200851e+03 3.1258819e+00
4.4204757e+03 3.2582991e+00
4.4208665e+03 3.3887620e+00
4.4212573e+03 3.5027740e+00
4.4216482e+03 3.5929670e+00
4.4220396e+03 3.6642070e+00
4.4224307e+03 3.7285559e+00
4.4228218e+03 3.8020611e+00
4.4232129e+03 3.8971419e+00
4.4236042e+03 4.0180202e+00
4.4239959e+03 4.1615958e+00
4.4243873e+03 4.3166871e+00
4.4247788e+03 4.4706340e+00
4.4251703e+03 4.6143999e+00
4.4255619e+03 4.7478189e+00
4.4259540e+03 4.8805232e+00
4.4263457e+03 5.0252910e+00
4.4267375e+03 5.1921840e+00
4.4271294e+03 5.3803682e+00
4.4275213e+03 5.5783982e+00
4.4279138e+03 5.7721610e+00
4.4283058e+03 5.9504738e+00
4.4286980e+03 6.1160560e+00
4.4290902e+03 6.2802792e+00
4.4294824e+03 6.4601178e+00
4.4298753e+03 6.6674471e+00
4.4302677e+03 6.9026232e+00
4.4306602e+03 7.1587558e+00
4.4310527e+03 7.4223990e+00
4.4314453e+03 7.6852560e+00
4.4318385e+03 7.9430809e+00
4.4322313e+03 8.1975460e+00
4.4326241e+03 8.4544649e+00
4.4330170e+03 8.7176323e+00
4.4334100e+03 8.9948406e+00
4.4338035e+03 9.2921247e+00
4.4341966e+03 9.6173277e+00
4.4345898e+03 9.9750509e+00
4.4349831e+03 1.0361599e+01
4.4353764e+03 1.0769677e+01
4.4357702e+03 1.1185359e+01
4.4361637e+03 1.1600756e+01
4.4365572e+03 1.2011432e+01
4.4369508e+03 1.2417864e+01
4.4373445e+03 1.2826490e+01
4.4377387e+03 1.3241839e+01
4.4381325e+03 1.3675832e+01
4.4385264e+03 1.4139628e+01
4.4389204e+03 1.4646291e+01
4.4393144e+03 1.5203070e+01
4.4397089e+03 1.5803456e+01
4.4401031e+03 1.6435099e+01
4.4404973e+03 1.7077444e+01
4.4408916e+03 1.7720579e+01
4.4412860e+03 1.8365145e+01
4.4416809e+03 1.9019770e+01
4.4420754e+03 1.9699644e+01
4.4424700e+03 2.0408606e+01
4.4428647e+03 2.1148825e+01
4.4432594e+03 2.1914577e+01
4.4436547e+03 2.2701454e+01
4.4440495e+03 2.3511147e+01
4.4444444e+03 2.4343348e+01
4.4448394e+03 2.5204563e+01
4.4452345e+03 2.6093983e+01
4.4456301e+03 2.7013588e+01
4.4460253e+03 2.7966379e+01
4.4464206e+03 2.8954624e+01
4.4468160e+03 2.9986118e+01
4.4472114e+03 3.1060696e+01
4.4476074e+03 3.2178211e+01
4.4480029e+03 3.3331562e+01
4.4483986e+03 3.4510590e+01
4.4487943e+03 3.5707424e+01
4.4491901e+03 3.6911942e+01
4.4495864e+03 3.8120937e+01
4.4499823e+03 3.9331413e+01
4.4503783e+03 4.0545010e+01
4.4507743e+03 4.1768288e+01
4.4511705e+03 4.3008350e+01
4.4515671e+03 4.4273186e+01
4.4519634e+03 4.5564293e+01
4.4523598e+03 4.6875904e+01
4.4527562e+03 4.8197220e+01
4.4531526e+03 4.9517513e+01
4.4535497e+03 5.0830769e+01
4.4539463e+03 5.2140118e+01
4.4543430e+03 5.3450130e+01
4.4547397e+03 5.4764462e+01
4.4551366e+03 5.6076668e+01
4.4555340e+03 5.7372234e+01
4.4559309e+03 5.8637379e+01
4.4563280e+03 5.9857105e+01
4.4567251e+03 6.1031197e+01
4.4571223e+03 6.2160088e+01
4.4575200e+03 6.3247490e+01
4.4579174e+03 6.4295670e+01
4.4583148e+03 6.5297081e+01
4.4587122e+03 6.6249298e+01
4.4591098e+03 6.7143150e+01
4.4595079e+03 6.7978668e+01
4.4599055e+03 6.8760490e+01
4.4603033e+03 6.9495964e+01
4.4607011e+03 7.0204208e+01
4.4610990e+03 7.0893501e+01
4.4614975e+03 7.1573685e+01
4.4618955e+03 7.2235962e+01
4.4622936e+03 7.2857407e+01
4.4626918e+03 7.3412491e+01
4.4630900e+03 7.3868843e+01
4.4634889e+03 7.4218964e+01
4.4638873e+03 7.4465179e+01
4.4642857e+03 7.4631905e+01
4.4646842e+03 7.4752090e+01
4.4650829e+03 7.4849007e+01
4.4654820e+03 7.4943138e+01
4.4658808e+03 7.5031494e+01
4.4662796e+03 7.5110199e+01
4.4666785e+03 7.5168869e+01
4.4670774e+03 7.5198364e+01
4.4674770e+03 7.5196144e+01
4.4678761e+03 7.5152328e+01
4.4682752e+03 7.5065231e+01
4.4686745e+03 7.4930695e+01
4.4690738e+03 7.4754143e+01
4.4694737e+03 7.4550125e+01
4.4698732e+03 7.4332664e+01
4.4702727e+03 7.4118706e+01
4.4706723e+03 7.3909378e+01
4.4710720e+03 7.3701736e+01
4.4714722e+03 7.3488640e+01
4.4718720e+03 7.3265602e+01
4.4722719e+03 7.3036453e+01
4.4726719e+03 7.2804260e+01
4.4730719e+03 7.2572922e+01
4.4734725e+03 7.2338936e+01
4.4738727e+03 7.2094345e+01
4.4742729e+03 7.1832153e+01
4.4746733e+03 7.1548248e+01
4.4750736e+03 7.1249817e+01
4.4754746e+03 7.0946381e+01
4.4758751e+03 7.0649025e+01
4.4762757e+03 7.0362617e+01
4.4766764e+03 7.0083664e+01
4.4770772e+03 6.9806122e+01
4.4774785e+03 6.9520660e+01
4.4778794e+03 6.9223282e+01
4.4782803e+03 6.8911072e+01
4.4786814e+03 6.8582916e+01
4.4790825e+03 6.8239044e+01
4.4794842e+03 6.7877983e+01
4.4798854e+03 6.7504166e+01
4.4802867e+03 6.7120934e+01
4.4806881e+03 6.6731766e+01
4.4810896e+03 6.6334938e+01
4.4814916e+03 6.5923264e+01
4.4818932e+03 6.5493584e+01
4.4822949e+03 6.5043259e+01
4.4826967e+03 6.4577866e+01
4.4830985e+03 6.4100883e+01
4.4835009e+03 6.3609169e+01
4.4839029e+03 6.3095306e+01
4.4843049e+03 6.2545727e+01
4.4847071e+03 6.1956978e+01
4.4851092e+03 6.1330868e+01
4.4855120e+03 6.0678051e+01
4.4859143e+03 6.0009430e+01
4.4863167e+03 5.9328293e+01
4.4867192e+03 5.8638000e+01
4.4871218e+03 5.7935047e+01
4.4875249e+03 5.7218361e+01
4.4879276e+03 5.6483101e+01
4.4883303e+03 5.5719612e+01
4.4887332e+03 5.4919384e+01
4.4891361e+03 5.4073189e+01
4.4895396e+03 5.3186058e+01
4.4899426e+03 5.2272011e+01
4.4903458e+03 5.1353931e+01
4.4907490e+03 5.0452183e+01
4.4911522e+03 4.9572586e+01
4.4915561e+03 4.8707413e+01
4.4919595e+03 4.7834801e+01
4.4923630e+03 4.6932148e+01
4.4927665e+03 4.5984554e+01
4.4931702e+03 4.4990803e+01
4.4935744e+03 4.3965099e+01
4.4939782e+03 4.2928337e+01
4.4943820e+03 4.1899944e+01
4.4947859e+03 4.0890980e+01
4.4951899e+03 3.9901112e+01
4.4955945e+03 3.8922977e+01
4.4959987e+03 3.7947487e+01
4.4964029e+03 3.6969448e+01
4.4968072e+03 3.5989426e+01
4.4972115e+03 3.5010792e+01
4.4976165e+03 3.4037994e+01
4.4980210e+03 3.3074760e+01
4.4984256e+03 3.2122276e+01
4.4988302e+03 3.1183195e+01
4.4992349e+03 3.0255508e+01
4.4996402e+03 2.9334711e+01
4.5000451e+03 2.8415655e+01
4.5004500e+03 2.7496313e+01
4.5008551e+03 2.6586533e+01
4.5012602e+03 2.5702642e+01
4.5016658e+03 2.4865269e+01
4.5020711e+03 2.4083923e+01
4.5024764e+03 2.3348497e+01
4.5028817e+03 2.2636627e+01
4.5032872e+03 2.1917747e+01
4.5036932e+03 2.1180582e+01
4.5040988e+03 2.0433020e+01
4.5045045e+03 1.9703983e+01
4.5049103e+03 1.9025230e+01
4.5053161e+03 1.8412041e+01
4.5057225e+03 1.7860865e+01
4.5061284e+03 1.7345308e+01
4.5065345e+03 1.6837429e+01
4.5069406e+03 1.6316532e+01
4.5073468e+03 1.5777063e+01
4.5077535e+03 1.5229272e+01
4.5081599e+03 1.4685153e+01
4.5085663e+03 1.4159321e+01
4.5089728e+03 1.3659286e+01
4.5093793e+03 1.3189363e+01
4.5097864e+03 1.2752079e+01
4.5101931e+03 1.2343358e+01
4.5105999e+03 1.1958837e+01
4.5110068e+03 1.1586976e+01
4.5114137e+03 1.1216974e+01
4.5118212e+03 1.0841059e+01
4.5122282e+03 1.0456562e+01
4.5126354e+03 1.0070753e+01
4.5130426e+03 9.6915722e+00
4.5134499e+03 9.3288183e+00
4.5138577e+03 8.9874496e+00
4.5142652e+03 8.6676588e+00
4.5146727e+03 8.3683720e+00
4.5150803e+03 8.0862989e+00
4.5154879e+03 7.8223939e+00
4.5158962e+03 7.5765839e+00
4.5163040e+03 7.3497529e+00
4.5167118e+03 7.1408029e+00
4.5171198e+03 6.9445128e+00
4.5175278e+03 6.7555900e+00
4.5179364e+03 6.5659041e+00
4.5183446e+03 6.3705201e+00
4.5187528e+03 6.1664100e+00
4.5191611e+03 5.9538121e+00
4.5195695e+03 5.7374711e+00
4.5199785e+03 5.5231571e+00
4.5203870e+03 5.3194761e+00
4.5207957e+03 5.1317449e+00
4.5212043e+03 4.9618478e+00
4.5216131e+03 4.8071618e+00
4.5220224e+03 4.6602960e+00
4.5224314e+03 4.5142879e+00
4.5228403e+03 4.3633928e+00
4.5232494e+03 4.2073240e+00
4.5236585e+03 4.0508270e+00
4.5240682e+03 3.9015291e+00
4.5244775e+03 3.7678239e+00
4.5248869e+03 3.6530249e+00
4.5252963e+03 3.5552969e+00
4.5257058e+03 3.4674160e+00
4.5261159e+03 3.3810129e+00
4.5265255e+03 3.2921309e+00
4.5269353e+03 3.2018421e+00
4.5273451e+03 3.1173699e+00
4.5277549e+03 3.0438890e+00
4.5281654e+03 2.9823780e+00
4.5285754e+03 2.9265161e+00
4.5289855e+03 2.8658390e+00
4.5293957e+03 2.7929540e+00
4.5298059e+03 2.7072661e+00
4.5302167e+03 2.6159761e+00
4.5306271e+03 2.5296919e+00
4.5310376e+03 2.4561400e+00
4.5314482e+03 2.3958440e+00
4.5318588e+03 2.3414609e+00
4.5322700e+03 2.2837629e+00
4.5326807e+03 2.2167921e+00
4.5330916e+03 2.1422379e+00
4.5335025e+03 2.0696640e+00
4.5339135e+03 2.0113220e+00
4.5343250e+03 1.9768230e+00
4.5347362e+03 1.9673580e+00
4.5351474e+03 1.9757500e+00
4.5355587e+03 1.9875760e+00
4.5359700e+03 1.9871711e+00
4.5363820e+03 1.9636149e+00
4.5367935e+03 1.9129030e+00
4.5372051e+03 1.8406390e+00
4.5376167e+03 1.7572640e+00
4.5380285e+03 1.6746280e+00
4.5384408e+03 1.6001461e+00
4.5388527e+03 1.5346760e+00
4.5392646e+03 1.4745229e+00
4.5396767e+03 1.4139169e+00
4.5400888e+03 1.3491390e+00
4.5405015e+03 1.2800690e+00
4.5409137e+03 1.2091630e+00
4.5413261e+03 1.1401650e+00
4.5417385e+03 1.0772700e+00
4.5421510e+03 1.0251991e+00
4.5425640e+03 9.8915100e-01
4.5429767e+03 9.7412997e-01
4.5433894e+03 9.8245102e-01
4.5438022e+03 1.0122290e+00
4.5442150e+03 1.0560030e+00
4.5446285e+03 1.1035680e+00
4.5450415e+03 1.1452670e+00
4.5454545e+03 1.1758080e+00
4.5458677e+03 1.1953350e+00
4.5462809e+03 1.2069221e+00
4.5466948e+03 1.2107610e+00
4.5471081e+03 1.2030830e+00
4.5475216e+03 1.1763570e+00
4.5479351e+03 1.1251440e+00
4.5483487e+03 1.0522360e+00
4.5487629e+03 9.6983898e-01
4.5491767e+03 8.9540398e-01
4.5495905e+03 8.4233201e-01
4.5500044e+03 8.1405598e-01
4.5504184e+03 8.0339903e-01
4.5508330e+03 7.9855901e-01
4.5512471e+03 7.8897399e-01
4.5516614e+03 7.6949501e-01
4.5520756e+03 7.3990798e-01
4.5524900e+03 7.0455003e-01
4.5529050e+03 6.7143399e-01
4.5533195e+03 6.5007198e-01
4.5537341e+03 6.4840299e-01
4.5541487e+03 6.6771501e-01
4.5545635e+03 6.9942403e-01
4.5549788e+03 7.2605598e-01
4.5553937e+03 7.3008502e-01
4.5558087e+03 7.0211798e-01
4.5562237e+03 6.4630502e-01
4.5566388e+03 5.7642400e-01
4.5570545e+03 5.0835598e-01
4.5574698e+03 4.5375800e-01
4.5578851e+03 4.1711301e-01
4.5583006e+03 3.9894500e-01
4.5587161e+03 3.9770600e-01
4.5591321e+03 4.1093799e-01
4.5595478e+03 4.3604299e-01
4.5599635e+03 4.6985099e-01
4.5603793e+03 5.0947601e-01
4.5607952e+03 5.5289203e-01
4.5612117e+03 5.9890699e-01
4.5616277e+03 6.4465898e-01
4.5620438e+03 6.8378401e-01
4.5624600e+03 7.0648098e-01
4.5628762e+03 7.0400202e-01
4.5632931e+03 6.7253101e-01
4.5637095e+03 6.1666900e-01
4.5641260e+03 5.4836202e-01
4.5645425e+03 4.8327401e-01
4.5649592e+03 4.3473199e-01
4.5653764e+03 4.0943599e-01
4.5657932e+03 4.0550199e-01
4.5662100e+03 4.1427600e-01
4.5666270e+03 4.2591000e-01
4.5670440e+03 4.3296799e-01
4.5674616e+03 4.3318200e-01
4.5678788e+03 4.2788899e-01
4.5682960e+03 4.1921100e-01
4.5687133e+03 4.0829101e-01
4.5691307e+03 3.9520201e-01
4.5695487e+03 3.8096899e-01
4.5699663e+03 3.6869001e-01
4.5703839e+03 3.6246699e-01
4.5708016e+03 3.6547101e-01
4.5712194e+03 3.7624800e-01
4.5716378e+03 3.8931301e-01
4.5720557e+03 3.9627501e-01
4.5724737e+03 3.8955200e-01
4.5728918e+03 3.6456501e-01
4.5733100e+03 3.2217500e-01
4.5737287e+03 2.6733801e-01
4.5741470e+03 2.0883000e-01
4.5745654e+03 1.5721300e-01
4.5749839e+03 1.2176000e-01
4.5754024e+03 1.0869500e-01
4.5758216e+03 1.1982900e-01
4.5762403e+03 1.5172900e-01
4.5766590e+03 1.9724301e-01
4.5770779e+03 2.4640501e-01
4.5774968e+03 2.8853399e-01
4.5779163e+03 3.1335300e-01
4.5783354e+03 3.1406799e-01
4.5787546e+03 2.8939199e-01
4.5791738e+03 2.4516501e-01
4.5795931e+03 1.9407199e-01
4.5800130e+03 1.5082300e-01
4.5804325e+03 1.2755300e-01
4.5808520e+03 1.2850700e-01
4.5812717e+03 1.4913000e-01
4.5816914e+03 1.7797901e-01
4.5821116e+03 2.0186900e-01
4.5825315e+03 2.1133400e-01
4.5829514e+03 2.0255999e-01
4.5833714e+03 1.7905200e-01
4.5837915e+03 1.4858200e-01
4.5842122e+03 1.2106800e-01
4.5846324e+03 1.0466500e-01
4.5850527e+03 1.0271000e-01
4.5854731e+03 1.1286700e-01
4.5858936e+03 1.2829299e-01
4.5863146e+03 1.4119101e-01
4.5867353e+03 1.4600700e-01
4.5871560e+03 1.4271700e-01
4.5875767e+03 1.3575500e-01
4.5879976e+03 1.3117699e-01
4.5884190e+03 1.3306101e-01
4.5888400e+03 1.4085700e-01
4.5892611e+03 1.4986899e-01
4.5896823e+03 1.5528201e-01
4.5901035e+03 1.5468501e-01
4.5905254e+03 1.4994100e-01
4.5909468e+03 1.4610200e-01
4.5913682e+03 1.4846300e-01
4.5917898e+03 1.6007400e-01
4.5922114e+03 1.8084000e-01
4.5926336e+03 2.0861600e-01
4.5930554e+03 2.3999199e-01
4.5934773e+03 2.7143899e-01
4.5938992e+03 2.9868999e-01
4.5943212e+03 3.1733501e-01
4.5947438e+03 3.2424900e-01
4.5951660e+03 3.1943300e-01
4.5955882e+03 3.0724999e-01
4.5960106e+03 2.9337400e-01
4.5964330e+03 2.8164300e-01
4.5968560e+03 2.7141500e-01
4.5972785e+03 2.5846899e-01
4.5977011e+03 2.3806000e-01
4.5981239e+03 2.0930700e-01
4.5985467e+03 1.7669199e-01
4.5989700e+03 1.4879701e-01
4.5993930e+03 1.3401499e-01
4.5998160e+03 1.3611300e-01
4.6002391e+03 1.5332600e-01
4.6006623e+03 1.7905200e-01
4.6010861e+03 2.0618400e-01
4.6015094e+03 2.2969200e-01
4.6019328e+03 2.4859899e-01
4.6023563e+03 2.6423901e-01
4.6027799e+03 2.7713701e-01
4.6032040e+03 2.8428999e-01
4.6036278e+03 2.8030801e-01
4.6040516e+03 2.6125899e-01
4.6044754e+03 2.2988300e-01
4.6048994e+03 1.9574100e-01
4.6053240e+03 1.7130300e-01
4.6057481e+03 1.6407900e-01
4.6061723e+03 1.7228100e-01
4.6065965e+03 1.8479800e-01
4.6070209e+03 1.8911301e-01
4.6074458e+03 1.7874201e-01
4.6078703e+03 1.5711699e-01
4.6082949e+03 1.3418099e-01
4.6087196e+03 1.1928000e-01
4.6091443e+03 1.1537000e-01
4.6095697e+03 1.1839800e-01
4.6099946e+03 1.2135500e-01
4.6104195e+03 1.2030600e-01
4.6108446e+03 1.1727800e-01
4.6112697e+03 1.1901800e-01
4.6116955e+03 1.3303700e-01
4.6121208e+03 1.6229101e-01
4.6125461e+03 2.0320401e-01
4.6129716e+03 2.4631000e-01
4.6133971e+03 2.8014100e-01
4.6138232e+03 2.9516199e-01
4.6142489e+03 2.8784201e-01
4.6146747e+03 2.6178300e-01
4.6151005e+03 2.2601999e-01
4.6155264e+03 1.9142599e-01
4.6159529e+03 1.6467500e-01
4.6163790e+03 1.4555401e-01
4.6168052e+03 1.2745801e-01
4.6172314e+03 1.0340200e-01
4.6176577e+03 7.1763001e-02
4.6180846e+03 4.0220998e-02
4.6185111e+03 2.2291999e-02
4.6189376e+03 3.0636000e-02
4.6193643e+03 6.6852003e-02
4.6197910e+03 1.2011500e-01
4.6202183e+03 1.7035000e-01
4.6206451e+03 1.9891199e-01
4.6210721e+03 1.9678999e-01
4.6214991e+03 1.6825099e-01
4.6219262e+03 1.2662400e-01
4.6223539e+03 8.6212002e-02
4.6227812e+03 5.6743000e-02
4.6232085e+03 4.0793002e-02
4.6236359e+03 3.5737999e-02
4.6240634e+03 3.7002001e-02
4.6244915e+03 4.0601999e-02
4.6249192e+03 4.3296002e-02
4.6253469e+03 4.1866001e-02
4.6257747e+03 3.4070000e-02
4.6262026e+03 2.0217000e-02
4.6266311e+03 4.5770002e-03
4.6270591e+03 -5.5069998e-03
4.6274873e+03 -2.8609999e-03
4.6279155e+03 1.5306000e-02
4.6283438e+03 4.5037001e-02
4.6287727e+03 7.7271000e-02
4.6292011e+03 1.0228100e-01
4.6296296e+03 1.1565600e-01
4.6300582e+03 1.1994800e-01
4.6304869e+03 1.2280900e-01
4.6309162e+03 1.3043800e-01
4.6313450e+03 1.4383700e-01
4.6317740e+03 1.5776099e-01
4.6322030e+03 1.6515200e-01
4.6326321e+03 1.6171899e-01
4.6330617e+03 1.4860600e-01
4.6334910e+03 1.3029499e-01
4.6339203e+03 1.1105500e-01
4.6343497e+03 9.2339002e-02
4.6347792e+03 7.3862001e-02
4.6352093e+03 5.6123000e-02
4.6356389e+03 4.2867001e-02
4.6360686e+03 3.7765000e-02
4.6364984e+03 4.1483998e-02
4.6369283e+03 4.9327999e-02
4.6373588e+03 5.4072998e-02
4.6377888e+03 4.9424000e-02
4.6382189e+03 3.4809001e-02
4.6386491e+03 1.4185000e-02
4.6390794e+03 -6.5319999e-03
4.6395103e+03 -2.4056001e-02
4.6399407e+03 -3.8504001e-02
4.6403712e+03 -5.1902998e-02
4.6408018e+03 -6.4420000e-02
4.6412325e+03 -7.2692998e-02
4.6416638e+03 -6.9880001e-02
4.6420946e+03 -4.9805000e-02
4.6425255e+03 -9.8940004e-03
4.6429565e+03 4.5990001e-02
4.6433876e+03 1.0671600e-01
4.6438193e+03 1.5745100e-01
4.6442505e+03 1.8465500e-01
4.6446818e+03 1.8248500e-01
4.6451132e+03 1.5435199e-01
4.6455447e+03 1.1174600e-01
4.6459768e+03 6.8186998e-02
4.6464084e+03 3.4880001e-02
4.6468401e+03 1.7595001e-02
4.6472719e+03 1.6450001e-02
4.6477038e+03 2.7846999e-02
4.6481363e+03 4.5704000e-02
4.6485683e+03 6.2870003e-02
4.6490005e+03 7.2717004e-02
4.6494327e+03 7.4075997e-02
4.6498649e+03 7.3003002e-02
4.6502978e+03 7.9965003e-02
4.6507303e+03 1.0247200e-01
4.6511628e+03 1.3756700e-01
4.6515954e+03 1.7070700e-01
4.6520281e+03 1.8253300e-01
4.6524614e+03 1.6109900e-01
4.6528942e+03 1.0948100e-01
4.6533271e+03 4.4870000e-02
4.6537601e+03 -1.2707000e-02
4.6541932e+03 -4.9614001e-02
4.6546269e+03 -6.3847996e-02
4.6550602e+03 -6.0486000e-02
4.6554935e+03 -4.5823999e-02
4.6559269e+03 -2.4413999e-02
4.6563604e+03 -8.1000000e-04
4.6567945e+03 1.8858001e-02
4.6572281e+03 2.8705001e-02
4.6576619e+03 2.6774000e-02
4.6580957e+03 1.7476000e-02
4.6585296e+03 9.5600002e-03
4.6589641e+03 9.4889998e-03
4.6593981e+03 1.5997000e-02
4.6598322e+03 2.2387000e-02
4.6602665e+03 2.3007000e-02
4.6607008e+03 1.8787000e-02
4.6611357e+03 1.6522000e-02
4.6615701e+03 2.2244001e-02
4.6620047e+03 3.5238001e-02
4.6624393e+03 4.8089001e-02
4.6628740e+03 5.2404001e-02
4.6633093e+03 4.5203999e-02
4.6637442e+03 3.2496002e-02
4.6641791e+03 2.6082000e-02
4.6646141e+03 3.7239999e-02
4.6650492e+03 6.9236003e-02
4.6654850e+03 1.1622900e-01
4.6659202e+03 1.6479400e-01
4.6663556e+03 1.9981800e-01
4.6667910e+03 2.0895000e-01
4.6672265e+03 1.8861200e-01
4.6676626e+03 1.4512500e-01
4.6680983e+03 9.2339002e-02
4.6685341e+03 4.5322999e-02
4.6689699e+03 1.3566000e-02
4.6694058e+03 -1.3820000e-03
4.6698424e+03 -4.6730000e-03
4.6702785e+03 -3.1699999e-03
4.6707146e+03 -1.4780000e-03
4.6711509e+03 -9.2899997e-04
4.6715872e+03 -6.1900000e-04
4.6720241e+03 3.3300000e-04
4.6724606e+03 2.3840000e-03
4.6728972e+03 5.2919998e-03
4.6733338e+03 8.4870001e-03
4.6737706e+03 9.1310004e-03
4.6742079e+03 2.2880000e-03
4.6746448e+03 -1.6497999e-02
4.6750818e+03 -4.6181001e-02
4.6755189e+03 -7.8868002e-02
4.6759560e+03 -1.0211400e-01
4.6763938e+03 -1.0616700e-01
4.6768311e+03 -8.9979000e-02
4.6772685e+03 -6.2608004e-02
4.6777059e+03 -3.6382001e-02
4.6781435e+03 -1.9407000e-02
4.6785817e+03 -1.0251000e-02
4.6790194e+03 -1.2630000e-03
4.6794572e+03 1.3947000e-02
4.6798951e+03 3.4784999e-02
4.6803330e+03 5.3309999e-02
4.6807716e+03 5.9390001e-02
4.6812097e+03 4.7444999e-02
4.6816479e+03 2.0885000e-02
4.6820862e+03 -9.1070002e-03
4.6825246e+03 -2.7346000e-02
4.6829636e+03 -2.3317000e-02
4.6834021e+03 4.3859999e-03
4.6838407e+03 4.6824999e-02
4.6842795e+03 9.0098001e-02
4.6847182e+03 1.2168800e-01
4.6851576e+03 1.3680400e-01
4.6855966e+03 1.3859200e-01
4.6860356e+03 1.3363300e-01
4.6864747e+03 1.2500200e-01
4.6869139e+03 1.0929100e-01
4.6873537e+03 7.9678997e-02
4.6877931e+03 3.3663999e-02
4.6882325e+03 -2.1957999e-02
4.6886721e+03 -7.1691997e-02
4.6891117e+03 -9.9372000e-02
4.6895519e+03 -9.6272998e-02
4.6899917e+03 -6.5779001e-02
4.6904315e+03 -2.2028999e-02
4.6908715e+03 1.8262001e-02
4.6913115e+03 4.2748000e-02
4.6917521e+03 4.8780002e-02
4.6921923e+03 4.1866001e-02
4.6926326e+03 3.1638000e-02
4.6930729e+03 2.5773000e-02
4.6935133e+03 2.6822001e-02
4.6939544e+03 3.1780999e-02
4.6943950e+03 3.4976002e-02
4.6948357e+03 3.1661000e-02
4.6952764e+03 2.0599000e-02
4.6957173e+03 4.5770002e-03
4.6961588e+03 -1.1539000e-02
4.6965998e+03 -2.3483999e-02
4.6970409e+03 -2.9897001e-02
4.6974820e+03 -3.1137001e-02
4.6979233e+03 -2.7561000e-02
4.6983652e+03 -1.7476000e-02
4.6988066e+03 1.9779999e-03
4.6992481e+03 3.1709000e-02
4.6996897e+03 6.7877002e-02
4.7001314e+03 1.0223300e-01
4.7005737e+03 1.2512200e-01
4.7010155e+03 1.2965199e-01
4.7014575e+03 1.1303400e-01
4.7018995e+03 7.7032998e-02
4.7023416e+03 2.4557000e-02
4.7027843e+03 -4.0626001e-02
4.7032265e+03 -1.1124600e-01
4.7036689e+03 -1.7545199e-01
4.7041113e+03 -2.1758001e-01
4.7045538e+03 -2.2401799e-01
4.7049969e+03 -1.9092500e-01
4.7054396e+03 -1.2602800e-01
4.7058824e+03 -4.7086999e-02
4.7063252e+03 2.6655000e-02
4.7067681e+03 8.0084004e-02
4.7072117e+03 1.0776500e-01
4.7076548e+03 1.1329600e-01
4.7080979e+03 1.0724000e-01
4.7085412e+03 1.0180400e-01
4.7089845e+03 1.0578600e-01
4.7094285e+03 1.2185500e-01
4.7098720e+03 1.4479101e-01
4.7103156e+03 1.6446100e-01
4.7107593e+03 1.7013501e-01
4.7112030e+03 1.5628301e-01
4.7116474e+03 1.2354800e-01
4.7120913e+03 7.7128001e-02
4.7125353e+03 2.3507999e-02
4.7129794e+03 -3.0851001e-02
4.7134236e+03 -7.8821003e-02
4.7138684e+03 -1.1267600e-01
4.7143128e+03 -1.2509800e-01
4.7147572e+03 -1.1301000e-01
4.7152017e+03 -7.9345003e-02
4.7156463e+03 -3.3402000e-02
4.7160915e+03 1.2755000e-02
4.7165363e+03 4.9876999e-02
4.7169811e+03 7.2598003e-02
4.7174261e+03 7.9177998e-02
4.7178711e+03 7.0023000e-02
4.7183167e+03 4.7658999e-02
4.7187619e+03 1.8501000e-02
4.7192072e+03 -7.8910002e-03
4.7196525e+03 -2.1671999e-02
4.7200980e+03 -1.7023001e-02
4.7205440e+03 4.5530000e-03
4.7209896e+03 3.5500001e-02
4.7214353e+03 6.5707996e-02
4.7218811e+03 8.7260999e-02
4.7223269e+03 9.5771998e-02
4.7227734e+03 8.8762999e-02
4.7232195e+03 6.4944997e-02
4.7236656e+03 2.5224000e-02
4.7241118e+03 -2.4676001e-02
4.7245580e+03 -7.4005000e-02
4.7250049e+03 -1.0957700e-01
4.7254514e+03 -1.2226100e-01
4.7258979e+03 -1.1062600e-01
4.7263445e+03 -8.1561998e-02
4.7267912e+03 -4.7086999e-02
4.7272386e+03 -1.9145001e-02
4.7276854e+03 -5.2919998e-03
4.7281324e+03 -5.9360000e-03
4.7285794e+03 -1.5877999e-02
4.7290265e+03 -2.6392000e-02
4.7294743e+03 -3.0040000e-02
4.7299216e+03 -2.3579000e-02
4.7303690e+03 -9.6079996e-03
4.7308164e+03 4.7680000e-03
4.7312640e+03 1.2493000e-02
4.7317122e+03 1.0609000e-02
4.7321599e+03 2.0500000e-03
4.7326077e+03 -6.5319999e-03
4.7330556e+03 -7.9629999e-03
4.7335035e+03 1.3820000e-03
4.7339521e+03 2.0885000e-02
4.7344003e+03 4.5347001e-02
4.7348485e+03 6.7447998e-02
4.7352968e+03 8.0059998e-02
4.7357452e+03 7.8319997e-02
4.7361942e+03 6.2155001e-02
4.7366428e+03 3.5953000e-02
4.7370914e+03 7.9629999e-03
4.7375402e+03 -1.3875000e-02
4.7379890e+03 -2.5105000e-02
4.7384384e+03 -2.6345000e-02
4.7388874e+03 -2.2172000e-02
4.7393365e+03 -1.8405000e-02
4.7397857e+03 -1.9741001e-02
4.7402349e+03 -2.8276000e-02
4.7406848e+03 -4.4155002e-02
4.7411342e+03 -6.5851003e-02
4.7415837e+03 -8.9930996e-02
4.7420333e+03 -1.0976700e-01
4.7424829e+03 -1.1637200e-01
4.7429332e+03 -1.0247200e-01
4.7433831e+03 -6.5612003e-02
4.7438330e+03 -1.1134000e-02
4.7442830e+03 5.0972998e-02
4.7447331e+03 1.0948100e-01
4.7451839e+03 1.5561500e-01
4.7456341e+03 1.8362901e-01
4.7460845e+03 1.9028100e-01
4.7465349e+03 1.7516600e-01
4.7469854e+03 1.4278799e-01
4.7474366e+03 1.0390200e-01
4.7478873e+03 7.2692998e-02
4.7483381e+03 6.0557999e-02
4.7487889e+03 6.8568997e-02
4.7492399e+03 8.5662998e-02
4.7496915e+03 9.4819002e-02
4.7501426e+03 8.3040997e-02
4.7505938e+03 5.1188000e-02
4.7510451e+03 1.2636000e-02
4.7514965e+03 -1.4495000e-02
4.7519485e+03 -1.9359000e-02
4.7524001e+03 -3.3370000e-03
4.7528517e+03 2.0599000e-02
4.7533034e+03 3.7788998e-02
4.7537552e+03 3.9434001e-02
4.7542077e+03 2.7012000e-02
4.7546597e+03 8.2729999e-03
4.7551117e+03 -7.7479999e-03
4.7555639e+03 -1.4781000e-02
4.7560161e+03 -1.0204000e-02
4.7564690e+03 6.1750002e-03
4.7569214e+03 3.3068001e-02
4.7573739e+03 6.5564997e-02
4.7578265e+03 9.3817003e-02
4.7582792e+03 1.0499900e-01
4.7587325e+03 8.9120001e-02
4.7591853e+03 4.4989001e-02
4.7596383e+03 -1.4829000e-02
4.7600913e+03 -6.9761001e-02
4.7605444e+03 -9.9682003e-02
4.7609981e+03 -9.6248999e-02
4.7614514e+03 -6.5898001e-02
4.7619048e+03 -2.6822001e-02
