9.8e+003    0.002156
9.825e+003    0.004158
9.85e+003    0.002464
9.875e+003    0.004467
9.9e+003    0.005236
9.925e+003    0.006623
9.95e+003    0.008625
9.975e+003    0.008163
10.0e+003    0.01001
10.03e+003    0.01155
10.05e+003    0.01093
10.08e+003    0.01186
10.1e+003    0.01432
10.13e+003    0.01201
10.15e+003    0.01694
10.17e+003    0.01586
10.2e+003    0.01509
10.23e+003    0.01648
10.25e+003    0.01509
10.27e+003    0.0154
10.3e+003    0.01432
10.33e+003    0.01263
10.35e+003    0.01494
10.38e+003    0.009703
10.4e+003    0.0134
10.43e+003    0.01078
10.45e+003    0.01124
10.47e+003    0.009241
10.5e+003    0.0114
10.53e+003    0.0117
10.55e+003    0.01494
10.57e+003    0.01679
10.6e+003    0.01787
10.63e+003    0.02279
10.65e+003    0.02326
10.68e+003    0.02464
10.7e+003    0.02711
10.73e+003    0.02803
10.75e+003    0.02803
10.77e+003    0.02911
10.8e+003    0.02865
10.82e+003    0.03388
10.85e+003    0.03327
10.88e+003    0.03619
10.9e+003    0.03481
10.92e+003    0.0385
10.95e+003    0.03912
10.97e+003    0.04528
11.0e+003    0.04774
11.02e+003    0.05252
11.05e+003    0.05822
11.07e+003    0.0633
11.1e+003    0.06761
11.12e+003    0.07824
11.15e+003    0.08409
11.18e+003    0.08748
11.2e+003    0.09718
11.22e+003    0.1092
11.25e+003    0.116
11.28e+003    0.1304
11.3e+003    0.1483
11.32e+003    0.1686
11.35e+003    0.1868
11.37e+003    0.2112
11.4e+003    0.2466
11.42e+003    0.2849
11.45e+003    0.3193
11.47e+003    0.3739
11.5e+003    0.4314
11.52e+003    0.4859
11.55e+003    0.5543
11.58e+003    0.635
11.6e+003    0.7106
11.63e+003    0.7804
11.65e+003    0.8528
11.67e+003    0.9216
11.7e+003    0.964
11.73e+003    0.9878
11.75e+003    0.9972
11.78e+003    1
11.8e+003    0.972
11.82e+003    0.9427
11.85e+003    0.9101
11.87e+003    0.8766
11.9e+003    0.8409
11.92e+003    0.8098
11.95e+003    0.7888
11.97e+003    0.7704
12.0e+003    0.749
12.02e+003    0.7339
12.05e+003    0.7149
12.07e+003    0.6968
12.1e+003    0.6798
12.12e+003    0.6632
12.15e+003    0.6448
12.17e+003    0.6231
12.2e+003    0.6059
12.22e+003    0.592
12.25e+003    0.5751
12.27e+003    0.5557
12.3e+003    0.5335
12.32e+003    0.5142
12.35e+003    0.4938
12.37e+003    0.4685
12.4e+003    0.4348
12.42e+003    0.4111
12.45e+003    0.3904
12.47e+003    0.3716
12.5e+003    0.3404
12.52e+003    0.306
12.55e+003    0.2831
12.57e+003    0.2614
12.6e+003    0.2302
12.62e+003    0.1947
12.65e+003    0.1753
12.67e+003    0.1623
12.7e+003    0.144
12.72e+003    0.1192
12.75e+003    0.1009
12.77e+003    0.0921
12.8e+003    0.08024
12.82e+003    0.06561
12.85e+003    0.05175
12.87e+003    0.04636
12.9e+003    0.04436
12.92e+003    0.03927
12.95e+003    0.02911
12.97e+003    0.02726
13.0e+003    0.02418
13.02e+003    0.01833
13.05e+003    0.01617
13.07e+003    0.01063
13.1e+003    0.01109
13.12e+003    0.009857
13.15e+003    0.007547
13.17e+003    0.007547
13.2e+003    0.009857
13.22e+003    0.004621
13.25e+003    0.008471
13.27e+003    0.00693
13.3e+003    0.007239
13.32e+003    0.008163
13.35e+003    0.009549
13.37e+003    0.01155
13.4e+003    0.01063
13.42e+003    0.008779
13.45e+003    0.009549
13.47e+003    0.01325
13.5e+003    0.01217
13.52e+003    0.01278
13.55e+003    0.01371
13.57e+003    0.01309
13.6e+003    0.01494
13.62e+003    0.01556
13.65e+003    0.01617
13.67e+003    0.01663
13.7e+003    0.01448
13.72e+003    0.0171
13.75e+003    0.01602
13.77e+003    0.01756
13.8e+003    0.0174
13.82e+003    0.01771
13.85e+003    0.01617
13.87e+003    0.01956
13.9e+003    0.01787
13.92e+003    0.01925
13.95e+003    0.01802
13.97e+003    0.01648
14.0e+003    0.01509
14.02e+003    0.0171
14.05e+003    0.01648
14.07e+003    0.01417
14.1e+003    0.01771
14.12e+003    0.01402
14.15e+003    0.01355
14.17e+003    0.01402
14.2e+003    0.01325
14.22e+003    0.01155
14.25e+003    0.01402
14.27e+003    0.009087
14.3e+003    0.01093
14.32e+003    0.01309
14.35e+003    0.01078
14.37e+003    0.009549
14.4e+003    0.008779
14.42e+003    0.009549
14.45e+003    0.01201
14.47e+003    0.01001
14.5e+003    0.009549
14.52e+003    0.01016
14.55e+003    0.007855
14.57e+003    0.009703
14.6e+003    0.004467
14.62e+003    0.005852
14.65e+003    0.005082
14.67e+003    0.005236
14.7e+003    0.006469
14.72e+003    0.003388
14.75e+003    0.001386
14.77e+003    0
