1.201000000000000000e+03 5.426921454817349930e-03
1.202000000000000000e+03 8.685613566551049144e-03
1.203000000000000000e+03 7.296179992699440304e-04
1.204000000000000000e+03 -2.678866692755090071e-03
1.205000000000000000e+03 2.009032288398650019e-03
1.206000000000000000e+03 7.337599687632210058e-03
1.207000000000000000e+03 4.021265955625359656e-03
1.208000000000000000e+03 -2.664923935560900049e-03
1.209000000000000000e+03 4.290544895498820364e-03
1.210000000000000000e+03 1.897635404578090074e-02
1.211000000000000000e+03 1.372090178710080009e-02
1.212000000000000000e+03 1.334216247993809997e-03
1.213000000000000000e+03 1.334216247993809997e-03
1.214000000000000000e+03 3.346535129666320090e-03
1.215000000000000000e+03 1.672343959925950106e-03
1.216000000000000000e+03 -6.768386184160589489e-04
1.217000000000000000e+03 2.993910525684239862e-03
1.218000000000000000e+03 7.333352359476939981e-03
1.219000000000000000e+03 2.998612151617799804e-03
1.220000000000000000e+03 6.870707213185110176e-04
1.221000000000000000e+03 6.017062652261469767e-03
1.222000000000000000e+03 9.049686951052160347e-04
1.223000000000000000e+03 -3.162844613209139875e-04
1.224000000000000000e+03 5.000814976763749871e-03
1.225000000000000000e+03 6.668935815286130241e-03
1.226000000000000000e+03 7.670283296714019636e-03
1.227000000000000000e+03 7.675320305747510008e-03
1.228000000000000000e+03 8.672921123837110807e-03
1.229000000000000000e+03 8.017362969123920102e-03
1.230000000000000000e+03 3.342609853242280073e-03
1.231000000000000000e+03 6.371826397733319942e-03
1.232000000000000000e+03 1.943487113719069917e-02
1.233000000000000000e+03 1.529597580706839981e-02
1.234000000000000000e+03 -1.641528430435749931e-03
1.235000000000000000e+03 -1.640331715923490060e-03
1.236000000000000000e+03 8.048771734381759968e-03
1.237000000000000000e+03 5.974758563468609597e-03
1.238000000000000000e+03 7.660865349611289780e-03
1.239000000000000000e+03 1.030664181938619958e-02
1.240000000000000000e+03 8.340776039772949957e-03
1.241000000000000000e+03 1.718025758984029899e-03
1.242000000000000000e+03 3.683533623558799767e-04
1.243000000000000000e+03 4.341752116860690333e-03
1.244000000000000000e+03 4.970790775270309859e-03
1.245000000000000000e+03 4.318954230073789730e-03
1.246000000000000000e+03 3.662987641729230012e-03
1.247000000000000000e+03 3.697587749991839909e-03
1.248000000000000000e+03 -3.317753835874170118e-04
1.249000000000000000e+03 1.669257255898019951e-03
1.250000000000000000e+03 1.673663459275710058e-03
1.251000000000000000e+03 -1.009746162579319966e-03
1.252000000000000000e+03 4.369597767845579891e-03
1.253000000000000000e+03 5.326897144189079655e-03
1.254000000000000000e+03 1.665899636818070047e-03
1.255000000000000000e+03 3.003250852857000143e-03
1.256000000000000000e+03 1.320702922819449966e-03
1.257000000000000000e+03 3.360396985094710100e-03
1.258000000000000000e+03 2.646387830161999952e-03
1.259000000000000000e+03 -3.298200299436800055e-04
1.260000000000000000e+03 2.004582207380299977e-03
1.261000000000000000e+03 2.333576770567379836e-03
1.262000000000000000e+03 7.004302774525949897e-03
1.263000000000000000e+03 5.342872726798080299e-03
1.264000000000000000e+03 4.330652127985709643e-03
1.265000000000000000e+03 6.674759860115259992e-03
1.266000000000000000e+03 5.000678417035719914e-03
1.267000000000000000e+03 3.672568042498589903e-03
1.268000000000000000e+03 2.667263670202799954e-03
1.269000000000000000e+03 1.999457450782270076e-03
1.270000000000000000e+03 -1.668457155110780049e-03
1.271000000000000000e+03 1.011478056695470050e-03
1.272000000000000000e+03 5.344036670196539683e-03
1.273000000000000000e+03 8.014909975765819455e-03
1.274000000000000000e+03 1.270677323395640046e-02
1.275000000000000000e+03 1.364802388584620066e-02
1.276000000000000000e+03 1.167384476089599991e-02
1.277000000000000000e+03 7.999409285637259365e-03
1.278000000000000000e+03 -1.957051592801359937e-05
1.279000000000000000e+03 -9.752826522063499665e-04
1.280000000000000000e+03 -6.997373840618959732e-04
1.281000000000000000e+03 6.673486182528039733e-03
1.282000000000000000e+03 1.265629445991560062e-02
1.283000000000000000e+03 5.643133399779540031e-03
1.284000000000000000e+03 3.999541102798200194e-03
1.285000000000000000e+03 9.018001980870739981e-03
1.286000000000000000e+03 5.273397332421339567e-03
1.287000000000000000e+03 -1.002864535669500089e-03
1.288000000000000000e+03 5.358194908612620190e-03
1.289000000000000000e+03 8.988789315159589899e-03
1.290000000000000000e+03 6.337145801867869604e-03
1.291000000000000000e+03 3.684005386410969807e-03
1.292000000000000000e+03 3.000574654786039835e-03
1.293000000000000000e+03 1.989008204778289820e-03
1.294000000000000000e+03 3.659573212270940141e-03
1.295000000000000000e+03 2.978676134416970156e-03
1.296000000000000000e+03 1.370320044327480013e-03
1.297000000000000000e+03 5.344496582363950261e-03
1.298000000000000000e+03 1.000041068233780035e-02
1.299000000000000000e+03 1.069864051025349976e-02
1.300000000000000000e+03 2.334415282858250118e-03
1.301000000000000000e+03 -1.651336560118220028e-03
1.302000000000000000e+03 2.343207671324679803e-03
1.303000000000000000e+03 9.992674450658090707e-03
1.304000000000000000e+03 8.397989099472289581e-03
1.305000000000000000e+03 5.013147890277230324e-03
1.306000000000000000e+03 7.658155695068789674e-03
1.307000000000000000e+03 7.343908029749269574e-03
1.308000000000000000e+03 3.651581809136990146e-03
1.309000000000000000e+03 6.000592788846319768e-03
1.310000000000000000e+03 8.691214725243959563e-03
1.311000000000000000e+03 1.693758340221870060e-03
1.312000000000000000e+03 -1.334216247993809997e-03
1.313000000000000000e+03 4.773325671269769942e-03
1.314000000000000000e+03 1.877870953698630068e-03
1.315000000000000000e+03 -3.972093863212420271e-03
1.316000000000000000e+03 3.041108384733000065e-03
1.317000000000000000e+03 8.345801012899179902e-03
1.318000000000000000e+03 3.977387998594390101e-03
1.319000000000000000e+03 2.012982581282810046e-03
1.320000000000000000e+03 3.665364794787290183e-03
1.321000000000000000e+03 4.338466744936220372e-03
1.322000000000000000e+03 4.335503685386469901e-03
1.323000000000000000e+03 8.004470618737009185e-03
1.324000000000000000e+03 8.338679732775180695e-03
1.325000000000000000e+03 6.004181256163429806e-03
1.326000000000000000e+03 1.167486480993339994e-02
1.327000000000000000e+03 4.662086300273080020e-03
1.328000000000000000e+03 3.686124199375420078e-03
1.329000000000000000e+03 7.991305319031890078e-03
1.330000000000000000e+03 1.991193950109769982e-03
1.331000000000000000e+03 3.022583960182610198e-03
1.332000000000000000e+03 9.032653741136660586e-03
1.333000000000000000e+03 9.308409403199930168e-03
1.334000000000000000e+03 4.979514586070609566e-03
1.335000000000000000e+03 4.353102375950599831e-03
1.336000000000000000e+03 6.006659252625370406e-03
1.337000000000000000e+03 6.009790580222099630e-03
1.338000000000000000e+03 4.341250426092659910e-03
1.339000000000000000e+03 2.335764608753419791e-03
1.340000000000000000e+03 4.012337605462040248e-03
1.341000000000000000e+03 4.989122902938960061e-03
1.342000000000000000e+03 8.406986106243649268e-03
1.343000000000000000e+03 7.991828840716979840e-03
1.344000000000000000e+03 -6.399741866819289981e-04
1.345000000000000000e+03 6.585587998312479509e-04
1.346000000000000000e+03 6.006949389773890390e-03
1.347000000000000000e+03 2.287750316200630202e-03
1.348000000000000000e+03 -3.313500747233179776e-04
1.349000000000000000e+03 8.614063690227260692e-03
1.350000000000000000e+03 6.675483739079420345e-03
1.351000000000000000e+03 3.549245561400969791e-04
1.352000000000000000e+03 5.028861289288780352e-03
1.353000000000000000e+03 3.983422248908870429e-03
1.354000000000000000e+03 5.001718160186850379e-03
1.355000000000000000e+03 6.653645907671599906e-03
1.356000000000000000e+03 7.007609418956339820e-03
1.357000000000000000e+03 7.171083171323879967e-04
1.358000000000000000e+03 3.471074041489580154e-05
1.359000000000000000e+03 1.206616988021630074e-02
1.360000000000000000e+03 1.500199731221990053e-02
1.361000000000000000e+03 9.662537368134790569e-03
1.362000000000000000e+03 8.041570031034410773e-03
1.363000000000000000e+03 8.319769185474959472e-03
1.364000000000000000e+03 -3.572815793504950242e-04
1.365000000000000000e+03 4.663203804736320429e-03
1.366000000000000000e+03 1.103072775070119971e-02
1.367000000000000000e+03 7.685142189310920080e-03
1.368000000000000000e+03 3.978876900549130173e-03
1.369000000000000000e+03 -3.320505656125600103e-04
1.370000000000000000e+03 2.665896814379229915e-03
1.371000000000000000e+03 7.992060246633909959e-03
1.372000000000000000e+03 8.308292842032329387e-03
1.373000000000000000e+03 2.983116581569899943e-03
1.374000000000000000e+03 6.037914260916319928e-03
1.375000000000000000e+03 8.994782725994880310e-03
1.376000000000000000e+03 7.005877728983330062e-03
1.377000000000000000e+03 6.334627078363520326e-03
1.378000000000000000e+03 1.992900580684850171e-03
1.379000000000000000e+03 2.676662965531330027e-03
1.380000000000000000e+03 3.661931364584699884e-03
1.381000000000000000e+03 -1.340447841263289969e-03
1.382000000000000000e+03 2.357160640017610161e-03
1.383000000000000000e+03 5.994023919604150007e-03
1.384000000000000000e+03 6.352500875496549897e-03
1.385000000000000000e+03 9.680829198188790202e-03
1.386000000000000000e+03 7.978702575978800088e-03
1.387000000000000000e+03 4.661700181768340355e-03
1.388000000000000000e+03 5.334813069012280147e-03
1.389000000000000000e+03 9.343100582450709207e-03
1.390000000000000000e+03 8.658488680232409238e-03
1.391000000000000000e+03 1.638886659611360095e-03
1.392000000000000000e+03 2.359429710052360067e-05
1.393000000000000000e+03 3.336721171411580200e-04
1.394000000000000000e+03 1.345922946584899920e-03
1.395000000000000000e+03 3.329744068568649823e-03
1.396000000000000000e+03 4.332064126682379918e-03
1.397000000000000000e+03 5.334768608341929931e-03
1.398000000000000000e+03 -1.051115610526549924e-03
1.399000000000000000e+03 1.656586302973479894e-03
1.400000000000000000e+03 1.168316451372180056e-02
1.401000000000000000e+03 1.638030698944509950e-02
1.402000000000000000e+03 1.132083680087709980e-02
1.403000000000000000e+03 5.986104261628480069e-03
1.404000000000000000e+03 4.332907929090469915e-03
1.405000000000000000e+03 2.354837692861400014e-03
1.406000000000000000e+03 7.673345836203520308e-03
1.407000000000000000e+03 9.680080186667619491e-03
1.408000000000000000e+03 7.669975176560410272e-03
1.409000000000000000e+03 8.356729655333249712e-03
1.410000000000000000e+03 6.992270111733379576e-03
1.411000000000000000e+03 3.669804911695509920e-03
1.412000000000000000e+03 5.651676686500489710e-03
1.413000000000000000e+03 3.993982473868020432e-03
1.414000000000000000e+03 3.715050548948219903e-03
1.415000000000000000e+03 1.962233335387959885e-03
1.416000000000000000e+03 4.020833346838269609e-03
1.417000000000000000e+03 6.679923780996979699e-03
1.418000000000000000e+03 2.995948693581410201e-03
1.419000000000000000e+03 8.294685677579570135e-03
1.420000000000000000e+03 7.324134198729840249e-03
1.421000000000000000e+03 1.324059323743780091e-03
1.422000000000000000e+03 4.379880240138979940e-03
1.423000000000000000e+03 1.268959186113299961e-03
1.424000000000000000e+03 1.386050210626110085e-03
1.425000000000000000e+03 1.236587405552530029e-02
1.426000000000000000e+03 1.031590324521819944e-02
1.427000000000000000e+03 7.681420586834020181e-03
1.428000000000000000e+03 7.998875358052969994e-03
1.429000000000000000e+03 5.003792801450920348e-03
1.430000000000000000e+03 6.672018918678889951e-03
1.431000000000000000e+03 6.002847238786329642e-03
1.432000000000000000e+03 6.339916621275989983e-03
1.433000000000000000e+03 4.663860894160810205e-03
1.434000000000000000e+03 -2.675621445900990165e-03
1.435000000000000000e+03 -2.992028281948739838e-03
1.436000000000000000e+03 3.687739107465449941e-03
1.437000000000000000e+03 9.689303753869190836e-03
1.438000000000000000e+03 5.949561718869840303e-03
1.439000000000000000e+03 6.409776821495800046e-03
1.440000000000000000e+03 7.601187810072729950e-03
1.441000000000000000e+03 3.303789288886340206e-04
1.442000000000000000e+03 1.956860486279399930e-03
1.443000000000000000e+03 -2.893333449327489923e-04
1.444000000000000000e+03 -2.346708763328199995e-03
1.445000000000000000e+03 -1.006293897841119929e-03
1.446000000000000000e+03 3.387527612978359897e-03
1.447000000000000000e+03 9.323627556951739198e-03
1.448000000000000000e+03 8.673180866819620374e-03
1.449000000000000000e+03 6.694636619660929676e-03
1.450000000000000000e+03 4.335389665349009651e-03
1.451000000000000000e+03 3.330778990829749795e-03
1.452000000000000000e+03 4.696949363071830155e-03
1.453000000000000000e+03 1.994224155543589897e-03
1.454000000000000000e+03 4.939761367808260389e-03
1.455000000000000000e+03 7.337043482329239606e-03
1.456000000000000000e+03 3.688329603999529818e-03
1.457000000000000000e+03 6.671543270961299670e-03
1.458000000000000000e+03 5.349577339919780149e-03
1.459000000000000000e+03 6.679908343731539785e-03
1.460000000000000000e+03 1.203197600878859984e-02
1.461000000000000000e+03 1.266763719684320041e-02
1.462000000000000000e+03 6.003868458437530004e-03
1.463000000000000000e+03 8.421905044178040062e-03
1.464000000000000000e+03 9.640832011999849252e-03
1.465000000000000000e+03 4.669908905474090197e-03
1.466000000000000000e+03 3.641359883389839840e-03
1.467000000000000000e+03 3.014147300117449996e-03
1.468000000000000000e+03 -3.494621412400730049e-04
1.469000000000000000e+03 -2.003199016004820077e-03
1.470000000000000000e+03 -3.267348862214010255e-04
1.471000000000000000e+03 4.396257290028820174e-03
1.472000000000000000e+03 3.284697328330120087e-03
1.473000000000000000e+03 6.885782942997820469e-04
1.474000000000000000e+03 4.667864791356610317e-03
1.475000000000000000e+03 1.998772485070739874e-03
1.476000000000000000e+03 5.004051810037640075e-03
1.477000000000000000e+03 1.067323749719440058e-02
1.478000000000000000e+03 7.678116743896050249e-03
1.479000000000000000e+03 -9.909510255608799164e-04
1.480000000000000000e+03 -3.405839761828029829e-04
1.481000000000000000e+03 2.337397934656260112e-03
1.482000000000000000e+03 2.665375723853630023e-03
1.483000000000000000e+03 1.100644813664070076e-02
1.484000000000000000e+03 1.266864672670160036e-02
1.485000000000000000e+03 1.067897219361300075e-02
1.486000000000000000e+03 1.066598699338850050e-02
1.487000000000000000e+03 6.648808480193529880e-03
1.488000000000000000e+03 8.388078761455400670e-03
1.489000000000000000e+03 9.676631587445989197e-03
1.490000000000000000e+03 2.326426346645820049e-03
1.491000000000000000e+03 -9.949125442722810304e-04
1.492000000000000000e+03 5.305595031375049883e-03
1.493000000000000000e+03 9.008205532958529771e-03
1.494000000000000000e+03 4.660247453409410018e-03
1.495000000000000000e+03 4.650138333520780279e-03
1.496000000000000000e+03 3.342682341176829875e-03
1.497000000000000000e+03 4.022825729197749764e-03
1.498000000000000000e+03 1.066215847667030016e-02
1.499000000000000000e+03 3.662183140034499899e-03
1.500000000000000000e+03 -2.983553998414950007e-03
1.501000000000000000e+03 5.332159207380050142e-03
1.502000000000000000e+03 6.301582454436269881e-03
1.503000000000000000e+03 3.026636109203140104e-03
1.504000000000000000e+03 6.389024749855829865e-04
1.505000000000000000e+03 -4.002743206658689740e-03
1.506000000000000000e+03 6.302996352024949501e-04
1.507000000000000000e+03 4.332193925893190051e-03
1.508000000000000000e+03 3.681209279289139949e-03
1.509000000000000000e+03 1.313775436046480055e-03
1.510000000000000000e+03 -2.668931734173470103e-03
1.511000000000000000e+03 -6.785275224695360092e-04
1.512000000000000000e+03 3.984726679405380112e-03
1.513000000000000000e+03 1.001757627447050041e-02
1.514000000000000000e+03 8.257605062595310338e-03
1.515000000000000000e+03 4.690724062092349773e-03
1.516000000000000000e+03 6.335241993533759740e-03
1.517000000000000000e+03 9.815005118234600839e-04
1.518000000000000000e+03 2.344556690259750210e-03
1.519000000000000000e+03 9.672277993238670088e-03
1.520000000000000000e+03 5.017523889993080397e-03
1.521000000000000000e+03 3.290720688095049922e-04
1.522000000000000000e+03 4.317877792575620065e-03
1.523000000000000000e+03 4.356105726999019885e-03
1.524000000000000000e+03 6.718932715175970471e-04
1.525000000000000000e+03 -6.620354722870850370e-04
1.526000000000000000e+03 5.616605996148969944e-03
1.527000000000000000e+03 1.300622065631499950e-02
1.528000000000000000e+03 5.387121640361179804e-03
1.529000000000000000e+03 1.977778873572390121e-03
1.530000000000000000e+03 2.682731187824469784e-03
1.531000000000000000e+03 5.992051659112760005e-03
1.532000000000000000e+03 1.334216247993810084e-02
1.533000000000000000e+03 1.501510112356970079e-02
1.534000000000000000e+03 1.063696978139360046e-02
1.535000000000000000e+03 3.996065513332949966e-03
1.536000000000000000e+03 6.040937901073840238e-03
1.537000000000000000e+03 6.667091691030259913e-03
1.538000000000000000e+03 2.687342275957830054e-03
1.539000000000000000e+03 2.658893922859729888e-03
1.540000000000000000e+03 1.000572423668999976e-03
1.541000000000000000e+03 4.376782462565499861e-03
1.542000000000000000e+03 9.653196327277409339e-03
1.543000000000000000e+03 7.671014956580950173e-03
1.544000000000000000e+03 5.682298118157590172e-03
1.545000000000000000e+03 4.002648743981439966e-03
1.546000000000000000e+03 3.666715227998019848e-03
1.547000000000000000e+03 5.001236068888489580e-03
1.548000000000000000e+03 2.704221948158439925e-03
1.549000000000000000e+03 2.333281390008250071e-03
1.550000000000000000e+03 9.703094525478189389e-03
1.551000000000000000e+03 1.066958267062980033e-02
1.552000000000000000e+03 5.680754724568739741e-03
1.553000000000000000e+03 4.006329122002690382e-03
1.554000000000000000e+03 5.670031414581780220e-03
1.555000000000000000e+03 2.692736590053760020e-03
1.556000000000000000e+03 -1.669462415070180079e-03
1.557000000000000000e+03 6.696671138981540213e-04
1.558000000000000000e+03 3.335540619984529980e-03
1.559000000000000000e+03 3.077744276554020015e-04
1.560000000000000000e+03 1.462377485118890021e-05
1.561000000000000000e+03 6.013623441684640310e-03
1.562000000000000000e+03 2.000708353836080141e-03
1.563000000000000000e+03 3.316111628134789900e-03
1.564000000000000000e+03 5.697455689863180177e-03
1.565000000000000000e+03 -1.330248655432960097e-03
1.566000000000000000e+03 2.036049414264520102e-03
1.567000000000000000e+03 6.340287197335960079e-03
1.568000000000000000e+03 1.290933031156369986e-03
1.569000000000000000e+03 8.436797514871809470e-03
1.570000000000000000e+03 9.582425424909959966e-03
1.571000000000000000e+03 -2.343404131137100197e-03
1.572000000000000000e+03 -3.998806951892900155e-03
1.573000000000000000e+03 -1.016158230010479925e-03
1.574000000000000000e+03 3.333907703087149801e-03
1.575000000000000000e+03 6.336321757402969997e-03
1.576000000000000000e+03 5.998550525102559587e-03
1.577000000000000000e+03 8.364515647484860317e-03
1.578000000000000000e+03 1.098762528478379984e-02
1.579000000000000000e+03 1.166454477960350046e-02
1.580000000000000000e+03 1.067048665691749942e-02
1.581000000000000000e+03 1.002283958542690007e-02
1.582000000000000000e+03 1.267891397291399935e-02
1.583000000000000000e+03 1.367504339102769938e-02
1.584000000000000000e+03 1.668467164041960091e-02
1.585000000000000000e+03 1.867611245908869927e-02
1.586000000000000000e+03 2.836889250802690152e-02
1.587000000000000000e+03 3.803076503025110133e-02
1.588000000000000000e+03 3.569106574997289727e-02
1.589000000000000000e+03 3.500374555739699939e-02
1.590000000000000000e+03 4.335929652606600182e-02
1.591000000000000000e+03 4.902997536288489916e-02
1.592000000000000000e+03 5.870839640259589709e-02
1.593000000000000000e+03 7.302128366443480512e-02
1.594000000000000000e+03 8.407633826676880195e-02
1.595000000000000000e+03 9.477973035795179968e-02
1.596000000000000000e+03 1.084727814648859950e-01
1.597000000000000000e+03 1.194150362216129940e-01
1.598000000000000000e+03 1.360478749581710001e-01
1.599000000000000000e+03 1.537519983997550077e-01
1.600000000000000000e+03 1.676525367278010048e-01
1.601000000000000000e+03 1.904727320894279985e-01
1.602000000000000000e+03 2.085630434125720079e-01
1.603000000000000000e+03 2.222161527072510079e-01
1.604000000000000000e+03 2.372254796218750128e-01
1.605000000000000000e+03 2.562355423702519786e-01
1.606000000000000000e+03 2.835919984285290019e-01
1.607000000000000000e+03 3.155872221948510248e-01
1.608000000000000000e+03 3.372395338233389883e-01
1.609000000000000000e+03 3.522480226162290062e-01
1.610000000000000000e+03 3.776055674119009886e-01
1.611000000000000000e+03 4.052880620415860169e-01
1.612000000000000000e+03 4.222944790648689994e-01
1.613000000000000000e+03 4.477007880915129800e-01
1.614000000000000000e+03 4.726735892417029961e-01
1.615000000000000000e+03 4.954382192451189937e-01
1.616000000000000000e+03 5.224343607280680368e-01
1.617000000000000000e+03 5.495542951031050505e-01
1.618000000000000000e+03 5.785560717169160316e-01
1.619000000000000000e+03 6.077771861415479648e-01
1.620000000000000000e+03 6.389521638154700423e-01
1.621000000000000000e+03 6.683517677746809715e-01
1.622000000000000000e+03 7.031049736338900180e-01
1.623000000000000000e+03 7.352034126906770162e-01
1.624000000000000000e+03 7.501848268032690337e-01
1.625000000000000000e+03 7.795731687945699484e-01
1.626000000000000000e+03 8.149160020509690350e-01
1.627000000000000000e+03 8.375011281206540259e-01
1.628000000000000000e+03 8.626078357206380387e-01
1.629000000000000000e+03 8.766071692518859759e-01
1.630000000000000000e+03 8.983021641071740060e-01
1.631000000000000000e+03 9.229161822782010471e-01
1.632000000000000000e+03 9.336367655854810321e-01
1.633000000000000000e+03 9.507804472853219613e-01
1.634000000000000000e+03 9.710267126524340098e-01
1.635000000000000000e+03 9.793147260274579491e-01
1.636000000000000000e+03 9.914400980700199817e-01
1.637000000000000000e+03 9.822147802843560482e-01
1.638000000000000000e+03 9.779855664557629558e-01
1.639000000000000000e+03 9.970200099536480343e-01
1.640000000000000000e+03 1.000000000000000000e+00
1.641000000000000000e+03 9.963083370579459697e-01
1.642000000000000000e+03 9.939935560164410155e-01
1.643000000000000000e+03 9.929952253705980336e-01
1.644000000000000000e+03 9.776934567204660365e-01
1.645000000000000000e+03 9.818839186684860110e-01
1.646000000000000000e+03 9.831940069586200259e-01
1.647000000000000000e+03 9.720056210376929462e-01
1.648000000000000000e+03 9.709429793726299662e-01
1.649000000000000000e+03 9.629520762734610217e-01
1.650000000000000000e+03 9.576184299694749935e-01
1.651000000000000000e+03 9.462324205286249956e-01
1.652000000000000000e+03 9.335895751957189459e-01
1.653000000000000000e+03 9.232173047435939806e-01
1.654000000000000000e+03 9.172705493253999753e-01
1.655000000000000000e+03 9.076282512452670259e-01
1.656000000000000000e+03 8.865826413886840340e-01
1.657000000000000000e+03 8.762476652740900374e-01
1.658000000000000000e+03 8.638258946676520278e-01
1.659000000000000000e+03 8.406121754297050108e-01
1.660000000000000000e+03 8.242167514842250187e-01
1.661000000000000000e+03 8.121805051410100340e-01
1.662000000000000000e+03 7.919529229543650350e-01
1.663000000000000000e+03 7.615260250711659573e-01
1.664000000000000000e+03 7.451597745045439591e-01
1.665000000000000000e+03 7.348710975082539676e-01
1.666000000000000000e+03 7.071089940252790473e-01
1.667000000000000000e+03 6.736432207068719924e-01
1.668000000000000000e+03 6.500908176694160101e-01
1.669000000000000000e+03 6.238733100961579847e-01
1.670000000000000000e+03 5.913717252419129489e-01
1.671000000000000000e+03 5.628852757733650014e-01
1.672000000000000000e+03 5.312844749846209469e-01
1.673000000000000000e+03 5.050228914196609464e-01
1.674000000000000000e+03 4.804341565290439764e-01
1.675000000000000000e+03 4.509253284526449912e-01
1.676000000000000000e+03 4.207286436189219825e-01
1.677000000000000000e+03 3.914723913539310263e-01
1.678000000000000000e+03 3.611526734295599783e-01
1.679000000000000000e+03 3.335327502382149922e-01
1.680000000000000000e+03 3.168822348558649749e-01
1.681000000000000000e+03 2.952556081868359938e-01
1.682000000000000000e+03 2.699019798318409991e-01
1.683000000000000000e+03 2.409693278776030012e-01
1.684000000000000000e+03 2.151991778827180013e-01
1.685000000000000000e+03 2.058322805635209862e-01
1.686000000000000000e+03 1.829932471657430004e-01
1.687000000000000000e+03 1.591439031564449991e-01
1.688000000000000000e+03 1.458591360760420064e-01
1.689000000000000000e+03 1.327844210318790130e-01
1.690000000000000000e+03 1.188308436427019943e-01
1.691000000000000000e+03 1.021064233781209946e-01
1.692000000000000000e+03 9.340700578469550430e-02
1.693000000000000000e+03 8.440305032554350217e-02
1.694000000000000000e+03 7.638255042883990154e-02
1.695000000000000000e+03 6.835311659976529841e-02
1.696000000000000000e+03 5.901625746080130241e-02
1.697000000000000000e+03 5.131173450234040312e-02
1.698000000000000000e+03 4.836698133314679821e-02
1.699000000000000000e+03 4.111095375005430208e-02
1.700000000000000000e+03 2.836468998986129905e-02
1.701000000000000000e+03 2.702296176266899899e-02
1.702000000000000000e+03 3.069767774659210025e-02
1.703000000000000000e+03 2.601939150547469964e-02
1.704000000000000000e+03 1.935182417405870159e-02
1.705000000000000000e+03 1.268175594938300045e-02
1.706000000000000000e+03 1.036504956931270059e-02
1.707000000000000000e+03 1.100674544108349966e-02
1.708000000000000000e+03 9.330935303718479457e-03
1.709000000000000000e+03 7.330550567308200330e-03
1.710000000000000000e+03 6.330353247667389570e-03
1.711000000000000000e+03 8.341577782311409422e-03
1.712000000000000000e+03 1.201842592215470081e-02
1.713000000000000000e+03 7.351851475277179984e-03
1.714000000000000000e+03 3.639308508596770120e-03
1.715000000000000000e+03 6.323997365103159983e-03
1.716000000000000000e+03 4.671658325440300116e-03
1.717000000000000000e+03 3.668919292311900032e-03
1.718000000000000000e+03 5.330845903052749621e-03
1.719000000000000000e+03 9.669531015739999888e-03
1.720000000000000000e+03 1.266470128184950077e-02
1.721000000000000000e+03 7.050620255274530311e-03
1.722000000000000000e+03 2.649108396481139865e-03
1.723000000000000000e+03 4.677799726761870149e-03
1.724000000000000000e+03 5.656460253866209612e-03
1.725000000000000000e+03 5.350225620813280243e-03
1.726000000000000000e+03 1.671423241176679978e-03
1.727000000000000000e+03 6.671081239969059743e-04
1.728000000000000000e+03 -4.337263916879820387e-03
1.729000000000000000e+03 -2.984782712438380052e-03
1.730000000000000000e+03 7.361657360924330103e-03
1.731000000000000000e+03 1.200424249024810083e-02
1.732000000000000000e+03 9.013524828325599272e-03
1.733000000000000000e+03 7.676630612954859871e-03
1.734000000000000000e+03 8.021603760670200853e-03
1.735000000000000000e+03 8.332156514067349737e-03
1.736000000000000000e+03 1.643176471282500103e-03
1.737000000000000000e+03 1.280359342367920050e-03
1.738000000000000000e+03 2.331567034376239803e-03
1.739000000000000000e+03 2.055747926047120193e-03
1.740000000000000000e+03 1.000630988881259960e-02
1.741000000000000000e+03 1.232856289697490011e-02
1.742000000000000000e+03 1.133835508737539993e-02
1.743000000000000000e+03 7.661913765524570180e-03
1.744000000000000000e+03 4.662806842837900409e-03
1.745000000000000000e+03 3.001308348850820033e-03
1.746000000000000000e+03 8.305350803155739370e-03
1.747000000000000000e+03 6.091005788512370012e-03
1.748000000000000000e+03 4.330819649036719843e-03
1.749000000000000000e+03 9.669449486243259298e-03
1.750000000000000000e+03 5.307408421168289918e-03
1.751000000000000000e+03 1.669302010304419973e-03
1.752000000000000000e+03 2.001324371990719983e-03
1.753000000000000000e+03 3.669699883296199863e-03
1.754000000000000000e+03 7.668893930405189935e-03
1.755000000000000000e+03 7.012723459766090003e-03
1.756000000000000000e+03 5.665494791313219897e-03
1.757000000000000000e+03 1.332428497322180050e-02
1.758000000000000000e+03 4.379691143027769976e-03
1.759000000000000000e+03 -1.354868250331969955e-03
1.760000000000000000e+03 3.672023388887179791e-03
1.761000000000000000e+03 3.672766903281260171e-03
1.762000000000000000e+03 6.667445202427200145e-03
1.763000000000000000e+03 2.988682218177720132e-03
1.764000000000000000e+03 3.023660275150889983e-03
1.765000000000000000e+03 8.376267706376359923e-03
1.766000000000000000e+03 8.669906206625109177e-03
1.767000000000000000e+03 1.426175162781529934e-02
1.768000000000000000e+03 8.411923231426990388e-03
1.769000000000000000e+03 2.352181042570849971e-06
1.770000000000000000e+03 5.668255128279920188e-03
1.771000000000000000e+03 7.702239848019470231e-03
1.772000000000000000e+03 6.322960082004909672e-03
1.773000000000000000e+03 5.990950793496990431e-03
1.774000000000000000e+03 8.000302178149759635e-03
1.775000000000000000e+03 4.677343822962179778e-03
1.776000000000000000e+03 5.970277773839899674e-03
1.777000000000000000e+03 6.006906992302870306e-03
1.778000000000000000e+03 -3.593039299413549855e-04
1.779000000000000000e+03 -2.666364658237000123e-03
1.780000000000000000e+03 2.992961705831710065e-03
1.781000000000000000e+03 6.658936802571050265e-03
1.782000000000000000e+03 2.654662386748100032e-03
1.783000000000000000e+03 -2.339497608047089953e-03
1.784000000000000000e+03 -1.336446610894990008e-03
1.785000000000000000e+03 7.987409947479699734e-03
1.786000000000000000e+03 8.367032406606510556e-03
1.787000000000000000e+03 -9.767836382626161017e-04
1.788000000000000000e+03 2.722836378270900026e-03
1.789000000000000000e+03 5.307325851356760153e-03
1.790000000000000000e+03 1.674434229198709960e-03
1.791000000000000000e+03 3.340550179864009827e-03
1.792000000000000000e+03 4.333995118206880257e-03
1.793000000000000000e+03 4.338049749003199812e-03
1.794000000000000000e+03 2.673355524381249883e-03
1.795000000000000000e+03 -2.328104101339040135e-03
1.796000000000000000e+03 -1.663345730732470077e-03
1.797000000000000000e+03 -1.140967948251630057e-05
1.798000000000000000e+03 -9.879225192772830844e-04
1.799000000000000000e+03 7.652884776910890210e-03
1.800000000000000000e+03 8.659875216256940345e-03
1.801000000000000000e+03 1.660977741386389893e-03
1.802000000000000000e+03 1.997841837865370167e-03
1.803000000000000000e+03 2.331251729413100129e-03
1.804000000000000000e+03 2.344992476943630159e-03
1.805000000000000000e+03 2.332867181217800068e-03
1.806000000000000000e+03 1.665897776070559980e-03
1.807000000000000000e+03 3.338731392690259814e-03
1.808000000000000000e+03 2.309646926559839972e-03
1.809000000000000000e+03 4.020600178079879877e-03
1.810000000000000000e+03 -1.323816234792510099e-03
1.811000000000000000e+03 -3.711908498258210173e-03
1.812000000000000000e+03 3.005657986381340008e-03
1.813000000000000000e+03 1.334768125108990074e-03
1.814000000000000000e+03 2.360092706175289951e-03
1.815000000000000000e+03 6.686009525921799736e-03
1.816000000000000000e+03 6.996964860885989713e-03
1.817000000000000000e+03 4.668115674177799983e-03
1.818000000000000000e+03 2.334366211590790073e-03
1.819000000000000000e+03 -1.665437304639919925e-03
1.820000000000000000e+03 4.992403207600669586e-03
1.821000000000000000e+03 4.683187382578630348e-03
1.822000000000000000e+03 -6.002553478672689909e-03
1.823000000000000000e+03 -4.004172927314589986e-03
1.824000000000000000e+03 2.546192809532620177e-07
1.825000000000000000e+03 4.678545040492829675e-03
1.826000000000000000e+03 4.317276111900699744e-03
1.827000000000000000e+03 0.000000000000000000e+00
1.828000000000000000e+03 1.010317519058719993e-03
1.829000000000000000e+03 6.395590382968739662e-03
1.830000000000000000e+03 9.001617082105490761e-03
1.831000000000000000e+03 7.999963021481589637e-03
1.832000000000000000e+03 7.009759530922189848e-03
1.833000000000000000e+03 3.206347597629410169e-04
1.834000000000000000e+03 -3.996747793974049848e-03
1.835000000000000000e+03 4.005281714655899855e-03
1.836000000000000000e+03 6.376986224717129739e-03
1.837000000000000000e+03 2.000955045456120213e-03
1.838000000000000000e+03 -1.904920740804260095e-05
1.839000000000000000e+03 3.673448321932900208e-03
1.840000000000000000e+03 7.351254286914410407e-03
1.841000000000000000e+03 8.020704129712660779e-03
1.842000000000000000e+03 1.034067828638239941e-02
1.843000000000000000e+03 8.675765411388789566e-03
1.844000000000000000e+03 6.663337484155010433e-03
1.845000000000000000e+03 9.348839396895630358e-03
1.846000000000000000e+03 6.005624232467269598e-03
1.847000000000000000e+03 4.985654469634030403e-03
1.848000000000000000e+03 1.067736324538690051e-02
1.849000000000000000e+03 1.000662185995359992e-02
1.850000000000000000e+03 5.640377398106050100e-03
1.851000000000000000e+03 -1.351168987674610097e-03
1.852000000000000000e+03 1.029793980282520073e-03
1.853000000000000000e+03 2.310302588160709995e-03
1.854000000000000000e+03 3.037062783841500049e-03
1.855000000000000000e+03 6.674593440658790205e-03
1.856000000000000000e+03 3.344512205191569904e-03
1.857000000000000000e+03 7.999719789354129557e-03
1.858000000000000000e+03 8.657873496186860654e-03
1.859000000000000000e+03 6.362583791369650146e-03
1.860000000000000000e+03 1.299672496003429975e-02
1.861000000000000000e+03 1.367699577559640042e-02
1.862000000000000000e+03 8.322150641932989784e-03
1.863000000000000000e+03 2.014388844719020195e-03
1.864000000000000000e+03 -2.336771506196170124e-03
1.865000000000000000e+03 -5.682907938512569805e-03
1.866000000000000000e+03 -6.690151130522880348e-04
1.867000000000000000e+03 7.043435438951259472e-04
1.868000000000000000e+03 5.094461280574030241e-06
1.869000000000000000e+03 1.640045787160139936e-03
1.870000000000000000e+03 9.042015195713999295e-03
1.871000000000000000e+03 1.335291931313299998e-02
1.872000000000000000e+03 1.230787865066119979e-02
1.873000000000000000e+03 1.272549487894020052e-02
1.874000000000000000e+03 3.665817178681259926e-03
1.875000000000000000e+03 1.021968527086309980e-03
1.876000000000000000e+03 6.036935761722309578e-03
1.877000000000000000e+03 5.306973146479749756e-03
1.878000000000000000e+03 -3.429813606813530177e-04
1.879000000000000000e+03 9.130269082612159958e-06
1.880000000000000000e+03 4.680619347653350130e-03
1.881000000000000000e+03 9.012315421279049749e-03
1.882000000000000000e+03 7.993550496344280221e-03
1.883000000000000000e+03 -1.369865914135920014e-03
1.884000000000000000e+03 3.910756249894799881e-04
1.885000000000000000e+03 1.941809721677030054e-03
1.886000000000000000e+03 3.762390036163380021e-03
1.887000000000000000e+03 9.007542144625610425e-03
1.888000000000000000e+03 8.311621589603350457e-03
1.889000000000000000e+03 9.349638867468349282e-03
1.890000000000000000e+03 4.014320752142569622e-03
1.891000000000000000e+03 7.021203891143589643e-03
1.892000000000000000e+03 5.270675583185709633e-03
1.893000000000000000e+03 6.662649592465469568e-03
1.894000000000000000e+03 1.039636023376860029e-02
1.895000000000000000e+03 6.333644315537349974e-03
1.896000000000000000e+03 9.007927794641039376e-03
1.897000000000000000e+03 9.339513735956679955e-03
1.898000000000000000e+03 4.369450239367809845e-03
1.899000000000000000e+03 7.358133727625530349e-03
1.900000000000000000e+03 6.024918875090219672e-03
1.901000000000000000e+03 3.289276304369090093e-03
1.902000000000000000e+03 1.299304415247439989e-03
1.903000000000000000e+03 -5.000844245605169831e-03
1.904000000000000000e+03 -1.336251081606240100e-03
1.905000000000000000e+03 3.655478208692310160e-03
1.906000000000000000e+03 5.679843275748559794e-03
1.907000000000000000e+03 6.322430622061590150e-03
1.908000000000000000e+03 9.003671286867619486e-03
1.909000000000000000e+03 3.710576304005449872e-03
1.910000000000000000e+03 1.972753192241050169e-03
1.911000000000000000e+03 6.003973115972150408e-03
1.912000000000000000e+03 1.131623194255479935e-02
1.913000000000000000e+03 1.135331522190629987e-02
1.914000000000000000e+03 6.337435723638830051e-03
1.915000000000000000e+03 4.330606371060729751e-03
1.916000000000000000e+03 2.993766815178379795e-03
1.917000000000000000e+03 7.323902865413240391e-03
1.918000000000000000e+03 1.000629511522120076e-02
1.919000000000000000e+03 1.132416858633799976e-02
1.920000000000000000e+03 9.682524286792119211e-03
1.921000000000000000e+03 1.102532472934879965e-02
1.922000000000000000e+03 1.102747790104299970e-02
1.923000000000000000e+03 3.970689453188809949e-04
1.924000000000000000e+03 2.638012412490100145e-03
1.925000000000000000e+03 2.965080438274079935e-03
1.926000000000000000e+03 -1.335266308332070046e-03
1.927000000000000000e+03 3.660200529839860092e-03
1.928000000000000000e+03 6.657575594968390305e-03
1.929000000000000000e+03 2.333571883041500161e-03
1.930000000000000000e+03 7.113737647183180279e-04
1.931000000000000000e+03 2.996149163225530132e-04
1.932000000000000000e+03 1.363252635509269901e-03
1.933000000000000000e+03 3.322525675906750058e-03
1.934000000000000000e+03 5.017527634847440167e-03
1.935000000000000000e+03 4.323390786021629600e-03
1.936000000000000000e+03 4.684168825827780130e-03
1.937000000000000000e+03 5.990441972699420137e-03
1.938000000000000000e+03 5.017074343788310159e-03
1.939000000000000000e+03 1.034823574968789933e-02
1.940000000000000000e+03 2.939874264208930214e-03
1.941000000000000000e+03 8.477694978031399820e-03
1.942000000000000000e+03 1.768648017823309937e-02
1.943000000000000000e+03 7.404877777252040320e-03
1.944000000000000000e+03 1.670572422707859977e-03
1.945000000000000000e+03 4.598132290047920144e-06
1.946000000000000000e+03 2.007133572544339984e-03
1.947000000000000000e+03 1.639200522934110022e-03
1.948000000000000000e+03 1.333611688044910063e-03
1.949000000000000000e+03 5.993400783114989812e-03
1.950000000000000000e+03 2.668745288474249841e-03
1.951000000000000000e+03 3.041520681320210133e-03
1.952000000000000000e+03 1.658538073598430067e-03
1.953000000000000000e+03 2.971485594605269807e-03
1.954000000000000000e+03 5.975052392426850358e-03
1.955000000000000000e+03 -1.674993297711519988e-03
1.956000000000000000e+03 9.924414188801421004e-04
1.957000000000000000e+03 5.674969037122340118e-03
1.958000000000000000e+03 3.675898133335779843e-03
1.959000000000000000e+03 1.997296015979250008e-03
1.960000000000000000e+03 -3.358288564839610052e-03
1.961000000000000000e+03 6.992321143687260133e-04
1.962000000000000000e+03 5.324231284455330400e-03
1.963000000000000000e+03 -1.343350155028569942e-03
1.964000000000000000e+03 3.365434181327620067e-03
1.965000000000000000e+03 4.719327325642329665e-03
1.966000000000000000e+03 4.963201660408340411e-03
1.967000000000000000e+03 1.200544536198169983e-02
1.968000000000000000e+03 9.341732388555420638e-03
1.969000000000000000e+03 1.035281353036199975e-02
1.970000000000000000e+03 9.709562403927099808e-03
1.971000000000000000e+03 6.001214389244950015e-03
1.972000000000000000e+03 9.012546608733639636e-03
1.973000000000000000e+03 1.233384282553410052e-02
1.974000000000000000e+03 5.319442068195180152e-03
1.975000000000000000e+03 -6.426732434391490114e-04
1.976000000000000000e+03 1.332854629073650012e-03
1.977000000000000000e+03 5.980077801615009923e-03
1.978000000000000000e+03 3.745111058807750089e-03
1.979000000000000000e+03 -6.686213124205020062e-04
1.980000000000000000e+03 3.005279240652609842e-03
1.981000000000000000e+03 2.664104245112959915e-03
1.982000000000000000e+03 3.674659249879619859e-03
1.983000000000000000e+03 2.667655083781630184e-03
1.984000000000000000e+03 3.994026027003969720e-03
1.985000000000000000e+03 4.347715724401129619e-03
1.986000000000000000e+03 9.992429266844800317e-04
1.987000000000000000e+03 3.657650405101540124e-03
1.988000000000000000e+03 3.679186405089619923e-03
1.989000000000000000e+03 6.650361168561319883e-03
1.990000000000000000e+03 6.019559917594050069e-03
1.991000000000000000e+03 -1.667626842489070005e-03
1.992000000000000000e+03 6.029960072056660125e-03
1.993000000000000000e+03 9.302691118421179198e-03
1.994000000000000000e+03 1.988200164831469951e-03
1.995000000000000000e+03 4.334992508527009750e-03
1.996000000000000000e+03 4.041328076579320423e-03
1.997000000000000000e+03 2.324045228402100028e-03
1.998000000000000000e+03 8.677344058829850743e-03
1.999000000000000000e+03 1.301138992818359937e-02
2.000000000000000000e+03 1.167246689454620040e-02
2.001000000000000000e+03 8.347851116401119528e-03
2.002000000000000000e+03 7.674775832147560060e-03
2.003000000000000000e+03 3.015013280455630055e-03
2.004000000000000000e+03 -1.012891021339439902e-03
2.005000000000000000e+03 6.019536911195570196e-03
2.006000000000000000e+03 6.005344350527779679e-03
2.007000000000000000e+03 3.659843431900189955e-03
2.008000000000000000e+03 7.334705239214659757e-03
2.009000000000000000e+03 5.024800761480260197e-03
2.010000000000000000e+03 4.979508364389239813e-03
2.011000000000000000e+03 9.989239637360940519e-03
2.012000000000000000e+03 9.362821346460069305e-03
2.013000000000000000e+03 7.332657435753869857e-03
2.014000000000000000e+03 2.705261568740349992e-03
2.015000000000000000e+03 -1.340681963239749933e-03
2.016000000000000000e+03 2.328644411047599977e-03
2.017000000000000000e+03 -3.343713675633329884e-04
2.018000000000000000e+03 3.706997911395590144e-03
2.019000000000000000e+03 7.367700519446359654e-03
2.020000000000000000e+03 3.334157118848849952e-03
2.021000000000000000e+03 3.329425899616449917e-03
2.022000000000000000e+03 1.003905884773790072e-03
2.023000000000000000e+03 1.978653839736230127e-03
2.024000000000000000e+03 -3.146469779083410244e-04
2.025000000000000000e+03 1.733504500357539957e-05
2.026000000000000000e+03 6.998897245073699633e-03
2.027000000000000000e+03 1.165707118488479993e-02
2.028000000000000000e+03 6.756558581582109910e-03
2.029000000000000000e+03 -1.998995629064959784e-03
2.030000000000000000e+03 4.071893396967020060e-03
2.031000000000000000e+03 7.311164097414469924e-03
2.032000000000000000e+03 6.562777339887439481e-04
2.033000000000000000e+03 2.681655599838530211e-03
2.034000000000000000e+03 3.327223938352200008e-03
2.035000000000000000e+03 3.008602795652300099e-03
2.036000000000000000e+03 3.327197213011120081e-03
2.037000000000000000e+03 3.346994230937469831e-04
2.038000000000000000e+03 1.337281706224589936e-03
2.039000000000000000e+03 4.016129849347379981e-03
2.040000000000000000e+03 6.677651096115269982e-03
2.041000000000000000e+03 5.672333486655620205e-03
2.042000000000000000e+03 9.277056218565050277e-03
2.043000000000000000e+03 1.368213538513689959e-02
2.044000000000000000e+03 6.676356242198059829e-03
2.045000000000000000e+03 5.693623537626329827e-03
2.046000000000000000e+03 6.349300839947610159e-03
2.047000000000000000e+03 7.945775222271989416e-03
2.048000000000000000e+03 1.201336150584889940e-02
2.049000000000000000e+03 1.101277447241160064e-02
2.050000000000000000e+03 3.998659598062169994e-03
2.051000000000000000e+03 -4.334869361775239849e-03
2.052000000000000000e+03 2.379646310869969975e-03
2.053000000000000000e+03 9.339513735956679955e-03
2.054000000000000000e+03 6.003006263538579815e-03
2.055000000000000000e+03 9.993632650789809752e-03
2.056000000000000000e+03 7.702201705449349643e-03
2.057000000000000000e+03 9.887509640720429458e-04
2.058000000000000000e+03 6.660629842114990096e-03
2.059000000000000000e+03 8.674595485504629777e-03
2.060000000000000000e+03 9.336835700723919787e-03
2.061000000000000000e+03 4.003979605293700103e-03
2.062000000000000000e+03 7.086652182595830352e-02
2.063000000000000000e+03 7.202005148275969493e-02
2.064000000000000000e+03 -6.597377079247939563e-04
2.065000000000000000e+03 6.326119538342470268e-03
2.066000000000000000e+03 1.065852187648859938e-02
2.067000000000000000e+03 7.999155248553059191e-03
2.068000000000000000e+03 8.337577700479700815e-03
2.069000000000000000e+03 4.985000470373050253e-03
2.070000000000000000e+03 6.342498620025870289e-03
2.071000000000000000e+03 4.361227580153600146e-03
2.072000000000000000e+03 -3.432633182982640038e-04
2.073000000000000000e+03 -1.667843128301619996e-03
2.074000000000000000e+03 3.901924606527069862e-05
2.075000000000000000e+03 6.015778406515799592e-03
2.076000000000000000e+03 7.670658682143279700e-03
2.077000000000000000e+03 6.670686857017539724e-03
2.078000000000000000e+03 7.671147374454029971e-03
2.079000000000000000e+03 2.337202718567230053e-03
2.080000000000000000e+03 -1.337768507090789961e-03
2.081000000000000000e+03 -9.966962103153149000e-04
2.082000000000000000e+03 6.338973465742070261e-03
2.083000000000000000e+03 7.316446528035490220e-03
2.084000000000000000e+03 6.791147668667719918e-04
2.085000000000000000e+03 3.335540619984529980e-03
2.086000000000000000e+03 1.672029199721030085e-03
2.087000000000000000e+03 1.317725378047369944e-03
2.088000000000000000e+03 5.650056340227200234e-03
2.089000000000000000e+03 3.343328401643710056e-03
2.090000000000000000e+03 3.693713672855229811e-03
2.091000000000000000e+03 7.342684019834020206e-03
2.092000000000000000e+03 2.359409149771380006e-03
2.093000000000000000e+03 -3.335293504754499832e-04
2.094000000000000000e+03 4.313298569979359849e-03
2.095000000000000000e+03 6.690715132930280355e-03
2.096000000000000000e+03 7.006098768422360130e-03
2.097000000000000000e+03 8.673639042664490345e-03
2.098000000000000000e+03 4.022203570872739942e-03
2.099000000000000000e+03 0.000000000000000000e+00
2.100000000000000000e+03 6.946915642510109908e-03
2.101000000000000000e+03 1.665582818369239909e-02
2.102000000000000000e+03 9.421196325739610369e-03
2.103000000000000000e+03 2.313339607652239917e-03
2.104000000000000000e+03 4.673535262645949623e-03
2.105000000000000000e+03 4.002648743981439966e-03
2.106000000000000000e+03 7.003955612130160005e-03
2.107000000000000000e+03 9.337313746422619756e-03
2.108000000000000000e+03 2.705910076111399908e-03
2.109000000000000000e+03 -6.718962202154540051e-04
2.110000000000000000e+03 2.336022380538899969e-03
2.111000000000000000e+03 6.323041436095059968e-03
2.112000000000000000e+03 6.046437279058730109e-03
2.113000000000000000e+03 3.996582247897410324e-03
2.114000000000000000e+03 3.322557740774749989e-03
2.115000000000000000e+03 4.069848084260120241e-07
2.116000000000000000e+03 1.988316627583499880e-03
2.117000000000000000e+03 7.316388537174849799e-03
2.118000000000000000e+03 3.078960603044959832e-03
2.119000000000000000e+03 -1.698893327145469933e-03
2.120000000000000000e+03 6.581322140353789915e-03
2.121000000000000000e+03 3.478958319871560106e-03
2.122000000000000000e+03 -1.733969840714219947e-03
2.123000000000000000e+03 7.594461113802369705e-03
2.124000000000000000e+03 1.136073321184650001e-02
2.125000000000000000e+03 6.714939997231690084e-03
2.126000000000000000e+03 6.637998930287749601e-03
2.127000000000000000e+03 4.042777059883679615e-03
2.128000000000000000e+03 6.310563806730449740e-03
2.129000000000000000e+03 1.233811991519409915e-02
2.130000000000000000e+03 9.670944935919309829e-03
2.131000000000000000e+03 6.006886834626359688e-03
2.132000000000000000e+03 3.520116193858199784e-04
2.133000000000000000e+03 9.960103636598880913e-04
2.134000000000000000e+03 5.658697717619800248e-03
2.135000000000000000e+03 4.701030785246729758e-03
2.136000000000000000e+03 2.999813771002900024e-03
2.137000000000000000e+03 3.339525367024029964e-03
2.138000000000000000e+03 3.990022884034330301e-03
2.139000000000000000e+03 3.665693669652080131e-03
2.140000000000000000e+03 -6.673493134044530210e-04
2.141000000000000000e+03 -3.376768311229740157e-04
2.142000000000000000e+03 1.003309941150460054e-03
2.143000000000000000e+03 -1.000290578274720026e-03
2.144000000000000000e+03 6.673299517669739698e-04
2.145000000000000000e+03 6.953784961206440143e-03
2.146000000000000000e+03 8.037656557392310053e-03
2.147000000000000000e+03 2.348209120212059898e-03
2.148000000000000000e+03 3.662212099875699917e-03
2.149000000000000000e+03 8.006954220148630383e-03
2.150000000000000000e+03 1.132546848811949967e-02
2.151000000000000000e+03 8.089518119545809419e-03
2.152000000000000000e+03 6.638941749752940054e-03
2.153000000000000000e+03 6.666678185337500222e-03
2.154000000000000000e+03 3.421522323709969829e-04
2.155000000000000000e+03 6.470048299661550076e-04
2.156000000000000000e+03 2.997247915620239976e-03
2.157000000000000000e+03 2.007161585209140189e-03
2.158000000000000000e+03 3.689530397189780091e-03
2.159000000000000000e+03 4.324956899431710126e-03
2.160000000000000000e+03 7.687688739086449841e-03
2.161000000000000000e+03 4.652157101254029981e-03
2.162000000000000000e+03 1.346036839557250000e-03
2.163000000000000000e+03 5.667536887100280314e-03
2.164000000000000000e+03 9.840694176344959559e-04
2.165000000000000000e+03 -1.324686770492129999e-03
2.166000000000000000e+03 1.064064919280820025e-02
2.167000000000000000e+03 7.858909247758729191e-03
2.168000000000000000e+03 -1.048924393285329991e-03
2.169000000000000000e+03 5.994751397286270274e-03
2.170000000000000000e+03 8.339236614042800852e-03
2.171000000000000000e+03 1.198982825394030033e-02
2.172000000000000000e+03 4.464899825616809766e-03
2.173000000000000000e+03 1.636637351787009927e-03
2.174000000000000000e+03 9.336705990754850387e-03
2.175000000000000000e+03 4.334233694168739687e-03
2.176000000000000000e+03 6.319712691772549733e-03
2.177000000000000000e+03 9.029845669040640482e-03
2.178000000000000000e+03 3.022798183293270036e-03
2.179000000000000000e+03 2.648680895732640015e-03
2.180000000000000000e+03 5.330120675966329609e-03
2.181000000000000000e+03 3.030080403950859841e-03
2.182000000000000000e+03 2.975357978548289796e-03
2.183000000000000000e+03 2.694861372203130080e-03
2.184000000000000000e+03 6.629161448496359577e-03
2.185000000000000000e+03 1.167936193004000082e-02
2.186000000000000000e+03 8.021535850014959237e-03
2.187000000000000000e+03 4.024854915483050063e-03
2.188000000000000000e+03 6.689597271600799828e-04
2.189000000000000000e+03 1.320969226466119908e-03
2.190000000000000000e+03 1.337995351193960007e-03
2.191000000000000000e+03 2.009981824329639798e-03
2.192000000000000000e+03 -6.605850540331640024e-04
2.193000000000000000e+03 -3.016353316246289835e-03
2.194000000000000000e+03 7.258549425733760302e-03
2.195000000000000000e+03 1.336721947424390072e-02
2.196000000000000000e+03 6.084569970667509653e-03
2.197000000000000000e+03 -1.326869507944459983e-03
2.198000000000000000e+03 -3.069935715691749986e-04
2.199000000000000000e+03 2.668432495987619994e-03
2.200000000000000000e+03 2.003704687532359852e-03
2.201000000000000000e+03 1.662532081453929958e-03
2.202000000000000000e+03 2.330150267230019813e-03
2.203000000000000000e+03 6.626222004080959717e-03
2.204000000000000000e+03 7.031151208358199858e-03
2.205000000000000000e+03 1.673647380178409916e-03
2.206000000000000000e+03 -6.682131816838189978e-04
2.207000000000000000e+03 7.619899573860699701e-03
2.208000000000000000e+03 8.114616260764409908e-03
2.209000000000000000e+03 2.982793173287250077e-03
2.210000000000000000e+03 3.327616422558399983e-03
2.211000000000000000e+03 -9.982354310331879692e-04
2.212000000000000000e+03 2.971618297013609977e-03
2.213000000000000000e+03 2.312274800368649842e-03
2.214000000000000000e+03 3.384099679076540013e-04
2.215000000000000000e+03 4.336176125776069860e-03
2.216000000000000000e+03 6.336670041178260430e-03
2.217000000000000000e+03 6.004933260115040243e-03
2.218000000000000000e+03 -1.331818093549439917e-03
2.219000000000000000e+03 -1.729110652295849995e-03
2.220000000000000000e+03 1.683931606498370028e-03
2.221000000000000000e+03 1.060293067274859988e-02
2.222000000000000000e+03 1.269910100914069945e-02
2.223000000000000000e+03 -1.008878266156460098e-03
2.224000000000000000e+03 -4.678518220830740412e-03
2.225000000000000000e+03 3.572378372277030135e-03
2.226000000000000000e+03 2.725331437225479887e-03
2.227000000000000000e+03 -2.665739618897570214e-03
2.228000000000000000e+03 5.315157672631170421e-03
2.229000000000000000e+03 7.367934728278649655e-03
2.230000000000000000e+03 1.367068366097489926e-03
2.231000000000000000e+03 -1.334216247993809997e-03
2.232000000000000000e+03 9.922407704711520750e-04
2.233000000000000000e+03 5.018469860472420108e-03
2.234000000000000000e+03 4.652533903044190136e-03
2.235000000000000000e+03 -6.966427443931450273e-04
2.236000000000000000e+03 3.645952726786270102e-03
2.237000000000000000e+03 9.367539063980240624e-03
2.238000000000000000e+03 1.030690609332090071e-02
2.239000000000000000e+03 7.054920586281979676e-03
2.240000000000000000e+03 -1.326097780143529895e-03
2.241000000000000000e+03 -1.332111925421119916e-03
2.242000000000000000e+03 3.651253065435640117e-03
2.243000000000000000e+03 7.988462855478750332e-03
2.244000000000000000e+03 8.343929455949109994e-03
2.245000000000000000e+03 1.101904976871139960e-02
2.246000000000000000e+03 4.348501157282640313e-03
2.247000000000000000e+03 1.300146905748669930e-03
2.248000000000000000e+03 1.716891913764190085e-03
2.249000000000000000e+03 2.834523348094170167e-04
2.250000000000000000e+03 4.665269488686020136e-03
2.251000000000000000e+03 5.007991783471990241e-03
2.252000000000000000e+03 4.028738852033850182e-03
2.253000000000000000e+03 1.334216247993809997e-03
2.254000000000000000e+03 3.984763259983410341e-03
2.255000000000000000e+03 7.667856987853050033e-03
2.256000000000000000e+03 8.339013639897160587e-03
2.257000000000000000e+03 3.378650924515650203e-03
2.258000000000000000e+03 5.974660037261020351e-03
2.259000000000000000e+03 1.367640876626220053e-02
2.260000000000000000e+03 9.358268905569429655e-03
2.261000000000000000e+03 -6.196302020074009615e-04
2.262000000000000000e+03 1.238444649892719938e-03
2.263000000000000000e+03 3.691240702084800165e-03
2.264000000000000000e+03 8.056974879258419278e-03
2.265000000000000000e+03 9.313081988841049805e-03
2.266000000000000000e+03 2.002197239731789806e-03
2.267000000000000000e+03 2.668432495987619994e-03
2.268000000000000000e+03 5.674095815152830312e-03
2.269000000000000000e+03 1.067802466371440065e-02
2.270000000000000000e+03 9.661651783670229671e-03
2.271000000000000000e+03 2.975662128022119827e-03
2.272000000000000000e+03 -1.332331305035309912e-03
2.273000000000000000e+03 3.271838890889069984e-03
2.274000000000000000e+03 9.003585338909329133e-03
2.275000000000000000e+03 2.011104224192919974e-03
2.276000000000000000e+03 -2.357032616420300011e-03
2.277000000000000000e+03 5.933786456820799859e-03
2.278000000000000000e+03 1.034509411403649985e-02
2.279000000000000000e+03 4.651994345923200248e-03
2.280000000000000000e+03 3.338233731245940014e-03
2.281000000000000000e+03 7.337395226440599806e-03
2.282000000000000000e+03 8.337874655302439375e-03
2.283000000000000000e+03 8.007810960647549978e-03
2.284000000000000000e+03 4.013639628892720287e-03
2.285000000000000000e+03 2.331662682911590095e-03
2.286000000000000000e+03 5.669955965030910178e-03
2.287000000000000000e+03 -2.511090494298750262e-04
2.288000000000000000e+03 -3.038385882409430031e-03
2.289000000000000000e+03 1.131610072094520018e-02
2.290000000000000000e+03 1.705052013815819972e-02
2.291000000000000000e+03 1.035604688712109950e-02
2.292000000000000000e+03 4.665106176815310250e-03
2.293000000000000000e+03 6.716633096976269961e-04
2.294000000000000000e+03 3.306098408561490131e-03
2.295000000000000000e+03 6.348352225876019959e-03
2.296000000000000000e+03 6.652331436154240371e-03
2.297000000000000000e+03 1.465469719059070072e-02
2.298000000000000000e+03 1.058168638588709992e-02
2.299000000000000000e+03 1.344977095803589909e-03
2.300000000000000000e+03 6.653677112966199965e-03
2.301000000000000000e+03 2.795792122030050196e-03
2.302000000000000000e+03 -2.374832248060320013e-03
2.303000000000000000e+03 2.978135151695299795e-03
2.304000000000000000e+03 2.023507012501870109e-03
2.305000000000000000e+03 4.658618340883659628e-03
2.306000000000000000e+03 4.646200533627690282e-03
2.307000000000000000e+03 3.989543873027000427e-03
2.308000000000000000e+03 4.709080597623140248e-03
2.309000000000000000e+03 3.001372840131349886e-03
2.310000000000000000e+03 5.339458988218379575e-03
2.311000000000000000e+03 3.345470712242309963e-03
2.312000000000000000e+03 7.615904348213430042e-03
2.313000000000000000e+03 9.384652812110559628e-03
2.314000000000000000e+03 4.334837801109610311e-03
2.315000000000000000e+03 6.678585073226439572e-03
2.316000000000000000e+03 7.693174717098990104e-03
2.317000000000000000e+03 2.357171433329870169e-03
2.318000000000000000e+03 2.321343095505439946e-03
2.319000000000000000e+03 4.003617017069209874e-03
2.320000000000000000e+03 1.998786547410240193e-03
2.321000000000000000e+03 5.323693448159389809e-03
2.322000000000000000e+03 4.713733143363800331e-03
2.323000000000000000e+03 4.600488464137490394e-03
2.324000000000000000e+03 2.050841883282070177e-03
2.325000000000000000e+03 -3.236177544722220042e-04
2.326000000000000000e+03 3.389722491563850241e-04
2.327000000000000000e+03 3.193776831488799963e-04
2.328000000000000000e+03 7.991740930870270404e-03
2.329000000000000000e+03 6.027354603670120360e-03
2.330000000000000000e+03 3.347975820272669988e-04
2.331000000000000000e+03 1.331087096585139955e-03
2.332000000000000000e+03 1.667756477743140026e-03
2.333000000000000000e+03 5.016770033858860417e-03
2.334000000000000000e+03 1.398281273057130035e-02
2.335000000000000000e+03 8.803653694731260193e-03
2.336000000000000000e+03 2.640038691277490045e-03
2.337000000000000000e+03 5.004291875262629856e-03
2.338000000000000000e+03 3.003891732259060098e-03
2.339000000000000000e+03 8.282121389703960002e-03
2.340000000000000000e+03 1.300916420313960077e-02
2.341000000000000000e+03 9.014315745038850233e-03
2.342000000000000000e+03 5.007668062721199603e-03
2.343000000000000000e+03 7.321196495361600130e-03
2.344000000000000000e+03 7.686715162464330398e-03
2.345000000000000000e+03 2.344281366218409907e-03
2.346000000000000000e+03 5.659406389381360127e-03
2.347000000000000000e+03 9.337674772030110648e-03
2.348000000000000000e+03 5.352591374677560104e-03
2.349000000000000000e+03 4.333336549207830388e-03
2.350000000000000000e+03 3.999075763051120058e-03
2.351000000000000000e+03 4.994703828639869905e-03
2.352000000000000000e+03 8.329758735533040331e-03
2.353000000000000000e+03 6.048223141957810231e-03
2.354000000000000000e+03 4.329259519859759639e-03
2.355000000000000000e+03 1.070071088225289964e-02
2.356000000000000000e+03 8.643906294223339948e-03
2.357000000000000000e+03 6.351565253181570316e-03
2.358000000000000000e+03 7.997468164314349218e-03
2.359000000000000000e+03 -2.586514619933199911e-05
2.360000000000000000e+03 2.056238989330249831e-03
2.361000000000000000e+03 4.018687227476379700e-03
2.362000000000000000e+03 -1.004704366591919942e-03
2.363000000000000000e+03 4.632162872235249737e-03
2.364000000000000000e+03 6.676886188615380191e-03
2.365000000000000000e+03 1.017138566613560004e-03
2.366000000000000000e+03 -3.641516896979740073e-03
2.367000000000000000e+03 9.756604618022150050e-04
2.368000000000000000e+03 8.999008969649630735e-03
2.369000000000000000e+03 7.363614747251770107e-03
2.370000000000000000e+03 1.327801067404929926e-03
2.371000000000000000e+03 1.035414091177739963e-02
2.372000000000000000e+03 1.466556379502119943e-02
2.373000000000000000e+03 1.316894944330890055e-03
2.374000000000000000e+03 3.055732593354499888e-04
2.375000000000000000e+03 5.334440935317170257e-03
2.376000000000000000e+03 9.339512075078290274e-03
2.377000000000000000e+03 5.059276993421670150e-03
2.378000000000000000e+03 -6.701732225452640456e-04
2.379000000000000000e+03 3.346539130170320207e-03
2.380000000000000000e+03 8.342182499117230254e-03
2.381000000000000000e+03 1.001068545814159938e-02
2.382000000000000000e+03 4.691736554272070252e-03
2.383000000000000000e+03 9.984224046205890987e-04
2.384000000000000000e+03 3.649954890655609987e-03
2.385000000000000000e+03 5.011791944568940241e-03
2.386000000000000000e+03 7.976209669380380715e-03
2.387000000000000000e+03 3.711563514368060052e-03
2.388000000000000000e+03 5.647887612306090252e-03
2.389000000000000000e+03 1.066725824043419923e-02
2.390000000000000000e+03 7.657681061712950238e-03
2.391000000000000000e+03 5.723266248156140025e-03
2.392000000000000000e+03 2.329269165123909902e-03
2.393000000000000000e+03 8.680156564667690713e-03
2.394000000000000000e+03 5.690616377069689612e-03
2.395000000000000000e+03 6.491674385376309869e-04
2.396000000000000000e+03 -1.299496631403469901e-03
2.397000000000000000e+03 9.446595211314210393e-04
2.398000000000000000e+03 1.065831706834270004e-02
2.399000000000000000e+03 9.360562980164429878e-03
2.400000000000000000e+03 3.679091045173089880e-03
