3.8000000e+02 9.8758706e-04
3.8100000e+02 1.0338945e-03
3.8200000e+02 9.9233346e-04
3.8300000e+02 0.0000000e+00
3.8400000e+02 4.4685071e-05
3.8500000e+02 2.0383698e-03
3.8600000e+02 1.0021040e-03
3.8700000e+02 0.0000000e+00
3.8800000e+02 9.9722555e-04
3.8900000e+02 3.9948317e-05
3.9000000e+02 0.0000000e+00
3.9100000e+02 0.0000000e+00
3.9200000e+02 0.0000000e+00
3.9300000e+02 0.0000000e+00
3.9400000e+02 4.2843703e-05
3.9500000e+02 0.0000000e+00
3.9600000e+02 1.9966385e-03
3.9700000e+02 0.0000000e+00
3.9800000e+02 0.0000000e+00
3.9900000e+02 0.0000000e+00
4.0000000e+02 0.0000000e+00
4.0100000e+02 3.2133328e-05
4.0200000e+02 3.8852202e-05
4.0300000e+02 0.0000000e+00
4.0400000e+02 0.0000000e+00
4.0500000e+02 1.0065712e-03
4.0600000e+02 0.0000000e+00
4.0700000e+02 9.8933992e-04
4.0800000e+02 0.0000000e+00
4.0900000e+02 5.5447265e-05
4.1000000e+02 0.0000000e+00
4.1100000e+02 1.0039477e-03
4.1200000e+02 1.0338945e-03
4.1300000e+02 1.0007558e-03
4.1400000e+02 1.0338945e-03
4.1500000e+02 0.0000000e+00
4.1600000e+02 0.0000000e+00
4.1700000e+02 0.0000000e+00
4.1800000e+02 9.9557284e-04
4.1900000e+02 1.0004420e-03
4.2000000e+02 8.6815844e-05
4.2100000e+02 0.0000000e+00
4.2200000e+02 0.0000000e+00
4.2300000e+02 9.9936489e-04
4.2400000e+02 0.0000000e+00
4.2500000e+02 0.0000000e+00
4.2600000e+02 1.0078613e-03
4.2700000e+02 1.0338945e-03
4.2800000e+02 0.0000000e+00
4.2900000e+02 1.0338945e-03
4.3000000e+02 9.9784943e-04
4.3100000e+02 0.0000000e+00
4.3200000e+02 1.0338945e-03
4.3300000e+02 9.9946394e-04
4.3400000e+02 9.9932983e-04
4.3500000e+02 3.4801685e-05
4.3600000e+02 0.0000000e+00
4.3700000e+02 3.6820126e-05
4.3800000e+02 3.8195223e-05
4.3900000e+02 0.0000000e+00
4.4000000e+02 0.0000000e+00
4.4100000e+02 0.0000000e+00
4.4200000e+02 2.9912003e-05
4.4300000e+02 2.0014500e-03
4.4400000e+02 0.0000000e+00
4.4500000e+02 0.0000000e+00
4.4600000e+02 0.0000000e+00
4.4700000e+02 1.0017258e-03
4.4800000e+02 3.6429016e-05
4.4900000e+02 1.0092799e-03
4.5000000e+02 1.0338945e-03
4.5100000e+02 0.0000000e+00
4.5200000e+02 0.0000000e+00
4.5300000e+02 1.0015733e-03
4.5400000e+02 0.0000000e+00
4.5500000e+02 0.0000000e+00
4.5600000e+02 9.9694176e-04
4.5700000e+02 0.0000000e+00
4.5800000e+02 0.0000000e+00
4.5900000e+02 0.0000000e+00
4.6000000e+02 3.6824648e-05
4.6100000e+02 1.0042536e-03
4.6200000e+02 1.0338945e-03
4.6300000e+02 1.0338945e-03
4.6400000e+02 0.0000000e+00
4.6500000e+02 9.9732190e-04
4.6600000e+02 0.0000000e+00
4.6700000e+02 0.0000000e+00
4.6800000e+02 1.0137181e-03
4.6900000e+02 0.0000000e+00
4.7000000e+02 2.8799138e-05
4.7100000e+02 0.0000000e+00
4.7200000e+02 1.0338945e-03
4.7300000e+02 0.0000000e+00
4.7400000e+02 0.0000000e+00
4.7500000e+02 1.0044632e-03
4.7600000e+02 0.0000000e+00
4.7700000e+02 1.0338945e-03
4.7800000e+02 0.0000000e+00
4.7900000e+02 2.3775647e-05
4.8000000e+02 0.0000000e+00
4.8100000e+02 1.0107177e-03
4.8200000e+02 2.3025191e-05
4.8300000e+02 1.0098104e-03
4.8400000e+02 0.0000000e+00
4.8500000e+02 2.5793466e-05
4.8600000e+02 0.0000000e+00
4.8700000e+02 0.0000000e+00
4.8800000e+02 0.0000000e+00
4.8900000e+02 1.0154602e-03
4.9000000e+02 2.1775102e-05
4.9100000e+02 2.5269864e-05
4.9200000e+02 1.0633751e-03
4.9300000e+02 0.0000000e+00
4.9400000e+02 2.1588613e-05
4.9500000e+02 0.0000000e+00
4.9600000e+02 0.0000000e+00
4.9700000e+02 2.1438556e-05
4.9800000e+02 1.0057195e-03
4.9900000e+02 0.0000000e+00
5.0000000e+02 1.0338945e-03
5.0100000e+02 1.0181541e-03
5.0200000e+02 0.0000000e+00
5.0300000e+02 2.0677890e-03
5.0400000e+02 0.0000000e+00
5.0500000e+02 1.0173290e-03
5.0600000e+02 0.0000000e+00
5.0700000e+02 1.9042306e-05
5.0800000e+02 1.0039622e-03
5.0900000e+02 1.0104895e-03
5.1000000e+02 0.0000000e+00
5.1100000e+02 0.0000000e+00
5.1200000e+02 1.0089116e-03
5.1300000e+02 2.0271878e-03
5.1400000e+02 1.6330890e-05
5.1500000e+02 0.0000000e+00
5.1600000e+02 1.0338945e-03
5.1700000e+02 1.0338945e-03
5.1800000e+02 0.0000000e+00
5.1900000e+02 0.0000000e+00
5.2000000e+02 0.0000000e+00
5.2100000e+02 0.0000000e+00
5.2200000e+02 1.0178057e-03
5.2300000e+02 0.0000000e+00
5.2400000e+02 0.0000000e+00
5.2500000e+02 1.6623413e-05
5.2600000e+02 0.0000000e+00
5.2700000e+02 0.0000000e+00
5.2800000e+02 0.0000000e+00
5.2900000e+02 0.0000000e+00
5.3000000e+02 1.0079853e-03
5.3100000e+02 1.2431543e-05
5.3200000e+02 1.5967357e-05
5.3300000e+02 0.0000000e+00
5.3400000e+02 2.4658518e-05
5.3500000e+02 1.2643697e-05
5.3600000e+02 1.8304913e-05
5.3700000e+02 0.0000000e+00
5.3800000e+02 0.0000000e+00
5.3900000e+02 1.0540980e-03
5.4000000e+02 1.0240465e-03
5.4100000e+02 0.0000000e+00
5.4200000e+02 8.5537652e-06
5.4300000e+02 1.7378570e-05
5.4400000e+02 0.0000000e+00
5.4500000e+02 1.8769053e-05
5.4600000e+02 1.1454354e-05
5.4700000e+02 0.0000000e+00
5.4800000e+02 0.0000000e+00
5.4900000e+02 1.0242710e-03
5.5000000e+02 1.0121389e-03
5.5100000e+02 1.6767412e-05
5.5200000e+02 1.0215014e-03
5.5300000e+02 1.0255358e-03
5.5400000e+02 0.0000000e+00
5.5500000e+02 1.0338945e-03
5.5600000e+02 1.0176524e-03
5.5700000e+02 1.4738652e-05
5.5800000e+02 0.0000000e+00
5.5900000e+02 0.0000000e+00
5.6000000e+02 0.0000000e+00
5.6100000e+02 0.0000000e+00
5.6200000e+02 0.0000000e+00
5.6300000e+02 0.0000000e+00
5.6400000e+02 0.0000000e+00
5.6500000e+02 1.0191125e-03
5.6600000e+02 0.0000000e+00
5.6700000e+02 0.0000000e+00
5.6800000e+02 0.0000000e+00
5.6900000e+02 0.0000000e+00
5.7000000e+02 1.0338945e-03
5.7100000e+02 0.0000000e+00
5.7200000e+02 0.0000000e+00
5.7300000e+02 0.0000000e+00
5.7400000e+02 3.4653131e-05
5.7500000e+02 7.1771789e-06
5.7600000e+02 1.0338945e-03
5.7700000e+02 0.0000000e+00
5.7800000e+02 1.2663749e-05
5.7900000e+02 0.0000000e+00
5.8000000e+02 1.0207108e-03
5.8100000e+02 5.4408661e-06
5.8200000e+02 3.1134938e-05
5.8300000e+02 1.0251422e-03
5.8400000e+02 2.8262492e-06
5.8500000e+02 0.0000000e+00
5.8600000e+02 0.0000000e+00
5.8700000e+02 2.0581667e-03
5.8800000e+02 1.0338945e-03
5.8900000e+02 2.0535523e-03
5.9000000e+02 1.1306244e-05
5.9100000e+02 0.0000000e+00
5.9200000e+02 0.0000000e+00
5.9300000e+02 0.0000000e+00
5.9400000e+02 8.4847465e-06
5.9500000e+02 1.0302525e-03
5.9600000e+02 1.0301317e-03
5.9700000e+02 1.0294175e-03
5.9800000e+02 0.0000000e+00
5.9900000e+02 1.0267083e-03
6.0000000e+02 1.0433270e-03
6.0100000e+02 2.0558908e-03
6.0200000e+02 2.0074808e-06
6.0300000e+02 1.0322840e-03
6.0400000e+02 5.6076753e-06
6.0500000e+02 0.0000000e+00
6.0600000e+02 0.0000000e+00
6.0700000e+02 0.0000000e+00
6.0800000e+02 1.0233855e-03
6.0900000e+02 0.0000000e+00
6.1000000e+02 0.0000000e+00
6.1100000e+02 1.0326379e-03
6.1200000e+02 1.0262642e-03
6.1300000e+02 0.0000000e+00
6.1400000e+02 1.0247401e-03
6.1500000e+02 0.0000000e+00
6.1600000e+02 1.0297652e-03
6.1700000e+02 2.0538681e-03
6.1800000e+02 2.7317025e-06
6.1900000e+02 5.8618468e-06
6.2000000e+02 0.0000000e+00
6.2100000e+02 1.2156121e-05
6.2200000e+02 0.0000000e+00
6.2300000e+02 1.0337574e-03
6.2400000e+02 0.0000000e+00
6.2500000e+02 1.0304384e-03
6.2600000e+02 0.0000000e+00
6.2700000e+02 4.4387799e-06
6.2800000e+02 8.0868092e-06
6.2900000e+02 0.0000000e+00
6.3000000e+02 2.2427016e-06
6.3100000e+02 0.0000000e+00
6.3200000e+02 0.0000000e+00
6.3300000e+02 1.0288681e-03
6.3400000e+02 0.0000000e+00
6.3500000e+02 1.0297669e-03
6.3600000e+02 1.0338945e-03
6.3700000e+02 0.0000000e+00
6.3800000e+02 0.0000000e+00
6.3900000e+02 1.0327330e-03
6.4000000e+02 0.0000000e+00
6.4100000e+02 0.0000000e+00
6.4200000e+02 0.0000000e+00
6.4300000e+02 2.0650957e-03
6.4400000e+02 0.0000000e+00
6.4500000e+02 0.0000000e+00
6.4600000e+02 1.0281105e-03
6.4700000e+02 0.0000000e+00
6.4800000e+02 0.0000000e+00
6.4900000e+02 0.0000000e+00
6.5000000e+02 8.9998569e-06
6.5100000e+02 4.4331818e-06
6.5200000e+02 1.3754931e-06
6.5300000e+02 9.6094406e-07
6.5400000e+02 2.5768169e-06
6.5500000e+02 3.9780253e-06
6.5600000e+02 0.0000000e+00
6.5700000e+02 0.0000000e+00
6.5800000e+02 0.0000000e+00
6.5900000e+02 3.0027147e-06
6.6000000e+02 1.2985775e-06
6.6100000e+02 0.0000000e+00
6.6200000e+02 1.0212431e-03
6.6300000e+02 9.1113669e-06
6.6400000e+02 1.0338945e-03
6.6500000e+02 0.0000000e+00
6.6600000e+02 0.0000000e+00
6.6700000e+02 1.0280895e-03
6.6800000e+02 2.6042250e-06
6.6900000e+02 1.7790516e-05
6.7000000e+02 0.0000000e+00
6.7100000e+02 0.0000000e+00
6.7200000e+02 1.0338274e-03
6.7300000e+02 7.2615499e-06
6.7400000e+02 0.0000000e+00
6.7500000e+02 1.0283227e-03
6.7600000e+02 0.0000000e+00
6.7700000e+02 1.3168196e-05
6.7800000e+02 5.3654689e-07
6.7900000e+02 2.0677890e-03
6.8000000e+02 0.0000000e+00
6.8100000e+02 1.0338945e-03
6.8200000e+02 1.0284781e-05
6.8300000e+02 0.0000000e+00
6.8400000e+02 1.1200697e-05
6.8500000e+02 1.0446044e-03
6.8600000e+02 0.0000000e+00
6.8700000e+02 1.0254271e-03
6.8800000e+02 1.0276063e-03
6.8900000e+02 1.0307737e-03
6.9000000e+02 1.0338945e-03
6.9100000e+02 1.2077022e-05
6.9200000e+02 0.0000000e+00
6.9300000e+02 1.8854199e-05
6.9400000e+02 1.0338945e-03
6.9500000e+02 0.0000000e+00
6.9600000e+02 1.5107628e-05
6.9700000e+02 7.2306192e-06
6.9800000e+02 1.0338945e-03
6.9900000e+02 0.0000000e+00
7.0000000e+02 0.0000000e+00
7.0100000e+02 1.0155701e-03
7.0200000e+02 7.4586038e-06
7.0300000e+02 1.0338945e-03
7.0400000e+02 0.0000000e+00
7.0500000e+02 0.0000000e+00
7.0600000e+02 5.3755938e-06
7.0700000e+02 0.0000000e+00
7.0800000e+02 9.1242006e-06
7.0900000e+02 0.0000000e+00
7.1000000e+02 1.0239115e-03
7.1100000e+02 0.0000000e+00
7.1200000e+02 1.0255691e-03
7.1300000e+02 1.0276745e-03
7.1400000e+02 1.0134838e-03
7.1500000e+02 1.0169081e-03
7.1600000e+02 0.0000000e+00
7.1700000e+02 8.5834926e-06
7.1800000e+02 1.0142563e-03
7.1900000e+02 1.0202072e-03
7.2000000e+02 0.0000000e+00
7.2100000e+02 1.0171164e-03
7.2200000e+02 1.0255159e-03
7.2300000e+02 1.0176907e-03
7.2400000e+02 1.0110846e-03
7.2500000e+02 1.0206712e-03
7.2600000e+02 1.0150755e-03
7.2700000e+02 0.0000000e+00
7.2800000e+02 1.0338945e-03
7.2900000e+02 1.5754006e-05
7.3000000e+02 0.0000000e+00
7.3100000e+02 2.0931483e-05
7.3200000e+02 0.0000000e+00
7.3300000e+02 1.0338945e-03
7.3400000e+02 2.3707623e-05
7.3500000e+02 2.3191742e-05
7.3600000e+02 2.1954026e-05
7.3700000e+02 2.0012328e-05
7.3800000e+02 1.0165586e-03
7.3900000e+02 2.0394745e-03
7.4000000e+02 1.0103396e-05
7.4100000e+02 1.0338945e-03
7.4200000e+02 1.6337446e-05
7.4300000e+02 1.0073008e-03
7.4400000e+02 1.9846401e-05
7.4500000e+02 0.0000000e+00
7.4600000e+02 1.0338945e-03
7.4700000e+02 0.0000000e+00
7.4800000e+02 0.0000000e+00
7.4900000e+02 1.0338945e-03
7.5000000e+02 2.0551648e-03
7.5100000e+02 0.0000000e+00
7.5200000e+02 1.0548619e-03
7.5300000e+02 2.3917074e-05
7.5400000e+02 1.0075076e-03
7.5500000e+02 2.7623714e-05
7.5600000e+02 0.0000000e+00
7.5700000e+02 2.8810688e-05
7.5800000e+02 5.6275632e-05
7.5900000e+02 1.0069164e-03
7.6000000e+02 2.4716542e-05
7.6100000e+02 0.0000000e+00
7.6200000e+02 0.0000000e+00
7.6300000e+02 2.9529033e-05
7.6400000e+02 0.0000000e+00
7.6500000e+02 0.0000000e+00
7.6600000e+02 1.0053739e-03
7.6700000e+02 0.0000000e+00
7.6800000e+02 1.0045148e-03
7.6900000e+02 2.0764209e-05
7.7000000e+02 0.0000000e+00
7.7100000e+02 1.0168962e-03
7.7200000e+02 0.0000000e+00
7.7300000e+02 1.0076584e-03
7.7400000e+02 5.9598271e-05
7.7500000e+02 0.0000000e+00
7.7600000e+02 1.0149568e-03
7.7700000e+02 0.0000000e+00
7.7800000e+02 0.0000000e+00
7.7900000e+02 0.0000000e+00
7.8000000e+02 0.0000000e+00
7.8100000e+02 1.7701786e-05
7.8200000e+02 1.0338945e-03
7.8300000e+02 2.7814386e-05
7.8400000e+02 0.0000000e+00
7.8500000e+02 1.9220655e-05
7.8600000e+02 1.0045153e-03
7.8700000e+02 1.0110882e-03
7.8800000e+02 0.0000000e+00
7.8900000e+02 0.0000000e+00
7.9000000e+02 0.0000000e+00
7.9100000e+02 1.0123828e-03
7.9200000e+02 2.7514983e-05
7.9300000e+02 3.2549081e-05
7.9400000e+02 1.0132028e-03
7.9500000e+02 1.0338945e-03
7.9600000e+02 2.6071161e-05
7.9700000e+02 0.0000000e+00
7.9800000e+02 1.0047886e-03
7.9900000e+02 0.0000000e+00
8.0000000e+02 0.0000000e+00
8.0100000e+02 0.0000000e+00
8.0200000e+02 0.0000000e+00
8.0300000e+02 0.0000000e+00
8.0400000e+02 6.7053768e-05
8.0500000e+02 2.9360771e-05
8.0600000e+02 0.0000000e+00
8.0700000e+02 0.0000000e+00
8.0800000e+02 1.0072035e-03
8.0900000e+02 1.0338945e-03
8.1000000e+02 1.0597812e-03
8.1100000e+02 1.0018756e-03
8.1200000e+02 0.0000000e+00
8.1300000e+02 0.0000000e+00
8.1400000e+02 0.0000000e+00
8.1500000e+02 1.0004691e-03
8.1600000e+02 0.0000000e+00
8.1700000e+02 0.0000000e+00
8.1800000e+02 0.0000000e+00
8.1900000e+02 3.7529888e-05
8.2000000e+02 1.0338945e-03
8.2100000e+02 9.9925035e-04
8.2200000e+02 0.0000000e+00
8.2300000e+02 1.0048528e-03
8.2400000e+02 0.0000000e+00
8.2500000e+02 3.4334820e-05
8.2600000e+02 1.0057512e-03
8.2700000e+02 0.0000000e+00
8.2800000e+02 0.0000000e+00
8.2900000e+02 0.0000000e+00
8.3000000e+02 2.6857733e-05
8.3100000e+02 3.2505975e-05
8.3200000e+02 9.9647733e-04
8.3300000e+02 1.0082727e-03
8.3400000e+02 1.0054631e-03
8.3500000e+02 1.0640521e-03
8.3600000e+02 1.0338945e-03
8.3700000e+02 1.0022119e-03
8.3800000e+02 1.0030428e-03
8.3900000e+02 1.0338945e-03
8.4000000e+02 1.0338945e-03
8.4100000e+02 1.0338945e-03
8.4200000e+02 3.5993814e-05
8.4300000e+02 0.0000000e+00
8.4400000e+02 4.0210339e-05
8.4500000e+02 2.0340486e-03
8.4600000e+02 1.0076047e-03
8.4700000e+02 3.4045427e-05
8.4800000e+02 1.0338945e-03
8.4900000e+02 1.0338945e-03
8.5000000e+02 2.0332922e-03
8.5100000e+02 1.0338945e-03
8.5200000e+02 1.0338945e-03
8.5300000e+02 4.1805283e-05
8.5400000e+02 1.0338945e-03
8.5500000e+02 0.0000000e+00
8.5600000e+02 8.4475154e-05
8.5700000e+02 1.0338945e-03
8.5800000e+02 1.0338945e-03
8.5900000e+02 0.0000000e+00
8.6000000e+02 2.0068632e-03
8.6100000e+02 2.0677890e-03
8.6200000e+02 3.4047851e-05
8.6300000e+02 2.0677890e-03
8.6400000e+02 1.0338945e-03
8.6500000e+02 1.0338945e-03
8.6600000e+02 1.0338945e-03
8.6700000e+02 1.0338945e-03
8.6800000e+02 1.9882423e-03
8.6900000e+02 9.9120891e-04
8.7000000e+02 1.0338945e-03
8.7100000e+02 2.9942986e-05
8.7200000e+02 1.0338945e-03
8.7300000e+02 1.0338945e-03
8.7400000e+02 1.9806142e-03
8.7500000e+02 1.0338945e-03
8.7600000e+02 2.0677890e-03
8.7700000e+02 2.0357075e-03
8.7800000e+02 2.0258263e-03
8.7900000e+02 1.0338945e-03
8.8000000e+02 1.9813957e-03
8.8100000e+02 2.0677890e-03
8.8200000e+02 2.0267723e-03
8.8300000e+02 2.0362927e-03
8.8400000e+02 2.0677890e-03
8.8500000e+02 1.0727402e-03
8.8600000e+02 1.0741588e-03
8.8700000e+02 2.1096841e-03
8.8800000e+02 2.0677890e-03
8.8900000e+02 2.1093541e-03
8.9000000e+02 3.0616686e-03
8.9100000e+02 4.1731744e-03
8.9200000e+02 3.1708985e-03
8.9300000e+02 4.1803767e-03
8.9400000e+02 5.1299097e-03
8.9500000e+02 8.2041992e-03
8.9600000e+02 8.2300227e-03
8.9700000e+02 8.2379547e-03
8.9800000e+02 1.0222662e-02
8.9900000e+02 1.0207747e-02
9.0000000e+02 9.3050504e-03
9.0100000e+02 1.0303340e-02
9.0200000e+02 9.3050504e-03
9.0300000e+02 1.1295775e-02
9.0400000e+02 8.3100029e-03
9.0500000e+02 9.3050504e-03
9.0600000e+02 9.3050504e-03
9.0700000e+02 1.1275037e-02
9.0800000e+02 9.3488276e-03
9.0900000e+02 1.0300431e-02
9.1000000e+02 9.3380617e-03
9.1100000e+02 1.1290648e-02
9.1200000e+02 9.3384091e-03
9.1300000e+02 1.0260724e-02
9.1400000e+02 7.2809893e-03
9.1500000e+02 8.2711559e-03
9.1600000e+02 7.2739447e-03
9.1700000e+02 6.2033669e-03
9.1800000e+02 5.1694724e-03
9.1900000e+02 4.1355779e-03
9.2000000e+02 4.1355779e-03
9.2100000e+02 4.1355779e-03
9.2200000e+02 4.0871215e-03
9.2300000e+02 3.1457814e-03
9.2400000e+02 5.1307164e-03
9.2500000e+02 5.1218432e-03
9.2600000e+02 4.1355779e-03
9.2700000e+02 3.1489251e-03
9.2800000e+02 4.1355779e-03
9.2900000e+02 5.1694724e-03
9.3000000e+02 4.0885794e-03
9.3100000e+02 4.1355779e-03
9.3200000e+02 4.1355779e-03
9.3300000e+02 4.1355779e-03
9.3400000e+02 6.1325360e-03
9.3500000e+02 5.1211584e-03
9.3600000e+02 4.2284894e-03
9.3700000e+02 6.2033669e-03
9.3800000e+02 6.1655141e-03
9.3900000e+02 6.2494436e-03
9.4000000e+02 8.1916840e-03
9.4100000e+02 9.3050504e-03
9.4200000e+02 1.1297084e-02
9.4300000e+02 9.3050504e-03
9.4400000e+02 1.2315742e-02
9.4500000e+02 1.3392691e-02
9.4600000e+02 1.3405771e-02
9.4700000e+02 1.5472838e-02
9.4800000e+02 1.6493068e-02
9.4900000e+02 1.6542312e-02
9.5000000e+02 1.8520781e-02
9.5100000e+02 1.8610101e-02
9.5200000e+02 2.0606328e-02
9.5300000e+02 2.2657307e-02
9.5400000e+02 2.2745679e-02
9.5500000e+02 2.5760692e-02
9.5600000e+02 2.7817548e-02
9.5700000e+02 3.1974905e-02
9.5800000e+02 3.5030359e-02
9.5900000e+02 4.1139254e-02
9.6000000e+02 4.7293808e-02
9.6100000e+02 5.4533857e-02
9.6200000e+02 6.7729475e-02
9.6300000e+02 8.2272963e-02
9.6400000e+02 1.0883603e-01
9.6500000e+02 1.4025041e-01
9.6600000e+02 1.8262859e-01
9.6700000e+02 2.4655746e-01
9.6800000e+02 3.2013603e-01
9.6900000e+02 4.3417001e-01
9.7000000e+02 5.4400256e-01
9.7100000e+02 7.0101988e-01
9.7200000e+02 8.0655038e-01
9.7300000e+02 8.7132896e-01
9.7400000e+02 9.2589549e-01
9.7500000e+02 9.4995627e-01
9.7600000e+02 9.7425262e-01
9.7700000e+02 9.7596040e-01
9.7800000e+02 9.8242707e-01
9.7900000e+02 9.7311591e-01
9.8000000e+02 9.7979954e-01
9.8100000e+02 1.0000000e+00
9.8200000e+02 9.4989161e-01
9.8300000e+02 9.5390192e-01
9.8400000e+02 9.5493466e-01
9.8500000e+02 9.4098597e-01
9.8600000e+02 9.4789989e-01
9.8700000e+02 9.2184329e-01
9.8800000e+02 9.0810717e-01
9.8900000e+02 8.8006389e-01
9.9000000e+02 8.0916107e-01
9.9100000e+02 7.3675453e-01
9.9200000e+02 6.2101880e-01
9.9300000e+02 5.0100375e-01
9.9400000e+02 4.0490556e-01
9.9500000e+02 3.1620413e-01
9.9600000e+02 2.4320548e-01
9.9700000e+02 1.8878343e-01
9.9800000e+02 1.4455458e-01
9.9900000e+02 1.1394678e-01
1.0000000e+03 9.0926067e-02
1.0010000e+03 7.7357797e-02
1.0020000e+03 6.5676443e-02
1.0030000e+03 5.6186261e-02
1.0040000e+03 5.0894646e-02
1.0050000e+03 4.2620392e-02
1.0060000e+03 3.9502740e-02
1.0070000e+03 3.7313691e-02
1.0080000e+03 3.2245880e-02
1.0090000e+03 3.1117063e-02
1.0100000e+03 2.8014984e-02
1.0110000e+03 2.7915151e-02
1.0120000e+03 2.4858572e-02
1.0130000e+03 2.4772068e-02
1.0140000e+03 2.3729604e-02
1.0150000e+03 2.2745679e-02
1.0160000e+03 2.1675215e-02
1.0170000e+03 2.1670178e-02
1.0180000e+03 2.0677890e-02
1.0190000e+03 1.9643995e-02
1.0200000e+03 1.9693528e-02
1.0210000e+03 1.9693795e-02
1.0220000e+03 1.8610101e-02
1.0230000e+03 1.9643995e-02
1.0240000e+03 1.8610101e-02
1.0250000e+03 1.9606445e-02
1.0260000e+03 1.7621422e-02
1.0270000e+03 1.7576206e-02
1.0280000e+03 1.8524601e-02
1.0290000e+03 1.8563126e-02
1.0300000e+03 1.7526760e-02
1.0310000e+03 1.7576206e-02
1.0320000e+03 1.8610101e-02
1.0330000e+03 1.9546079e-02
1.0340000e+03 1.8562717e-02
1.0350000e+03 1.7707020e-02
1.0360000e+03 1.8610101e-02
1.0370000e+03 1.8655615e-02
1.0380000e+03 1.8572607e-02
1.0390000e+03 1.8567684e-02
1.0400000e+03 1.8610101e-02
1.0410000e+03 2.0582141e-02
1.0420000e+03 1.7624744e-02
1.0430000e+03 1.6542312e-02
1.0440000e+03 1.7530322e-02
1.0450000e+03 1.6499470e-02
1.0460000e+03 1.5431305e-02
1.0470000e+03 1.5508417e-02
1.0480000e+03 1.5431362e-02
1.0490000e+03 1.4430436e-02
1.0500000e+03 1.3489048e-02
1.0510000e+03 1.2479489e-02
1.0520000e+03 1.3402680e-02
1.0530000e+03 1.2406734e-02
1.0540000e+03 1.0338945e-02
1.0550000e+03 1.0338945e-02
1.0560000e+03 9.3050504e-03
1.0570000e+03 7.2738198e-03
1.0580000e+03 9.3488715e-03
1.0590000e+03 8.2711559e-03
1.0600000e+03 6.2427368e-03
1.0610000e+03 8.1888711e-03
1.0620000e+03 6.2033669e-03
1.0630000e+03 5.2115332e-03
1.0640000e+03 5.2106071e-03
1.0650000e+03 5.1313827e-03
1.0660000e+03 4.2285027e-03
1.0670000e+03 3.1418977e-03
1.0680000e+03 4.1355779e-03
1.0690000e+03 5.1694724e-03
1.0700000e+03 5.0874634e-03
1.0710000e+03 3.1016835e-03
1.0720000e+03 4.1796238e-03
1.0730000e+03 5.0835870e-03
1.0740000e+03 5.0469599e-03
1.0750000e+03 3.1016835e-03
1.0760000e+03 4.0904084e-03
1.0770000e+03 4.1355779e-03
1.0780000e+03 5.0812567e-03
1.0790000e+03 4.1005421e-03
1.0800000e+03 4.0972432e-03
1.0810000e+03 4.1355779e-03
1.0820000e+03 5.1308390e-03
1.0830000e+03 5.1328364e-03
1.0840000e+03 5.1694724e-03
1.0850000e+03 6.1612854e-03
1.0860000e+03 6.1311969e-03
1.0870000e+03 7.1537676e-03
1.0880000e+03 7.1449567e-03
1.0890000e+03 7.2372614e-03
1.0900000e+03 7.2372614e-03
1.0910000e+03 8.2346665e-03
1.0920000e+03 8.3060297e-03
1.0930000e+03 1.0338945e-02
1.0940000e+03 1.1291684e-02
1.0950000e+03 1.2339399e-02
1.0960000e+03 1.0299234e-02
1.0970000e+03 1.0425875e-02
1.0980000e+03 1.0372042e-02
1.0990000e+03 1.0338945e-02
1.1000000e+03 1.0372568e-02
