3.8461538e+03 -1.3899800e-01
3.8464497e+03 -7.9083003e-02
3.8467455e+03 -1.0323000e-02
3.8470418e+03 5.1927000e-02
3.8473377e+03 9.1838002e-02
3.8476337e+03 1.0006400e-01
3.8479297e+03 8.0466002e-02
3.8482258e+03 4.7063001e-02
3.8485223e+03 1.8023999e-02
3.8488185e+03 6.4369999e-03
3.8491147e+03 1.5020000e-02
3.8494110e+03 3.5928998e-02
3.8497073e+03 5.7124998e-02
3.8500040e+03 6.9284000e-02
3.8503004e+03 6.9880001e-02
3.8505968e+03 6.2726997e-02
3.8508933e+03 5.3309999e-02
3.8511899e+03 4.5061000e-02
3.8514868e+03 3.6454000e-02
3.8517834e+03 2.2864001e-02
3.8520801e+03 -1.0250000e-03
3.8523768e+03 -3.7717000e-02
3.8526736e+03 -8.5449003e-02
3.8529708e+03 -1.3630299e-01
3.8532676e+03 -1.7926601e-01
3.8535645e+03 -2.0232201e-01
3.8538615e+03 -1.9757700e-01
3.8541585e+03 -1.6717900e-01
3.8544559e+03 -1.2350000e-01
3.8547530e+03 -8.5138999e-02
3.8550501e+03 -6.4848997e-02
3.8553473e+03 -6.2656000e-02
3.8556445e+03 -6.4467996e-02
3.8559422e+03 -5.2475002e-02
3.8562395e+03 -1.6140001e-02
3.8565368e+03 3.9553002e-02
3.8568342e+03 9.7608000e-02
3.8571317e+03 1.3730501e-01
3.8574296e+03 1.4517300e-01
3.8577271e+03 1.2061500e-01
3.8580247e+03 7.3574997e-02
3.8583223e+03 1.8811001e-02
3.8586200e+03 -3.1304002e-02
3.8589181e+03 -6.8998002e-02
3.8592159e+03 -9.1838002e-02
3.8595137e+03 -1.0116100e-01
3.8598116e+03 -9.9610999e-02
3.8601095e+03 -8.8142999e-02
3.8604078e+03 -6.6232003e-02
3.8607058e+03 -3.3116002e-02
3.8610039e+03 8.5589997e-03
3.8613020e+03 5.0829999e-02
3.8616001e+03 8.1681997e-02
3.8618987e+03 9.0025999e-02
3.8621969e+03 7.0738003e-02
3.8624952e+03 2.8824000e-02
3.8627935e+03 -2.1481000e-02
3.8630919e+03 -6.2751003e-02
3.8633907e+03 -8.0918998e-02
3.8636891e+03 -7.1953997e-02
3.8639876e+03 -4.0959999e-02
3.8642862e+03 -5.9600000e-04
3.8645848e+03 3.5953000e-02
3.8648838e+03 6.0033001e-02
3.8651825e+03 6.9403000e-02
3.8654813e+03 6.7019001e-02
3.8657800e+03 5.6600001e-02
3.8660789e+03 3.9625000e-02
3.8663781e+03 1.5449000e-02
3.8666771e+03 -1.5401000e-02
3.8669760e+03 -4.8946999e-02
3.8672750e+03 -7.7104002e-02
3.8675741e+03 -9.1242000e-02
3.8678736e+03 -8.7307997e-02
3.8681727e+03 -6.7709997e-02
3.8684720e+03 -3.9505001e-02
3.8687712e+03 -9.7510004e-03
3.8690705e+03 1.9288000e-02
3.8693702e+03 4.9518999e-02
3.8696696e+03 8.3470002e-02
3.8699690e+03 1.2016200e-01
3.8702685e+03 1.5306400e-01
3.8705681e+03 1.7218500e-01
3.8708680e+03 1.6853800e-01
3.8711676e+03 1.3744800e-01
3.8714673e+03 8.1110001e-02
3.8717670e+03 7.5810002e-03
3.8720668e+03 -6.9688998e-02
3.8723669e+03 -1.3444400e-01
3.8726668e+03 -1.7213801e-01
3.8729667e+03 -1.7349701e-01
3.8732666e+03 -1.3973700e-01
3.8735666e+03 -8.2658999e-02
3.8738670e+03 -2.1290001e-02
3.8741671e+03 2.6416000e-02
3.8744673e+03 5.1139999e-02
3.8747674e+03 5.5217002e-02
3.8750677e+03 5.0306000e-02
3.8753683e+03 5.0783001e-02
3.8756686e+03 6.7162000e-02
3.8759690e+03 1.0168500e-01
3.8762694e+03 1.4979801e-01
3.8765699e+03 2.0177300e-01
3.8768707e+03 2.4664401e-01
3.8771713e+03 2.7410901e-01
3.8774719e+03 2.7558801e-01
3.8777725e+03 2.4743000e-01
3.8780732e+03 1.9261800e-01
3.8783743e+03 1.2238000e-01
3.8786751e+03 5.3286001e-02
3.8789760e+03 1.5730000e-03
3.8792768e+03 -2.2554001e-02
3.8795778e+03 -1.9001000e-02
3.8798791e+03 3.7900000e-03
3.8801801e+03 3.2830000e-02
3.8804812e+03 5.7505999e-02
3.8807823e+03 7.1716003e-02
3.8810835e+03 7.4814998e-02
3.8813850e+03 6.9522001e-02
3.8816863e+03 6.0105000e-02
3.8819876e+03 5.0234001e-02
3.8822889e+03 4.1437000e-02
3.8825903e+03 3.2614999e-02
3.8828921e+03 2.0027000e-02
3.8831936e+03 6.9100002e-04
3.8834951e+03 -2.4795000e-02
3.8837967e+03 -5.0710998e-02
3.8840984e+03 -6.8902001e-02
3.8844004e+03 -7.2956003e-02
3.8847021e+03 -6.2990002e-02
3.8850039e+03 -4.5203999e-02
3.8853057e+03 -2.7751001e-02
3.8856076e+03 -1.4472000e-02
3.8859098e+03 -3.0040001e-03
3.8862118e+03 1.2397000e-02
3.8865138e+03 3.4713000e-02
3.8868158e+03 6.0844000e-02
3.8871179e+03 8.2731001e-02
3.8874205e+03 9.2720002e-02
3.8877226e+03 8.8071004e-02
3.8880249e+03 7.2835997e-02
3.8883272e+03 5.3739000e-02
3.8886295e+03 3.5572000e-02
3.8889322e+03 1.7905001e-02
3.8892347e+03 -3.9570001e-03
3.8895371e+03 -3.4689002e-02
3.8898397e+03 -7.5483002e-02
3.8901422e+03 -1.2197400e-01
3.8904452e+03 -1.6527100e-01
3.8907479e+03 -1.9454899e-01
3.8910506e+03 -2.0139199e-01
3.8913533e+03 -1.8208000e-01
3.8916561e+03 -1.3923600e-01
3.8919594e+03 -8.0298997e-02
3.8922623e+03 -1.5592000e-02
3.8925652e+03 4.4011999e-02
3.8928682e+03 8.9859001e-02
3.8931712e+03 1.1596600e-01
3.8934747e+03 1.2018600e-01
3.8937778e+03 1.0476100e-01
3.8940810e+03 7.5816996e-02
3.8943842e+03 4.2867001e-02
3.8946875e+03 1.5853999e-02
3.8949912e+03 2.3119999e-03
3.8952946e+03 4.4100001e-03
3.8955980e+03 1.8668000e-02
3.8959014e+03 3.8337000e-02
3.8962049e+03 5.7220001e-02
3.8965089e+03 7.2002001e-02
3.8968125e+03 8.2754999e-02
3.8971161e+03 9.1003999e-02
3.8974198e+03 9.7130999e-02
3.8977236e+03 9.9825002e-02
3.8980277e+03 9.7893998e-02
3.8983316e+03 9.2554003e-02
3.8986355e+03 8.8953003e-02
3.8989394e+03 9.3364000e-02
3.8992434e+03 1.0874200e-01
3.8995478e+03 1.3177299e-01
3.8998519e+03 1.5406600e-01
3.9001560e+03 1.6741700e-01
3.9004602e+03 1.6915700e-01
3.9007644e+03 1.6467500e-01
3.9010690e+03 1.6288701e-01
3.9013734e+03 1.6891900e-01
3.9016777e+03 1.7902800e-01
3.9019821e+03 1.8246099e-01
3.9022866e+03 1.6856100e-01
3.9025915e+03 1.3597000e-01
3.9028960e+03 9.4342001e-02
3.9032006e+03 6.0272001e-02
3.9035053e+03 4.6395998e-02
3.9038100e+03 5.5622999e-02
3.9041151e+03 7.9011001e-02
3.9044199e+03 1.0247200e-01
3.9047247e+03 1.1384400e-01
3.9050296e+03 1.0721600e-01
3.9053345e+03 8.3421998e-02
3.9056399e+03 4.7635999e-02
3.9059449e+03 7.4620000e-03
3.9062500e+03 -2.8371001e-02
3.9065551e+03 -4.9757000e-02
3.9068603e+03 -4.7945000e-02
3.9071659e+03 -2.0479999e-02
3.9074712e+03 2.5916001e-02
3.9077765e+03 7.5053997e-02
3.9080818e+03 1.0848000e-01
3.9083873e+03 1.1334400e-01
3.9086931e+03 8.8977002e-02
3.9089986e+03 4.6420000e-02
3.9093041e+03 3.9100000e-03
3.9096097e+03 -2.2601999e-02
3.9099154e+03 -2.4413999e-02
3.9102215e+03 -1.7640000e-03
3.9105272e+03 3.7455000e-02
3.9108330e+03 8.1324004e-02
3.9111388e+03 1.1658600e-01
3.9114447e+03 1.3177299e-01
3.9117510e+03 1.2047200e-01
3.9120570e+03 8.3947003e-02
3.9123631e+03 3.1351998e-02
3.9126691e+03 -2.3698000e-02
3.9129753e+03 -6.7234002e-02
3.9132818e+03 -9.0407997e-02
3.9135881e+03 -9.0931997e-02
3.9138943e+03 -7.1978003e-02
3.9142006e+03 -3.9172001e-02
3.9145070e+03 1.7880000e-03
3.9148138e+03 4.6133000e-02
3.9151203e+03 8.9382999e-02
3.9154268e+03 1.2648100e-01
3.9157333e+03 1.5184800e-01
3.9160400e+03 1.6071700e-01
3.9163470e+03 1.5029900e-01
3.9166537e+03 1.2216500e-01
3.9169604e+03 8.2181998e-02
3.9172672e+03 4.0029999e-02
3.9175741e+03 6.5799998e-03
3.9178814e+03 -1.0156000e-02
3.9181883e+03 -7.2710002e-03
3.9184953e+03 1.1539000e-02
3.9188023e+03 3.8433000e-02
3.9191094e+03 6.3991003e-02
3.9194169e+03 8.0227003e-02
3.9197241e+03 8.2492001e-02
3.9200314e+03 6.8879001e-02
3.9203386e+03 3.9958000e-02
3.9206460e+03 -9.2899997e-04
3.9209537e+03 -4.6753000e-02
3.9212612e+03 -8.6593002e-02
3.9215686e+03 -1.0817000e-01
3.9218762e+03 -1.0216200e-01
3.9221837e+03 -6.7877002e-02
3.9224917e+03 -1.5377000e-02
3.9227994e+03 3.6692001e-02
3.9231071e+03 7.0118003e-02
3.9234149e+03 7.5553998e-02
3.9237227e+03 5.6885999e-02
3.9240309e+03 2.9873000e-02
3.9243388e+03 1.1515000e-02
3.9246468e+03 1.1515000e-02
3.9249548e+03 2.6582999e-02
3.9252628e+03 4.5108002e-02
3.9255713e+03 5.4836001e-02
3.9258795e+03 5.2379999e-02
3.9261877e+03 4.3416001e-02
3.9264959e+03 3.6667999e-02
3.9268042e+03 3.4666002e-02
3.9271129e+03 3.0827001e-02
3.9274213e+03 1.3589000e-02
3.9277298e+03 -2.2840001e-02
3.9280383e+03 -7.1548998e-02
3.9283468e+03 -1.1248500e-01
3.9286558e+03 -1.2409600e-01
3.9289644e+03 -9.3865000e-02
3.9292731e+03 -2.7656000e-02
3.9295818e+03 5.3739000e-02
3.9298906e+03 1.2421600e-01
3.9301998e+03 1.6427000e-01
3.9305087e+03 1.6942000e-01
3.9308176e+03 1.4917800e-01
3.9311266e+03 1.2137800e-01
3.9314356e+03 1.0163700e-01
3.9317451e+03 9.6653998e-02
3.9320542e+03 1.0070800e-01
3.9323634e+03 1.0044500e-01
3.9326726e+03 8.1800997e-02
3.9329818e+03 3.8814001e-02
3.9332915e+03 -2.3722000e-02
3.9336009e+03 -9.2077002e-02
3.9339103e+03 -1.4977400e-01
3.9342198e+03 -1.8477400e-01
3.9345293e+03 -1.9237900e-01
3.9348392e+03 -1.7533299e-01
3.9351488e+03 -1.4035700e-01
3.9354585e+03 -9.5558003e-02
3.9357682e+03 -4.9114000e-02
3.9360779e+03 -9.6079996e-03
3.9363881e+03 1.4925000e-02
3.9366980e+03 1.9311000e-02
3.9370079e+03 4.5059999e-03
3.9373178e+03 -2.0431999e-02
3.9376278e+03 -4.1079000e-02
3.9379382e+03 -4.3152999e-02
3.9382483e+03 -1.8763000e-02
3.9385585e+03 2.9158000e-02
3.9388687e+03 8.8977002e-02
3.9391789e+03 1.4436200e-01
3.9394896e+03 1.8267600e-01
3.9397999e+03 1.9795799e-01
3.9401103e+03 1.9109200e-01
3.9404208e+03 1.6846600e-01
3.9407312e+03 1.3842499e-01
3.9410422e+03 1.0969600e-01
3.9413527e+03 8.8428997e-02
3.9416634e+03 7.6723002e-02
3.9419741e+03 7.0785999e-02
3.9422848e+03 6.2990002e-02
3.9425960e+03 4.4893999e-02
3.9429068e+03 1.2373000e-02
3.9432177e+03 -3.1328000e-02
3.9435286e+03 -7.6674998e-02
3.9438396e+03 -1.1188900e-01
3.9441510e+03 -1.2905499e-01
3.9444621e+03 -1.2628999e-01
3.9447732e+03 -1.0800300e-01
3.9450843e+03 -8.0633000e-02
3.9453956e+03 -4.9281001e-02
3.9457072e+03 -1.7452000e-02
3.9460185e+03 1.2230000e-02
3.9463299e+03 3.6168002e-02
3.9466413e+03 5.0354000e-02
3.9469528e+03 5.3142998e-02
3.9472647e+03 4.7802001e-02
3.9475763e+03 4.1889999e-02
3.9478879e+03 4.3296002e-02
3.9481995e+03 5.5503000e-02
3.9485113e+03 7.4458003e-02
3.9488234e+03 9.1670997e-02
3.9491352e+03 9.9157996e-02
3.9494471e+03 9.4842002e-02
3.9497590e+03 8.2373001e-02
3.9500709e+03 6.7924999e-02
3.9503833e+03 5.6290001e-02
3.9506954e+03 4.9256999e-02
3.9510075e+03 4.6133000e-02
3.9513197e+03 4.6395998e-02
3.9516319e+03 5.0972998e-02
3.9519445e+03 6.3942999e-02
3.9522568e+03 9.0669997e-02
3.9525692e+03 1.3415800e-01
3.9528816e+03 1.9128300e-01
3.9531940e+03 2.5141200e-01
3.9535069e+03 2.9881001e-01
3.9538195e+03 3.1833601e-01
3.9541321e+03 3.0360201e-01
3.9544447e+03 2.5935099e-01
3.9547574e+03 1.9986600e-01
3.9550706e+03 1.3954601e-01
3.9553834e+03 8.7546997e-02
3.9556962e+03 4.6038002e-02
3.9560091e+03 1.4185000e-02
3.9563221e+03 -8.0100000e-03
3.9566354e+03 -1.9097000e-02
3.9569485e+03 -1.9145001e-02
3.9572616e+03 -1.0871000e-02
3.9575747e+03 1.0720000e-03
3.9578879e+03 1.3041000e-02
3.9582015e+03 2.4604000e-02
3.9585148e+03 3.6525000e-02
3.9588282e+03 4.8112001e-02
3.9591416e+03 5.5693999e-02
3.9594550e+03 5.5837002e-02
3.9597689e+03 5.0186999e-02
3.9600824e+03 4.6682000e-02
3.9603960e+03 5.4644998e-02
3.9607097e+03 7.7652000e-02
3.9610234e+03 1.0881400e-01
3.9613375e+03 1.3446800e-01
3.9616513e+03 1.4348000e-01
3.9619651e+03 1.3344200e-01
3.9622790e+03 1.1212800e-01
3.9625930e+03 8.9454003e-02
3.9629073e+03 6.9784999e-02
3.9632214e+03 4.8684999e-02
3.9635355e+03 1.9001000e-02
3.9638496e+03 -2.1338001e-02
3.9641638e+03 -6.4300999e-02
3.9644784e+03 -9.6464001e-02
3.9647927e+03 -1.0690600e-01
3.9651071e+03 -9.4746999e-02
3.9654214e+03 -6.8544999e-02
3.9657359e+03 -3.9671998e-02
3.9660508e+03 -1.3971000e-02
3.9663653e+03 8.3440002e-03
3.9666799e+03 2.9730000e-02
3.9669945e+03 4.8898999e-02
3.9673092e+03 5.9390001e-02
3.9676243e+03 5.3596001e-02
3.9679391e+03 2.9015001e-02
3.9682540e+03 -9.0589998e-03
3.9685689e+03 -4.9042001e-02
3.9688838e+03 -8.0536999e-02
3.9691992e+03 -9.8871998e-02
3.9695142e+03 -1.0783600e-01
3.9698293e+03 -1.1548900e-01
3.9701444e+03 -1.2903200e-01
3.9704596e+03 -1.5001200e-01
3.9707752e+03 -1.7328200e-01
3.9710905e+03 -1.8846899e-01
3.9714059e+03 -1.8486901e-01
3.9717213e+03 -1.5616401e-01
3.9720367e+03 -1.0354500e-01
3.9723526e+03 -3.5643000e-02
3.9726681e+03 3.5381000e-02
3.9729837e+03 9.7179003e-02
3.9732994e+03 1.4171600e-01
3.9736150e+03 1.6651100e-01
3.9739312e+03 1.7466500e-01
3.9742470e+03 1.7309099e-01
3.9745628e+03 1.6837101e-01
3.9748787e+03 1.6374500e-01
3.9751946e+03 1.5769000e-01
3.9755110e+03 1.4514901e-01
3.9758270e+03 1.2106800e-01
3.9761431e+03 8.5306004e-02
3.9764593e+03 4.3462999e-02
3.9767755e+03 5.5780001e-03
3.9770921e+03 -1.8954000e-02
3.9774084e+03 -2.5582001e-02
3.9777247e+03 -1.5735000e-02
3.9780411e+03 5.3400001e-03
3.9783576e+03 3.1971000e-02
3.9786745e+03 6.0224000e-02
3.9789910e+03 8.7714002e-02
3.9793076e+03 1.1253300e-01
3.9796242e+03 1.3196400e-01
3.9799409e+03 1.4278799e-01
3.9802581e+03 1.4288400e-01
3.9805749e+03 1.3318001e-01
3.9808917e+03 1.1818400e-01
3.9812086e+03 1.0418800e-01
3.9815256e+03 9.5795996e-02
3.9818430e+03 9.3078002e-02
3.9821600e+03 9.1790996e-02
3.9824771e+03 8.6306997e-02
3.9827943e+03 7.4790999e-02
3.9831115e+03 6.0725000e-02
3.9834291e+03 5.1950999e-02
3.9837464e+03 5.5431999e-02
3.9840637e+03 7.3288999e-02
3.9843811e+03 1.0046900e-01
3.9846986e+03 1.2822101e-01
3.9850165e+03 1.4808100e-01
3.9853340e+03 1.5611599e-01
3.9856517e+03 1.5327901e-01
3.9859693e+03 1.4264500e-01
3.9862870e+03 1.2645701e-01
3.9866052e+03 1.0488000e-01
3.9869230e+03 7.7843003e-02
3.9872408e+03 4.8303001e-02
3.9875587e+03 2.2887999e-02
3.9878767e+03 1.0657000e-02
3.9881951e+03 1.7571000e-02
3.9885132e+03 4.2819001e-02
3.9888313e+03 7.7794999e-02
3.9891494e+03 1.1126900e-01
3.9894676e+03 1.3508700e-01
3.9897863e+03 1.4724700e-01
3.9901046e+03 1.5120500e-01
3.9904230e+03 1.5098999e-01
3.9907414e+03 1.4886799e-01
3.9910599e+03 1.4455301e-01
3.9913788e+03 1.3661300e-01
3.9916973e+03 1.2419200e-01
3.9920160e+03 1.0728800e-01
3.9923346e+03 8.6951002e-02
3.9926534e+03 6.5564997e-02
3.9929725e+03 4.7015999e-02
3.9932913e+03 3.6095999e-02
3.9936102e+03 3.6525000e-02
3.9939291e+03 4.6895999e-02
3.9942481e+03 5.9795000e-02
3.9945675e+03 6.4300999e-02
3.9948866e+03 5.2165002e-02
3.9952058e+03 2.1529000e-02
3.9955249e+03 -2.1195000e-02
3.9958442e+03 -6.6018000e-02
3.9961638e+03 -1.0273400e-01
3.9964832e+03 -1.2474000e-01
3.9968026e+03 -1.3115400e-01
3.9971220e+03 -1.2600400e-01
3.9974415e+03 -1.1610900e-01
3.9977614e+03 -1.0738300e-01
3.9980810e+03 -1.0168500e-01
3.9984006e+03 -9.5247999e-02
3.9987203e+03 -8.1514999e-02
3.9990401e+03 -5.5741999e-02
3.9993603e+03 -2.1028001e-02
3.9996801e+03 1.1992000e-02
4.0000000e+03 2.8967001e-02
4.0003199e+03 2.1338001e-02
4.0006399e+03 -8.5829999e-03
4.0009604e+03 -4.8494000e-02
4.0012805e+03 -8.3589002e-02
4.0016006e+03 -1.0418800e-01
4.0019208e+03 -1.0921900e-01
4.0022411e+03 -1.0359200e-01
4.0025618e+03 -9.1981001e-02
4.0028822e+03 -7.4982002e-02
4.0032026e+03 -5.0783001e-02
4.0035230e+03 -2.0051001e-02
4.0038435e+03 1.1086000e-02
4.0041645e+03 3.3521000e-02
4.0044851e+03 4.1413002e-02
4.0048058e+03 3.9482001e-02
4.0051265e+03 4.2319000e-02
4.0054473e+03 6.6852003e-02
4.0057685e+03 1.2111600e-01
4.0060893e+03 1.9569300e-01
4.0064103e+03 2.6633701e-01
4.0067312e+03 3.0395901e-01
4.0070523e+03 2.9141900e-01
4.0073737e+03 2.3179001e-01
4.0076949e+03 1.4963099e-01
4.0080160e+03 7.7151999e-02
4.0083373e+03 4.0530998e-02
4.0086585e+03 4.6753000e-02
4.0089803e+03 8.2563996e-02
4.0093017e+03 1.2254700e-01
4.0096231e+03 1.4247800e-01
4.0099446e+03 1.3144000e-01
4.0102661e+03 9.3673997e-02
4.0105881e+03 4.4298001e-02
4.0109098e+03 -6.6700001e-04
4.0112314e+03 -3.1018000e-02
4.0115532e+03 -4.5228001e-02
4.0118750e+03 -4.7111001e-02
4.0121972e+03 -4.2295001e-02
4.0125191e+03 -3.4403000e-02
4.0128411e+03 -2.6202001e-02
4.0131631e+03 -2.0003000e-02
4.0134852e+03 -1.6807999e-02
4.0138077e+03 -1.4901000e-02
4.0141298e+03 -8.8930000e-03
4.0144520e+03 8.8210003e-03
4.0147743e+03 4.1841999e-02
4.0150966e+03 8.5042998e-02
4.0154194e+03 1.2621801e-01
4.0157418e+03 1.5215801e-01
4.0160643e+03 1.5616401e-01
4.0163868e+03 1.4276500e-01
4.0167094e+03 1.2323800e-01
4.0170324e+03 1.0681100e-01
4.0173551e+03 9.3649998e-02
4.0176778e+03 7.7437997e-02
4.0180006e+03 5.2285001e-02
4.0183234e+03 2.1219000e-02
4.0186467e+03 -4.5289998e-03
4.0189696e+03 -1.2016000e-02
4.0192926e+03 3.2420000e-03
4.0196156e+03 3.5429001e-02
4.0199387e+03 7.0834003e-02
4.0202623e+03 9.7560003e-02
4.0205855e+03 1.0936200e-01
4.0209087e+03 1.0592900e-01
4.0212320e+03 8.9073002e-02
4.0215554e+03 6.0366999e-02
4.0218792e+03 2.3770001e-02
4.0222026e+03 -1.2183000e-02
4.0225261e+03 -3.5475999e-02
4.0228497e+03 -3.6692001e-02
4.0231733e+03 -1.5830001e-02
4.0234974e+03 1.6426999e-02
4.0238211e+03 4.3416001e-02
4.0241449e+03 5.1927000e-02
4.0244687e+03 3.8337000e-02
4.0247926e+03 9.8700002e-03
4.0251169e+03 -2.1910001e-02
4.0254409e+03 -4.7277998e-02
4.0257649e+03 -6.3610002e-02
4.0260890e+03 -7.4147999e-02
4.0264131e+03 -8.4686004e-02
4.0267377e+03 -9.8562002e-02
4.0270619e+03 -1.1436900e-01
4.0273862e+03 -1.2598000e-01
4.0277106e+03 -1.2614700e-01
4.0280350e+03 -1.1126900e-01
4.0283598e+03 -8.4423997e-02
4.0286843e+03 -5.5480000e-02
4.0290089e+03 -3.6238998e-02
4.0293335e+03 -3.4022000e-02
4.0296581e+03 -4.6324000e-02
4.0299832e+03 -6.2537000e-02
4.0303080e+03 -6.8902001e-02
4.0306328e+03 -5.7888001e-02
4.0309577e+03 -3.1614002e-02
4.0312826e+03 -1.4300000e-04
4.0316080e+03 2.6582999e-02
4.0319330e+03 4.4631001e-02
4.0322581e+03 5.8293000e-02
4.0325832e+03 7.5364001e-02
4.0329084e+03 1.0101700e-01
4.0332340e+03 1.3375200e-01
4.0335593e+03 1.6717900e-01
4.0338846e+03 1.9438200e-01
4.0342100e+03 2.1224000e-01
4.0345355e+03 2.2099000e-01
4.0348614e+03 2.2163300e-01
4.0351869e+03 2.1307400e-01
4.0355125e+03 1.9223601e-01
4.0358382e+03 1.5766600e-01
4.0361639e+03 1.1305800e-01
4.0364900e+03 6.6661000e-02
4.0368158e+03 2.8395001e-02
4.0371417e+03 4.1240002e-03
4.0374676e+03 -6.2699998e-03
4.0377936e+03 -7.4860002e-03
4.0381200e+03 -4.4820001e-03
4.0384461e+03 1.0250000e-03
4.0387722e+03 9.7270003e-03
4.0390984e+03 2.2435000e-02
4.0394246e+03 3.7193000e-02
4.0397513e+03 4.8804000e-02
4.0400776e+03 5.1879000e-02
4.0404040e+03 4.3200999e-02
4.0407305e+03 2.3341000e-02
4.0410570e+03 -4.0759998e-03
4.0413839e+03 -3.4593999e-02
4.0417105e+03 -6.3442998e-02
4.0420372e+03 -8.5735001e-02
4.0423639e+03 -9.7441003e-02
4.0426907e+03 -9.5890999e-02
4.0430179e+03 -8.2492001e-02
4.0433447e+03 -6.2847003e-02
4.0436717e+03 -4.5800000e-02
4.0439986e+03 -3.8837999e-02
4.0443257e+03 -4.4654999e-02
4.0446531e+03 -5.9485000e-02
4.0449803e+03 -7.6627001e-02
4.0453074e+03 -9.0407997e-02
4.0456347e+03 -9.8943003e-02
4.0459620e+03 -1.0268600e-01
4.0462897e+03 -1.0061200e-01
4.0466171e+03 -8.7880999e-02
4.0469446e+03 -5.8531001e-02
4.0472721e+03 -1.0848000e-02
4.0475996e+03 4.7421001e-02
4.0479276e+03 1.0066000e-01
4.0482553e+03 1.3213100e-01
4.0485830e+03 1.3394301e-01
4.0489108e+03 1.1129300e-01
4.0492386e+03 7.8152999e-02
4.0495669e+03 4.8136000e-02
4.0498948e+03 2.7036000e-02
4.0502228e+03 1.2373000e-02
4.0505508e+03 -1.3350000e-03
4.0508789e+03 -1.6617000e-02
4.0512074e+03 -3.0755000e-02
4.0515356e+03 -3.7859999e-02
4.0518639e+03 -3.3973999e-02
4.0521922e+03 -2.0575000e-02
4.0525205e+03 -4.1240002e-03
4.0528493e+03 7.6049999e-03
4.0531778e+03 8.3680004e-03
4.0535063e+03 -3.0509999e-03
4.0538348e+03 -2.2864001e-02
4.0541635e+03 -4.2842999e-02
4.0544925e+03 -5.4143999e-02
4.0548213e+03 -5.1474001e-02
4.0551500e+03 -3.5523999e-02
4.0554789e+03 -1.1610000e-02
4.0558078e+03 1.4591000e-02
4.0561371e+03 4.0530998e-02
4.0564661e+03 6.6303998e-02
4.0567951e+03 9.1408998e-02
4.0571242e+03 1.1167500e-01
4.0574534e+03 1.1999600e-01
4.0577830e+03 1.1122200e-01
4.0581122e+03 8.7880999e-02
4.0584416e+03 6.0938999e-02
4.0587709e+03 4.4751000e-02
4.0591003e+03 4.9185000e-02
4.0594302e+03 7.4171998e-02
4.0597597e+03 1.1231800e-01
4.0600893e+03 1.5261100e-01
4.0604190e+03 1.8672900e-01
4.0607486e+03 2.0956901e-01
4.0610788e+03 2.1877199e-01
4.0614086e+03 2.1424200e-01
4.0617384e+03 1.9829200e-01
4.0620683e+03 1.7714500e-01
4.0623983e+03 1.5938200e-01
4.0627287e+03 1.5268300e-01
4.0630588e+03 1.5881000e-01
4.0633889e+03 1.7194700e-01
4.0637190e+03 1.8188900e-01
4.0640493e+03 1.7948100e-01
4.0643799e+03 1.6100401e-01
4.0647103e+03 1.2824500e-01
4.0650407e+03 8.6069003e-02
4.0653711e+03 3.9482001e-02
4.0657016e+03 -6.4369999e-03
4.0660325e+03 -4.4751000e-02
4.0663631e+03 -6.7257002e-02
4.0666938e+03 -6.7066997e-02
4.0670245e+03 -4.4465002e-02
4.0673552e+03 -8.8210003e-03
4.0676865e+03 2.3412000e-02
4.0680173e+03 3.7121002e-02
4.0683483e+03 2.6154000e-02
4.0686792e+03 -3.4330001e-03
4.0690103e+03 -3.7335999e-02
4.0693417e+03 -6.1510999e-02
4.0696729e+03 -6.8759002e-02
4.0700041e+03 -6.1988000e-02
4.0703353e+03 -5.0186999e-02
4.0706666e+03 -4.3821000e-02
4.0709984e+03 -4.9160998e-02
4.0713298e+03 -6.5802999e-02
4.0716612e+03 -8.6902998e-02
4.0719928e+03 -1.0147000e-01
4.0723243e+03 -9.9039003e-02
4.0726563e+03 -7.4409999e-02
4.0729880e+03 -3.1304002e-02
4.0733198e+03 1.8095000e-02
4.0736515e+03 5.7411000e-02
4.0739834e+03 7.4075997e-02
4.0743157e+03 6.4873002e-02
4.0746476e+03 3.8361002e-02
4.0749796e+03 9.6319998e-03
4.0753117e+03 -6.2219999e-03
4.0756438e+03 -1.5970001e-03
4.0759764e+03 2.2530001e-02
4.0763086e+03 5.9175000e-02
4.0766408e+03 1.0006400e-01
4.0769732e+03 1.3945100e-01
4.0773056e+03 1.7368700e-01
4.0776384e+03 1.9893600e-01
4.0779709e+03 2.0997500e-01
4.0783034e+03 2.0177300e-01
4.0786360e+03 1.7426001e-01
4.0789687e+03 1.3520700e-01
4.0793018e+03 9.9587001e-02
4.0796345e+03 8.2682997e-02
4.0799674e+03 9.2290998e-02
4.0803002e+03 1.2507400e-01
4.0806332e+03 1.6858500e-01
4.0809665e+03 2.0806700e-01
4.0812996e+03 2.3324400e-01
4.0816327e+03 2.4247099e-01
4.0819658e+03 2.4039701e-01
4.0822990e+03 2.3396000e-01
4.0826326e+03 2.2702201e-01
4.0829659e+03 2.2020300e-01
4.0832993e+03 2.1181101e-01
4.0836327e+03 2.0077200e-01
4.0839662e+03 1.8832600e-01
4.0843001e+03 1.7897999e-01
4.0846337e+03 1.7812200e-01
4.0849673e+03 1.8913700e-01
4.0853010e+03 2.1054700e-01
4.0856347e+03 2.3612900e-01
4.0859689e+03 2.5758699e-01
4.0863028e+03 2.6876900e-01
4.0866367e+03 2.6848301e-01
4.0869707e+03 2.5877899e-01
4.0873047e+03 2.4220900e-01
4.0876391e+03 2.1834300e-01
4.0879733e+03 1.8532200e-01
4.0883074e+03 1.4460000e-01
4.0886417e+03 1.0442700e-01
4.0889760e+03 7.8653999e-02
4.0893107e+03 7.8677997e-02
4.0896451e+03 1.0521400e-01
4.0899796e+03 1.4660300e-01
4.0903141e+03 1.8501200e-01
4.0906486e+03 2.0716099e-01
4.0909836e+03 2.1154800e-01
4.0913183e+03 2.0854400e-01
4.0916530e+03 2.1164399e-01
4.0919878e+03 2.2957300e-01
4.0923226e+03 2.6161599e-01
4.0926579e+03 3.0097899e-01
4.0929929e+03 3.3972201e-01
4.0933279e+03 3.7262401e-01
4.0936629e+03 3.9699000e-01
4.0939980e+03 4.1093799e-01
4.0943336e+03 4.1279700e-01
4.0946688e+03 4.0125799e-01
4.0950041e+03 3.7579501e-01
4.0953394e+03 3.3881599e-01
4.0956748e+03 2.9425600e-01
4.0960106e+03 2.4843200e-01
4.0963461e+03 2.0914000e-01
4.0966817e+03 1.8403500e-01
4.0970173e+03 1.7819400e-01
4.0973529e+03 1.9071101e-01
4.0976891e+03 2.1457601e-01
4.0980248e+03 2.3832300e-01
4.0983607e+03 2.5179300e-01
4.0986965e+03 2.4929000e-01
4.0990325e+03 2.3076500e-01
4.0993689e+03 2.0005700e-01
4.0997049e+03 1.6410300e-01
4.1000410e+03 1.3287000e-01
4.1003772e+03 1.1808800e-01
4.1007134e+03 1.3139200e-01
4.1010500e+03 1.7943300e-01
4.1013864e+03 2.5889799e-01
4.1017227e+03 3.5586300e-01
4.1020592e+03 4.4922799e-01
4.1023956e+03 5.2029997e-01
4.1027326e+03 5.5906701e-01
4.1030692e+03 5.6652999e-01
4.1034058e+03 5.5127102e-01
4.1037425e+03 5.2454400e-01
4.1040793e+03 4.9567199e-01
4.1044165e+03 4.7037601e-01
4.1047534e+03 4.5206499e-01
4.1050903e+03 4.4264701e-01
4.1054273e+03 4.4324300e-01
4.1057643e+03 4.5418701e-01
4.1061018e+03 4.7411901e-01
4.1064390e+03 5.0048798e-01
4.1067762e+03 5.3029001e-01
4.1071134e+03 5.6116498e-01
4.1074508e+03 5.9153998e-01
4.1077885e+03 6.2022197e-01
4.1081260e+03 6.4518398e-01
4.1084634e+03 6.6273201e-01
4.1088010e+03 6.6850102e-01
4.1091386e+03 6.5963203e-01
4.1094766e+03 6.3686299e-01
4.1098143e+03 6.0608298e-01
4.1101521e+03 5.7608998e-01
4.1104899e+03 5.5518103e-01
4.1108278e+03 5.4814798e-01
4.1111661e+03 5.5484700e-01
4.1115041e+03 5.7229900e-01
4.1118421e+03 5.9623700e-01
4.1121802e+03 6.2284398e-01
4.1125183e+03 6.4809299e-01
4.1128570e+03 6.6719002e-01
4.1131952e+03 6.7570198e-01
4.1135335e+03 6.7183900e-01
4.1138719e+03 6.5975100e-01
4.1142103e+03 6.4971399e-01
4.1145492e+03 6.5450603e-01
4.1148877e+03 6.8273503e-01
4.1152263e+03 7.3266000e-01
4.1155650e+03 7.9233599e-01
4.1159037e+03 8.4393001e-01
4.1162429e+03 8.7423301e-01
4.1165817e+03 8.8031203e-01
4.1169205e+03 8.6972702e-01
4.1172595e+03 8.5446799e-01
4.1175985e+03 8.4366697e-01
4.1179379e+03 8.3918500e-01
4.1182770e+03 8.3854097e-01
4.1186161e+03 8.4002000e-01
4.1189554e+03 8.4674299e-01
4.1192946e+03 8.6433798e-01
4.1196343e+03 8.9614302e-01
4.1199737e+03 9.3829602e-01
4.1203131e+03 9.8094898e-01
4.1206526e+03 1.0127540e+00
4.1209922e+03 1.0283940e+00
4.1213322e+03 1.0310169e+00
4.1216718e+03 1.0305880e+00
4.1220115e+03 1.0372870e+00
4.1223513e+03 1.0564320e+00
4.1226911e+03 1.0861150e+00
4.1230314e+03 1.1201620e+00
4.1233714e+03 1.1519190e+00
4.1237113e+03 1.1782640e+00
4.1240514e+03 1.2015580e+00
4.1243915e+03 1.2276880e+00
4.1247321e+03 1.2640949e+00
4.1250723e+03 1.3150690e+00
4.1254125e+03 1.3796800e+00
4.1257529e+03 1.4499900e+00
4.1260932e+03 1.5139340e+00
4.1264341e+03 1.5601389e+00
4.1267746e+03 1.5833850e+00
4.1271151e+03 1.5886300e+00
4.1274558e+03 1.5887491e+00
4.1277964e+03 1.5996929e+00
4.1281376e+03 1.6326180e+00
4.1284783e+03 1.6897200e+00
4.1288192e+03 1.7638440e+00
4.1291600e+03 1.8426170e+00
4.1295010e+03 1.9138809e+00
4.1298424e+03 1.9703140e+00
4.1301835e+03 2.0106549e+00
4.1305246e+03 2.0380249e+00
4.1308657e+03 2.0568841e+00
4.1312070e+03 2.0711889e+00
4.1315487e+03 2.0836589e+00
4.1318900e+03 2.0970581e+00
4.1322314e+03 2.1155829e+00
4.1325729e+03 2.1440260e+00
4.1329144e+03 2.1864409e+00
4.1332563e+03 2.2424929e+00
4.1335980e+03 2.3074620e+00
4.1339396e+03 2.3740289e+00
4.1342814e+03 2.4361370e+00
4.1346232e+03 2.4925230e+00
4.1349654e+03 2.5448079e+00
4.1353073e+03 2.5960441e+00
4.1356493e+03 2.6481149e+00
4.1359913e+03 2.7019260e+00
4.1363334e+03 2.7596469e+00
4.1366759e+03 2.8257840e+00
4.1370181e+03 2.9068229e+00
4.1373604e+03 3.0064580e+00
4.1377027e+03 3.1229489e+00
4.1380450e+03 3.2491679e+00
4.1383879e+03 3.3756969e+00
4.1387303e+03 3.4969320e+00
4.1390728e+03 3.6117311e+00
4.1394154e+03 3.7235260e+00
4.1397581e+03 3.8365600e+00
4.1401012e+03 3.9529800e+00
4.1404439e+03 4.0738101e+00
4.1407867e+03 4.1986942e+00
4.1411296e+03 4.3288460e+00
4.1414725e+03 4.4642439e+00
4.1418159e+03 4.6028371e+00
4.1421590e+03 4.7398090e+00
4.1425021e+03 4.8678389e+00
4.1428452e+03 4.9838061e+00
4.1431884e+03 5.0895209e+00
4.1435321e+03 5.1944728e+00
4.1438754e+03 5.3117270e+00
4.1442188e+03 5.4507012e+00
4.1445623e+03 5.6151862e+00
4.1449057e+03 5.7988882e+00
4.1452497e+03 5.9921970e+00
4.1455933e+03 6.1848159e+00
4.1459370e+03 6.3720942e+00
4.1462807e+03 6.5567012e+00
4.1466245e+03 6.7445269e+00
4.1469687e+03 6.9442978e+00
4.1473126e+03 7.1598520e+00
4.1476566e+03 7.3920012e+00
4.1480006e+03 7.6388588e+00
4.1483446e+03 7.8973532e+00
4.1486892e+03 8.1682682e+00
4.1490334e+03 8.4507704e+00
4.1493776e+03 8.7461939e+00
4.1497219e+03 9.0526104e+00
4.1500662e+03 9.3657007e+00
4.1504111e+03 9.6820831e+00
4.1507555e+03 9.9963417e+00
4.1511000e+03 1.0310244e+01
4.1514446e+03 1.0627150e+01
4.1517893e+03 1.0955858e+01
4.1521344e+03 1.1306476e+01
4.1524791e+03 1.1684393e+01
4.1528239e+03 1.2092804e+01
4.1531688e+03 1.2524199e+01
4.1535137e+03 1.2970757e+01
4.1538591e+03 1.3425779e+01
4.1542041e+03 1.3888859e+01
4.1545492e+03 1.4369130e+01
4.1548944e+03 1.4872717e+01
4.1552396e+03 1.5404963e+01
4.1555853e+03 1.5960764e+01
4.1559306e+03 1.6531084e+01
4.1562760e+03 1.7110514e+01
4.1566214e+03 1.7695068e+01
4.1569669e+03 1.8291973e+01
4.1573129e+03 1.8905163e+01
4.1576585e+03 1.9540167e+01
4.1580042e+03 2.0199633e+01
4.1583499e+03 2.0883392e+01
4.1586957e+03 2.1596788e+01
4.1590419e+03 2.2338509e+01
4.1593878e+03 2.3109913e+01
4.1597338e+03 2.3907780e+01
4.1600798e+03 2.4730730e+01
4.1604259e+03 2.5583839e+01
4.1607724e+03 2.6470852e+01
4.1611186e+03 2.7399706e+01
4.1614648e+03 2.8367090e+01
4.1618111e+03 2.9363989e+01
4.1621575e+03 3.0376934e+01
4.1625043e+03 3.1392241e+01
4.1628508e+03 3.2408379e+01
4.1631973e+03 3.3427429e+01
4.1635439e+03 3.4459759e+01
4.1638906e+03 3.5513878e+01
4.1642377e+03 3.6593365e+01
4.1645845e+03 3.7699841e+01
4.1649313e+03 3.8827301e+01
4.1652782e+03 3.9972950e+01
4.1656251e+03 4.1132809e+01
4.1659725e+03 4.2306374e+01
4.1663196e+03 4.3496464e+01
4.1666667e+03 4.4704224e+01
4.1670138e+03 4.5930958e+01
4.1673611e+03 4.7173141e+01
4.1677088e+03 4.8426270e+01
4.1680561e+03 4.9686169e+01
4.1684035e+03 5.0951077e+01
4.1687510e+03 5.2222134e+01
4.1690985e+03 5.3500248e+01
4.1694465e+03 5.4783199e+01
4.1697941e+03 5.6065750e+01
4.1701418e+03 5.7341145e+01
4.1704895e+03 5.8606529e+01
4.1708373e+03 5.9865520e+01
4.1711856e+03 6.1122776e+01
4.1715335e+03 6.2382149e+01
4.1718815e+03 6.3637184e+01
4.1722296e+03 6.4874481e+01
4.1725776e+03 6.6081810e+01
4.1729262e+03 6.7248535e+01
4.1732744e+03 6.8378281e+01
4.1736227e+03 6.9475128e+01
4.1739710e+03 7.0547462e+01
4.1743194e+03 7.1600700e+01
4.1746683e+03 7.2634956e+01
4.1750168e+03 7.3655579e+01
4.1753653e+03 7.4659203e+01
4.1757140e+03 7.5644897e+01
4.1760626e+03 7.6600456e+01
4.1764118e+03 7.7507233e+01
4.1767606e+03 7.8351616e+01
4.1771094e+03 7.9119347e+01
4.1774583e+03 7.9816528e+01
4.1778073e+03 8.0449768e+01
4.1781568e+03 8.1032799e+01
4.1785059e+03 8.1577065e+01
4.1788550e+03 8.2083557e+01
4.1792042e+03 8.2558441e+01
4.1795535e+03 8.2997299e+01
4.1799032e+03 8.3403778e+01
4.1802526e+03 8.3778473e+01
4.1806020e+03 8.4118553e+01
4.1809515e+03 8.4425255e+01
4.1813011e+03 8.4689186e+01
4.1816511e+03 8.4911873e+01
4.1820008e+03 8.5092522e+01
4.1823505e+03 8.5238716e+01
4.1827003e+03 8.5362747e+01
4.1830501e+03 8.5466286e+01
4.1834004e+03 8.5548302e+01
4.1837504e+03 8.5590340e+01
4.1841004e+03 8.5578110e+01
4.1844505e+03 8.5507706e+01
4.1848006e+03 8.5389565e+01
4.1851513e+03 8.5250046e+01
4.1855015e+03 8.5107109e+01
4.1858518e+03 8.4969879e+01
4.1862022e+03 8.4829590e+01
4.1865526e+03 8.4671684e+01
4.1869035e+03 8.4490631e+01
4.1872541e+03 8.4286926e+01
4.1876047e+03 8.4071877e+01
4.1879554e+03 8.3847328e+01
4.1883061e+03 8.3609222e+01
4.1886573e+03 8.3350136e+01
4.1890081e+03 8.3067322e+01
4.1893590e+03 8.2773163e+01
4.1897100e+03 8.2483315e+01
4.1900610e+03 8.2209900e+01
4.1904125e+03 8.1948181e+01
4.1907636e+03 8.1677818e+01
4.1911148e+03 8.1378815e+01
4.1914661e+03 8.1040192e+01
4.1918174e+03 8.0672859e+01
4.1921692e+03 8.0297302e+01
4.1925206e+03 7.9934906e+01
4.1928721e+03 7.9593704e+01
4.1932237e+03 7.9265236e+01
4.1935753e+03 7.8933571e+01
4.1939274e+03 7.8582405e+01
4.1942791e+03 7.8207970e+01
4.1946309e+03 7.7818176e+01
4.1949827e+03 7.7425858e+01
4.1953346e+03 7.7041748e+01
4.1956870e+03 7.6664284e+01
4.1960390e+03 7.6286743e+01
4.1963911e+03 7.5898453e+01
4.1967432e+03 7.5492455e+01
4.1970954e+03 7.5068115e+01
4.1974481e+03 7.4626038e+01
4.1978004e+03 7.4171974e+01
4.1981528e+03 7.3705795e+01
4.1985052e+03 7.3225380e+01
4.1988577e+03 7.2723938e+01
4.1992107e+03 7.2195389e+01
4.1995633e+03 7.1642921e+01
4.1999160e+03 7.1073242e+01
4.2002687e+03 7.0495293e+01
4.2006215e+03 6.9908455e+01
4.2009748e+03 6.9305779e+01
4.2013277e+03 6.8681999e+01
4.2016807e+03 6.8034126e+01
4.2020337e+03 6.7369843e+01
4.2023868e+03 6.6693520e+01
4.2027404e+03 6.6005470e+01
4.2030936e+03 6.5296768e+01
4.2034468e+03 6.4553543e+01
4.2038001e+03 6.3771343e+01
4.2041535e+03 6.2951588e+01
4.2045074e+03 6.2102890e+01
4.2048609e+03 6.1230396e+01
4.2052145e+03 6.0342144e+01
4.2055681e+03 5.9457039e+01
4.2059218e+03 5.8594082e+01
4.2062759e+03 5.7755829e+01
4.2066297e+03 5.6915115e+01
4.2069836e+03 5.6036068e+01
4.2073375e+03 5.5105114e+01
4.2076915e+03 5.4135155e+01
4.2080460e+03 5.3152466e+01
4.2084001e+03 5.2167202e+01
4.2087542e+03 5.1178051e+01
4.2091084e+03 5.0180481e+01
4.2094627e+03 4.9176262e+01
4.2098175e+03 4.8171234e+01
4.2101719e+03 4.7162460e+01
4.2105263e+03 4.6133018e+01
4.2108808e+03 4.5064140e+01
4.2112354e+03 4.3963982e+01
4.2115905e+03 4.2876698e+01
4.2119452e+03 4.1853214e+01
4.2122999e+03 4.0899227e+01
4.2126547e+03 3.9965080e+01
4.2130096e+03 3.8998554e+01
4.2133650e+03 3.8002205e+01
4.2137200e+03 3.7025116e+01
4.2140750e+03 3.6101891e+01
4.2144301e+03 3.5202358e+01
4.2147853e+03 3.4260723e+01
4.2151410e+03 3.3242416e+01
4.2154963e+03 3.2188297e+01
4.2158516e+03 3.1183529e+01
4.2162070e+03 3.0297661e+01
4.2165625e+03 2.9517984e+01
4.2169184e+03 2.8772758e+01
4.2172740e+03 2.7992058e+01
4.2176297e+03 2.7172947e+01
4.2179854e+03 2.6366997e+01
4.2183412e+03 2.5614523e+01
4.2186974e+03 2.4897335e+01
4.2190533e+03 2.4164175e+01
4.2194093e+03 2.3393034e+01
4.2197653e+03 2.2617601e+01
4.2201214e+03 2.1885109e+01
4.2204779e+03 2.1210646e+01
4.2208341e+03 2.0551037e+01
4.2211904e+03 1.9859600e+01
4.2215467e+03 1.9133543e+01
4.2219031e+03 1.8431543e+01
4.2222599e+03 1.7826748e+01
4.2226164e+03 1.7333508e+01
4.2229730e+03 1.6884922e+01
4.2233296e+03 1.6381907e+01
4.2236863e+03 1.5775203e+01
4.2240434e+03 1.5108275e+01
4.2244002e+03 1.4468550e+01
4.2247571e+03 1.3922142e+01
4.2251140e+03 1.3461303e+01
4.2254710e+03 1.3039636e+01
4.2258284e+03 1.2619614e+01
4.2261855e+03 1.2212777e+01
4.2265427e+03 1.1867713e+01
4.2268999e+03 1.1616516e+01
4.2272572e+03 1.1435794e+01
4.2276150e+03 1.1249852e+01
4.2279724e+03 1.0981249e+01
4.2283298e+03 1.0613059e+01
4.2286873e+03 1.0193181e+01
4.2290449e+03 9.8048439e+00
4.2294030e+03 9.4918013e+00
4.2297607e+03 9.2383385e+00
4.2301184e+03 8.9843512e+00
4.2304763e+03 8.6845388e+00
4.2308341e+03 8.3470097e+00
4.2311925e+03 8.0257893e+00
4.2315505e+03 7.7749720e+00
4.2319086e+03 7.6083889e+00
4.2322667e+03 7.4883218e+00
4.2326249e+03 7.3594570e+00
4.2329836e+03 7.1805949e+00
4.2333419e+03 6.9544311e+00
4.2337003e+03 6.7138672e+00
4.2340587e+03 6.4977398e+00
4.2344172e+03 6.3174000e+00
4.2347762e+03 6.1513901e+00
4.2351348e+03 5.9653521e+00
4.2354934e+03 5.7427158e+00
4.2358522e+03 5.5009122e+00
4.2362110e+03 5.2776332e+00
4.2365702e+03 5.0997968e+00
4.2369292e+03 4.9654722e+00
4.2372881e+03 4.8399920e+00
4.2376472e+03 4.6862359e+00
4.2380063e+03 4.4892778e+00
4.2383659e+03 4.2703619e+00
4.2387251e+03 4.0701618e+00
4.2390844e+03 3.9186950e+00
4.2394437e+03 3.8167231e+00
4.2398031e+03 3.7393329e+00
4.2401630e+03 3.6576500e+00
4.2405225e+03 3.5578721e+00
4.2408821e+03 3.4490819e+00
4.2412417e+03 3.3552401e+00
4.2416015e+03 3.3022161e+00
4.2419617e+03 3.3032169e+00
4.2423215e+03 3.3481591e+00
4.2426814e+03 3.4037590e+00
4.2430413e+03 3.4339900e+00
4.2434013e+03 3.4167280e+00
4.2437618e+03 3.3570049e+00
4.2441220e+03 3.2727709e+00
4.2444822e+03 3.1799071e+00
4.2448424e+03 3.0796280e+00
4.2452027e+03 2.9629700e+00
4.2455636e+03 2.8234949e+00
4.2459240e+03 2.6661389e+00
4.2462845e+03 2.5069230e+00
4.2466451e+03 2.3629179e+00
4.2470057e+03 2.2424221e+00
4.2473668e+03 2.1473401e+00
4.2477276e+03 2.0810599e+00
4.2480884e+03 2.0509479e+00
4.2484492e+03 2.0568371e+00
4.2488102e+03 2.0808930e+00
4.2491716e+03 2.0914309e+00
4.2495326e+03 2.0615571e+00
4.2498938e+03 1.9844290e+00
4.2502549e+03 1.8761630e+00
4.2506162e+03 1.7612450e+00
4.2509779e+03 1.6619200e+00
4.2513393e+03 1.5906570e+00
4.2517007e+03 1.5507450e+00
4.2520622e+03 1.5359640e+00
4.2524237e+03 1.5352960e+00
4.2527858e+03 1.5351050e+00
4.2531474e+03 1.5232320e+00
4.2535091e+03 1.4935730e+00
4.2538709e+03 1.4470570e+00
4.2542328e+03 1.3936510e+00
4.2545951e+03 1.3466830e+00
4.2549571e+03 1.3167140e+00
4.2553191e+03 1.3057470e+00
4.2556812e+03 1.3059371e+00
4.2560434e+03 1.3037200e+00
4.2564061e+03 1.2854810e+00
4.2567684e+03 1.2463800e+00
4.2571307e+03 1.1950010e+00
4.2574931e+03 1.1527770e+00
4.2578556e+03 1.1388299e+00
4.2582185e+03 1.1575691e+00
4.2585811e+03 1.1934750e+00
4.2589438e+03 1.2237540e+00
4.2593065e+03 1.2319320e+00
4.2596693e+03 1.2148850e+00
4.2600326e+03 1.1768570e+00
4.2603955e+03 1.1221400e+00
4.2607584e+03 1.0537380e+00
4.2611214e+03 9.7718197e-01
4.2614845e+03 9.0160298e-01
4.2618481e+03 8.3777899e-01
4.2622113e+03 7.9455298e-01
4.2625746e+03 7.7681500e-01
4.2629379e+03 7.8370500e-01
4.2633013e+03 8.0714202e-01
4.2636652e+03 8.3346301e-01
4.2640287e+03 8.4960401e-01
4.2643923e+03 8.4874600e-01
4.2647560e+03 8.3172297e-01
4.2651197e+03 8.0251598e-01
4.2654839e+03 7.6489401e-01
4.2658477e+03 7.2207397e-01
4.2662116e+03 6.7891997e-01
4.2665756e+03 6.4203697e-01
4.2669396e+03 6.1755103e-01
4.2673041e+03 6.0560697e-01
4.2676682e+03 5.9983701e-01
4.2680324e+03 5.9201699e-01
4.2683967e+03 5.8104903e-01
4.2687610e+03 5.7585198e-01
4.2691259e+03 5.9173101e-01
4.2694903e+03 6.3331097e-01
4.2698548e+03 6.8883801e-01
4.2702194e+03 7.3366100e-01
4.2705840e+03 7.4741799e-01
4.2709492e+03 7.2586501e-01
4.2713139e+03 6.8399900e-01
4.2716788e+03 6.4330101e-01
4.2720437e+03 6.1743200e-01
4.2724086e+03 6.0431898e-01
4.2727741e+03 5.9201699e-01
4.2731391e+03 5.7036799e-01
4.2735043e+03 5.4013699e-01
4.2738695e+03 5.0950003e-01
4.2742347e+03 4.8878101e-01
4.2746005e+03 4.9233401e-01
4.2749659e+03 5.3799099e-01
4.2753313e+03 6.3877100e-01
4.2756968e+03 7.8327602e-01
4.2760624e+03 9.3049997e-01
4.2764285e+03 1.0287760e+00
4.2767942e+03 1.0504000e+00
4.2771600e+03 1.0057440e+00
4.2775258e+03 9.3078601e-01
4.2778917e+03 8.6069101e-01
4.2782581e+03 8.1534302e-01
4.2786241e+03 7.9905897e-01
4.2789902e+03 8.0132401e-01
4.2793563e+03 8.0292201e-01
4.2797225e+03 7.8360999e-01
4.2800892e+03 7.3735702e-01
4.2804555e+03 6.7441398e-01
4.2808219e+03 6.1051798e-01
4.2811884e+03 5.5055600e-01
4.2815549e+03 4.8787501e-01
4.2819219e+03 4.1630200e-01
4.2822885e+03 3.4399000e-01
4.2826552e+03 2.9048899e-01
4.2830220e+03 2.7325100e-01
4.2833888e+03 2.9444599e-01
4.2837562e+03 3.4272599e-01
4.2841231e+03 3.9930299e-01
4.2844901e+03 4.5115900e-01
4.2848572e+03 4.9448001e-01
4.2852244e+03 5.3024203e-01
4.2855920e+03 5.5787498e-01
4.2859593e+03 5.7339603e-01
4.2863266e+03 5.7237101e-01
4.2866940e+03 5.5761302e-01
4.2870615e+03 5.4075700e-01
4.2874294e+03 5.3744298e-01
4.2877970e+03 5.5556202e-01
4.2881647e+03 5.8917898e-01
4.2885324e+03 6.1910099e-01
4.2889001e+03 6.2415498e-01
4.2892684e+03 5.9118199e-01
4.2896363e+03 5.2363801e-01
4.2900043e+03 4.3978599e-01
4.2903723e+03 3.6582899e-01
4.2907404e+03 3.2522601e-01
4.2911090e+03 3.2930300e-01
4.2914772e+03 3.7450701e-01
4.2918455e+03 4.4198000e-01
4.2922138e+03 5.0551802e-01
4.2925822e+03 5.3930199e-01
4.2929512e+03 5.3064799e-01
4.2933197e+03 4.8570600e-01
4.2936883e+03 4.2712599e-01
4.2940569e+03 3.7887001e-01
4.2944257e+03 3.5088000e-01
4.2947949e+03 3.3485800e-01
4.2951637e+03 3.1390101e-01
4.2955326e+03 2.7875900e-01
4.2959016e+03 2.3534200e-01
4.2962707e+03 1.9991300e-01
4.2966402e+03 1.8539400e-01
4.2970094e+03 1.9295201e-01
4.2973786e+03 2.1214400e-01
4.2977479e+03 2.3026399e-01
4.2981172e+03 2.4146999e-01
4.2984871e+03 2.5057700e-01
4.2988566e+03 2.6736200e-01
4.2992261e+03 2.9723600e-01
4.2995957e+03 3.3638400e-01
4.2999654e+03 3.7527001e-01
4.3003356e+03 4.0578800e-01
4.3007054e+03 4.2796099e-01
4.3010753e+03 4.4712999e-01
4.3014452e+03 4.6610799e-01
4.3018152e+03 4.7991201e-01
4.3021857e+03 4.7791001e-01
4.3025558e+03 4.5249400e-01
4.3029260e+03 4.0774301e-01
4.3032962e+03 3.5915300e-01
4.3036665e+03 3.2560799e-01
4.3040374e+03 3.1619000e-01
4.3044078e+03 3.2570300e-01
4.3047783e+03 3.3779100e-01
4.3051489e+03 3.3762401e-01
4.3055195e+03 3.1993300e-01
4.3058906e+03 2.9273000e-01
4.3062614e+03 2.6938900e-01
4.3066322e+03 2.5935099e-01
4.3070031e+03 2.6054299e-01
4.3073740e+03 2.6285601e-01
4.3077455e+03 2.5501201e-01
4.3081166e+03 2.3179001e-01
4.3084877e+03 1.9485900e-01
4.3088589e+03 1.5032201e-01
4.3092302e+03 1.0771700e-01
4.3096020e+03 7.8368001e-02
4.3099734e+03 7.1906999e-02
4.3103448e+03 8.9073002e-02
4.3107164e+03 1.1973300e-01
4.3110879e+03 1.4741400e-01
4.3114600e+03 1.6202900e-01
4.3118318e+03 1.6565301e-01
4.3122035e+03 1.6996799e-01
4.3125754e+03 1.8527500e-01
4.3129473e+03 2.1185800e-01
4.3133197e+03 2.3889500e-01
4.3136917e+03 2.5167400e-01
4.3140638e+03 2.4118400e-01
4.3144360e+03 2.1066600e-01
4.3148082e+03 1.7185199e-01
4.3151810e+03 1.3599300e-01
4.3155533e+03 1.0526100e-01
4.3159258e+03 7.1309999e-02
4.3162983e+03 2.3984000e-02
4.3166708e+03 -3.7239999e-02
4.3170439e+03 -9.9276997e-02
4.3174165e+03 -1.4102399e-01
4.3177893e+03 -1.4586399e-01
4.3181621e+03 -1.1267600e-01
4.3185350e+03 -5.5551000e-02
4.3189084e+03 4.2429999e-03
4.3192814e+03 5.0710998e-02
4.3196544e+03 7.8821003e-02
4.3200276e+03 9.5725000e-02
4.3204008e+03 1.1274800e-01
4.3207745e+03 1.3751900e-01
4.3211478e+03 1.6760799e-01
4.3215212e+03 1.9221300e-01
4.3218946e+03 1.9795799e-01
4.3222681e+03 1.7693000e-01
4.3226422e+03 1.2998500e-01
4.3230158e+03 6.4873002e-02
4.3233895e+03 -5.1489999e-03
4.3237633e+03 -6.4062998e-02
4.3241372e+03 -9.3888998e-02
4.3245115e+03 -8.1086002e-02
4.3248855e+03 -2.2459000e-02
4.3252595e+03 7.0357002e-02
4.3256336e+03 1.7263800e-01
4.3260078e+03 2.5548899e-01
4.3263825e+03 2.9649699e-01
4.3267568e+03 2.8986901e-01
4.3271311e+03 2.4492700e-01
4.3275055e+03 1.8243700e-01
4.3278800e+03 1.2428700e-01
4.3282550e+03 8.8071004e-02
4.3286296e+03 8.3589002e-02
4.3290043e+03 1.0917100e-01
4.3293791e+03 1.5294500e-01
4.3297539e+03 1.9516900e-01
4.3301292e+03 2.2032200e-01
4.3305042e+03 2.2408900e-01
4.3308792e+03 2.1526800e-01
4.3312542e+03 2.0754300e-01
4.3316294e+03 2.0985600e-01
4.3320050e+03 2.1991700e-01
4.3323803e+03 2.2666401e-01
4.3327556e+03 2.1867700e-01
4.3331310e+03 1.9299901e-01
4.3335065e+03 1.5811899e-01
4.3338825e+03 1.2950800e-01
4.3342581e+03 1.1997200e-01
4.3346337e+03 1.3060500e-01
4.3350094e+03 1.5053700e-01
4.3353852e+03 1.6107500e-01
4.3357615e+03 1.4617400e-01
4.3361375e+03 9.9229001e-02
4.3365134e+03 2.6726000e-02
4.3368895e+03 -5.6529000e-02
4.3372656e+03 -1.3236900e-01
4.3376422e+03 -1.8670499e-01
4.3380185e+03 -2.1297900e-01
4.3383948e+03 -2.1114300e-01
4.3387712e+03 -1.8596600e-01
4.3391476e+03 -1.4295501e-01
4.3395246e+03 -8.6926997e-02
4.3399011e+03 -2.1408999e-02
4.3402778e+03 4.9780998e-02
4.3406545e+03 1.2102100e-01
4.3410312e+03 1.8417799e-01
4.3414085e+03 2.3105100e-01
4.3417854e+03 2.5475001e-01
4.3421624e+03 2.5300899e-01
4.3425394e+03 2.2861899e-01
4.3429165e+03 1.8880300e-01
4.3432941e+03 1.4274099e-01
4.3436714e+03 9.8228000e-02
4.3440487e+03 6.1248999e-02
4.3444260e+03 3.4928001e-02
4.3448034e+03 1.9812001e-02
4.3451814e+03 1.5497000e-02
4.3455589e+03 2.0408001e-02
4.3459365e+03 3.1541999e-02
4.3463142e+03 4.4702999e-02
4.3466920e+03 5.5073999e-02
4.3470703e+03 5.8364000e-02
4.3474481e+03 5.4072998e-02
4.3478261e+03 4.5084000e-02
4.3482041e+03 3.6787000e-02
4.3485822e+03 3.4451000e-02
4.3489608e+03 4.1150998e-02
4.3493390e+03 5.8293000e-02
4.3497173e+03 8.6020999e-02
4.3500956e+03 1.2395300e-01
4.3504740e+03 1.7066000e-01
4.3508530e+03 2.2230101e-01
4.3512315e+03 2.7239299e-01
4.3516101e+03 3.1244701e-01
4.3519888e+03 3.3357099e-01
4.3523675e+03 3.2978001e-01
4.3527468e+03 2.9971501e-01
4.3531256e+03 2.4874200e-01
4.3535046e+03 1.8839800e-01
4.3538836e+03 1.3484900e-01
4.3542626e+03 1.0290100e-01
4.3546422e+03 9.9444002e-02
4.3550214e+03 1.1954300e-01
4.3554007e+03 1.4784300e-01
4.3557800e+03 1.6641600e-01
4.3561594e+03 1.6212399e-01
4.3565394e+03 1.3310900e-01
4.3569189e+03 8.7784998e-02
4.3572985e+03 4.1365001e-02
4.3576781e+03 8.2489997e-03
4.3580579e+03 -3.8379999e-03
4.3584381e+03 3.6710000e-03
4.3588180e+03 2.1147000e-02
4.3591979e+03 3.6667999e-02
4.3595779e+03 4.0720999e-02
4.3599580e+03 3.0946000e-02
4.3603385e+03 1.2087000e-02
4.3607187e+03 -7.1999999e-03
4.3610990e+03 -1.9121001e-02
4.3614793e+03 -1.9097000e-02
4.3618597e+03 -6.4610001e-03
4.3622406e+03 1.7046001e-02
4.3626212e+03 4.9352001e-02
4.3630017e+03 8.7952003e-02
4.3633824e+03 1.2927000e-01
4.3637631e+03 1.6870400e-01
4.3641444e+03 2.0143899e-01
4.3645252e+03 2.2437499e-01
4.3649062e+03 2.3596200e-01
4.3652871e+03 2.3646300e-01
4.3656682e+03 2.2430401e-01
4.3660498e+03 1.9602700e-01
4.3664310e+03 1.4798599e-01
4.3668122e+03 8.0513000e-02
4.3671935e+03 6.6700001e-04
4.3675749e+03 -7.7914998e-02
4.3679569e+03 -1.4011800e-01
4.3683384e+03 -1.7392600e-01
4.3687200e+03 -1.7545199e-01
4.3691016e+03 -1.4958300e-01
4.3694833e+03 -1.0814600e-01
4.3698656e+03 -6.5206997e-02
4.3702474e+03 -3.1518001e-02
4.3706294e+03 -1.1801000e-02
4.3710114e+03 -3.5039999e-03
4.3713934e+03 4.7599999e-04
4.3717760e+03 6.9370000e-03
4.3721582e+03 1.7689999e-02
4.3725404e+03 2.8944001e-02
4.3729228e+03 3.4426998e-02
4.3733052e+03 3.1351998e-02
4.3736881e+03 2.2911999e-02
4.3740706e+03 1.7333001e-02
4.3744532e+03 2.2554001e-02
4.3748359e+03 4.1531999e-02
4.3752186e+03 7.0738003e-02
4.3756018e+03 1.0254300e-01
4.3759847e+03 1.2838800e-01
4.3763676e+03 1.4278799e-01
4.3767506e+03 1.4443301e-01
4.3771337e+03 1.3515900e-01
4.3775173e+03 1.1932800e-01
4.3779005e+03 1.0254300e-01
4.3782837e+03 8.9740001e-02
4.3786670e+03 8.3683997e-02
4.3790504e+03 8.3732001e-02
4.3794344e+03 8.6617000e-02
4.3798179e+03 8.8238001e-02
4.3802015e+03 8.6069003e-02
4.3805852e+03 7.9916999e-02
4.3809689e+03 7.1309999e-02
4.3813531e+03 6.2941998e-02
4.3817370e+03 5.7673000e-02
4.3821209e+03 5.7673000e-02
4.3825049e+03 6.3228004e-02
4.3828890e+03 7.2479002e-02
4.3832736e+03 8.1324004e-02
4.3836578e+03 8.4495001e-02
4.3840421e+03 7.8010000e-02
4.3844264e+03 6.2155001e-02
4.3848108e+03 4.1937001e-02
4.3851958e+03 2.6035000e-02
4.3855803e+03 2.2864001e-02
4.3859649e+03 3.6238998e-02
4.3863496e+03 6.3322999e-02
4.3867343e+03 9.4795004e-02
4.3871196e+03 1.1887500e-01
4.3875045e+03 1.2652799e-01
4.3878894e+03 1.1703900e-01
4.3882744e+03 9.7584002e-02
4.3886595e+03 7.8630000e-02
4.3890451e+03 6.6590004e-02
4.3894303e+03 6.0224000e-02
4.3898156e+03 5.1759999e-02
4.3902010e+03 3.3879001e-02
4.3905864e+03 6.0310001e-03
4.3909723e+03 -2.3244999e-02
4.3913579e+03 -4.1650999e-02
4.3917435e+03 -4.0316001e-02
4.3921292e+03 -2.0051001e-02
4.3925150e+03 9.1549996e-03
4.3929013e+03 3.3854999e-02
4.3932872e+03 4.3368001e-02
4.3936731e+03 3.4474999e-02
4.3940591e+03 1.0442000e-02
4.3944452e+03 -2.1576000e-02
4.3948319e+03 -5.4597002e-02
4.3952181e+03 -8.3540998e-02
4.3956044e+03 -1.0540400e-01
4.3959908e+03 -1.1887500e-01
4.3963772e+03 -1.2423900e-01
4.3967642e+03 -1.2290400e-01
4.3971507e+03 -1.1715800e-01
4.3975374e+03 -1.0960100e-01
4.3979241e+03 -1.0240000e-01
4.3983109e+03 -9.7060002e-02
4.3986982e+03 -9.3912996e-02
4.3990851e+03 -9.1934003e-02
4.3994721e+03 -8.8547997e-02
4.3998591e+03 -8.1156999e-02
4.4002462e+03 -6.8855003e-02
4.4006339e+03 -5.2475002e-02
4.4010211e+03 -3.3854999e-02
4.4014085e+03 -1.4615000e-02
4.4017958e+03 3.8139999e-03
4.4021833e+03 2.0003000e-02
4.4025713e+03 3.1780999e-02
4.4029589e+03 3.7050001e-02
4.4033465e+03 3.5785999e-02
4.4037343e+03 3.1422999e-02
4.4041221e+03 3.0660000e-02
4.4045104e+03 4.0339999e-02
4.4048983e+03 6.3084997e-02
4.4052863e+03 9.5987000e-02
4.4056744e+03 1.3165399e-01
4.4060626e+03 1.6205300e-01
4.4064512e+03 1.8119800e-01
4.4068395e+03 1.8560800e-01
4.4072279e+03 1.7468899e-01
4.4076163e+03 1.5048900e-01
4.4080047e+03 1.1794500e-01
4.4083938e+03 8.5162997e-02
4.4087824e+03 6.1368000e-02
4.4091711e+03 5.3954002e-02
4.4095598e+03 6.4467996e-02
4.4099487e+03 8.8453002e-02
4.4103380e+03 1.1773100e-01
4.4107270e+03 1.4531600e-01
4.4111160e+03 1.6684499e-01
4.4115051e+03 1.8107800e-01
4.4118943e+03 1.8756300e-01
4.4122840e+03 1.8520300e-01
4.4126733e+03 1.7237601e-01
4.4130627e+03 1.4886799e-01
4.4134521e+03 1.1663400e-01
4.4138416e+03 8.0536999e-02
4.4142317e+03 4.6466999e-02
4.4146213e+03 1.9239999e-02
4.4150110e+03 1.2150001e-03
4.4154008e+03 -7.9150004e-03
4.4157907e+03 -1.0538000e-02
4.4161811e+03 -9.3689999e-03
4.4165711e+03 -5.3880000e-03
4.4169611e+03 3.0509999e-03
4.4173513e+03 1.8501000e-02
4.4177415e+03 4.2103998e-02
4.4181322e+03 7.0524000e-02
4.4185225e+03 9.5558003e-02
4.4189129e+03 1.0800300e-01
4.4193034e+03 1.0149400e-01
4.4196940e+03 7.6508000e-02
4.4200851e+03 3.9505001e-02
4.4204757e+03 -2.3000001e-05
4.4208665e+03 -3.3736002e-02
4.4212573e+03 -5.5670001e-02
4.4216482e+03 -6.2227000e-02
4.4220396e+03 -5.1020999e-02
4.4224307e+03 -2.2125000e-02
4.4228218e+03 1.8929999e-02
4.4232129e+03 6.1035000e-02
4.4236042e+03 8.9859001e-02
4.4239959e+03 9.4056003e-02
4.4243873e+03 7.3099002e-02
4.4247788e+03 3.7955999e-02
4.4251703e+03 6.6040000e-03
4.4255619e+03 -7.1760002e-03
4.4259540e+03 3.0900000e-04
4.4263457e+03 2.1624001e-02
4.4267375e+03 4.4751000e-02
4.4271294e+03 6.0582001e-02
4.4275213e+03 6.8186998e-02
4.4279138e+03 7.3408999e-02
4.4283058e+03 8.4160998e-02
4.4286980e+03 1.0478400e-01
4.4290902e+03 1.3272700e-01
4.4294824e+03 1.5981100e-01
4.4298753e+03 1.7597599e-01
4.4302677e+03 1.7456999e-01
4.4306602e+03 1.5504301e-01
4.4310527e+03 1.2419200e-01
4.4314453e+03 9.1838002e-02
4.4318385e+03 6.5945998e-02
4.4322313e+03 4.8136000e-02
4.4326241e+03 3.4093000e-02
4.4330170e+03 1.6331000e-02
4.4334100e+03 -9.1549996e-03
4.4338035e+03 -4.0840998e-02
4.4341966e+03 -7.2503000e-02
4.4345898e+03 -9.6534997e-02
4.4349831e+03 -1.0778900e-01
4.4353764e+03 -1.0528500e-01
4.4357702e+03 -9.0718001e-02
4.4361637e+03 -6.7066997e-02
4.4365572e+03 -3.8146000e-02
4.4369508e+03 -8.5110003e-03
4.4373445e+03 1.6927000e-02
4.4377387e+03 3.5285000e-02
4.4381325e+03 4.7492001e-02
4.4385264e+03 5.8031000e-02
4.4389204e+03 7.3074996e-02
4.4393144e+03 9.5367000e-02
4.4397089e+03 1.2211700e-01
4.4401031e+03 1.4550599e-01
4.4404973e+03 1.5618800e-01
4.4408916e+03 1.4824800e-01
4.4412860e+03 1.2278500e-01
4.4416809e+03 8.7332003e-02
4.4420754e+03 5.2475002e-02
4.4424700e+03 2.7418001e-02
4.4428647e+03 1.5401000e-02
4.4432594e+03 1.2969000e-02
4.4436547e+03 1.1682000e-02
4.4440495e+03 4.1240002e-03
4.4444444e+03 -1.1992000e-02
4.4448394e+03 -3.2233998e-02
4.4452345e+03 -4.9114000e-02
4.4456301e+03 -5.6481000e-02
4.4460253e+03 -5.2475002e-02
4.4464206e+03 -3.9648999e-02
4.4468160e+03 -2.2768000e-02
4.4472114e+03 -7.0570000e-03
4.4476074e+03 2.7170000e-03
4.4480029e+03 2.3360001e-03
4.4483986e+03 -1.0156000e-02
4.4487943e+03 -3.2186002e-02
4.4491901e+03 -5.5217002e-02
4.4495864e+03 -6.6565998e-02
4.4499823e+03 -5.6623999e-02
4.4503783e+03 -2.4174999e-02
4.4507743e+03 2.0933000e-02
4.4511705e+03 6.3538000e-02
4.4515671e+03 9.0861000e-02
4.4519634e+03 9.9896997e-02
4.4523598e+03 9.6607000e-02
4.4527562e+03 9.0908997e-02
4.4531526e+03 8.9048997e-02
4.4535497e+03 9.0599000e-02
4.4539463e+03 9.0241000e-02
4.4543430e+03 8.3994001e-02
4.4547397e+03 7.3099002e-02
4.4551366e+03 6.3610002e-02
4.4555340e+03 6.0462002e-02
4.4559309e+03 6.3610002e-02
4.4563280e+03 6.6780999e-02
4.4567251e+03 6.2465001e-02
4.4571223e+03 4.7540002e-02
4.4575200e+03 2.6726000e-02
4.4579174e+03 9.5600002e-03
4.4583148e+03 4.0290002e-03
4.4587122e+03 1.1301000e-02
4.4591098e+03 2.4938000e-02
4.4595079e+03 3.6430001e-02
4.4599055e+03 4.0984001e-02
4.4603033e+03 3.9505001e-02
4.4607011e+03 3.5737999e-02
4.4610990e+03 3.1805001e-02
4.4614975e+03 2.6559001e-02
4.4618955e+03 1.8023999e-02
4.4622936e+03 7.6770000e-03
4.4626918e+03 1.2150001e-03
4.4630900e+03 5.6019998e-03
4.4634889e+03 2.2624999e-02
4.4638873e+03 4.6110000e-02
4.4642857e+03 6.4539000e-02
4.4646842e+03 6.8472996e-02
4.4650829e+03 5.6623999e-02
4.4654820e+03 3.6095999e-02
4.4658808e+03 1.7619001e-02
4.4662796e+03 8.3200000e-03
4.4666785e+03 8.5110003e-03
4.4670774e+03 1.3256000e-02
4.4674770e+03 1.7547000e-02
4.4678761e+03 1.9859999e-02
4.4682752e+03 2.2887999e-02
4.4686745e+03 2.9873000e-02
4.4690738e+03 4.1604001e-02
4.4694737e+03 5.5289000e-02
4.4698732e+03 6.6684999e-02
4.4702727e+03 7.2598003e-02
4.4706723e+03 7.3146001e-02
4.4710720e+03 7.1691997e-02
4.4714722e+03 7.2979003e-02
4.4718720e+03 8.0417998e-02
4.4722719e+03 9.5294997e-02
4.4726719e+03 1.1606200e-01
4.4730719e+03 1.3937899e-01
4.4734725e+03 1.6071700e-01
4.4738727e+03 1.7483200e-01
4.4742729e+03 1.7700100e-01
4.4746733e+03 1.6453201e-01
4.4750736e+03 1.3914099e-01
4.4754746e+03 1.0781200e-01
4.4758751e+03 8.1348002e-02
4.4762757e+03 7.0261002e-02
4.4766764e+03 7.6817997e-02
4.4770772e+03 9.2101000e-02
4.4774785e+03 9.8347001e-02
4.4778794e+03 8.0847003e-02
4.4782803e+03 3.7025999e-02
4.4786814e+03 -1.8501000e-02
4.4790825e+03 -6.2870003e-02
4.4794842e+03 -7.7532999e-02
4.4798854e+03 -6.1439998e-02
4.4802867e+03 -3.1280000e-02
4.4806881e+03 -1.2159000e-02
4.4810896e+03 -2.1718999e-02
4.4814916e+03 -6.0534000e-02
4.4818932e+03 -1.1203200e-01
4.4822949e+03 -1.5332600e-01
4.4826967e+03 -1.6703600e-01
4.4830985e+03 -1.4784300e-01
4.4835009e+03 -1.0375900e-01
4.4839029e+03 -4.9327999e-02
4.4843049e+03 1.2150001e-03
4.4847071e+03 4.0387999e-02
4.4851092e+03 6.7758001e-02
4.4855120e+03 8.7379999e-02
4.4859143e+03 1.0321100e-01
4.4863167e+03 1.1608600e-01
4.4867192e+03 1.2314300e-01
4.4871218e+03 1.2114000e-01
4.4875249e+03 1.0836100e-01
4.4879276e+03 8.6236000e-02
4.4883303e+03 5.8173999e-02
4.4887332e+03 2.7298000e-02
4.4891361e+03 -5.0300001e-03
4.4895396e+03 -3.7549999e-02
4.4899426e+03 -6.7209996e-02
4.4903458e+03 -8.9097001e-02
4.4907490e+03 -9.9252999e-02
4.4911522e+03 -9.7369999e-02
4.4915561e+03 -8.7903999e-02
4.4919595e+03 -7.8248002e-02
4.4923630e+03 -7.3431998e-02
4.4927665e+03 -7.2860003e-02
4.4931702e+03 -7.1047999e-02
4.4935744e+03 -6.1154000e-02
4.4939782e+03 -4.0077999e-02
4.4943820e+03 -1.1086000e-02
4.4947859e+03 1.7809000e-02
4.4951899e+03 3.7597999e-02
4.4955945e+03 4.2962998e-02
4.4959987e+03 3.4332000e-02
4.4964029e+03 1.8048000e-02
4.4968072e+03 2.6700001e-03
4.4972115e+03 -4.6730000e-03
4.4976165e+03 -2.6700001e-03
4.4980210e+03 3.6230001e-03
4.4984256e+03 4.5770002e-03
4.4988302e+03 -7.9389997e-03
4.4992349e+03 -3.5356998e-02
4.4996402e+03 -6.9880001e-02
4.5000451e+03 -9.6821003e-02
4.5004500e+03 -1.0187600e-01
4.5008551e+03 -7.7914998e-02
4.5012602e+03 -2.9420000e-02
4.5016658e+03 3.0325999e-02
4.5020711e+03 8.4352002e-02
4.5024764e+03 1.1954300e-01
4.5028817e+03 1.2958001e-01
4.5032872e+03 1.1539400e-01
4.5036932e+03 8.3065003e-02
4.5040988e+03 4.1508000e-02
4.5045045e+03 1.7400000e-03
4.5049103e+03 -2.5844000e-02
4.5053161e+03 -3.4260001e-02
4.5057225e+03 -2.3388000e-02
4.5061284e+03 -1.5020000e-03
4.5065345e+03 1.8167000e-02
4.5069406e+03 2.3770001e-02
4.5073468e+03 1.2397000e-02
4.5077535e+03 -9.5119998e-03
4.5081599e+03 -3.0779000e-02
4.5085663e+03 -4.2915002e-02
4.5089728e+03 -4.3963999e-02
4.5093793e+03 -3.8671002e-02
4.5097864e+03 -3.3020001e-02
4.5101931e+03 -3.0660000e-02
4.5105999e+03 -3.2997001e-02
4.5110068e+03 -3.9792001e-02
4.5114137e+03 -5.1045001e-02
4.5118212e+03 -6.7089997e-02
4.5122282e+03 -8.6188003e-02
4.5126354e+03 -1.0335400e-01
4.5130426e+03 -1.1198500e-01
4.5134499e+03 -1.0671600e-01
4.5138577e+03 -8.4780999e-02
4.5142652e+03 -4.6776999e-02
4.5146727e+03 4.7439998e-03
4.5150803e+03 6.5540999e-02
4.5154879e+03 1.2834001e-01
4.5158962e+03 1.8320000e-01
4.5163040e+03 2.1746100e-01
4.5167118e+03 2.2025099e-01
4.5171198e+03 1.8725300e-01
4.5175278e+03 1.2454900e-01
4.5179364e+03 4.8780002e-02
4.5183446e+03 -1.9264000e-02
4.5187528e+03 -6.1439998e-02
4.5191611e+03 -7.0524000e-02
4.5195695e+03 -5.0639998e-02
4.5199785e+03 -1.4758000e-02
4.5203870e+03 2.3317000e-02
4.5207957e+03 5.4049000e-02
4.5212043e+03 7.3742002e-02
4.5216131e+03 8.2874000e-02
4.5220224e+03 8.2396999e-02
4.5224314e+03 7.1667999e-02
4.5228403e+03 4.9686000e-02
4.5232494e+03 1.7093999e-02
4.5236585e+03 -2.2077000e-02
4.5240682e+03 -6.1535001e-02
4.5244775e+03 -9.4795004e-02
4.5248869e+03 -1.1773100e-01
4.5252963e+03 -1.2898400e-01
4.5257058e+03 -1.2912700e-01
4.5261159e+03 -1.1920900e-01
4.5265255e+03 -9.9896997e-02
4.5269353e+03 -7.2717004e-02
4.5273451e+03 -4.2057000e-02
4.5277549e+03 -1.6617000e-02
4.5281654e+03 -8.0340002e-03
4.5285754e+03 -2.5319999e-02
4.5289855e+03 -6.9188997e-02
4.5293957e+03 -1.2988999e-01
4.5298059e+03 -1.8920800e-01
4.5302167e+03 -2.2888100e-01
4.5306271e+03 -2.3689200e-01
4.5310376e+03 -2.1219200e-01
4.5314482e+03 -1.6271999e-01
4.5318588e+03 -1.0120800e-01
4.5322700e+03 -4.0029999e-02
4.5326807e+03 1.1491000e-02
4.5330916e+03 4.7587998e-02
4.5335025e+03 6.6542000e-02
4.5339135e+03 7.0261002e-02
4.5343250e+03 6.3847996e-02
4.5347362e+03 5.1950999e-02
4.5351474e+03 3.6238998e-02
4.5355587e+03 1.4996000e-02
4.5359700e+03 -1.4805000e-02
4.5363820e+03 -5.3571999e-02
4.5367935e+03 -9.6082002e-02
4.5372051e+03 -1.3275100e-01
4.5376167e+03 -1.5389900e-01
4.5380285e+03 -1.5466200e-01
4.5384408e+03 -1.3835400e-01
4.5388527e+03 -1.1472700e-01
4.5392646e+03 -9.5558003e-02
4.5396767e+03 -8.7927997e-02
4.5400888e+03 -9.2482001e-02
4.5405015e+03 -1.0273400e-01
4.5409137e+03 -1.0910000e-01
4.5413261e+03 -1.0418800e-01
4.5417385e+03 -8.6498000e-02
4.5421510e+03 -6.0534000e-02
4.5425640e+03 -3.4116998e-02
4.5429767e+03 -1.3899000e-02
4.5433894e+03 -2.4790000e-03
4.5438022e+03 7.3899998e-04
4.5442150e+03 -1.2630000e-03
4.5446285e+03 -5.2689998e-03
4.5450415e+03 -8.3440002e-03
4.5454545e+03 -8.9159999e-03
