800  0.00
801  0.00
802  0.00
803  0.0009
804  0.0018
805  0.0009
806  0.0028
807  0.0018
808  0.0037
809  0.0009
810  0.0009
811  0.0028
812  0.0028
813  0.0009
814  0.0018
815  0.0018
816  0.0037
817  0.0018
818  0.0018
819  0.0037
820  0.0103
821  0.0150
822  0.0226
823  0.0386
824  0.0565
825  0.0782
826  0.1093
827  0.1347
828  0.1724
829  0.2167
830  0.2799
831  0.3694
832  0.4486
833  0.5466
834  0.6135
835  0.6569
836  0.7040
837  0.6644
838  0.7464
839  0.8096
840  0.8548
841  0.9594
842  0.9547
843  0.9736
844  0.9651
845  0.8897
846  0.8473
847  0.7643
848  0.7634
849  0.8067
850  0.7907
851  0.8567
852  0.8228
853  0.7964
854  0.7662
855  0.6597
856  0.6531
857  0.6437
858  0.6475
859  0.7012
860  0.7144
861  0.7851
862  0.7436
863  0.6936
864  0.7002
865  0.6126
866  0.6541
867  0.6786
868  0.6993
869  0.7907
870  0.8105
871  0.8199
872  0.8284
873  0.7596
874  0.7700
875  0.7483
876  0.7700
877  0.8454
878  0.8708
879  0.9745
880  0.9613
881  0.9142
882  0.8605
883  0.7295
884  0.6691
885  0.6295
886  0.5966
887  0.5975
888  0.5636
889  0.5428
890  0.4590
891  0.3722
892  0.3147
893  0.2431
894  0.2158
895  0.1856
896  0.1621
897  0.1489
898  0.1262
899  0.1055
900  0.0885
901  0.0659
902  0.0546
903  0.0442
904  0.0395
905  0.0358
906  0.0311
907  0.0282
908  0.0245
909  0.0197
910  0.0188
911  0.0141
912  0.0122
913  0.0094
914  0.0084
915  0.0084
916  0.0065
917  0.0065
918  0.0047
919  0.00
920  0.00
