9500.000  0.000
9700.000  0.000
9750.014  0.000
9759.999  0.00102
9770.013  0.00201
9779.995  0.00397
9790.006  0.00722
9799.984  0.01213
9809.993  0.01895
9820.002  0.02786
9830.006  0.03889
9840.009  0.05196
9850.011  0.06685
9860.011  0.08327
9870.011  0.10092
9880.007  0.11949
9890.003  0.13875
9899.998  0.15855
9909.990  0.17882
9920.013  0.19958
9930.002  0.22089
9939.990  0.24285
9950.008  0.26552
9959.991  0.28896
9970.005  0.31320
9979.987  0.33819
9989.999  0.36390
10000.00  0.39024
10009.98  0.41715
10019.99  0.44454
10029.99  0.47230
10039.99  0.50034
10050.00  0.52851
10060     0.55663
10069.99  0.58450
10079.99  0.61188
10089.98  0.63855
10100.01  0.66430
10110.00  0.68901
10119.99  0.71259
10129.98  0.73508
10140.00  0.75659
10149.98  0.77725
10160.00  0.79722
10170.01  0.81659
10179.99  0.83539
10190.00  0.85355
10200.01  0.87091
10209.98  0.88723
10219.99  0.90226
10229.99  0.91580
10239.99  0.92774
10249.99  0.93810
10259.99  0.94705
10269.99  0.95487
10279.98  0.96187
10290.00  0.96836
10300     0.97457
10309.98  0.98057
10320.00  0.98627
10329.99  0.99141
10340.01  0.99565
10349.99  0.99861
10360.00  1      
10369.98  0.99964
10379.99  0.99758
10390.00  0.99408
10400.00  0.98955
10410.01  0.98458
10420.01  0.97971
10430.01  0.97547
10440.01  0.97219
10450.00  0.96999
10460.00  0.96874
10469.99  0.96810
10479.98  0.96757
10490.01  0.96658
10500.00  0.96460
10509.98  0.96120
10520.00  0.95618
10529.98  0.94954
10539.99  0.94153
10550.00  0.93259
10559.98  0.92327
10569.99  0.91415
10580     0.90570
10590.00  0.89824
10600.00  0.89190
10610.00  0.88656
10620.00  0.88193
10630.00  0.87760
10639.99  0.87315
10649.98  0.86824
10660.01  0.86269
10670.00  0.85651
10679.99  0.84996
10690.00  0.84342
10699.99  0.83735
10710.00  0.83218
10719.98  0.82819
10729.99  0.82547
10740.00  0.82385
10750.01  0.82296
10759.98  0.82226
10769.98  0.82119
10779.98  0.81922
10789.98  0.81600
10799.98  0.81139
10810.01  0.80547
10820.00  0.79852
10830     0.79098
10839.98  0.78330
10850.00  0.77595
10859.99  0.76924
10870.01  0.76340
10879.99  0.75849
10890.00  0.75447
10899.98  0.75124
10909.99  0.74867
10920.00  0.74665
10930.00  0.74508
10940.00  0.74391
10950.01  0.74311
10960.01  0.74264
10970.00  0.74245
10980.00  0.74253
10989.99  0.74279
10999.98  0.74322
11010.01  0.74382
11019.99  0.74462
11029.98  0.74570
11040     0.74714
11050.01  0.74902
11059.99  0.75136
11070.00  0.75411
11080.01  0.75712
11089.98  0.76019
11099.99  0.76307
11109.99  0.76554
11119.99  0.76741
11129.99  0.76863
11139.99  0.76924
11149.98  0.76938
11160.01  0.76927
11170     0.76911
11179.98  0.76909
11190.00  0.76924
11199.99  0.76954
11210.00  0.76981
11219.98  0.76987
11229.99  0.76948
11240.00  0.76850
11250.01  0.76687
11259.98  0.76469
11269.99  0.76213
11279.99  0.75945
11289.99  0.75692
11299.98  0.75474
11310.01  0.75302
11320.00  0.75179
11329.99  0.75093
11339.98  0.75033
11350.00  0.74983
11359.99  0.74933
11370.00  0.74879
11379.98  0.74826
11389.99  0.74780
11400.00  0.74751
11410.01  0.74741
11419.98  0.74745
11429.98  0.74751
11439.98  0.74741
11449.98  0.74692
11460.01  0.74587
11470.01  0.74422
11480.00  0.74197
11489.99  0.73928
11500.01  0.73639
11509.99  0.73351
11519.98  0.73082
11529.99  0.72840
11540.00  0.72619
11549.98  0.72401
11559.99  0.72164
11570.00  0.71883
11580.00  0.71540
11590.00  0.71132
11600.00  0.70665
11610.00  0.70159
11619.99  0.69636
11629.99  0.69120
11640.01  0.68626
11650.00  0.68154
11659.99  0.67693
11670.00  0.67220
11679.98  0.66710
11690.00  0.66133
11700.01  0.65471
11709.98  0.64714
11719.99  0.63864
11729.99  0.62931
11740     0.61928
11750     0.60870
11759.99  0.59766
11769.99  0.58623
11779.98  0.57444
11790.00  0.56232
11799.99  0.54994
11809.98  0.53745
11820.00  0.52506
11829.98  0.51302
11839.99  0.50160
11850.00  0.49101
11860.01  0.48135
11869.98  0.47259
11879.99  0.46455
11889.99  0.45695
11899.99  0.44947
11909.98  0.44184
11919.98  0.43389
11930.00  0.42560
11939.99  0.41709
11949.98  0.40864
11960.00  0.40060
11969.98  0.39329
11980.00  0.38695
11990.01  0.38170
11999.99  0.37748
12009.99  0.37404
12020.00  0.37106
12030.00  0.36810
12040.00  0.36476
12050.00  0.36068
12059.99  0.35562
12069.99  0.34951
12080.01  0.34240
12090.00  0.33448
12099.99  0.32606
12110.00  0.31751
12119.98  0.30923
12130     0.30158
12140.00  0.29489
12149.98  0.28936
12159.99  0.28506
12169.99  0.28194
12179.99  0.27980
12189.99  0.27832
12199.98  0.27710
12210.01  0.27574
12220.00  0.27385
12229.99  0.27114
12240.01  0.26741
12249.99  0.26261
12260.00  0.25678
12269.99  0.25008
12280.00  0.24269
12290.00  0.23476
12300.01  0.22643
12310.01  0.21776
12320.01  0.20875
12330.01  0.19933
12340.00  0.18943
12350.00  0.17898
12359.99  0.16793
12370.01  0.15628
12379.99  0.14410
12390.01  0.13147
12399.99  0.11853
12410.00  0.10543
12419.98  0.09233
12429.99  0.07942
12439.99  0.06693
12449.99  0.05509
12459.99  0.04420
12469.99  0.03453
12479.98  0.02633
12490.00  0.01979
12499.99  0.01500
12509.98  0.01196
12520.00  0.01050
12529.98  0.01039
12539.99  0.01133
12550.00  0.010
12560.01  0.009
12569.98  0.00
12579.98  0.00
12589.99  0.00
12599.98  0.00
12610.01  0.00
12620.00  0.00
12629.99  0.00
12640.01  0.00
12650.00  0.00
13000.00  0.00

