14.2857143e+003    0.00E+00
14.2897971e+003    3.00E-01
14.2938822e+003    3.09E-01
14.2979697e+003    2.90E-01
14.3020595e+003    2.64E-01
14.3061516e+003    2.51E-01
14.3102461e+003    2.54E-01
14.314343e+003    2.60E-01
14.3184422e+003    2.64E-01
14.3225437e+003    2.58E-01
14.3266476e+003    2.37E-01
14.3307538e+003    1.94E-01
14.3348624e+003    1.34E-01
14.3389733e+003    6.65E-02
14.3430866e+003    -8.59E-04
14.3472023e+003    -5.87E-02
14.3513203e+003    -1.16E-01
14.3554407e+003    -1.78E-01
14.3595635e+003    -2.33E-01
14.3636886e+003    -2.66E-01
14.3678161e+003    -2.65E-01
14.371946e+003    -2.17E-01
14.3760782e+003    -1.31E-01
14.3802128e+003    -2.54E-02
14.3843498e+003    7.98E-02
14.3884892e+003    1.65E-01
14.392631e+003    2.38E-01
14.3967751e+003    3.11E-01
14.4009217e+003    3.74E-01
14.4050706e+003    4.17E-01
14.4092219e+003    4.31E-01
14.4133756e+003    4.00E-01
14.4175317e+003    3.31E-01
14.4216902e+003    2.46E-01
14.4258511e+003    1.68E-01
14.4300144e+003    1.17E-01
14.4341801e+003    9.84E-02
14.4383483e+003    9.64E-02
14.4425188e+003    1.06E-01
14.4466917e+003    1.21E-01
14.4508671e+003    1.37E-01
14.4550448e+003    1.56E-01
14.459225e+003    1.82E-01
14.4634076e+003    2.10E-01
14.4675926e+003    2.37E-01
14.47178e+003    2.57E-01
14.4759699e+003    2.73E-01
14.4801622e+003    2.87E-01
14.4843569e+003    2.97E-01
14.488554e+003    3.00E-01
14.4927536e+003    2.95E-01
14.4969556e+003    2.76E-01
14.5011601e+003    2.46E-01
14.505367e+003    2.11E-01
14.5095763e+003    1.76E-01
14.5137881e+003    1.50E-01
14.5180023e+003    1.35E-01
14.522219e+003    1.28E-01
14.5264381e+003    1.23E-01
14.5306597e+003    1.12E-01
14.5348837e+003    8.86E-02
14.5391102e+003    3.07E-02
14.5433392e+003    -5.75E-02
14.5475706e+003    -1.42E-01
14.5518044e+003    -1.89E-01
14.5560408e+003    -1.63E-01
14.5602796e+003    -1.85E-02
14.5645208e+003    2.22E-01
14.5687646e+003    4.89E-01
14.5730108e+003    7.11E-01
14.5772595e+003    8.18E-01
14.5815106e+003    7.59E-01
14.5857643e+003    5.80E-01
14.5900204e+003    3.60E-01
14.594279e+003    1.73E-01
14.5985401e+003    9.73E-02
14.6028037e+003    1.83E-01
14.6070698e+003    3.78E-01
14.6113384e+003    6.09E-01
14.6156095e+003    7.98E-01
14.619883e+003    8.73E-01
14.6241591e+003    7.88E-01
14.6284377e+003    5.95E-01
14.6327188e+003    3.58E-01
14.6370023e+003    1.41E-01
14.6412884e+003    8.75E-03
14.645577e+003    -3.97E-02
14.6498682e+003    -4.73E-02
14.6541618e+003    -1.28E-02
14.6584579e+003    6.53E-02
14.6627566e+003    1.88E-01
14.6670578e+003    4.01E-01
14.6713615e+003    7.02E-01
14.6756677e+003    1.02E+00
14.6799765e+003    1.30E+00
14.6842878e+003    1.47E+00
14.6886016e+003    1.48E+00
14.692918e+003    1.39E+00
14.6972369e+003    1.26E+00
14.7015584e+003    1.13E+00
14.7058824e+003    1.06E+00
14.7102089e+003    1.06E+00
14.714538e+003    1.11E+00
14.7188696e+003    1.18E+00
14.7232038e+003    1.23E+00
14.7275405e+003    1.25E+00
14.7318798e+003    1.21E+00
14.7362216e+003    1.13E+00
14.740566e+003    1.04E+00
14.744913e+003    9.72E-01
14.7492625e+003    9.53E-01
14.7536146e+003    9.84E-01
14.7579693e+003    1.04E+00
14.7623265e+003    1.13E+00
14.7666864e+003    1.26E+00
14.7710487e+003    1.41E+00
14.7754137e+003    1.62E+00
14.7797813e+003    1.87E+00
14.7841514e+003    2.15E+00
14.7885241e+003    2.44E+00
14.7928994e+003    2.69E+00
14.7972773e+003    2.92E+00
14.8016578e+003    3.13E+00
14.8060409e+003    3.34E+00
14.8104265e+003    3.56E+00
14.8148148e+003    3.79E+00
14.8192057e+003    4.00E+00
14.8235992e+003    4.18E+00
14.8279953e+003    4.38E+00
14.8323939e+003    4.69E+00
14.8367953e+003    5.15E+00
14.8411992e+003    5.73E+00
14.8456057e+003    6.40E+00
14.8500149e+003    7.20E+00
14.8544266e+003    8.19E+00
14.858841e+003    9.42E+00
14.863258e+003    1.08E+01
14.8676777e+003    1.24E+01
14.8720999e+003    1.41E+01
14.8765248e+003    1.63E+01
14.8809524e+003    1.89E+01
14.8853826e+003    2.20E+01
14.8898154e+003    2.58E+01
14.8942508e+003    2.98E+01
14.8986889e+003    3.39E+01
14.9031297e+003    3.79E+01
14.907573e+003    4.23E+01
14.9120191e+003    4.72E+01
14.9164678e+003    5.19E+01
14.9209191e+003    5.55E+01
14.9253731e+003    5.74E+01
14.9298298e+003    5.70E+01
14.9342891e+003    5.51E+01
14.9387511e+003    5.20E+01
14.9432158e+003    4.83E+01
14.9476831e+003    4.47E+01
14.9521531e+003    4.08E+01
14.9566258e+003    3.62E+01
14.9611011e+003    3.15E+01
14.9655792e+003    2.68E+01
14.9700599e+003    2.27E+01
14.9745433e+003    1.90E+01
14.9790294e+003    1.55E+01
14.9835181e+003    1.23E+01
14.9880096e+003    9.49E+00
14.9925037e+003    7.32E+00
14.9970006e+003    5.94E+00
15.0015002e+003    5.25E+00
15.0060024e+003    4.97E+00
15.0105074e+003    4.82E+00
15.015015e+003    4.51E+00
15.0195254e+003    4.06E+00
15.0240385e+003    3.64E+00
15.0285543e+003    3.26E+00
15.0330728e+003    2.91E+00
15.037594e+003    2.58E+00
15.0421179e+003    2.27E+00
15.0466446e+003    1.98E+00
15.051174e+003    1.73E+00
15.0557061e+003    1.52E+00
15.060241e+003    1.38E+00
15.0647785e+003    1.32E+00
15.0693189e+003    1.33E+00
15.0738619e+003    1.39E+00
15.0784077e+003    1.45E+00
15.0829563e+003    1.48E+00
15.0875075e+003    1.48E+00
15.0920616e+003    1.48E+00
15.0966184e+003    1.47E+00
15.1011779e+003    1.43E+00
15.1057402e+003    1.36E+00
15.1103052e+003    1.24E+00
15.114873e+003    1.06E+00
15.1194436e+003    8.72E-01
15.1240169e+003    6.98E-01
15.128593e+003    5.73E-01
15.1331719e+003    4.93E-01
15.1377536e+003    4.37E-01
15.142338e+003    4.09E-01
15.1469252e+003    4.16E-01
15.1515152e+003    4.62E-01
15.1561079e+003    5.81E-01
15.1607035e+003    7.71E-01
15.1653018e+003    9.79E-01
15.1699029e+003    1.16E+00
15.1745068e+003    1.25E+00
15.1791135e+003    1.24E+00
15.183723e+003    1.16E+00
15.1883354e+003    1.05E+00
15.1929505e+003    9.17E-01
15.1975684e+003    8.03E-01
15.2021891e+003    6.94E-01
15.2068127e+003    5.73E-01
15.211439e+003    4.53E-01
15.2160682e+003    3.46E-01
15.2207002e+003    2.65E-01
15.225335e+003    2.09E-01
15.2299726e+003    1.68E-01
15.234613e+003    1.46E-01
15.2392563e+003    1.44E-01
15.2439024e+003    1.65E-01
15.2485514e+003    2.24E-01
15.2532032e+003    3.20E-01
15.2578578e+003    4.29E-01
15.2625153e+003    5.28E-01
15.2671756e+003    5.92E-01
15.2718387e+003    6.20E-01
15.2765047e+003    6.26E-01
15.2811736e+003    6.15E-01
15.2858453e+003    5.92E-01
15.2905199e+003    5.62E-01
15.2951973e+003    5.22E-01
15.2998776e+003    4.69E-01
15.3045608e+003    4.07E-01
15.3092468e+003    3.39E-01
15.3139357e+003    2.68E-01
15.3186275e+003    1.81E-01
15.3233221e+003    7.69E-02
15.3280196e+003    -2.64E-02
15.33272e+003    -1.10E-01
15.3374233e+003    -1.55E-01
15.3421295e+003    -1.54E-01
15.3468386e+003    -1.20E-01
15.3515505e+003    -6.34E-02
15.3562654e+003    5.24E-03
15.3609831e+003    7.57E-02
15.3657037e+003    1.69E-01
15.3704273e+003    2.92E-01
15.3751538e+003    4.14E-01
15.3798831e+003    5.02E-01
15.3846154e+003    5.24E-01
15.3893506e+003    4.48E-01
15.3940887e+003    2.96E-01
15.3988297e+003    1.15E-01
15.4035736e+003    -4.37E-02
15.4083205e+003    -1.33E-01
15.4130703e+003    -1.30E-01
15.417823e+003    -6.88E-02
15.4225787e+003    1.95E-02
15.4273372e+003    1.04E-01
15.4320988e+003    1.52E-01
15.4368632e+003    1.52E-01
15.4416306e+003    1.25E-01
15.446401e+003    8.87E-02
15.4511743e+003    6.41E-02
15.4559505e+003    7.00E-02
15.4607297e+003    1.32E-01
15.4655119e+003    2.38E-01
15.470297e+003    3.48E-01
15.4750851e+003    4.24E-01
15.4798762e+003    4.28E-01
15.4846702e+003    3.17E-01
15.4894672e+003    1.18E-01
15.4942671e+003    -1.07E-01
15.4990701e+003    -2.96E-01
15.503876e+003    -3.88E-01
15.5086849e+003    -3.61E-01
15.5134967e+003    -2.58E-01
15.5183116e+003    -1.07E-01
15.5231295e+003    5.86E-02
15.5279503e+003    2.10E-01
15.5327742e+003    3.74E-01
15.537601e+003    5.70E-01
15.5424308e+003    7.59E-01
15.5472637e+003    9.01E-01
15.5520995e+003    9.58E-01
15.5569384e+003    8.91E-01
15.5617803e+003    7.26E-01
15.5666252e+003    5.22E-01
15.5714731e+003    3.34E-01
15.576324e+003    2.20E-01
15.5811779e+003    2.08E-01
15.5860349e+003    2.61E-01
15.5908949e+003    3.36E-01
15.595758e+003    3.90E-01
15.600624e+003    3.81E-01
15.6054931e+003    2.79E-01
15.6103653e+003    1.13E-01
15.6152405e+003    -7.35E-02
15.6201187e+003    -2.37E-01
15.625e+003    0.00E+00
