13.3333333e+003    0.00E+00
13.3368898e+003    3.34E-02
13.3404482e+003    6.70E-02
13.3440085e+003    7.42E-02
13.3475707e+003    6.50E-02
13.3511348e+003    6.14E-02
13.3547009e+003    7.70E-02
13.3582688e+003    1.07E-01
13.3618386e+003    1.38E-01
13.3654103e+003    1.65E-01
13.368984e+003    1.93E-01
13.3725595e+003    2.25E-01
13.376137e+003    2.58E-01
13.3797164e+003    2.85E-01
13.3832976e+003    3.01E-01
13.3868809e+003    3.10E-01
13.390466e+003    3.18E-01
13.394053e+003    3.26E-01
13.397642e+003    3.21E-01
13.4012329e+003    2.85E-01
13.4048257e+003    2.06E-01
13.4084205e+003    9.18E-02
13.4120172e+003    -2.56E-02
13.4156158e+003    -1.11E-01
13.4192163e+003    -1.43E-01
13.4228188e+003    -1.30E-01
13.4264232e+003    -9.70E-02
13.4300295e+003    -7.56E-02
13.4336378e+003    -7.94E-02
13.4372481e+003    -1.00E-01
13.4408602e+003    -1.16E-01
13.4444743e+003    -1.14E-01
13.4480904e+003    -1.03E-01
13.4517084e+003    -1.13E-01
13.4553283e+003    -1.67E-01
13.4589502e+003    -2.63E-01
13.462574e+003    -3.67E-01
13.4661998e+003    -4.35E-01
13.4698276e+003    -4.34E-01
13.4734573e+003    -3.65E-01
13.4770889e+003    -2.57E-01
13.4807226e+003    -1.48E-01
13.4843581e+003    -5.79E-02
13.4879957e+003    1.11E-02
13.4916352e+003    6.61E-02
13.4952767e+003    1.09E-01
13.4989201e+003    1.41E-01
13.5025655e+003    1.69E-01
13.5062129e+003    2.04E-01
13.5098622e+003    2.51E-01
13.5135135e+003    3.03E-01
13.5171668e+003    3.47E-01
13.5208221e+003    3.76E-01
13.5244793e+003    3.88E-01
13.5281385e+003    3.84E-01
13.5317997e+003    3.61E-01
13.5354629e+003    3.17E-01
13.5391281e+003    2.58E-01
13.5427952e+003    2.07E-01
13.5464644e+003    1.90E-01
13.5501355e+003    2.16E-01
13.5538086e+003    2.67E-01
13.5574837e+003    2.99E-01
13.5611608e+003    2.78E-01
13.5648399e+003    2.03E-01
13.568521e+003    1.08E-01
13.5722041e+003    3.40E-02
13.5758892e+003    2.30E-05
13.5795763e+003    -1.14E-03
13.5832654e+003    1.14E-02
13.5869565e+003    1.95E-02
13.5906496e+003    1.49E-02
13.5943448e+003    1.22E-03
13.5980419e+003    -9.04E-03
13.601741e+003    -4.74E-03
13.6054422e+003    9.23E-03
13.6091453e+003    1.08E-02
13.6128505e+003    -1.98E-02
13.6165577e+003    -7.87E-02
13.620267e+003    -1.33E-01
13.6239782e+003    -1.45E-01
13.6276915e+003    -9.83E-02
13.6314068e+003    -1.31E-02
13.6351241e+003    6.88E-02
13.6388434e+003    1.13E-01
13.6425648e+003    1.15E-01
13.6462882e+003    9.96E-02
13.6500137e+003    9.16E-02
13.6537411e+003    9.74E-02
13.6574706e+003    1.03E-01
13.6612022e+003    9.15E-02
13.6649358e+003    6.32E-02
13.6686714e+003    2.78E-02
13.6724091e+003    -7.63E-03
13.6761488e+003    -4.66E-02
13.6798906e+003    -9.53E-02
13.6836344e+003    -1.51E-01
13.6873802e+003    -1.96E-01
13.6911281e+003    -2.11E-01
13.6948781e+003    -1.88E-01
13.6986301e+003    -1.38E-01
13.7023842e+003    -8.05E-02
13.7061404e+003    -2.55E-02
13.7098985e+003    2.85E-02
13.7136588e+003    8.26E-02
13.7174211e+003    1.24E-01
13.7211855e+003    1.30E-01
13.724952e+003    8.90E-02
13.7287205e+003    1.83E-02
13.7324911e+003    -4.53E-02
13.7362637e+003    -6.97E-02
13.7400385e+003    -4.47E-02
13.7438153e+003    1.25E-02
13.7475942e+003    7.31E-02
13.7513751e+003    1.12E-01
13.7551582e+003    1.23E-01
13.7589433e+003    1.11E-01
13.7627305e+003    8.96E-02
13.7665198e+003    7.10E-02
13.7703112e+003    6.44E-02
13.7741047e+003    7.78E-02
13.7779002e+003    1.16E-01
13.7816979e+003    1.77E-01
13.7854977e+003    2.42E-01
13.7892995e+003    2.90E-01
13.7931034e+003    3.00E-01
13.7969095e+003    2.70E-01
13.8007176e+003    2.17E-01
13.8045279e+003    1.64E-01
13.8083402e+003    1.24E-01
13.8121547e+003    9.84E-02
13.8159713e+003    8.24E-02
13.8197899e+003    7.64E-02
13.8236107e+003    8.39E-02
13.8274336e+003    1.05E-01
13.8312586e+003    1.36E-01
13.8350858e+003    1.71E-01
13.838915e+003    2.07E-01
13.8427464e+003    2.41E-01
13.8465799e+003    2.68E-01
13.8504155e+003    2.80E-01
13.8542533e+003    2.74E-01
13.8580931e+003    2.51E-01
13.8619351e+003    2.24E-01
13.8657793e+003    2.07E-01
13.8696255e+003    2.12E-01
13.8734739e+003    2.43E-01
13.8773245e+003    2.96E-01
13.8811771e+003    3.67E-01
13.8850319e+003    4.46E-01
13.8888889e+003    5.08E-01
13.892748e+003    5.19E-01
13.8966092e+003    4.62E-01
13.9004726e+003    3.63E-01
13.9043382e+003    2.79E-01
13.9082058e+003    2.59E-01
13.9120757e+003    3.05E-01
13.9159477e+003    3.85E-01
13.9198218e+003    4.52E-01
13.9236981e+003    4.72E-01
13.9275766e+003    4.23E-01
13.9314572e+003    2.96E-01
13.93534e+003    1.10E-01
13.939225e+003    -9.02E-02
13.9431121e+003    -2.44E-01
13.9470014e+003    -3.12E-01
13.9508929e+003    -2.89E-01
13.9547865e+003    -2.12E-01
13.9586823e+003    -1.28E-01
13.9625803e+003    -7.57E-02
13.9664804e+003    -6.68E-02
13.9703828e+003    -8.35E-02
13.9742873e+003    -9.57E-02
13.978194e+003    -7.97E-02
13.9821029e+003    -3.41E-02
13.986014e+003    2.37E-02
13.9899273e+003    6.73E-02
13.9938427e+003    7.93E-02
13.9977604e+003    6.08E-02
14.0016802e+003    3.29E-02
14.0056022e+003    1.99E-02
14.0095265e+003    3.08E-02
14.0134529e+003    5.22E-02
14.0173816e+003    6.61E-02
14.0213124e+003    7.31E-02
14.0252454e+003    1.03E-01
14.0291807e+003    1.88E-01
14.0331182e+003    3.36E-01
14.0370578e+003    5.08E-01
14.0409997e+003    6.48E-01
14.0449438e+003    7.09E-01
14.0488901e+003    6.89E-01
14.0528387e+003    6.23E-01
14.0567894e+003    5.66E-01
14.0607424e+003    5.49E-01
14.0646976e+003    5.71E-01
14.068655e+003    6.06E-01
14.0726147e+003    6.27E-01
14.0765766e+003    6.16E-01
14.0805407e+003    5.71E-01
14.084507e+003    5.04E-01
14.0884756e+003    4.33E-01
14.0924464e+003    3.78E-01
14.0964195e+003    3.42E-01
14.1003948e+003    3.15E-01
14.1043724e+003    2.78E-01
14.1083521e+003    2.28E-01
14.1123342e+003    1.81E-01
14.1163185e+003    1.69E-01
14.120305e+003    2.14E-01
14.1242938e+003    3.11E-01
14.1282848e+003    4.23E-01
14.1322781e+003    5.13E-01
14.1362737e+003    5.64E-01
14.1402715e+003    5.92E-01
14.1442716e+003    6.06E-01
14.1482739e+003    5.87E-01
14.1522785e+003    5.08E-01
14.1562854e+003    3.71E-01
14.1602945e+003    2.21E-01
14.1643059e+003    1.23E-01
14.1683196e+003    1.14E-01
14.1723356e+003    2.01E-01
14.1763538e+003    3.65E-01
14.1803744e+003    5.73E-01
14.1843972e+003    7.80E-01
14.1884222e+003    9.27E-01
14.1924496e+003    9.77E-01
14.1964793e+003    9.39E-01
14.2005112e+003    8.70E-01
14.2045455e+003    8.36E-01
14.208582e+003    8.80E-01
14.2126208e+003    1.00E+00
14.2166619e+003    1.16E+00
14.2207053e+003    1.31E+00
14.2247511e+003    1.39E+00
14.2287991e+003    1.38E+00
14.2328494e+003    1.27E+00
14.2369021e+003    1.13E+00
14.240957e+003    9.92E-01
14.2450142e+003    9.22E-01
14.2490738e+003    9.40E-01
14.2531357e+003    1.02E+00
14.2571999e+003    1.11E+00
14.2612664e+003    1.15E+00
14.2653352e+003    1.14E+00
14.2694064e+003    1.10E+00
14.2734799e+003    1.09E+00
14.2775557e+003    1.15E+00
14.2816338e+003    1.30E+00
14.2857143e+003    1.51E+00
14.2897971e+003    1.71E+00
14.2938822e+003    1.84E+00
14.2979697e+003    1.90E+00
14.3020595e+003    1.90E+00
14.3061516e+003    1.91E+00
14.3102461e+003    1.97E+00
14.314343e+003    2.09E+00
14.3184422e+003    2.25E+00
14.3225437e+003    2.41E+00
14.3266476e+003    2.54E+00
14.3307538e+003    2.65E+00
14.3348624e+003    2.74E+00
14.3389733e+003    2.83E+00
14.3430866e+003    2.90E+00
14.3472023e+003    2.95E+00
14.3513203e+003    2.99E+00
14.3554407e+003    3.04E+00
14.3595635e+003    3.13E+00
14.3636886e+003    3.30E+00
14.3678161e+003    3.53E+00
14.371946e+003    3.79E+00
14.3760782e+003    4.03E+00
14.3802128e+003    4.20E+00
14.3843498e+003    4.31E+00
14.3884892e+003    4.39E+00
14.392631e+003    4.47E+00
14.3967751e+003    4.59E+00
14.4009217e+003    4.76E+00
14.4050706e+003    5.02E+00
14.4092219e+003    5.35E+00
14.4133756e+003    5.73E+00
14.4175317e+003    6.11E+00
14.4216902e+003    6.50E+00
14.4258511e+003    6.93E+00
14.4300144e+003    7.41E+00
14.4341801e+003    7.93E+00
14.4383483e+003    8.44E+00
14.4425188e+003    8.88E+00
14.4466917e+003    9.24E+00
14.4508671e+003    9.56E+00
14.4550448e+003    9.89E+00
14.459225e+003    1.03E+01
14.4634076e+003    1.08E+01
14.4675926e+003    1.14E+01
14.47178e+003    1.21E+01
14.4759699e+003    1.29E+01
14.4801622e+003    1.38E+01
14.4843569e+003    1.48E+01
14.488554e+003    1.58E+01
14.4927536e+003    1.68E+01
14.4969556e+003    1.78E+01
14.5011601e+003    1.88E+01
14.505367e+003    1.98E+01
14.5095763e+003    2.10E+01
14.5137881e+003    2.23E+01
14.5180023e+003    2.37E+01
14.522219e+003    2.51E+01
14.5264381e+003    2.64E+01
14.5306597e+003    2.77E+01
14.5348837e+003    2.91E+01
14.5391102e+003    3.07E+01
14.5433392e+003    3.24E+01
14.5475706e+003    3.43E+01
14.5518044e+003    3.62E+01
14.5560408e+003    3.82E+01
14.5602796e+003    4.01E+01
14.5645208e+003    4.19E+01
14.5687646e+003    4.37E+01
14.5730108e+003    4.56E+01
14.5772595e+003    4.74E+01
14.5815106e+003    4.93E+01
14.5857643e+003    5.13E+01
14.5900204e+003    5.32E+01
14.594279e+003    5.49E+01
14.5985401e+003    5.66E+01
14.6028037e+003    5.82E+01
14.6070698e+003    5.99E+01
14.6113384e+003    6.16E+01
14.6156095e+003    6.34E+01
14.619883e+003    6.51E+01
14.6241591e+003    6.66E+01
14.6284377e+003    6.80E+01
14.6327188e+003    6.92E+01
14.6370023e+003    7.04E+01
14.6412884e+003    7.16E+01
14.645577e+003    7.28E+01
14.6498682e+003    7.39E+01
14.6541618e+003    7.48E+01
14.6584579e+003    7.55E+01
14.6627566e+003    7.60E+01
14.6670578e+003    7.63E+01
14.6713615e+003    7.67E+01
14.6756677e+003    7.72E+01
14.6799765e+003    7.77E+01
14.6842878e+003    7.82E+01
14.6886016e+003    7.86E+01
14.692918e+003    7.88E+01
14.6972369e+003    7.89E+01
14.7015584e+003    7.89E+01
14.7058824e+003    7.89E+01
14.7102089e+003    7.89E+01
14.714538e+003    7.88E+01
14.7188696e+003    7.85E+01
14.7232038e+003    7.80E+01
14.7275405e+003    7.74E+01
14.7318798e+003    7.69E+01
14.7362216e+003    7.64E+01
14.740566e+003    7.60E+01
14.744913e+003    7.54E+01
14.7492625e+003    7.45E+01
14.7536146e+003    7.33E+01
14.7579693e+003    7.20E+01
14.7623265e+003    7.07E+01
14.7666864e+003    6.94E+01
14.7710487e+003    6.82E+01
14.7754137e+003    6.70E+01
14.7797813e+003    6.56E+01
14.7841514e+003    6.41E+01
14.7885241e+003    6.24E+01
14.7928994e+003    6.06E+01
14.7972773e+003    5.89E+01
14.8016578e+003    5.72E+01
14.8060409e+003    5.55E+01
14.8104265e+003    5.37E+01
14.8148148e+003    5.17E+01
14.8192057e+003    4.95E+01
14.8235992e+003    4.72E+01
14.8279953e+003    4.48E+01
14.8323939e+003    4.26E+01
14.8367953e+003    4.06E+01
14.8411992e+003    3.88E+01
14.8456057e+003    3.71E+01
14.8500149e+003    3.54E+01
14.8544266e+003    3.37E+01
14.858841e+003    3.20E+01
14.863258e+003    3.02E+01
14.8676777e+003    2.86E+01
14.8720999e+003    2.70E+01
14.8765248e+003    2.56E+01
14.8809524e+003    2.42E+01
14.8853826e+003    2.29E+01
14.8898154e+003    2.16E+01
14.8942508e+003    2.02E+01
14.8986889e+003    1.89E+01
14.9031297e+003    1.78E+01
14.907573e+003    1.68E+01
14.9120191e+003    1.60E+01
14.9164678e+003    1.52E+01
14.9209191e+003    1.45E+01
14.9253731e+003    1.38E+01
14.9298298e+003    1.29E+01
14.9342891e+003    1.19E+01
14.9387511e+003    1.09E+01
14.9432158e+003    1.00E+01
14.9476831e+003    9.49E+00
14.9521531e+003    9.18E+00
14.9566258e+003    8.76E+00
14.9611011e+003    7.97E+00
14.9655792e+003    6.88E+00
14.9700599e+003    5.86E+00
14.9745433e+003    5.24E+00
14.9790294e+003    5.11E+00
14.9835181e+003    5.27E+00
14.9880096e+003    5.48E+00
14.9925037e+003    5.56E+00
14.9970006e+003    5.48E+00
15.0015002e+003    5.29E+00
15.0060024e+003    5.05E+00
15.0105074e+003    4.81E+00
15.015015e+003    4.57E+00
15.0195254e+003    4.31E+00
15.0240385e+003    4.04E+00
15.0285543e+003    3.77E+00
15.0330728e+003    3.52E+00
15.037594e+003    3.30E+00
15.0421179e+003    3.08E+00
15.0466446e+003    2.83E+00
15.051174e+003    2.56E+00
15.0557061e+003    2.31E+00
15.060241e+003    2.11E+00
15.0647785e+003    1.99E+00
15.0693189e+003    1.95E+00
15.0738619e+003    1.96E+00
15.0784077e+003    1.99E+00
15.0829563e+003    1.99E+00
15.0875075e+003    1.95E+00
15.0920616e+003    1.86E+00
15.0966184e+003    1.72E+00
15.1011779e+003    1.56E+00
15.1057402e+003    1.40E+00
15.1103052e+003    1.24E+00
15.114873e+003    1.10E+00
15.1194436e+003    1.00E+00
15.1240169e+003    9.66E-01
15.128593e+003    9.68E-01
15.1331719e+003    9.85E-01
15.1377536e+003    1.01E+00
15.142338e+003    1.05E+00
15.1469252e+003    1.13E+00
15.1515152e+003    1.24E+00
15.1561079e+003    1.36E+00
15.1607035e+003    1.44E+00
15.1653018e+003    1.46E+00
15.1699029e+003    1.41E+00
15.1745068e+003    1.32E+00
15.1791135e+003    1.22E+00
15.183723e+003    1.12E+00
15.1883354e+003    1.05E+00
15.1929505e+003    9.99E-01
15.1975684e+003    9.37E-01
15.2021891e+003    8.41E-01
15.2068127e+003    7.04E-01
15.211439e+003    5.57E-01
15.2160682e+003    4.55E-01
15.2207002e+003    4.44E-01
15.225335e+003    5.14E-01
15.2299726e+003    5.98E-01
15.234613e+003    6.29E-01
15.2392563e+003    6.08E-01
15.2439024e+003    5.96E-01
15.2485514e+003    6.64E-01
15.2532032e+003    8.20E-01
15.2578578e+003    1.02E+00
15.2625153e+003    1.20E+00
15.2671756e+003    1.31E+00
15.2718387e+003    1.32E+00
15.2765047e+003    1.23E+00
15.2811736e+003    1.06E+00
15.2858453e+003    8.59E-01
15.2905199e+003    6.94E-01
15.2951973e+003    5.80E-01
15.2998776e+003    4.96E-01
15.3045608e+003    4.08E-01
15.3092468e+003    3.07E-01
15.3139357e+003    2.18E-01
15.3186275e+003    1.83E-01
15.3233221e+003    2.25E-01
15.3280196e+003    3.25E-01
15.33272e+003    4.27E-01
15.3374233e+003    4.83E-01
15.3421295e+003    4.76E-01
15.3468386e+003    4.24E-01
15.3515505e+003    3.49E-01
15.3562654e+003    2.58E-01
15.3609831e+003    1.57E-01
15.3657037e+003    5.39E-02
15.3704273e+003    -4.16E-02
15.3751538e+003    -1.31E-01
15.3798831e+003    -2.08E-01
15.3846154e+003    -2.39E-01
15.3893506e+003    -1.63E-01
15.3940887e+003    3.88E-02
15.3988297e+003    3.15E-01
15.4035736e+003    5.58E-01
15.4083205e+003    6.87E-01
15.4130703e+003    6.88E-01
15.417823e+003    6.06E-01
15.4225787e+003    4.93E-01
15.4273372e+003    3.91E-01
15.4320988e+003    3.28E-01
15.4368632e+003    3.16E-01
15.4416306e+003    3.48E-01
15.446401e+003    3.97E-01
15.4511743e+003    4.37E-01
15.4559505e+003    4.63E-01
15.4607297e+003    4.82E-01
15.4655119e+003    4.89E-01
15.470297e+003    4.62E-01
15.4750851e+003    3.82E-01
15.4798762e+003    2.53E-01
15.4846702e+003    1.01E-01
15.4894672e+003    -4.32E-02
15.4942671e+003    -1.54E-01
15.4990701e+003    -2.10E-01
15.503876e+003    -1.96E-01
15.5086849e+003    -1.05E-01
15.5134967e+003    4.61E-02
15.5183116e+003    2.24E-01
15.5231295e+003    3.97E-01
15.5279503e+003    5.47E-01
15.5327742e+003    6.69E-01
15.537601e+003    7.57E-01
15.5424308e+003    7.97E-01
15.5472637e+003    7.70E-01
15.5520995e+003    6.74E-01
15.5569384e+003    5.41E-01
15.5617803e+003    4.29E-01
15.5666252e+003    3.85E-01
15.5714731e+003    4.14E-01
15.576324e+003    4.82E-01
15.5811779e+003    5.47E-01
15.5860349e+003    5.91E-01
15.5908949e+003    6.17E-01
15.595758e+003    6.29E-01
15.600624e+003    6.16E-01
15.6054931e+003    5.66E-01
15.6103653e+003    4.75E-01
15.6152405e+003    3.57E-01
15.6201187e+003    2.33E-01
15.625e+003    1.30E-01
15.6298843e+003    6.55E-02
15.6347717e+003    4.11E-02
15.6396622e+003    4.39E-02
15.6445557e+003    5.51E-02
15.6494523e+003    7.40E-02
15.6543519e+003    1.20E-01
15.6592546e+003    2.11E-01
15.6641604e+003    3.35E-01
15.6690693e+003    4.52E-01
15.6739812e+003    5.22E-01
15.6788962e+003    5.35E-01
15.6838143e+003    5.00E-01
15.6887355e+003    4.28E-01
15.6936598e+003    3.26E-01
15.6985871e+003    2.09E-01
15.7035176e+003    1.17E-01
15.7084511e+003    9.40E-02
15.7133878e+003    1.62E-01
15.7183276e+003    2.89E-01
15.7232704e+003    4.10E-01
15.7282164e+003    4.58E-01
15.7331655e+003    4.15E-01
15.7381177e+003    3.14E-01
15.743073e+003    1.98E-01
15.7480315e+003    8.58E-02
15.7529931e+003    -3.51E-02
15.7579578e+003    -1.68E-01
15.7629256e+003    -2.76E-01
15.7678966e+003    -2.97E-01
15.7728707e+003    -1.97E-01
15.7778479e+003    -3.10E-03
15.7828283e+003    2.17E-01
15.7878118e+003    3.91E-01
15.7927985e+003    4.99E-01
15.7977883e+003    5.65E-01
15.8027813e+003    6.20E-01
15.8077774e+003    6.64E-01
15.8127767e+003    6.64E-01
15.8177792e+003    5.93E-01
15.8227848e+003    4.67E-01
15.8277936e+003    3.34E-01
15.8328056e+003    2.41E-01
15.8378207e+003    2.12E-01
15.842839e+003    2.58E-01
15.8478605e+003    3.89E-01
15.8528852e+003    5.94E-01
15.8579131e+003    8.23E-01
15.8629442e+003    9.85E-01
15.8679784e+003    9.89E-01
15.8730159e+003    8.02E-01
15.8780565e+003    4.87E-01
15.8831004e+003    1.71E-01
15.8881474e+003    -2.00E-02
15.8931977e+003    -4.82E-02
15.8982512e+003    3.41E-02
15.9033079e+003    1.32E-01
15.9083678e+003    1.79E-01
15.9134309e+003    1.52E-01
15.9184973e+003    6.26E-02
15.9235669e+003    -5.90E-02
15.9286397e+003    -1.64E-01
15.9337157e+003    -1.87E-01
15.938795e+003    -9.21E-02
15.9438776e+003    9.52E-02
15.9489633e+003    2.82E-01
15.9540523e+003    3.60E-01
15.9591446e+003    2.75E-01
15.9642401e+003    6.44E-02
15.9693389e+003    -1.57E-01
15.9744409e+003    -2.62E-01
15.9795462e+003    -1.90E-01
15.9846547e+003    4.08E-03
15.9897665e+003    1.85E-01
15.9948816e+003    2.25E-01
16.0e+003    1.11E-01
16.0051216e+003    -5.06E-02
16.0102466e+003    -1.11E-01
16.0153748e+003    -9.97E-03
16.0205062e+003    1.84E-01
16.025641e+003    3.22E-01
16.0307791e+003    3.02E-01
16.0359205e+003    1.25E-01
16.0410651e+003    -1.01E-01
16.0462131e+003    -2.55E-01
16.0513644e+003    -2.77E-01
16.0565189e+003    -1.98E-01
16.0616768e+003    -8.11E-02
16.066838e+003    2.18E-02
16.0720026e+003    8.83E-02
16.0771704e+003    1.05E-01
16.0823416e+003    5.92E-02
16.0875161e+003    -4.12E-02
16.0926939e+003    -1.47E-01
16.0978751e+003    -1.97E-01
16.1030596e+003    -1.77E-01
16.1082474e+003    -1.34E-01
16.1134386e+003    -1.47E-01
16.1186331e+003    -2.46E-01
16.123831e+003    -3.80E-01
16.1290323e+003    -4.45E-01
16.1342369e+003    -3.56E-01
16.1394448e+003    -1.19E-01
16.1446561e+003    1.68E-01
16.1498708e+003    3.80E-01
16.1550889e+003    4.44E-01
16.1603103e+003    3.78E-01
16.1655351e+003    2.60E-01
16.1707633e+003    1.65E-01
16.1759948e+003    1.12E-01
16.1812298e+003    7.44E-02
16.1864681e+003    1.69E-02
16.1917098e+003    -6.35E-02
16.196955e+003    -1.39E-01
16.2022035e+003    -1.81E-01
16.2074554e+003    -1.90E-01
16.2127108e+003    -1.74E-01
16.2179695e+003    -1.31E-01
16.2232317e+003    -6.31E-02
16.2284972e+003    4.60E-03
16.2337662e+003    2.54E-02
16.2390386e+003    -2.79E-02
16.2443145e+003    -1.31E-01
16.2495938e+003    -2.27E-01
16.2548765e+003    -2.71E-01
16.2601626e+003    -2.54E-01
16.2654522e+003    -1.87E-01
16.2707452e+003    -7.63E-02
16.2760417e+003    6.59E-02
16.2813416e+003    2.10E-01
16.286645e+003    3.05E-01
16.2919518e+003    3.04E-01
16.2972621e+003    2.08E-01
16.3025758e+003    8.09E-02
16.307893e+003    1.64E-02
16.3132137e+003    6.83E-02
16.3185379e+003    1.96E-01
16.3238655e+003    2.97E-01
16.3291966e+003    2.81E-01
16.3345312e+003    1.58E-01
16.3398693e+003    1.85E-02
16.3452109e+003    -3.19E-02
16.3505559e+003    3.10E-02
16.3559045e+003    1.38E-01
16.3612565e+003    1.73E-01
16.3666121e+003    6.45E-02
16.3719712e+003    -1.68E-01
16.3773338e+003    -4.21E-01
16.3826999e+003    -5.86E-01
16.3880695e+003    -6.14E-01
16.3934426e+003    -5.49E-01
16.3988193e+003    -4.77E-01
16.4041995e+003    -4.44E-01
16.4095832e+003    -4.09E-01
16.4149705e+003    -2.83E-01
16.4203612e+003    -2.58E-02
16.4257556e+003    3.07E-01
16.4311535e+003    6.12E-01
16.4365549e+003    8.06E-01
16.4419599e+003    8.58E-01
16.4473684e+003    7.71E-01
16.4527805e+003    5.68E-01
16.4581962e+003    3.18E-01
16.4636154e+003    1.24E-01
16.4690382e+003    5.97E-02
16.4744646e+003    1.04E-01
16.4798945e+003    1.50E-01
16.4853281e+003    9.57E-02
16.4907652e+003    -7.09E-02
16.4962059e+003    -2.73E-01
16.5016502e+003    -4.08E-01
16.5070981e+003    -4.23E-01
16.5125495e+003    -3.35E-01
16.5180046e+003    -2.07E-01
16.5234633e+003    -9.45E-02
16.5289256e+003    -1.64E-02
16.5343915e+003    4.10E-02
16.5398611e+003    9.45E-02
16.5453342e+003    1.44E-01
16.550811e+003    1.79E-01
16.5562914e+003    1.93E-01
16.5617754e+003    1.76E-01
16.5672631e+003    1.15E-01
16.5727544e+003    7.44E-03
16.5782493e+003    -1.13E-01
16.5837479e+003    -1.83E-01
16.5892502e+003    -1.47E-01
16.5947561e+003    -3.81E-03
16.6002656e+003    1.92E-01
16.6057788e+003    3.69E-01
16.6112957e+003    4.78E-01
16.6168162e+003    5.11E-01
16.6223404e+003    4.87E-01
16.6278683e+003    4.32E-01
16.6333999e+003    3.62E-01
16.6389351e+003    2.89E-01
16.644474e+003    2.30E-01
16.6500167e+003    2.04E-01
16.655563e+003    2.27E-01
16.661113e+003    2.91E-01
16.6666667e+003    0.00E+00
