400	8.41E-05
401	0.0001779
402	0.0001297
403	0.0002453
404	9.76E-05
405	0.0001238
406	0.0001157
407	0.0001805
408	0.0002568
409	0.0003372
410	9.36E-05
411	0.0001631
412	0.0001542
413	0.0001514
414	3.03E-06
415	4.75E-05
416	9.68E-05
417	0.0002088
418	0.0002991
419	0.0001587
420	0.0001463
421	9.19E-05
422	6.58E-05
423	0.0001825
424	0.0001139
425	9.79E-05
426	0.00027
427	0.0001741
428	0.0002889
429	0.0001224
430	0.0001927
431	0.0003185
432	0.0002319
433	0.0001773
434	2.84E-05
435	0.0001519
436	0.0002987
437	0.0002346
438	0.000125
439	0.0002902
440	0.0002711
441	9.89E-05
442	0.0001628
443	1.25E-05
444	0.0002026
445	0.0001658
446	0.0002512
447	0.0001731
448	0.0002251
449	9.47E-05
450	0.0002778
451	0.0001076
452	0.0002783
453	8.43E-05
454	0.0001526
455	0.0001306
456	0.0001974
457	9.84E-05
458	3.83E-05
459	7.48E-05
460	0.0001362
461	0.0002069
462	0.0001775
463	0.0001328
464	0.0001887
465	1.54E-05
466	0.0001026
467	1.74E-05
468	0.0001409
469	0.0002349
470	0.0002758
471	0.0002213
472	0.0001019
473	0.0002182
474	0.0002477
475	0.0002221
476	9.60E-05
477	1.49E-06
478	0.0002583
479	6.02E-05
480	7.67E-05
481	6.96E-05
482	0.0001849
483	0.0001035
484	0.0002683
485	0.0001283
486	0.0002687
487	0.0001945
488	6.84E-05
489	0.0002424
490	0.0001813
491	0.0001651
492	0.0001999
493	0.0002499
494	0.0001533
495	2.12E-05
496	0.0003354
497	0.0001395
498	0.0002926
499	0.0001554
500	0.0002345
501	0.0002649
502	0.000145
503	0.0001444
504	8.47E-05
505	0.0002908
506	0.0001091
507	0.0001426
508	0.0003055
509	0.0001212
510	0.0002292
511	0.0001614
512	0.000114
513	0.0002556
514	0.0002169
515	0.0002069
516	5.26E-05
517	0.0003284
518	0.0001198
519	0.000216
520	0.0001784
521	0.0001965
522	0.000246
523	5.38E-05
524	0.0002694
525	0.0002499
526	4.70E-05
527	0.0002527
528	8.62E-05
529	4.04E-05
530	0.0001197
531	0.0003159
532	0.0001968
533	0.0001121
534	0.0001203
535	0.0002022
536	9.41E-05
537	0.0002963
538	0.0001346
539	0.0002586
540	0.0002056
541	4.89E-05
542	0.000125
543	0.000114
544	4.07E-05
545	0.0003066
546	9.81E-05
547	0.0001965
548	0.0001164
549	9.07E-05
550	0.0002645
551	0.0001231
552	0.0001198
553	0.0001597
554	0.0001487
555	3.41E-05
556	0.0002546
557	3.46E-05
558	7.11E-05
559	4.39E-05
560	3.90E-05
561	0.0002988
562	0.0002081
563	0.0001549
564	0.0002046
565	0.0002249
566	0.0002192
567	7.68E-05
568	0.0001366
569	0.0001208
570	0.0001657
571	7.62E-05
572	0.0002676
573	0.0002852
574	8.14E-05
575	0.0002289
576	3.61E-05
577	6.79E-05
578	0.0001497
579	0.0002025
580	0.0002416
581	0.0001569
582	0.0001524
583	0.0001764
584	0.000156
585	0.0002375
586	0.0001218
587	0.0002349
588	0.0002347
589	0.0003051
590	0.0002297
591	0.0002422
592	0.0002909
593	0.0002467
594	0.000114
595	0.0002175
596	7.68E-05
597	0.0002703
598	0.000272
599	0.0002151
600	0.000244
601	0.0002219
602	0.0001823
603	0.0001509
604	0.0003108
605	0.0001521
606	0.000114
607	0.0001764
608	7.05E-05
609	0.0001736
610	0.0002051
611	0.0002273
612	0.000339
613	0
614	5.43E-05
615	7.26E-05
616	0.0002762
617	0.0003023
618	0.0001833
619	0.0001774
620	3.51E-05
621	3.09E-05
622	0.0002675
623	0.0002306
624	0.0001056
625	0.0001642
626	6.25E-05
627	0.0002248
628	0.0002339
629	7.93E-05
630	0.0002389
631	4.15E-05
632	0.0002135
633	8.66E-05
634	0.0001913
635	0.000225
636	0.0002288
637	0.000203
638	0.0001587
639	0.0002646
640	0.0001524
641	0.0003166
642	0.0002165
643	9.50E-05
644	0.0002507
645	0.0002697
646	0.0002338
647	4.69E-05
648	0.0002454
649	7.96E-05
650	0.0002778
651	9.66E-05
652	0.0001622
653	7.61E-05
654	0.0002078
655	0.0002621
656	0.0002206
657	0.0001666
658	0.0003006
659	7.61E-05
660	7.57E-05
661	5.36E-05
662	0.0001755
663	0.0003019
664	0.0002696
665	0.0002185
666	0.0002917
667	0.0001892
668	9.50E-05
669	0.0001362
670	0.0001776
671	8.01E-05
672	5.35E-05
673	0.0003033
674	0.0001615
675	3.91E-05
676	0.000156
677	0.0001233
678	0.0001133
679	0.0002239
680	6.23E-05
681	0.0002017
682	0.0001973
683	0.0001405
684	0.0001247
685	2.53E-05
686	0.000248
687	0.0002546
688	0.000258
689	0.0002901
690	0.0001978
691	3.58E-05
692	0.0001569
693	0.0002241
694	0.0001036
695	5.17E-05
696	7.03E-05
697	0.0001812
698	0.0002469
699	0.0001037
700	0.000269
701	0.0002895
702	0.0001768
703	0.000169
704	0.0002888
705	0.0002412
706	0.0002525
707	0.0001614
708	0.0002748
709	0.0002964
710	8.13E-05
711	0.000223
712	0.0002767
713	0.0002506
714	0.0002897
715	0.0002395
716	0.0001577
717	0.0001585
718	0.0001038
719	0.0002377
720	0.000171
721	9.63E-05
722	5.35E-05
723	0.0003078
724	0.0002658
725	0.0002366
726	0.0002474
727	0.0002115
728	2.61E-05
729	0.0001624
730	0.0002067
731	0.000197
732	0.0003311
733	0.0002582
734	0.0001463
735	8.05E-05
736	0.0001208
737	0.0003175
738	8.07E-05
739	0.0003235
740	0.0001803
741	0.0001197
742	0.0002119
743	0.0002281
744	0.0001914
745	0.000169
746	0.0002953
747	0.0002796
748	0.0001123
749	5.23E-05
750	0.0001734
751	0.000149
752	5.31E-05
753	0.0001508
754	0.0002366
755	0.0001752
756	0.0003405
757	0.0001368
758	7.80E-05
759	7.18E-05
760	0.0002061
761	0.0002281
762	0.000193
763	0.0002869
764	0.0001651
765	0.0001253
766	7.40E-05
767	8.30E-05
768	0.0002465
769	0.0001926
770	0.0002285
771	0.0001214
772	0.0002868
773	0.0001287
774	0.0002549
775	0.0001328
776	0.0002737
777	0.000193
778	4.33E-05
779	0.0002047
780	9.03E-05
781	0.000341
782	1.36E-05
783	0.0001723
784	0.0001594
785	7.95E-05
786	0.0003037
787	0.0001048
788	0.0001555
789	5.47E-05
790	0.0001914
791	0.0001643
792	0.0002471
793	0.0002257
794	0.000313
795	0.0001027
796	0.0001522
797	0.0002849
798	0.0003302
799	0.0002477
800	1.18E-05
801	0.001723
802	0.01376
803	0.01894
804	0.03433
805	0.04471
806	0.05335
807	0.0732
808	0.09968
809	0.1253
810	0.1612
811	0.1968
812	0.2351
813	0.2808
814	0.3361
815	0.3829
816	0.4327
817	0.4944
818	0.5582
819	0.6037
820	0.6509
821	0.6897
822	0.7288
823	0.7546
824	0.7902
825	0.8043
826	0.8272
827	0.8374
828	0.8561
829	0.853
830	0.8642
831	0.8702
832	0.8872
833	0.9002
834	0.9062
835	0.9157
836	0.9207
837	0.9369
838	0.9401
839	0.9552
840	0.963
841	0.9644
842	0.9693
843	0.9767
844	0.9792
845	0.9795
846	0.9862
847	0.9937
848	1
849	0.9951
850	0.9979
851	0.9915
852	0.9855
853	0.9736
854	0.9538
855	0.9365
856	0.9182
857	0.9009
858	0.8671
859	0.8265
860	0.7817
861	0.7377
862	0.6872
863	0.6333
864	0.5779
865	0.5321
866	0.4753
867	0.4263
868	0.3794
869	0.337
870	0.2977
871	0.2629
872	0.2304
873	0.2005
874	0.1736
875	0.1489
876	0.1259
877	0.1099
878	0.09221
879	0.07539
880	0.06371
881	0.05941
882	0.04376
883	0.03393
884	0.03443
885	0.02238
886	0.01489
887	0.01527
888	0.01205
889	0.005929
890	0.003056
891	0.003443
892	0.003307
893	0.008027
894	0.01124
895	0.007639
896	0.0001134
897	0.000142
898	0.0001356
899	0.0001347
900	0.0001993
901	0.0002386
902	0.0001225
903	0.0002556
904	0.0003082
905	8.07E-05
906	0.0001462
907	0.0001773
908	0.0001687
909	0.0003378
910	0.0001537
911	0.0003228
912	0.0002132
913	0.0002175
914	0.0002061
915	7.74E-05
916	0.0002225
917	0.0001017
918	0.0001687
919	9.39E-05
920	0.0002535
921	0.0001392
922	0.0002612
923	0.0001935
924	0.0001563
925	0.0002879
926	0.0002525
927	0.0001215
928	0.0002868
929	0.0001776
930	0.0002573
931	3.73E-05
932	0.0002885
933	7.31E-05
934	0.0001842
935	0.0001828
936	0.0001983
937	0.000231
938	0.0002102
939	7.43E-05
940	0.000109
941	0.0001564
942	0.0002921
943	0.0002563
944	0.0001383
945	6.91E-05
946	1.75E-05
947	0.0001945
948	0.0001807
949	0.0002239
950	0.0001422
951	0.000283
952	0.0001336
953	0.0001151
954	0.0002147
955	0.0002588
956	0.0001442
957	0.0002373
958	0.0002707
959	0.0001958
960	0.0001743
961	5.14E-05
962	0.0001964
963	6.36E-05
964	8.43E-05
965	0.0002881
966	0.0003048
967	0.0001947
968	9.15E-05
969	0.0001659
970	0.00025
971	0.0002332
972	9.04E-06
973	0.0002104
974	0.0002157
975	0.0001598
976	0.0002326
977	8.05E-05
978	0.0003148
979	0.0003213
980	0.0001314
981	0.0002568
982	0.0001695
983	0.000189
984	0.0001948
985	8.56E-05
986	0.0001763
987	0.0001636
988	0.0001659
989	0.0002144
990	2.85E-05
991	3.38E-05
992	0.0002873
993	0.0001418
994	0.0002114
995	4.18E-05
996	0.000161
997	1.11E-05
998	0.0002396
999	0.0002006
1000	0.0001841
1001	0.0002109
1002	0.0003107
1003	0.0002667
1004	0.0003151
1005	0.0003178
1006	0.0002225
1007	7.07E-05
1008	0.0001239
1009	0.0002702
1010	0.0002401
1011	0.0003227
1012	0.0002125
1013	0.0001919
1014	0.0001264
1015	5.85E-05
1016	8.06E-05
1017	0.0001722
1018	0.0001633
1019	0.0002493
1020	0.0001563
1021	0.0001592
1022	0.0002326
1023	0.0002199
1024	7.30E-05
1025	4.12E-05
1026	0.0002017
1027	0.0002048
1028	0.0002186
1029	0.0003024
1030	0.0002193
1031	7.17E-05
1032	0.0002844
1033	0.0001396
1034	0.0001523
1035	0.0002313
1036	8.62E-05
1037	0.0002967
1038	0.0003119
1039	0.0003141
1040	0.0001494
1041	7.37E-05
1042	2.72E-05
1043	0.0002977
1044	0.0002873
1045	6.85E-05
1046	0.0001211
1047	0.00017
1048	0.000312
1049	0.0001945
1050	0.0001088
1051	7.65E-06
1052	0.0002043
1053	9.85E-05
1054	0.0001493
1055	0.0003123
1056	0.0002635
1057	6.26E-05
1058	0.0002966
1059	0.0002199
1060	0.0002819
1061	0.0001706
1062	0.0002367
1063	0.0001408
1064	0.0001713
1065	0.0001861
1066	0.0001069
1067	0.0001456
1068	0.0001747
1069	2.56E-05
1070	6.24E-05
1071	5.65E-05
1072	0.0002351
1073	0.0001063
1074	0.0002615
1075	0.0002475
1076	0.0001804
1077	0.000196
1078	0.0002811
1079	0.0001364
1080	0.0002418
1081	0.0002166
1082	0.000213
1083	0.0002314
1084	0.0002947
1085	0.000194
1086	2.65E-05
1087	0.0002488
1088	0.0002448
1089	0.0001033
1090	0.0002382
1091	6.51E-05
1092	0.0002556
1093	0.000248
1094	0.0001274
1095	0.0002895
1096	0.0002793
1097	0.0001446
1098	0.0002409
1099	0.0001015
1100	0.0001758
1101	0.0001975
1102	0.0001712
1103	7.04E-05
1104	4.37E-05
1105	0.0001259
1106	8.17E-05
1107	0.0002527
1108	3.41E-05
1109	0.0001844
1110	0.0003123
1111	0.0003018
1112	0.0001357
1113	0.0002188
1114	0.0001425
1115	0.0001494
1116	0.0002135
1117	0.0001667
1118	0.0002037
1119	0.000126
1120	0.0001378
1121	3.73E-05
1122	0.0001695
1123	7.99E-05
1124	0.0001616
1125	0.0001679
1126	0.0001745
1127	0.0001081
1128	0.000245
1129	0.0001848
1130	0.0002935
1131	0.0003134
1132	0.0001102
1133	0.0001408
1134	0.0001049
1135	0.000195
1136	0.000152
1137	0.0002154
1138	0.0001536
1139	0.0001035
1140	0.0001142
1141	0.0001119
1142	0.0002836
1143	0.0002108
1144	0.0002833
1145	8.16E-05
1146	0.0002167
1147	0.0001191
1148	0.0002635
1149	0.0002104
1150	0.0002742
1151	0.0001326
1152	0.0001134
1153	0.0002757
1154	0.0003241
1155	0.0001874
1156	6.38E-05
1157	0.0001607
1158	0.0002308
1159	0.0002806
1160	0.0001066
1161	0.0002558
1162	0.0002232
1163	7.88E-05
1164	0.0002506
1165	2.75E-05
1166	0.0001498
1167	0.0001873
1168	0.0001968
1169	0.0001531
1170	9.69E-05
1171	0.0003178
1172	0.0002391
1173	2.04E-05
1174	9.78E-05
1175	0.0002003
1176	0.0001239
1177	0.0002875
1178	0.0003153
1179	0.0002218
1180	0.0003297
1181	0.0001314
1182	0.000302
1183	0.0001623
1184	0.000217
1185	0.0002501
1186	0.0001975
1187	0.0001384
1188	0.0002064
1189	0.0001717
1190	0.0002389
1191	0.0002018
1192	0.0003033
1193	0.0001924
1194	5.79E-05
1195	0.0001021
1196	5.39E-05
1197	0.0001055
1198	0.0001123
1199	0.0002455
1200	0.0001787
