3.4482759e+003    1.73E-01
3.4485137e+003    9.39E-02
3.4487516e+003    -9.16E-03
3.4489894e+003    -1.08E-01
3.4492274e+003    -1.73E-01
3.4494653e+003    -1.88E-01
3.4497033e+003    -1.52E-01
3.4499414e+003    -7.81E-02
3.4501794e+003    2.65E-02
3.4504175e+003    1.65E-01
3.4506556e+003    3.39E-01
3.4508938e+003    5.32E-01
3.451132e+003    6.98E-01
3.4513702e+003    7.78E-01
3.4516084e+003    7.28E-01
3.4518467e+003    5.49E-01
3.4520851e+003    2.86E-01
3.4523234e+003    1.93E-02
3.4525618e+003    -1.67E-01
3.4528002e+003    -2.26E-01
3.4530387e+003    -1.74E-01
3.4532772e+003    -9.03E-02
3.4535157e+003    -5.62E-02
3.4537542e+003    -1.06E-01
3.4539928e+003    -1.99E-01
3.4542314e+003    -2.67E-01
3.4544701e+003    -2.67E-01
3.4547088e+003    -2.11E-01
3.4549475e+003    -1.32E-01
3.4551862e+003    -5.55E-02
3.455425e+003    2.32E-02
3.4556638e+003    1.16E-01
3.4559027e+003    2.25E-01
3.4561416e+003    3.35E-01
3.4563805e+003    4.18E-01
3.4566194e+003    4.51E-01
3.4568584e+003    4.33E-01
3.4570974e+003    3.92E-01
3.4573365e+003    3.72E-01
3.4575755e+003    3.90E-01
3.4578147e+003    4.08E-01
3.4580538e+003    3.62E-01
3.458293e+003    2.22E-01
3.4585322e+003    3.44E-02
3.4587714e+003    -1.06E-01
3.4590107e+003    -1.32E-01
3.45925e+003    -4.43E-02
3.4594894e+003    9.13E-02
3.4597288e+003    2.03E-01
3.4599682e+003    2.48E-01
3.4602076e+003    2.25E-01
3.4604471e+003    1.53E-01
3.4606866e+003    4.90E-02
3.4609261e+003    -7.01E-02
3.4611657e+003    -1.76E-01
3.4614053e+003    -2.24E-01
3.461645e+003    -1.76E-01
3.4618847e+003    -3.17E-02
3.4621244e+003    1.69E-01
3.4623641e+003    3.72E-01
3.4626039e+003    5.49E-01
3.4628437e+003    6.87E-01
3.4630835e+003    7.71E-01
3.4633234e+003    7.81E-01
3.4635633e+003    7.08E-01
3.4638033e+003    5.81E-01
3.4640432e+003    4.47E-01
3.4642832e+003    3.42E-01
3.4645233e+003    2.76E-01
3.4647634e+003    2.38E-01
3.4650035e+003    2.11E-01
3.4652436e+003    1.83E-01
3.4654838e+003    1.48E-01
3.465724e+003    1.13E-01
3.4659642e+003    9.69E-02
3.4662045e+003    1.16E-01
3.4664448e+003    1.65E-01
3.4666852e+003    2.13E-01
3.4669255e+003    2.32E-01
3.4671659e+003    2.21E-01
3.4674064e+003    2.14E-01
3.4676469e+003    2.52E-01
3.4678874e+003    3.61E-01
3.4681279e+003    5.36E-01
3.4683685e+003    7.45E-01
3.4686091e+003    9.33E-01
3.4688497e+003    1.04E+00
3.4690904e+003    1.01E+00
3.4693311e+003    8.69E-01
3.4695719e+003    6.79E-01
3.4698126e+003    5.33E-01
3.4700534e+003    4.95E-01
3.4702943e+003    5.62E-01
3.4705352e+003    6.78E-01
3.4707761e+003    7.63E-01
3.471017e+003    7.61E-01
3.471258e+003    6.60E-01
3.471499e+003    5.00E-01
3.47174e+003    3.41E-01
3.4719811e+003    2.43E-01
3.4722222e+003    2.42E-01
3.4724634e+003    3.37E-01
3.4727045e+003    4.93E-01
3.4729458e+003    6.45E-01
3.473187e+003    7.42E-01
3.4734283e+003    7.70E-01
3.4736696e+003    7.59E-01
3.4739109e+003    7.52E-01
3.4741523e+003    7.63E-01
3.4743937e+003    7.69E-01
3.4746352e+003    7.30E-01
3.4748766e+003    6.36E-01
3.4751182e+003    5.15E-01
3.4753597e+003    4.14E-01
3.4756013e+003    3.60E-01
3.4758429e+003    3.32E-01
3.4760845e+003    2.91E-01
3.4763262e+003    2.19E-01
3.4765679e+003    1.51E-01
3.4768097e+003    1.50E-01
3.4770515e+003    2.48E-01
3.4772933e+003    4.06E-01
3.4775351e+003    5.34E-01
3.477777e+003    5.51E-01
3.4780189e+003    4.58E-01
3.4782609e+003    3.36E-01
3.4785029e+003    2.81E-01
3.4787449e+003    3.14E-01
3.4789869e+003    3.77E-01
3.479229e+003    3.85E-01
3.4794711e+003    3.18E-01
3.4797133e+003    2.31E-01
3.4799555e+003    2.11E-01
3.4801977e+003    2.91E-01
3.4804399e+003    4.30E-01
3.4806822e+003    5.35E-01
3.4809245e+003    5.43E-01
3.4811669e+003    4.54E-01
3.4814093e+003    3.40E-01
3.4816517e+003    2.78E-01
3.4818942e+003    3.04E-01
3.4821366e+003    3.89E-01
3.4823792e+003    4.73E-01
3.4826217e+003    5.12E-01
3.4828643e+003    5.08E-01
3.4831069e+003    4.99E-01
3.4833496e+003    5.32E-01
3.4835923e+003    6.23E-01
3.483835e+003    7.42E-01
3.4840778e+003    8.32E-01
3.4843206e+003    8.51E-01
3.4845634e+003    8.06E-01
3.4848062e+003    7.52E-01
3.4850491e+003    7.46E-01
3.4852921e+003    8.01E-01
3.485535e+003    8.70E-01
3.485778e+003    8.84E-01
3.4860211e+003    7.98E-01
3.4862641e+003    6.36E-01
3.4865072e+003    4.73E-01
3.4867503e+003    3.80E-01
3.4869935e+003    3.70E-01
3.4872367e+003    3.86E-01
3.4874799e+003    3.59E-01
3.4877232e+003    2.57E-01
3.4879665e+003    1.23E-01
3.4882099e+003    3.68E-02
3.4884532e+003    7.70E-02
3.4886966e+003    2.57E-01
3.4889401e+003    5.11E-01
3.4891835e+003    7.08E-01
3.489427e+003    7.30E-01
3.4896706e+003    5.43E-01
3.4899141e+003    2.38E-01
3.4901578e+003    -3.50E-02
3.4904014e+003    -1.60E-01
3.4906451e+003    -1.22E-01
3.4908888e+003    6.44E-03
3.4911325e+003    1.43E-01
3.4913763e+003    2.37E-01
3.4916201e+003    2.83E-01
3.491864e+003    2.87E-01
3.4921078e+003    2.54E-01
3.4923517e+003    1.83E-01
3.4925957e+003    9.32E-02
3.4928397e+003    3.40E-02
3.4930837e+003    5.87E-02
3.4933277e+003    1.89E-01
3.4935718e+003    3.84E-01
3.4938159e+003    5.72E-01
3.4940601e+003    6.85E-01
3.4943043e+003    6.97E-01
3.4945485e+003    6.28E-01
3.4947928e+003    5.27E-01
3.495037e+003    4.51E-01
3.4952814e+003    4.46E-01
3.4955257e+003    5.18E-01
3.4957701e+003    6.23E-01
3.4960145e+003    6.97E-01
3.496259e+003    6.97E-01
3.4965035e+003    6.41E-01
3.496748e+003    5.91E-01
3.4969926e+003    6.07E-01
3.4972372e+003    6.94E-01
3.4974818e+003    7.93E-01
3.4977265e+003    8.17E-01
3.4979712e+003    7.09E-01
3.4982159e+003    4.88E-01
3.4984607e+003    2.52E-01
3.4987055e+003    1.23E-01
3.4989503e+003    1.67E-01
3.4991952e+003    3.48E-01
3.4994401e+003    5.46E-01
3.499685e+003    6.49E-01
3.49993e+003    6.28E-01
3.500175e+003    5.38E-01
3.5004201e+003    4.58E-01
3.5006651e+003    4.27E-01
3.5009102e+003    4.39E-01
3.5011554e+003    4.83E-01
3.5014006e+003    5.52E-01
3.5016458e+003    6.34E-01
3.501891e+003    7.03E-01
3.5021363e+003    7.33E-01
3.5023816e+003    7.29E-01
3.502627e+003    7.20E-01
3.5028724e+003    7.43E-01
3.5031178e+003    8.07E-01
3.5033632e+003    8.94E-01
3.5036087e+003    9.68E-01
3.5038542e+003    1.01E+00
3.5040998e+003    1.03E+00
3.5043454e+003    1.05E+00
3.504591e+003    1.10E+00
3.5048367e+003    1.18E+00
3.5050824e+003    1.29E+00
3.5053281e+003    1.40E+00
3.5055739e+003    1.50E+00
3.5058197e+003    1.57E+00
3.5060655e+003    1.58E+00
3.5063114e+003    1.51E+00
3.5065573e+003    1.36E+00
3.5068032e+003    1.16E+00
3.5070492e+003    9.57E-01
3.5072952e+003    8.17E-01
3.5075412e+003    7.64E-01
3.5077873e+003    7.76E-01
3.5080334e+003    7.85E-01
3.5082795e+003    7.06E-01
3.5085257e+003    5.09E-01
3.5087719e+003    2.56E-01
3.5090182e+003    6.53E-02
3.5092645e+003    2.02E-02
3.5095108e+003    1.10E-01
3.5097571e+003    2.71E-01
3.5100035e+003    4.43E-01
3.5102499e+003    6.10E-01
3.5104964e+003    7.64E-01
3.5107429e+003    8.74E-01
3.5109894e+003    9.08E-01
3.511236e+003    8.69E-01
3.5114825e+003    7.99E-01
3.5117292e+003    7.45E-01
3.5119758e+003    7.21E-01
3.5122225e+003    7.08E-01
3.5124693e+003    6.89E-01
3.512716e+003    6.75E-01
3.5129628e+003    7.17E-01
3.5132097e+003    8.56E-01
3.5134565e+003    1.08E+00
3.5137034e+003    1.32E+00
3.5139504e+003    1.48E+00
3.5141974e+003    1.53E+00
3.5144444e+003    1.47E+00
3.5146914e+003    1.37E+00
3.5149385e+003    1.27E+00
3.5151856e+003    1.19E+00
3.5154327e+003    1.18E+00
3.5156799e+003    1.24E+00
3.5159271e+003    1.36E+00
3.5161744e+003    1.48E+00
3.5164217e+003    1.56E+00
3.516669e+003    1.60E+00
3.5169164e+003    1.61E+00
3.5171638e+003    1.63E+00
3.5174112e+003    1.67E+00
3.5176586e+003    1.70E+00
3.5179061e+003    1.70E+00
3.5181537e+003    1.65E+00
3.5184012e+003    1.53E+00
3.5186488e+003    1.37E+00
3.5188965e+003    1.19E+00
3.5191441e+003    1.07E+00
3.5193918e+003    1.04E+00
3.5196396e+003    1.12E+00
3.5198874e+003    1.25E+00
3.5201352e+003    1.34E+00
3.520383e+003    1.31E+00
3.5206309e+003    1.17E+00
3.5208788e+003    9.99E-01
3.5211268e+003    9.00E-01
3.5213747e+003    9.19E-01
3.5216228e+003    1.03E+00
3.5218708e+003    1.15E+00
3.5221189e+003    1.23E+00
3.522367e+003    1.27E+00
3.5226152e+003    1.28E+00
3.5228634e+003    1.26E+00
3.5231116e+003    1.23E+00
3.5233599e+003    1.15E+00
3.5236082e+003    1.06E+00
3.5238565e+003    9.89E-01
3.5241049e+003    9.91E-01
3.5243533e+003    1.09E+00
3.5246017e+003    1.24E+00
3.5248502e+003    1.38E+00
3.5250987e+003    1.44E+00
3.5253472e+003    1.43E+00
3.5255958e+003    1.39E+00
3.5258444e+003    1.38E+00
3.5260931e+003    1.41E+00
3.5263418e+003    1.47E+00
3.5265905e+003    1.51E+00
3.5268392e+003    1.54E+00
3.527088e+003    1.59E+00
3.5273369e+003    1.68E+00
3.5275857e+003    1.82E+00
3.5278346e+003    1.95E+00
3.5280835e+003    1.99E+00
3.5283325e+003    1.92E+00
3.5285815e+003    1.75E+00
3.5288305e+003    1.56E+00
3.5290796e+003    1.42E+00
3.5293287e+003    1.37E+00
3.5295779e+003    1.38E+00
3.529827e+003    1.41E+00
3.5300762e+003    1.42E+00
3.5303255e+003    1.41E+00
3.5305748e+003    1.39E+00
3.5308241e+003    1.38E+00
3.5310734e+003    1.40E+00
3.5313228e+003    1.42E+00
3.5315723e+003    1.44E+00
3.5318217e+003    1.43E+00
3.5320712e+003    1.40E+00
3.5323207e+003    1.37E+00
3.5325703e+003    1.37E+00
3.5328199e+003    1.41E+00
3.5330695e+003    1.48E+00
3.5333192e+003    1.57E+00
3.5335689e+003    1.68E+00
3.5338186e+003    1.75E+00
3.5340684e+003    1.73E+00
3.5343182e+003    1.61E+00
3.5345681e+003    1.43E+00
3.534818e+003    1.27E+00
3.5350679e+003    1.19E+00
3.5353178e+003    1.22E+00
3.5355678e+003    1.32E+00
3.5358178e+003    1.45E+00
3.5360679e+003    1.58E+00
3.536318e+003    1.67E+00
3.5365681e+003    1.70E+00
3.5368183e+003    1.65E+00
3.5370685e+003    1.54E+00
3.5373187e+003    1.39E+00
3.537569e+003    1.27E+00
3.5378193e+003    1.21E+00
3.5380696e+003    1.22E+00
3.53832e+003    1.29E+00
3.5385704e+003    1.36E+00
3.5388209e+003    1.43E+00
3.5390713e+003    1.48E+00
3.5393219e+003    1.50E+00
3.5395724e+003    1.49E+00
3.539823e+003    1.46E+00
3.5400736e+003    1.46E+00
3.5403243e+003    1.51E+00
3.540575e+003    1.62E+00
3.5408257e+003    1.75E+00
3.5410765e+003    1.86E+00
3.5413273e+003    1.95E+00
3.5415781e+003    2.02E+00
3.541829e+003    2.09E+00
3.5420799e+003    2.15E+00
3.5423309e+003    2.18E+00
3.5425818e+003    2.16E+00
3.5428328e+003    2.10E+00
3.5430839e+003    2.01E+00
3.543335e+003    1.93E+00
3.5435861e+003    1.85E+00
3.5438373e+003    1.76E+00
3.5440885e+003    1.68E+00
3.5443397e+003    1.65E+00
3.544591e+003    1.71E+00
3.5448423e+003    1.84E+00
3.5450936e+003    1.99E+00
3.545345e+003    2.07E+00
3.5455964e+003    2.05E+00
3.5458478e+003    1.95E+00
3.5460993e+003    1.87E+00
3.5463508e+003    1.88E+00
3.5466024e+003    2.00E+00
3.5468539e+003    2.18E+00
3.5471056e+003    2.35E+00
3.5473572e+003    2.45E+00
3.5476089e+003    2.47E+00
3.5478606e+003    2.46E+00
3.5481124e+003    2.44E+00
3.5483642e+003    2.43E+00
3.548616e+003    2.44E+00
3.5488679e+003    2.47E+00
3.5491198e+003    2.49E+00
3.5493718e+003    2.49E+00
3.5496237e+003    2.44E+00
3.5498758e+003    2.36E+00
3.5501278e+003    2.25E+00
3.5503799e+003    2.16E+00
3.550632e+003    2.12E+00
3.5508842e+003    2.11E+00
3.5511364e+003    2.12E+00
3.5513886e+003    2.13E+00
3.5516409e+003    2.11E+00
3.5518932e+003    2.08E+00
3.5521455e+003    2.06E+00
3.5523979e+003    2.04E+00
3.5526503e+003    2.02E+00
3.5529027e+003    2.00E+00
3.5531552e+003    2.01E+00
3.5534077e+003    2.11E+00
3.5536603e+003    2.30E+00
3.5539129e+003    2.54E+00
3.5541655e+003    2.74E+00
3.5544181e+003    2.83E+00
3.5546708e+003    2.81E+00
3.5549236e+003    2.73E+00
3.5551763e+003    2.66E+00
3.5554291e+003    2.64E+00
3.555682e+003    2.68E+00
3.5559349e+003    2.74E+00
3.5561878e+003    2.80E+00
3.5564407e+003    2.84E+00
3.5566937e+003    2.86E+00
3.5569467e+003    2.85E+00
3.5571998e+003    2.81E+00
3.5574529e+003    2.72E+00
3.557706e+003    2.62E+00
3.5579592e+003    2.53E+00
3.5582124e+003    2.47E+00
3.5584656e+003    2.43E+00
3.5587189e+003    2.43E+00
3.5589722e+003    2.46E+00
3.5592255e+003    2.52E+00
3.5594789e+003    2.57E+00
3.5597323e+003    2.60E+00
3.5599858e+003    2.61E+00
3.5602392e+003    2.63E+00
3.5604928e+003    2.67E+00
3.5607463e+003    2.72E+00
3.5609999e+003    2.76E+00
3.5612536e+003    2.79E+00
3.5615072e+003    2.82E+00
3.5617609e+003    2.85E+00
3.5620147e+003    2.87E+00
3.5622685e+003    2.87E+00
3.5625223e+003    2.83E+00
3.5627761e+003    2.81E+00
3.56303e+003    2.85E+00
3.5632839e+003    2.96E+00
3.5635379e+003    3.12E+00
3.5637919e+003    3.27E+00
3.5640459e+003    3.38E+00
3.5643e+003    3.40E+00
3.5645541e+003    3.35E+00
3.5648082e+003    3.26E+00
3.5650624e+003    3.13E+00
3.5653166e+003    2.98E+00
3.5655708e+003    2.81E+00
3.5658251e+003    2.65E+00
3.5660795e+003    2.54E+00
3.5663338e+003    2.48E+00
3.5665882e+003    2.46E+00
3.5668426e+003    2.51E+00
3.5670971e+003    2.63E+00
3.5673516e+003    2.82E+00
3.5676061e+003    3.03E+00
3.5678607e+003    3.21E+00
3.5681153e+003    3.28E+00
3.56837e+003    3.23E+00
3.5686247e+003    3.11E+00
3.5688794e+003    2.99E+00
3.5691341e+003    2.95E+00
3.5693889e+003    3.04E+00
3.5696437e+003    3.20E+00
3.5698986e+003    3.35E+00
3.5701535e+003    3.44E+00
3.5704085e+003    3.46E+00
3.5706634e+003    3.47E+00
3.5709184e+003    3.51E+00
3.5711735e+003    3.60E+00
3.5714286e+003    3.69E+00
3.5716837e+003    3.74E+00
3.5719388e+003    3.73E+00
3.572194e+003    3.61E+00
3.5724493e+003    3.41E+00
3.5727045e+003    3.17E+00
3.5729598e+003    2.96E+00
3.5732152e+003    2.86E+00
3.5734706e+003    2.89E+00
3.573726e+003    3.02E+00
3.5739814e+003    3.16E+00
3.5742369e+003    3.23E+00
3.5744924e+003    3.23E+00
3.574748e+003    3.21E+00
3.5750036e+003    3.26E+00
3.5752592e+003    3.40E+00
3.5755149e+003    3.55E+00
3.5757706e+003    3.62E+00
3.5760263e+003    3.58E+00
3.5762821e+003    3.48E+00
3.5765379e+003    3.41E+00
3.5767938e+003    3.44E+00
3.5770496e+003    3.58E+00
3.5773056e+003    3.82E+00
3.5775615e+003    4.09E+00
3.5778175e+003    4.32E+00
3.5780736e+003    4.43E+00
3.5783296e+003    4.38E+00
3.5785857e+003    4.21E+00
3.5788419e+003    4.00E+00
3.5790981e+003    3.85E+00
3.5793543e+003    3.84E+00
3.5796105e+003    3.97E+00
3.5798668e+003    4.18E+00
3.5801232e+003    4.38E+00
3.5803795e+003    4.52E+00
3.5806359e+003    4.59E+00
3.5808924e+003    4.57E+00
3.5811488e+003    4.50E+00
3.5814053e+003    4.39E+00
3.5816619e+003    4.27E+00
3.5819185e+003    4.16E+00
3.5821751e+003    4.08E+00
3.5824318e+003    4.05E+00
3.5826884e+003    4.10E+00
3.5829452e+003    4.24E+00
3.5832019e+003    4.42E+00
3.5834588e+003    4.58E+00
3.5837156e+003    4.62E+00
3.5839725e+003    4.53E+00
3.5842294e+003    4.37E+00
3.5844863e+003    4.23E+00
3.5847433e+003    4.18E+00
3.5850004e+003    4.25E+00
3.5852574e+003    4.39E+00
3.5855145e+003    4.54E+00
3.5857717e+003    4.67E+00
3.5860288e+003    4.73E+00
3.586286e+003    4.73E+00
3.5865433e+003    4.69E+00
3.5868006e+003    4.63E+00
3.5870579e+003    4.61E+00
3.5873153e+003    4.66E+00
3.5875726e+003    4.81E+00
3.5878301e+003    5.04E+00
3.5880875e+003    5.27E+00
3.5883451e+003    5.45E+00
3.5886026e+003    5.53E+00
3.5888602e+003    5.51E+00
3.5891178e+003    5.41E+00
3.5893754e+003    5.28E+00
3.5896331e+003    5.15E+00
3.5898909e+003    5.04E+00
3.5901486e+003    4.98E+00
3.5904064e+003    5.00E+00
3.5906643e+003    5.10E+00
3.5909221e+003    5.22E+00
3.5911801e+003    5.33E+00
3.591438e+003    5.36E+00
3.591696e+003    5.34E+00
3.591954e+003    5.30E+00
3.5922121e+003    5.30E+00
3.5924702e+003    5.38E+00
3.5927283e+003    5.48E+00
3.5929865e+003    5.54E+00
3.5932447e+003    5.50E+00
3.5935029e+003    5.37E+00
3.5937612e+003    5.20E+00
3.5940196e+003    5.09E+00
3.5942779e+003    5.10E+00
3.5945363e+003    5.22E+00
3.5947947e+003    5.39E+00
3.5950532e+003    5.56E+00
3.5953117e+003    5.70E+00
3.5955703e+003    5.82E+00
3.5958288e+003    5.93E+00
3.5960875e+003    6.03E+00
3.5963461e+003    6.13E+00
3.5966048e+003    6.21E+00
3.5968635e+003    6.27E+00
3.5971223e+003    6.33E+00
3.5973811e+003    6.40E+00
3.5976399e+003    6.49E+00
3.5978988e+003    6.61E+00
3.5981577e+003    6.73E+00
3.5984167e+003    6.81E+00
3.5986757e+003    6.83E+00
3.5989347e+003    6.78E+00
3.5991938e+003    6.70E+00
3.5994529e+003    6.64E+00
3.599712e+003    6.65E+00
3.5999712e+003    6.74E+00
3.6002304e+003    6.87E+00
3.6004897e+003    6.95E+00
3.600749e+003    6.97E+00
3.6010083e+003    6.95E+00
3.6012676e+003    6.95E+00
3.601527e+003    6.98E+00
3.6017865e+003    7.00E+00
3.602046e+003    7.02E+00
3.6023055e+003    7.02E+00
3.602565e+003    7.02E+00
3.6028246e+003    7.04E+00
3.6030842e+003    7.04E+00
3.6033439e+003    7.02E+00
3.6036036e+003    6.97E+00
3.6038633e+003    6.94E+00
3.6041231e+003    6.94E+00
3.6043829e+003    7.02E+00
3.6046428e+003    7.18E+00
3.6049027e+003    7.40E+00
3.6051626e+003    7.64E+00
3.6054226e+003    7.87E+00
3.6056826e+003    8.04E+00
3.6059426e+003    8.11E+00
3.6062027e+003    8.07E+00
3.6064628e+003    7.96E+00
3.6067229e+003    7.85E+00
3.6069831e+003    7.78E+00
3.6072433e+003    7.82E+00
3.6075036e+003    7.94E+00
3.6077639e+003    8.14E+00
3.6080242e+003    8.35E+00
3.6082846e+003    8.53E+00
3.608545e+003    8.63E+00
3.6088055e+003    8.66E+00
3.609066e+003    8.63E+00
3.6093265e+003    8.63E+00
3.6095871e+003    8.66E+00
3.6098477e+003    8.75E+00
3.6101083e+003    8.84E+00
3.610369e+003    8.94E+00
3.6106297e+003    9.01E+00
3.6108904e+003    9.05E+00
3.6111512e+003    9.05E+00
3.6114121e+003    9.02E+00
3.6116729e+003    9.00E+00
3.6119338e+003    8.99E+00
3.6121948e+003    9.00E+00
3.6124557e+003    9.02E+00
3.6127168e+003    9.04E+00
3.6129778e+003    9.10E+00
3.6132389e+003    9.22E+00
3.6135e+003    9.41E+00
3.6137612e+003    9.62E+00
3.6140224e+003    9.83E+00
3.6142836e+003    9.99E+00
3.6145449e+003    1.01E+01
3.6148062e+003    1.03E+01
3.6150676e+003    1.04E+01
3.615329e+003    1.06E+01
3.6155904e+003    1.06E+01
3.6158519e+003    1.06E+01
3.6161134e+003    1.05E+01
3.6163749e+003    1.04E+01
3.6166365e+003    1.03E+01
3.6168981e+003    1.03E+01
3.6171598e+003    1.04E+01
3.6174215e+003    1.05E+01
3.6176832e+003    1.07E+01
3.617945e+003    1.07E+01
3.6182068e+003    1.08E+01
3.6184687e+003    1.08E+01
3.6187305e+003    1.09E+01
3.6189925e+003    1.10E+01
3.6192544e+003    1.11E+01
3.6195164e+003    1.13E+01
3.6197785e+003    1.14E+01
3.6200405e+003    1.15E+01
3.6203027e+003    1.17E+01
3.6205648e+003    1.19E+01
3.620827e+003    1.20E+01
3.6210892e+003    1.22E+01
3.6213515e+003    1.22E+01
3.6216138e+003    1.23E+01
3.6218761e+003    1.23E+01
3.6221385e+003    1.24E+01
3.6224009e+003    1.24E+01
3.6226634e+003    1.23E+01
3.6229259e+003    1.22E+01
3.6231884e+003    1.22E+01
3.623451e+003    1.23E+01
3.6237136e+003    1.24E+01
3.6239762e+003    1.25E+01
3.6242389e+003    1.26E+01
3.6245016e+003    1.27E+01
3.6247644e+003    1.28E+01
3.6250272e+003    1.30E+01
3.62529e+003    1.32E+01
3.6255529e+003    1.34E+01
3.6258158e+003    1.36E+01
3.6260788e+003    1.37E+01
3.6263417e+003    1.38E+01
3.6266048e+003    1.39E+01
3.6268678e+003    1.41E+01
3.6271309e+003    1.44E+01
3.6273941e+003    1.47E+01
3.6276573e+003    1.48E+01
3.6279205e+003    1.49E+01
3.6281837e+003    1.48E+01
3.628447e+003    1.46E+01
3.6287104e+003    1.45E+01
3.6289737e+003    1.43E+01
3.6292371e+003    1.43E+01
3.6295006e+003    1.44E+01
3.6297641e+003    1.46E+01
3.6300276e+003    1.49E+01
3.6302911e+003    1.51E+01
3.6305547e+003    1.54E+01
3.6308184e+003    1.55E+01
3.6310821e+003    1.56E+01
3.6313458e+003    1.56E+01
3.6316095e+003    1.58E+01
3.6318733e+003    1.59E+01
3.6321371e+003    1.61E+01
3.632401e+003    1.63E+01
3.6326649e+003    1.65E+01
3.6329289e+003    1.67E+01
3.6331928e+003    1.68E+01
3.6334569e+003    1.69E+01
3.6337209e+003    1.70E+01
3.633985e+003    1.70E+01
3.6342492e+003    1.71E+01
3.6345133e+003    1.72E+01
3.6347776e+003    1.72E+01
3.6350418e+003    1.73E+01
3.6353061e+003    1.74E+01
3.6355704e+003    1.76E+01
3.6358348e+003    1.77E+01
3.6360992e+003    1.79E+01
3.6363636e+003    1.81E+01
3.6366281e+003    1.83E+01
3.6368926e+003    1.85E+01
3.6371572e+003    1.87E+01
3.6374218e+003    1.90E+01
3.6376864e+003    1.92E+01
3.6379511e+003    1.94E+01
3.6382158e+003    1.96E+01
3.6384806e+003    1.97E+01
3.6387454e+003    1.98E+01
3.6390102e+003    1.98E+01
3.6392751e+003    1.99E+01
3.63954e+003    2.00E+01
3.6398049e+003    2.02E+01
3.6400699e+003    2.03E+01
3.6403349e+003    2.05E+01
3.6406e+003    2.07E+01
3.6408651e+003    2.08E+01
3.6411302e+003    2.10E+01
3.6413954e+003    2.13E+01
3.6416606e+003    2.16E+01
3.6419259e+003    2.19E+01
3.6421911e+003    2.21E+01
3.6424565e+003    2.23E+01
3.6427218e+003    2.24E+01
3.6429872e+003    2.25E+01
3.6432527e+003    2.27E+01
3.6435182e+003    2.28E+01
3.6437837e+003    2.31E+01
3.6440493e+003    2.33E+01
3.6443149e+003    2.34E+01
3.6445805e+003    2.36E+01
3.6448462e+003    2.37E+01
3.6451119e+003    2.38E+01
3.6453777e+003    2.40E+01
3.6456435e+003    2.43E+01
3.6459093e+003    2.46E+01
3.6461752e+003    2.50E+01
3.6464411e+003    2.53E+01
3.646707e+003    2.54E+01
3.646973e+003    2.55E+01
3.647239e+003    2.56E+01
3.6475051e+003    2.58E+01
3.6477712e+003    2.60E+01
3.6480374e+003    2.64E+01
3.6483035e+003    2.67E+01
3.6485698e+003    2.69E+01
3.648836e+003    2.71E+01
3.6491023e+003    2.72E+01
3.6493687e+003    2.74E+01
3.649635e+003    2.75E+01
3.6499015e+003    2.77E+01
3.6501679e+003    2.79E+01
3.6504344e+003    2.82E+01
3.6507009e+003    2.84E+01
3.6509675e+003    2.87E+01
3.6512341e+003    2.90E+01
3.6515008e+003    2.92E+01
3.6517675e+003    2.94E+01
3.6520342e+003    2.96E+01
3.6523009e+003    2.98E+01
3.6525678e+003    3.00E+01
3.6528346e+003    3.02E+01
3.6531015e+003    3.04E+01
3.6533684e+003    3.07E+01
3.6536354e+003    3.09E+01
3.6539024e+003    3.11E+01
3.6541694e+003    3.13E+01
3.6544365e+003    3.16E+01
3.6547036e+003    3.18E+01
3.6549708e+003    3.20E+01
3.655238e+003    3.22E+01
3.6555052e+003    3.26E+01
3.6557725e+003    3.30E+01
3.6560398e+003    3.35E+01
3.6563071e+003    3.40E+01
3.6565745e+003    3.44E+01
3.656842e+003    3.46E+01
3.6571094e+003    3.47E+01
3.6573769e+003    3.47E+01
3.6576445e+003    3.48E+01
3.6579121e+003    3.50E+01
3.6581797e+003    3.52E+01
3.6584474e+003    3.55E+01
3.6587151e+003    3.58E+01
3.6589828e+003    3.61E+01
3.6592506e+003    3.65E+01
3.6595184e+003    3.67E+01
3.6597863e+003    3.70E+01
3.6600542e+003    3.72E+01
3.6603221e+003    3.74E+01
3.6605901e+003    3.76E+01
3.6608581e+003    3.78E+01
3.6611262e+003    3.80E+01
3.6613943e+003    3.81E+01
3.6616624e+003    3.83E+01
3.6619306e+003    3.85E+01
3.6621988e+003    3.89E+01
3.662467e+003    3.95E+01
3.6627353e+003    4.00E+01
3.6630037e+003    4.06E+01
3.663272e+003    4.10E+01
3.6635404e+003    4.14E+01
3.6638089e+003    4.16E+01
3.6640774e+003    4.19E+01
3.6643459e+003    4.23E+01
3.6646145e+003    4.26E+01
3.6648831e+003    4.30E+01
3.6651517e+003    4.34E+01
3.6654204e+003    4.36E+01
3.6656891e+003    4.38E+01
3.6659579e+003    4.40E+01
3.6662267e+003    4.42E+01
3.6664956e+003    4.44E+01
3.6667644e+003    4.48E+01
3.6670334e+003    4.51E+01
3.6673023e+003    4.56E+01
3.6675713e+003    4.61E+01
3.6678404e+003    4.66E+01
3.6681095e+003    4.70E+01
3.6683786e+003    4.74E+01
3.6686477e+003    4.77E+01
3.6689169e+003    4.80E+01
3.6691862e+003    4.84E+01
3.6694555e+003    4.88E+01
3.6697248e+003    4.92E+01
3.6699941e+003    4.95E+01
3.6702635e+003    4.97E+01
3.670533e+003    4.98E+01
3.6708024e+003    4.99E+01
3.671072e+003    5.01E+01
3.6713415e+003    5.05E+01
3.6716111e+003    5.11E+01
3.6718807e+003    5.16E+01
3.6721504e+003    5.21E+01
3.6724201e+003    5.25E+01
3.6726899e+003    5.29E+01
3.6729597e+003    5.32E+01
3.6732295e+003    5.36E+01
3.6734994e+003    5.41E+01
3.6737693e+003    5.46E+01
3.6740392e+003    5.50E+01
3.6743092e+003    5.54E+01
3.6745793e+003    5.56E+01
3.6748493e+003    5.57E+01
3.6751194e+003    5.59E+01
3.6753896e+003    5.61E+01
3.6756598e+003    5.64E+01
3.67593e+003    5.67E+01
3.6762003e+003    5.70E+01
3.6764706e+003    5.72E+01
3.6767409e+003    5.76E+01
3.6770113e+003    5.80E+01
3.6772818e+003    5.85E+01
3.6775522e+003    5.90E+01
3.6778227e+003    5.95E+01
3.6780933e+003    5.99E+01
3.6783639e+003    6.02E+01
3.6786345e+003    6.04E+01
3.6789052e+003    6.07E+01
3.6791759e+003    6.12E+01
3.6794466e+003    6.18E+01
3.6797174e+003    6.25E+01
3.6799882e+003    6.31E+01
3.6802591e+003    6.35E+01
3.68053e+003    6.38E+01
3.6808009e+003    6.39E+01
3.6810719e+003    6.40E+01
3.681343e+003    6.43E+01
3.681614e+003    6.46E+01
3.6818851e+003    6.50E+01
3.6821563e+003    6.54E+01
3.6824275e+003    6.59E+01
3.6826987e+003    6.63E+01
3.6829699e+003    6.67E+01
3.6832413e+003    6.71E+01
3.6835126e+003    6.74E+01
3.683784e+003    6.76E+01
3.6840554e+003    6.77E+01
3.6843269e+003    6.79E+01
3.6845984e+003    6.81E+01
3.6848699e+003    6.84E+01
3.6851415e+003    6.88E+01
3.6854131e+003    6.93E+01
3.6856848e+003    6.98E+01
3.6859565e+003    7.03E+01
3.6862283e+003    7.06E+01
3.6865e+003    7.10E+01
3.6867719e+003    7.13E+01
3.6870437e+003    7.17E+01
3.6873156e+003    7.21E+01
3.6875876e+003    7.26E+01
3.6878596e+003    7.30E+01
3.6881316e+003    7.33E+01
3.6884037e+003    7.37E+01
3.6886758e+003    7.40E+01
3.6889479e+003    7.44E+01
3.6892201e+003    7.48E+01
3.6894923e+003    7.52E+01
3.6897646e+003    7.55E+01
3.6900369e+003    7.57E+01
3.6903092e+003    7.60E+01
3.6905816e+003    7.62E+01
3.6908541e+003    7.64E+01
3.6911265e+003    7.65E+01
3.691399e+003    7.65E+01
3.6916716e+003    7.66E+01
3.6919442e+003    7.69E+01
3.6922168e+003    7.73E+01
3.6924895e+003    7.79E+01
3.6927622e+003    7.86E+01
3.6930349e+003    7.91E+01
3.6933077e+003    7.95E+01
3.6935806e+003    7.97E+01
3.6938534e+003    7.98E+01
3.6941263e+003    7.99E+01
3.6943993e+003    8.00E+01
3.6946723e+003    8.03E+01
3.6949453e+003    8.07E+01
3.6952184e+003    8.12E+01
3.6954915e+003    8.17E+01
3.6957647e+003    8.20E+01
3.6960378e+003    8.23E+01
3.6963111e+003    8.25E+01
3.6965844e+003    8.26E+01
3.6968577e+003    8.27E+01
3.697131e+003    8.28E+01
3.6974044e+003    8.30E+01
3.6976779e+003    8.31E+01
3.6979513e+003    8.33E+01
3.6982249e+003    8.35E+01
3.6984984e+003    8.36E+01
3.698772e+003    8.38E+01
3.6990456e+003    8.39E+01
3.6993193e+003    8.42E+01
3.699593e+003    8.45E+01
3.6998668e+003    8.50E+01
3.7001406e+003    8.56E+01
3.7004144e+003    8.60E+01
3.7006883e+003    8.62E+01
3.7009623e+003    8.63E+01
3.7012362e+003    8.64E+01
3.7015102e+003    8.65E+01
3.7017843e+003    8.67E+01
3.7020583e+003    8.71E+01
3.7023325e+003    8.74E+01
3.7026066e+003    8.76E+01
3.7028808e+003    8.77E+01
3.7031551e+003    8.77E+01
3.7034294e+003    8.78E+01
3.7037037e+003    8.79E+01
3.7039781e+003    8.81E+01
3.7042525e+003    8.82E+01
3.7045269e+003    8.83E+01
3.7048014e+003    8.85E+01
3.705076e+003    8.87E+01
3.7053505e+003    8.90E+01
3.7056251e+003    8.93E+01
3.7058998e+003    8.94E+01
3.7061745e+003    8.94E+01
3.7064492e+003    8.93E+01
3.706724e+003    8.92E+01
3.7069988e+003    8.93E+01
3.7072737e+003    8.94E+01
3.7075486e+003    8.95E+01
3.7078235e+003    8.95E+01
3.7080985e+003    8.97E+01
3.7083735e+003    8.99E+01
3.7086486e+003    9.03E+01
3.7089237e+003    9.07E+01
3.7091988e+003    9.11E+01
3.709474e+003    9.14E+01
3.7097492e+003    9.16E+01
3.7100245e+003    9.17E+01
3.7102998e+003    9.16E+01
3.7105751e+003    9.15E+01
3.7108505e+003    9.15E+01
3.711126e+003    9.15E+01
3.7114014e+003    9.16E+01
3.7116769e+003    9.18E+01
3.7119525e+003    9.20E+01
3.7122281e+003    9.21E+01
3.7125037e+003    9.22E+01
3.7127794e+003    9.21E+01
3.7130551e+003    9.21E+01
3.7133309e+003    9.20E+01
3.7136067e+003    9.20E+01
3.7138825e+003    9.20E+01
3.7141584e+003    9.22E+01
3.7144343e+003    9.24E+01
3.7147103e+003    9.27E+01
3.7149863e+003    9.29E+01
3.7152623e+003    9.31E+01
3.7155384e+003    9.33E+01
3.7158145e+003    9.35E+01
3.7160907e+003    9.36E+01
3.7163669e+003    9.37E+01
3.7166431e+003    9.37E+01
3.7169194e+003    9.35E+01
3.7171957e+003    9.33E+01
3.7174721e+003    9.30E+01
3.7177485e+003    9.27E+01
3.718025e+003    9.25E+01
3.7183015e+003    9.25E+01
3.718578e+003    9.26E+01
3.7188546e+003    9.29E+01
3.7191312e+003    9.32E+01
3.7194079e+003    9.34E+01
3.7196846e+003    9.36E+01
3.7199613e+003    9.36E+01
3.7202381e+003    9.35E+01
3.7205149e+003    9.35E+01
3.7207918e+003    9.35E+01
3.7210687e+003    9.36E+01
3.7213456e+003    9.38E+01
3.7216226e+003    9.38E+01
3.7218997e+003    9.37E+01
3.7221767e+003    9.37E+01
3.7224538e+003    9.37E+01
3.722731e+003    9.38E+01
3.7230082e+003    9.39E+01
3.7232854e+003    9.40E+01
3.7235627e+003    9.40E+01
3.72384e+003    9.39E+01
3.7241174e+003    9.37E+01
3.7243948e+003    9.36E+01
3.7246722e+003    9.36E+01
3.7249497e+003    9.37E+01
3.7252272e+003    9.38E+01
3.7255048e+003    9.40E+01
3.7257824e+003    9.41E+01
3.7260601e+003    9.42E+01
3.7263378e+003    9.42E+01
3.7266155e+003    9.41E+01
3.7268933e+003    9.39E+01
3.7271711e+003    9.37E+01
3.7274489e+003    9.36E+01
3.7277268e+003    9.36E+01
3.7280048e+003    9.37E+01
3.7282828e+003    9.39E+01
3.7285608e+003    9.40E+01
3.7288388e+003    9.40E+01
3.7291169e+003    9.39E+01
3.7293951e+003    9.39E+01
3.7296733e+003    9.39E+01
3.7299515e+003    9.39E+01
3.7302298e+003    9.39E+01
3.7305081e+003    9.40E+01
3.7307864e+003    9.40E+01
3.7310648e+003    9.40E+01
3.7313433e+003    9.39E+01
3.7316218e+003    9.38E+01
3.7319003e+003    9.36E+01
3.7321788e+003    9.34E+01
3.7324574e+003    9.34E+01
3.7327361e+003    9.35E+01
3.7330148e+003    9.37E+01
3.7332935e+003    9.40E+01
3.7335723e+003    9.42E+01
3.7338511e+003    9.44E+01
3.7341299e+003    9.45E+01
3.7344088e+003    9.45E+01
3.7346878e+003    9.43E+01
3.7349668e+003    9.41E+01
3.7352458e+003    9.40E+01
3.7355248e+003    9.39E+01
3.7358039e+003    9.38E+01
3.7360831e+003    9.39E+01
3.7363623e+003    9.41E+01
3.7366415e+003    9.42E+01
3.7369208e+003    9.43E+01
3.7372001e+003    9.43E+01
3.7374794e+003    9.41E+01
3.7377588e+003    9.39E+01
3.7380383e+003    9.38E+01
3.7383178e+003    9.37E+01
3.7385973e+003    9.38E+01
3.7388768e+003    9.39E+01
3.7391564e+003    9.41E+01
3.7394361e+003    9.42E+01
3.7397158e+003    9.42E+01
3.7399955e+003    9.40E+01
3.7402753e+003    9.37E+01
3.7405551e+003    9.35E+01
3.740835e+003    9.34E+01
3.7411149e+003    9.34E+01
3.7413948e+003    9.34E+01
3.7416748e+003    9.34E+01
3.7419548e+003    9.34E+01
3.7422349e+003    9.34E+01
3.742515e+003    9.35E+01
3.7427951e+003    9.37E+01
3.7430753e+003    9.39E+01
3.7433555e+003    9.41E+01
3.7436358e+003    9.42E+01
3.7439161e+003    9.41E+01
3.7441965e+003    9.40E+01
3.7444769e+003    9.40E+01
3.7447573e+003    9.41E+01
3.7450378e+003    9.42E+01
3.7453184e+003    9.44E+01
3.7455989e+003    9.46E+01
3.7458795e+003    9.46E+01
3.7461602e+003    9.47E+01
3.7464409e+003    9.48E+01
3.7467216e+003    9.49E+01
3.7470024e+003    9.49E+01
3.7472832e+003    9.49E+01
3.7475641e+003    9.49E+01
3.747845e+003    9.49E+01
3.7481259e+003    9.49E+01
3.7484069e+003    9.50E+01
3.748688e+003    9.50E+01
3.748969e+003    9.51E+01
3.7492501e+003    9.51E+01
3.7495313e+003    9.51E+01
3.7498125e+003    9.50E+01
3.7500938e+003    9.49E+01
3.750375e+003    9.47E+01
3.7506564e+003    9.46E+01
3.7509377e+003    9.46E+01
3.7512191e+003    9.47E+01
3.7515006e+003    9.48E+01
3.7517821e+003    9.49E+01
3.7520636e+003    9.49E+01
3.7523452e+003    9.50E+01
3.7526268e+003    9.52E+01
3.7529085e+003    9.53E+01
3.7531902e+003    9.54E+01
3.753472e+003    9.54E+01
3.7537538e+003    9.54E+01
3.7540356e+003    9.54E+01
3.7543175e+003    9.54E+01
3.7545994e+003    9.55E+01
3.7548813e+003    9.55E+01
3.7551633e+003    9.56E+01
3.7554454e+003    9.56E+01
3.7557275e+003    9.56E+01
3.7560096e+003    9.56E+01
3.7562918e+003    9.57E+01
3.756574e+003    9.58E+01
3.7568563e+003    9.61E+01
3.7571386e+003    9.62E+01
3.7574209e+003    9.62E+01
3.7577033e+003    9.61E+01
3.7579857e+003    9.60E+01
3.7582682e+003    9.59E+01
3.7585507e+003    9.59E+01
3.7588333e+003    9.59E+01
3.7591159e+003    9.59E+01
3.7593985e+003    9.58E+01
3.7596812e+003    9.59E+01
3.7599639e+003    9.59E+01
3.7602467e+003    9.61E+01
3.7605295e+003    9.63E+01
3.7608123e+003    9.65E+01
3.7610952e+003    9.67E+01
3.7613782e+003    9.68E+01
3.7616611e+003    9.67E+01
3.7619442e+003    9.67E+01
3.7622272e+003    9.66E+01
3.7625103e+003    9.66E+01
3.7627935e+003    9.67E+01
3.7630767e+003    9.68E+01
3.7633599e+003    9.69E+01
3.7636432e+003    9.70E+01
3.7639265e+003    9.72E+01
3.7642099e+003    9.72E+01
3.7644933e+003    9.72E+01
3.7647767e+003    9.71E+01
3.7650602e+003    9.70E+01
3.7653438e+003    9.68E+01
3.7656274e+003    9.68E+01
3.765911e+003    9.68E+01
3.7661946e+003    9.70E+01
3.7664783e+003    9.72E+01
3.7667621e+003    9.73E+01
3.7670459e+003    9.73E+01
3.7673297e+003    9.72E+01
3.7676136e+003    9.72E+01
3.7678975e+003    9.72E+01
3.7681815e+003    9.71E+01
3.7684655e+003    9.71E+01
3.7687495e+003    9.71E+01
3.7690336e+003    9.71E+01
3.7693178e+003    9.72E+01
3.7696019e+003    9.72E+01
3.7698861e+003    9.73E+01
3.7701704e+003    9.73E+01
3.7704547e+003    9.74E+01
3.7707391e+003    9.74E+01
3.7710235e+003    9.75E+01
3.7713079e+003    9.75E+01
3.7715924e+003    9.75E+01
3.7718769e+003    9.75E+01
3.7721614e+003    9.76E+01
3.7724461e+003    9.76E+01
3.7727307e+003    9.76E+01
3.7730154e+003    9.76E+01
3.7733001e+003    9.77E+01
3.7735849e+003    9.77E+01
3.7738697e+003    9.78E+01
3.7741546e+003    9.78E+01
3.7744395e+003    9.77E+01
3.7747244e+003    9.77E+01
3.7750094e+003    9.76E+01
3.7752945e+003    9.76E+01
3.7755796e+003    9.76E+01
3.7758647e+003    9.76E+01
3.7761498e+003    9.77E+01
3.776435e+003    9.78E+01
3.7767203e+003    9.79E+01
3.7770056e+003    9.79E+01
3.7772909e+003    9.79E+01
3.7775763e+003    9.78E+01
3.7778617e+003    9.77E+01
3.7781472e+003    9.77E+01
3.7784327e+003    9.76E+01
3.7787183e+003    9.75E+01
3.7790039e+003    9.75E+01
3.7792895e+003    9.75E+01
3.7795752e+003    9.75E+01
3.7798609e+003    9.75E+01
3.7801467e+003    9.74E+01
3.7804325e+003    9.72E+01
3.7807183e+003    9.71E+01
3.7810042e+003    9.71E+01
3.7812902e+003    9.71E+01
3.7815762e+003    9.71E+01
3.7818622e+003    9.71E+01
3.7821483e+003    9.71E+01
3.7824344e+003    9.72E+01
3.7827205e+003    9.73E+01
3.7830067e+003    9.75E+01
3.783293e+003    9.75E+01
3.7835793e+003    9.74E+01
3.7838656e+003    9.73E+01
3.784152e+003    9.73E+01
3.7844384e+003    9.72E+01
3.7847249e+003    9.72E+01
3.7850114e+003    9.72E+01
3.7852979e+003    9.71E+01
3.7855845e+003    9.69E+01
3.7858711e+003    9.66E+01
3.7861578e+003    9.64E+01
3.7864445e+003    9.61E+01
3.7867313e+003    9.59E+01
3.7870181e+003    9.57E+01
3.787305e+003    9.57E+01
3.7875918e+003    9.56E+01
3.7878788e+003    9.57E+01
3.7881658e+003    9.57E+01
3.7884528e+003    9.57E+01
3.7887399e+003    9.56E+01
3.789027e+003    9.54E+01
3.7893141e+003    9.52E+01
3.7896013e+003    9.49E+01
3.7898886e+003    9.47E+01
3.7901759e+003    9.44E+01
3.7904632e+003    9.42E+01
3.7907506e+003    9.40E+01
3.791038e+003    9.39E+01
3.7913254e+003    9.39E+01
3.791613e+003    9.38E+01
3.7919005e+003    9.36E+01
3.7921881e+003    9.34E+01
3.7924757e+003    9.32E+01
3.7927634e+003    9.30E+01
3.7930511e+003    9.29E+01
3.7933389e+003    9.27E+01
3.7936267e+003    9.26E+01
3.7939146e+003    9.24E+01
3.7942025e+003    9.23E+01
3.7944904e+003    9.21E+01
3.7947784e+003    9.19E+01
3.7950664e+003    9.15E+01
3.7953545e+003    9.11E+01
3.7956426e+003    9.07E+01
3.7959308e+003    9.05E+01
3.796219e+003    9.04E+01
3.7965072e+003    9.04E+01
3.7967955e+003    9.04E+01
3.7970838e+003    9.04E+01
3.7973722e+003    9.03E+01
3.7976606e+003    9.00E+01
3.7979491e+003    8.97E+01
3.7982376e+003    8.94E+01
3.7985262e+003    8.89E+01
3.7988148e+003    8.85E+01
3.7991034e+003    8.81E+01
3.7993921e+003    8.76E+01
3.7996808e+003    8.72E+01
3.7999696e+003    8.68E+01
3.8002584e+003    8.65E+01
3.8005473e+003    8.62E+01
3.8008362e+003    8.59E+01
3.8011251e+003    8.56E+01
3.8014141e+003    8.54E+01
3.8017032e+003    8.51E+01
3.8019922e+003    8.49E+01
3.8022814e+003    8.47E+01
3.8025705e+003    8.45E+01
3.8028598e+003    8.42E+01
3.803149e+003    8.39E+01
3.8034383e+003    8.35E+01
3.8037277e+003    8.32E+01
3.804017e+003    8.28E+01
3.8043065e+003    8.24E+01
3.804596e+003    8.21E+01
3.8048855e+003    8.18E+01
3.805175e+003    8.16E+01
3.8054646e+003    8.14E+01
3.8057543e+003    8.12E+01
3.806044e+003    8.10E+01
3.8063337e+003    8.06E+01
3.8066235e+003    8.01E+01
3.8069134e+003    7.96E+01
3.8072032e+003    7.91E+01
3.8074931e+003    7.87E+01
3.8077831e+003    7.82E+01
3.8080731e+003    7.78E+01
3.8083632e+003    7.74E+01
3.8086533e+003    7.71E+01
3.8089434e+003    7.67E+01
3.8092336e+003    7.64E+01
3.8095238e+003    7.61E+01
3.8098141e+003    7.59E+01
3.8101044e+003    7.56E+01
3.8103948e+003    7.53E+01
3.8106852e+003    7.49E+01
3.8109756e+003    7.46E+01
3.8112661e+003    7.43E+01
3.8115566e+003    7.39E+01
3.8118472e+003    7.35E+01
3.8121378e+003    7.31E+01
3.8124285e+003    7.27E+01
3.8127192e+003    7.23E+01
3.81301e+003    7.18E+01
3.8133008e+003    7.14E+01
3.8135916e+003    7.09E+01
3.8138825e+003    7.04E+01
3.8141735e+003    6.99E+01
3.8144644e+003    6.94E+01
3.8147555e+003    6.89E+01
3.8150465e+003    6.86E+01
3.8153377e+003    6.82E+01
3.8156288e+003    6.79E+01
3.81592e+003    6.76E+01
3.8162113e+003    6.72E+01
3.8165026e+003    6.69E+01
3.8167939e+003    6.65E+01
3.8170853e+003    6.61E+01
3.8173767e+003    6.57E+01
3.8176682e+003    6.53E+01
3.8179597e+003    6.49E+01
3.8182512e+003    6.45E+01
3.8185428e+003    6.40E+01
3.8188345e+003    6.36E+01
3.8191262e+003    6.31E+01
3.8194179e+003    6.26E+01
3.8197097e+003    6.21E+01
3.8200015e+003    6.16E+01
3.8202934e+003    6.12E+01
3.8205853e+003    6.07E+01
3.8208773e+003    6.02E+01
3.8211693e+003    5.98E+01
3.8214613e+003    5.94E+01
3.8217534e+003    5.89E+01
3.8220456e+003    5.85E+01
3.8223377e+003    5.81E+01
3.82263e+003    5.78E+01
3.8229222e+003    5.75E+01
3.8232146e+003    5.73E+01
3.8235069e+003    5.70E+01
3.8237993e+003    5.67E+01
3.8240918e+003    5.64E+01
3.8243843e+003    5.60E+01
3.8246768e+003    5.56E+01
3.8249694e+003    5.51E+01
3.825262e+003    5.47E+01
3.8255547e+003    5.43E+01
3.8258474e+003    5.39E+01
3.8261402e+003    5.35E+01
3.826433e+003    5.31E+01
3.8267259e+003    5.27E+01
3.8270188e+003    5.23E+01
3.8273117e+003    5.19E+01
3.8276047e+003    5.15E+01
3.8278977e+003    5.12E+01
3.8281908e+003    5.09E+01
3.8284839e+003    5.05E+01
3.8287771e+003    5.01E+01
3.8290703e+003    4.97E+01
3.8293636e+003    4.93E+01
3.8296569e+003    4.89E+01
3.8299502e+003    4.85E+01
3.8302436e+003    4.81E+01
3.830537e+003    4.76E+01
3.8308305e+003    4.71E+01
3.8311241e+003    4.67E+01
3.8314176e+003    4.62E+01
3.8317112e+003    4.59E+01
3.8320049e+003    4.56E+01
3.8322986e+003    4.54E+01
3.8325924e+003    4.51E+01
3.8328862e+003    4.48E+01
3.83318e+003    4.44E+01
3.8334739e+003    4.41E+01
3.8337678e+003    4.38E+01
3.8340618e+003    4.35E+01
3.8343558e+003    4.31E+01
3.8346499e+003    4.27E+01
3.834944e+003    4.23E+01
3.8352382e+003    4.19E+01
3.8355324e+003    4.15E+01
3.8358266e+003    4.11E+01
3.8361209e+003    4.07E+01
3.8364153e+003    4.04E+01
3.8367096e+003    4.02E+01
3.8370041e+003    4.00E+01
3.8372985e+003    3.98E+01
3.8375931e+003    3.96E+01
3.8378876e+003    3.93E+01
3.8381822e+003    3.90E+01
3.8384769e+003    3.86E+01
3.8387716e+003    3.82E+01
3.8390663e+003    3.79E+01
3.8393611e+003    3.75E+01
3.839656e+003    3.72E+01
3.8399508e+003    3.68E+01
3.8402458e+003    3.65E+01
3.8405407e+003    3.61E+01
3.8408358e+003    3.58E+01
3.8411308e+003    3.55E+01
3.8414259e+003    3.52E+01
3.8417211e+003    3.50E+01
3.8420163e+003    3.47E+01
3.8423115e+003    3.43E+01
3.8426068e+003    3.39E+01
3.8429022e+003    3.36E+01
3.8431975e+003    3.33E+01
3.843493e+003    3.31E+01
3.8437884e+003    3.30E+01
3.844084e+003    3.29E+01
3.8443795e+003    3.27E+01
3.8446751e+003    3.25E+01
3.8449708e+003    3.22E+01
3.8452665e+003    3.19E+01
3.8455622e+003    3.16E+01
3.845858e+003    3.13E+01
3.8461538e+003    3.10E+01
3.8464497e+003    3.06E+01
3.8467457e+003    3.03E+01
3.8470416e+003    3.00E+01
3.8473376e+003    2.97E+01
3.8476337e+003    2.94E+01
3.8479298e+003    2.91E+01
3.848226e+003    2.89E+01
3.8485222e+003    2.87E+01
3.8488184e+003    2.84E+01
3.8491147e+003    2.82E+01
3.849411e+003    2.79E+01
3.8497074e+003    2.76E+01
3.8500039e+003    2.73E+01
3.8503003e+003    2.71E+01
3.8505968e+003    2.69E+01
3.8508934e+003    2.67E+01
3.85119e+003    2.65E+01
3.8514867e+003    2.63E+01
3.8517834e+003    2.61E+01
3.8520801e+003    2.59E+01
3.8523769e+003    2.57E+01
3.8526738e+003    2.55E+01
3.8529706e+003    2.53E+01
3.8532676e+003    2.50E+01
3.8535645e+003    2.46E+01
3.8538616e+003    2.42E+01
3.8541586e+003    2.39E+01
3.8544558e+003    2.37E+01
3.8547529e+003    2.35E+01
3.8550501e+003    2.35E+01
3.8553474e+003    2.35E+01
3.8556447e+003    2.35E+01
3.855942e+003    2.34E+01
3.8562394e+003    2.33E+01
3.8565368e+003    2.30E+01
3.8568343e+003    2.27E+01
3.8571318e+003    2.24E+01
3.8574294e+003    2.21E+01
3.857727e+003    2.19E+01
3.8580247e+003    2.18E+01
3.8583224e+003    2.18E+01
3.8586202e+003    2.17E+01
3.858918e+003    2.15E+01
3.8592158e+003    2.13E+01
3.8595137e+003    2.10E+01
3.8598116e+003    2.07E+01
3.8601096e+003    2.05E+01
3.8604077e+003    2.03E+01
3.8607057e+003    2.02E+01
3.8610039e+003    2.00E+01
3.861302e+003    1.99E+01
3.8616002e+003    1.98E+01
3.8618985e+003    1.96E+01
3.8621968e+003    1.95E+01
3.8624952e+003    1.93E+01
3.8627936e+003    1.92E+01
3.863092e+003    1.90E+01
3.8633905e+003    1.89E+01
3.8636891e+003    1.88E+01
3.8639876e+003    1.86E+01
3.8642863e+003    1.84E+01
3.8645849e+003    1.81E+01
3.8648837e+003    1.79E+01
3.8651824e+003    1.78E+01
3.8654813e+003    1.78E+01
3.8657801e+003    1.78E+01
3.866079e+003    1.77E+01
3.866378e+003    1.75E+01
3.866677e+003    1.73E+01
3.866976e+003    1.70E+01
3.8672751e+003    1.68E+01
3.8675743e+003    1.67E+01
3.8678734e+003    1.65E+01
3.8681727e+003    1.63E+01
3.868472e+003    1.61E+01
3.8687713e+003    1.60E+01
3.8690706e+003    1.60E+01
3.8693701e+003    1.60E+01
3.8696695e+003    1.59E+01
3.869969e+003    1.58E+01
3.8702686e+003    1.56E+01
3.8705682e+003    1.54E+01
3.8708678e+003    1.51E+01
3.8711675e+003    1.49E+01
3.8714673e+003    1.47E+01
3.8717671e+003    1.46E+01
3.8720669e+003    1.45E+01
3.8723668e+003    1.45E+01
3.8726667e+003    1.45E+01
3.8729667e+003    1.45E+01
3.8732667e+003    1.45E+01
3.8735668e+003    1.44E+01
3.8738669e+003    1.43E+01
3.8741671e+003    1.41E+01
3.8744673e+003    1.39E+01
3.8747675e+003    1.38E+01
3.8750678e+003    1.36E+01
3.8753682e+003    1.35E+01
3.8756686e+003    1.33E+01
3.875969e+003    1.32E+01
3.8762695e+003    1.31E+01
3.87657e+003    1.30E+01
3.8768706e+003    1.31E+01
3.8771712e+003    1.32E+01
3.8774719e+003    1.32E+01
3.8777726e+003    1.32E+01
3.8780734e+003    1.30E+01
3.8783742e+003    1.28E+01
3.878675e+003    1.26E+01
3.878976e+003    1.24E+01
3.8792769e+003    1.23E+01
3.8795779e+003    1.22E+01
3.8798789e+003    1.21E+01
3.88018e+003    1.19E+01
3.8804812e+003    1.18E+01
3.8807824e+003    1.18E+01
3.8810836e+003    1.17E+01
3.8813849e+003    1.17E+01
3.8816862e+003    1.18E+01
3.8819876e+003    1.17E+01
3.882289e+003    1.17E+01
3.8825905e+003    1.16E+01
3.882892e+003    1.16E+01
3.8831935e+003    1.15E+01
3.8834951e+003    1.14E+01
3.8837968e+003    1.13E+01
3.8840985e+003    1.12E+01
3.8844002e+003    1.10E+01
3.884702e+003    1.08E+01
3.8850039e+003    1.06E+01
3.8853058e+003    1.05E+01
3.8856077e+003    1.03E+01
3.8859097e+003    1.02E+01
3.8862117e+003    1.01E+01
3.8865138e+003    1.01E+01
3.8868159e+003    9.99E+00
3.8871181e+003    9.89E+00
3.8874203e+003    9.76E+00
3.8877226e+003    9.63E+00
3.8880249e+003    9.51E+00
3.8883272e+003    9.44E+00
3.8886296e+003    9.40E+00
3.8889321e+003    9.37E+00
3.8892346e+003    9.32E+00
3.8895371e+003    9.23E+00
3.8898397e+003    9.11E+00
3.8901424e+003    9.01E+00
3.8904451e+003    8.96E+00
3.8907478e+003    8.98E+00
3.8910506e+003    9.04E+00
3.8913534e+003    9.10E+00
3.8916563e+003    9.12E+00
3.8919592e+003    9.08E+00
3.8922622e+003    8.99E+00
3.8925652e+003    8.89E+00
3.8928683e+003    8.81E+00
3.8931714e+003    8.74E+00
3.8934745e+003    8.67E+00
3.8937777e+003    8.61E+00
3.894081e+003    8.53E+00
3.8943843e+003    8.45E+00
3.8946876e+003    8.35E+00
3.894991e+003    8.27E+00
3.8952945e+003    8.20E+00
3.895598e+003    8.17E+00
3.8959015e+003    8.19E+00
3.8962051e+003    8.21E+00
3.8965087e+003    8.23E+00
3.8968124e+003    8.20E+00
3.8971161e+003    8.13E+00
3.8974199e+003    8.03E+00
3.8977237e+003    7.95E+00
3.8980276e+003    7.90E+00
3.8983315e+003    7.89E+00
3.8986355e+003    7.89E+00
3.8989395e+003    7.86E+00
3.8992435e+003    7.77E+00
3.8995477e+003    7.63E+00
3.8998518e+003    7.46E+00
3.900156e+003    7.32E+00
3.9004603e+003    7.24E+00
3.9007645e+003    7.24E+00
3.9010689e+003    7.26E+00
3.9013733e+003    7.25E+00
3.9016777e+003    7.19E+00
3.9019822e+003    7.07E+00
3.9022867e+003    6.93E+00
3.9025913e+003    6.81E+00
3.9028959e+003    6.73E+00
3.9032006e+003    6.68E+00
3.9035053e+003    6.64E+00
3.9038101e+003    6.59E+00
3.9041149e+003    6.50E+00
3.9044198e+003    6.36E+00
3.9047247e+003    6.18E+00
3.9050297e+003    6.01E+00
3.9053347e+003    5.91E+00
3.9056397e+003    5.91E+00
3.9059448e+003    6.02E+00
3.90625e+003    6.19E+00
3.9065552e+003    6.38E+00
3.9068604e+003    6.51E+00
3.9071657e+003    6.57E+00
3.9074711e+003    6.55E+00
3.9077765e+003    6.46E+00
3.9080819e+003    6.31E+00
3.9083874e+003    6.16E+00
3.9086929e+003    6.04E+00
3.9089985e+003    5.99E+00
3.9093041e+003    6.04E+00
3.9096098e+003    6.14E+00
3.9099155e+003    6.24E+00
3.9102213e+003    6.27E+00
3.9105271e+003    6.22E+00
3.910833e+003    6.10E+00
3.9111389e+003    5.96E+00
3.9114449e+003    5.83E+00
3.9117509e+003    5.76E+00
3.912057e+003    5.74E+00
3.9123631e+003    5.75E+00
3.9126692e+003    5.77E+00
3.9129754e+003    5.73E+00
3.9132817e+003    5.63E+00
3.913588e+003    5.50E+00
3.9138943e+003    5.40E+00
3.9142007e+003    5.34E+00
3.9145072e+003    5.34E+00
3.9148137e+003    5.38E+00
3.9151202e+003    5.42E+00
3.9154268e+003    5.47E+00
3.9157334e+003    5.49E+00
3.9160401e+003    5.47E+00
3.9163468e+003    5.38E+00
3.9166536e+003    5.22E+00
3.9169604e+003    5.04E+00
3.9172673e+003    4.91E+00
3.9175742e+003    4.86E+00
3.9178812e+003    4.90E+00
3.9181882e+003    4.98E+00
3.9184953e+003    5.04E+00
3.9188024e+003    5.05E+00
3.9191096e+003    5.00E+00
3.9194168e+003    4.92E+00
3.9197241e+003    4.83E+00
3.9200314e+003    4.77E+00
3.9203387e+003    4.75E+00
3.9206461e+003    4.78E+00
3.9209536e+003    4.82E+00
3.9212611e+003    4.84E+00
3.9215686e+003    4.82E+00
3.9218762e+003    4.76E+00
3.9221839e+003    4.68E+00
3.9224916e+003    4.59E+00
3.9227993e+003    4.49E+00
3.9231071e+003    4.38E+00
3.9234149e+003    4.27E+00
3.9237228e+003    4.16E+00
3.9240308e+003    4.11E+00
3.9243387e+003    4.13E+00
3.9246468e+003    4.22E+00
3.9249549e+003    4.34E+00
3.925263e+003    4.43E+00
3.9255712e+003    4.46E+00
3.9258794e+003    4.40E+00
3.9261877e+003    4.31E+00
3.926496e+003    4.20E+00
3.9268044e+003    4.12E+00
3.9271128e+003    4.06E+00
3.9274213e+003    4.00E+00
3.9277298e+003    3.95E+00
3.9280383e+003    3.92E+00
3.928347e+003    3.92E+00
3.9286556e+003    3.96E+00
3.9289643e+003    4.03E+00
3.9292731e+003    4.11E+00
3.9295819e+003    4.18E+00
3.9298907e+003    4.19E+00
3.9301997e+003    4.13E+00
3.9305086e+003    4.01E+00
3.9308176e+003    3.87E+00
3.9311267e+003    3.75E+00
3.9314358e+003    3.67E+00
3.9317449e+003    3.63E+00
3.9320541e+003    3.60E+00
3.9323634e+003    3.60E+00
3.9326726e+003    3.64E+00
3.932982e+003    3.74E+00
3.9332914e+003    3.90E+00
3.9336008e+003    4.07E+00
3.9339103e+003    4.18E+00
3.9342198e+003    4.18E+00
3.9345294e+003    4.09E+00
3.9348391e+003    3.96E+00
3.9351487e+003    3.84E+00
3.9354585e+003    3.77E+00
3.9357683e+003    3.72E+00
3.9360781e+003    3.69E+00
3.936388e+003    3.64E+00
3.9366979e+003    3.58E+00
3.9370079e+003    3.50E+00
3.9373179e+003    3.42E+00
3.937628e+003    3.35E+00
3.9379381e+003    3.27E+00
3.9382483e+003    3.18E+00
3.9385585e+003    3.10E+00
3.9388688e+003    3.03E+00
3.9391791e+003    2.99E+00
3.9394894e+003    2.99E+00
3.9397999e+003    3.02E+00
3.9401103e+003    3.08E+00
3.9404208e+003    3.17E+00
3.9407314e+003    3.26E+00
3.941042e+003    3.33E+00
3.9413527e+003    3.34E+00
3.9416634e+003    3.28E+00
3.9419741e+003    3.19E+00
3.9422849e+003    3.12E+00
3.9425958e+003    3.12E+00
3.9429067e+003    3.18E+00
3.9432177e+003    3.26E+00
3.9435287e+003    3.32E+00
3.9438397e+003    3.33E+00
3.9441508e+003    3.27E+00
3.944462e+003    3.14E+00
3.9447732e+003    3.00E+00
3.9450844e+003    2.89E+00
3.9453957e+003    2.83E+00
3.9457071e+003    2.79E+00
3.9460185e+003    2.74E+00
3.9463299e+003    2.67E+00
3.9466414e+003    2.59E+00
3.946953e+003    2.52E+00
3.9472645e+003    2.51E+00
3.9475762e+003    2.54E+00
3.9478879e+003    2.61E+00
3.9481996e+003    2.71E+00
3.9485114e+003    2.82E+00
3.9488233e+003    2.92E+00
3.9491351e+003    3.00E+00
3.9494471e+003    3.01E+00
3.9497591e+003    2.95E+00
3.9500711e+003    2.83E+00
3.9503832e+003    2.69E+00
3.9506953e+003    2.56E+00
3.9510075e+003    2.45E+00
3.9513197e+003    2.36E+00
3.951632e+003    2.30E+00
3.9519444e+003    2.29E+00
3.9522567e+003    2.31E+00
3.9525692e+003    2.35E+00
3.9528817e+003    2.38E+00
3.9531942e+003    2.44E+00
3.9535068e+003    2.57E+00
3.9538194e+003    2.75E+00
3.9541321e+003    2.95E+00
3.9544448e+003    3.09E+00
3.9547576e+003    3.12E+00
3.9550704e+003    3.04E+00
3.9553833e+003    2.90E+00
3.9556962e+003    2.76E+00
3.9560092e+003    2.66E+00
3.9563222e+003    2.62E+00
3.9566353e+003    2.61E+00
3.9569484e+003    2.60E+00
3.9572616e+003    2.58E+00
3.9575748e+003    2.55E+00
3.9578881e+003    2.50E+00
3.9582014e+003    2.44E+00
3.9585148e+003    2.38E+00
3.9588282e+003    2.33E+00
3.9591417e+003    2.29E+00
3.9594552e+003    2.28E+00
3.9597687e+003    2.30E+00
3.9600824e+003    2.36E+00
3.960396e+003    2.44E+00
3.9607098e+003    2.49E+00
3.9610235e+003    2.48E+00
3.9613373e+003    2.42E+00
3.9616512e+003    2.31E+00
3.9619651e+003    2.22E+00
3.9622791e+003    2.14E+00
3.9625931e+003    2.09E+00
3.9629072e+003    2.07E+00
3.9632213e+003    2.09E+00
3.9635355e+003    2.13E+00
3.9638497e+003    2.19E+00
3.964164e+003    2.21E+00
3.9644783e+003    2.19E+00
3.9647926e+003    2.13E+00
3.9651071e+003    2.06E+00
3.9654215e+003    2.01E+00
3.965736e+003    1.99E+00
3.9660506e+003    1.99E+00
3.9663652e+003    1.96E+00
3.9666799e+003    1.90E+00
3.9669946e+003    1.81E+00
3.9673094e+003    1.71E+00
3.9676242e+003    1.64E+00
3.9679391e+003    1.59E+00
3.968254e+003    1.61E+00
3.9685689e+003    1.69E+00
3.9688839e+003    1.82E+00
3.969199e+003    1.94E+00
3.9695141e+003    2.00E+00
3.9698293e+003    2.00E+00
3.9701445e+003    1.98E+00
3.9704598e+003    1.98E+00
3.9707751e+003    2.01E+00
3.9710905e+003    2.05E+00
3.9714059e+003    2.08E+00
3.9717213e+003    2.07E+00
3.9720369e+003    2.02E+00
3.9723524e+003    1.95E+00
3.972668e+003    1.89E+00
3.9729837e+003    1.87E+00
3.9732994e+003    1.87E+00
3.9736152e+003    1.88E+00
3.973931e+003    1.86E+00
3.9742469e+003    1.81E+00
3.9745628e+003    1.75E+00
3.9748788e+003    1.71E+00
3.9751948e+003    1.76E+00
3.9755109e+003    1.87E+00
3.975827e+003    1.98E+00
3.9761431e+003    2.00E+00
3.9764594e+003    1.89E+00
3.9767756e+003    1.72E+00
3.977092e+003    1.57E+00
3.9774083e+003    1.50E+00
3.9777247e+003    1.53E+00
3.9780412e+003    1.61E+00
3.9783577e+003    1.71E+00
3.9786743e+003    1.78E+00
3.9789909e+003    1.78E+00
3.9793076e+003    1.70E+00
3.9796243e+003    1.57E+00
3.9799411e+003    1.41E+00
3.9802579e+003    1.30E+00
3.9805748e+003    1.26E+00
3.9808917e+003    1.30E+00
3.9812087e+003    1.40E+00
3.9815257e+003    1.51E+00
3.9818428e+003    1.61E+00
3.9821599e+003    1.67E+00
3.9824771e+003    1.70E+00
3.9827943e+003    1.71E+00
3.9831116e+003    1.74E+00
3.9834289e+003    1.78E+00
3.9837463e+003    1.81E+00
3.9840637e+003    1.80E+00
3.9843812e+003    1.74E+00
3.9846988e+003    1.66E+00
3.9850163e+003    1.59E+00
3.985334e+003    1.54E+00
3.9856517e+003    1.52E+00
3.9859694e+003    1.51E+00
3.9862872e+003    1.51E+00
3.986605e+003    1.52E+00
3.9869229e+003    1.54E+00
3.9872408e+003    1.57E+00
3.9875588e+003    1.58E+00
3.9878769e+003    1.56E+00
3.9881949e+003    1.52E+00
3.9885131e+003    1.50E+00
3.9888313e+003    1.51E+00
3.9891495e+003    1.52E+00
3.9894678e+003    1.52E+00
3.9897861e+003    1.49E+00
3.9901045e+003    1.43E+00
3.990423e+003    1.35E+00
3.9907415e+003    1.26E+00
3.99106e+003    1.18E+00
3.9913786e+003    1.12E+00
3.9916973e+003    1.12E+00
3.992016e+003    1.15E+00
3.9923347e+003    1.21E+00
3.9926535e+003    1.27E+00
3.9929724e+003    1.33E+00
3.9932913e+003    1.36E+00
3.9936102e+003    1.35E+00
3.9939292e+003    1.28E+00
3.9942483e+003    1.20E+00
3.9945674e+003    1.13E+00
3.9948865e+003    1.10E+00
3.9952058e+003    1.10E+00
3.995525e+003    1.10E+00
3.9958443e+003    1.08E+00
3.9961637e+003    1.04E+00
3.9964831e+003    1.00E+00
3.9968026e+003    1.01E+00
3.9971221e+003    1.06E+00
3.9974416e+003    1.13E+00
3.9977613e+003    1.21E+00
3.9980809e+003    1.27E+00
3.9984006e+003    1.33E+00
3.9987204e+003    1.37E+00
3.9990402e+003    1.37E+00
3.9993601e+003    1.30E+00
3.99968e+003    1.17E+00
4.0e+003    1.01E+00
4.00032e+003    8.60E-01
4.0006401e+003    7.57E-01
4.0009602e+003    7.27E-01
4.0012804e+003    7.82E-01
4.0016006e+003    9.13E-01
4.0019209e+003    1.08E+00
4.0022413e+003    1.21E+00
4.0025616e+003    1.26E+00
4.0028821e+003    1.19E+00
4.0032026e+003    1.04E+00
4.0035231e+003    8.66E-01
4.0038437e+003    7.36E-01
4.0041643e+003    6.90E-01
4.004485e+003    7.29E-01
4.0048058e+003    8.25E-01
4.0051266e+003    9.48E-01
4.0054474e+003    1.07E+00
4.0057683e+003    1.18E+00
4.0060893e+003    1.24E+00
4.0064103e+003    1.24E+00
4.0067313e+003    1.19E+00
4.0070524e+003    1.13E+00
4.0073736e+003    1.10E+00
4.0076948e+003    1.11E+00
4.008016e+003    1.17E+00
4.0083373e+003    1.21E+00
4.0086587e+003    1.19E+00
4.0089801e+003    1.13E+00
4.0093016e+003    1.04E+00
4.0096231e+003    9.97E-01
4.0099447e+003    1.01E+00
4.0102663e+003    1.07E+00
4.010588e+003    1.13E+00
4.0109097e+003    1.12E+00
4.0112314e+003    1.05E+00
4.0115533e+003    9.31E-01
4.0118752e+003    7.97E-01
4.0121971e+003    6.80E-01
4.0125191e+003    6.09E-01
4.0128411e+003    6.07E-01
4.0131632e+003    6.85E-01
4.0134853e+003    8.28E-01
4.0138075e+003    9.92E-01
4.0141297e+003    1.12E+00
4.014452e+003    1.16E+00
4.0147744e+003    1.13E+00
4.0150968e+003    1.06E+00
4.0154192e+003    1.01E+00
4.0157417e+003    9.90E-01
4.0160643e+003    9.90E-01
4.0163869e+003    9.91E-01
4.0167095e+003    9.91E-01
4.0170322e+003    1.00E+00
4.017355e+003    1.04E+00
4.0176778e+003    1.07E+00
4.0180006e+003    1.07E+00
4.0183236e+003    1.04E+00
4.0186465e+003    9.83E-01
4.0189695e+003    9.34E-01
4.0192926e+003    9.05E-01
4.0196157e+003    9.06E-01
4.0199389e+003    9.34E-01
4.0202621e+003    9.82E-01
4.0205854e+003    1.04E+00
4.0209087e+003    1.07E+00
4.0212321e+003    1.08E+00
4.0215555e+003    1.06E+00
4.021879e+003    1.01E+00
4.0222026e+003    9.68E-01
4.0225261e+003    9.39E-01
4.0228498e+003    9.08E-01
4.0231735e+003    8.53E-01
4.0234972e+003    7.76E-01
4.023821e+003    7.23E-01
4.0241449e+003    7.40E-01
4.0244688e+003    8.41E-01
4.0247927e+003    9.89E-01
4.0251167e+003    1.13E+00
4.0254408e+003    1.21E+00
4.0257649e+003    1.23E+00
4.0260891e+003    1.17E+00
4.0264133e+003    1.06E+00
4.0267375e+003    9.29E-01
4.0270619e+003    8.00E-01
4.0273862e+003    6.93E-01
4.0277106e+003    6.08E-01
4.0280351e+003    5.33E-01
4.0283597e+003    4.57E-01
4.0286842e+003    3.89E-01
4.0290089e+003    3.57E-01
4.0293335e+003    3.89E-01
4.0296583e+003    4.80E-01
4.0299831e+003    5.89E-01
4.0303079e+003    6.64E-01
4.0306328e+003    6.87E-01
4.0309578e+003    6.86E-01
4.0312828e+003    7.13E-01
4.0316078e+003    7.91E-01
4.0319329e+003    9.02E-01
4.0322581e+003    9.96E-01
4.0325833e+003    1.04E+00
4.0329085e+003    1.03E+00
4.0332338e+003    1.02E+00
4.0335592e+003    1.04E+00
4.0338846e+003    1.08E+00
4.0342101e+003    1.10E+00
4.0345356e+003    1.07E+00
4.0348612e+003    9.70E-01
4.0351868e+003    8.30E-01
4.0355125e+003    7.12E-01
4.0358382e+003    6.61E-01
4.036164e+003    6.74E-01
4.0364899e+003    7.16E-01
4.0368158e+003    7.49E-01
4.0371417e+003    7.61E-01
4.0374677e+003    7.62E-01
4.0377937e+003    7.64E-01
4.0381199e+003    7.65E-01
4.038446e+003    7.51E-01
4.0387722e+003    7.17E-01
4.0390985e+003    6.69E-01
4.0394248e+003    6.21E-01
4.0397512e+003    5.86E-01
4.0400776e+003    5.61E-01
4.040404e+003    5.45E-01
4.0407306e+003    5.42E-01
4.0410571e+003    5.67E-01
4.0413838e+003    6.35E-01
4.0417105e+003    7.40E-01
4.0420372e+003    8.49E-01
4.042364e+003    9.20E-01
4.0426908e+003    9.25E-01
4.0430177e+003    8.67E-01
4.0433447e+003    7.78E-01
4.0436717e+003    6.97E-01
4.0439987e+003    6.46E-01
4.0443258e+003    6.28E-01
4.044653e+003    6.28E-01
4.0449802e+003    6.34E-01
4.0453074e+003    6.43E-01
4.0456348e+003    6.58E-01
4.0459621e+003    6.76E-01
4.0462896e+003    6.83E-01
4.046617e+003    6.57E-01
4.0469446e+003    6.01E-01
4.0472721e+003    5.42E-01
4.0475998e+003    5.24E-01
4.0479275e+003    5.68E-01
4.0482552e+003    6.62E-01
4.048583e+003    7.67E-01
4.0489108e+003    8.47E-01
4.0492387e+003    8.86E-01
4.0495667e+003    8.83E-01
4.0498947e+003    8.45E-01
4.0502228e+003    7.77E-01
4.0505509e+003    6.83E-01
4.050879e+003    5.73E-01
4.0512073e+003    4.62E-01
4.0515355e+003    3.67E-01
4.0518639e+003    3.01E-01
4.0521922e+003    2.69E-01
4.0525207e+003    2.75E-01
4.0528492e+003    3.20E-01
4.0531777e+003    3.98E-01
4.0535063e+003    4.84E-01
4.0538349e+003    5.47E-01
4.0541636e+003    5.65E-01
4.0544924e+003    5.42E-01
4.0548212e+003    5.03E-01
4.05515e+003    4.75E-01
4.055479e+003    4.70E-01
4.0558079e+003    4.86E-01
4.0561369e+003    5.16E-01
4.056466e+003    5.51E-01
4.0567951e+003    5.89E-01
4.0571243e+003    6.26E-01
4.0574535e+003    6.54E-01
4.0577828e+003    6.64E-01
4.0581122e+003    6.54E-01
4.0584416e+003    6.36E-01
4.058771e+003    6.27E-01
4.0591005e+003    6.36E-01
4.0594301e+003    6.54E-01
4.0597597e+003    6.62E-01
4.0600893e+003    6.42E-01
4.060419e+003    5.96E-01
4.0607488e+003    5.50E-01
4.0610786e+003    5.34E-01
4.0614085e+003    5.56E-01
4.0617384e+003    6.01E-01
4.0620684e+003    6.32E-01
4.0623984e+003    6.24E-01
4.0627285e+003    5.76E-01
4.0630587e+003    5.10E-01
4.0633889e+003    4.52E-01
4.0637191e+003    4.16E-01
4.0640494e+003    3.96E-01
4.0643798e+003    3.80E-01
4.0647102e+003    3.57E-01
4.0650407e+003    3.23E-01
4.0653712e+003    2.73E-01
4.0657017e+003    2.07E-01
4.0660324e+003    1.44E-01
4.066363e+003    1.21E-01
4.0666938e+003    1.75E-01
4.0670246e+003    3.11E-01
4.0673554e+003    4.95E-01
4.0676863e+003    6.64E-01
4.0680172e+003    7.71E-01
4.0683483e+003    8.01E-01
4.0686793e+003    7.72E-01
4.0690104e+003    7.11E-01
4.0693416e+003    6.30E-01
4.0696728e+003    5.26E-01
4.0700041e+003    4.05E-01
4.0703354e+003    2.91E-01
4.0706668e+003    2.18E-01
4.0709982e+003    1.97E-01
4.0713297e+003    2.11E-01
4.0716612e+003    2.30E-01
4.0719928e+003    2.47E-01
4.0723245e+003    2.74E-01
4.0726562e+003    3.28E-01
4.0729879e+003    4.12E-01
4.0733198e+003    5.12E-01
4.0736516e+003    5.99E-01
4.0739835e+003    6.53E-01
4.0743155e+003    6.58E-01
4.0746475e+003    6.08E-01
4.0749796e+003    5.05E-01
4.0753118e+003    3.61E-01
4.075644e+003    2.02E-01
4.0759762e+003    6.74E-02
4.0763085e+003    -1.28E-02
4.0766408e+003    -3.24E-02
4.0769733e+003    -6.70E-03
4.0773057e+003    4.67E-02
4.0776382e+003    1.25E-01
4.0779708e+003    2.31E-01
4.0783034e+003    3.60E-01
4.0786361e+003    4.81E-01
4.0789688e+003    5.59E-01
4.0793016e+003    5.72E-01
4.0796345e+003    5.37E-01
4.0799674e+003    4.93E-01
4.0803003e+003    4.89E-01
4.0806333e+003    5.43E-01
4.0809664e+003    6.39E-01
4.0812995e+003    7.34E-01
4.0816327e+003    7.87E-01
4.0819659e+003    7.78E-01
4.0822992e+003    7.09E-01
4.0826325e+003    6.02E-01
4.0829659e+003    4.84E-01
4.0832993e+003    3.84E-01
4.0836328e+003    3.19E-01
4.0839663e+003    2.96E-01
4.0843e+003    3.10E-01
4.0846336e+003    3.52E-01
4.0849673e+003    4.07E-01
4.0853011e+003    4.58E-01
4.0856349e+003    4.90E-01
4.0859688e+003    4.91E-01
4.0863027e+003    4.62E-01
4.0866367e+003    4.17E-01
4.0869707e+003    3.74E-01
4.0873048e+003    3.52E-01
4.087639e+003    3.65E-01
4.0879732e+003    4.22E-01
4.0883074e+003    5.19E-01
4.0886418e+003    6.38E-01
4.0889761e+003    7.48E-01
4.0893105e+003    8.15E-01
4.089645e+003    8.22E-01
4.0899796e+003    7.65E-01
4.0903141e+003    6.59E-01
4.0906488e+003    5.24E-01
4.0909835e+003    3.78E-01
4.0913182e+003    2.38E-01
4.091653e+003    1.26E-01
4.0919879e+003    6.89E-02
4.0923228e+003    7.68E-02
4.0926578e+003    1.35E-01
4.0929928e+003    2.02E-01
4.0933279e+003    2.48E-01
4.093663e+003    2.71E-01
4.0939982e+003    2.94E-01
4.0943334e+003    3.34E-01
4.0946687e+003    3.88E-01
4.0950041e+003    4.39E-01
4.0953395e+003    4.77E-01
4.095675e+003    5.07E-01
4.0960105e+003    5.41E-01
4.0963461e+003    5.88E-01
4.0966817e+003    6.41E-01
4.0970174e+003    6.84E-01
4.0973531e+003    6.96E-01
4.0976889e+003    6.60E-01
4.0980248e+003    5.73E-01
4.0983607e+003    4.49E-01
4.0986966e+003    3.16E-01
4.0990326e+003    2.11E-01
4.0993687e+003    1.63E-01
4.0997048e+003    1.86E-01
4.100041e+003    2.68E-01
4.1003772e+003    3.82E-01
4.1007135e+003    4.95E-01
4.1010499e+003    5.81E-01
4.1013863e+003    6.28E-01
4.1017227e+003    6.31E-01
4.1020592e+003    5.90E-01
4.1023958e+003    5.16E-01
4.1027324e+003    4.24E-01
4.1030691e+003    3.40E-01
4.1034058e+003    2.86E-01
4.1037426e+003    2.66E-01
4.1040795e+003    2.61E-01
4.1044164e+003    2.48E-01
4.1047533e+003    2.17E-01
4.1050903e+003    1.82E-01
4.1054274e+003    1.72E-01
4.1057645e+003    2.05E-01
4.1061017e+003    2.75E-01
4.1064389e+003    3.58E-01
4.1067762e+003    4.28E-01
4.1071135e+003    4.73E-01
4.1074509e+003    4.92E-01
4.1077884e+003    4.93E-01
4.1081259e+003    4.77E-01
4.1084634e+003    4.51E-01
4.1088011e+003    4.29E-01
4.1091387e+003    4.36E-01
4.1094765e+003    4.74E-01
4.1098142e+003    5.09E-01
4.1101521e+003    4.91E-01
4.11049e+003    3.98E-01
4.1108279e+003    2.61E-01
4.1111659e+003    1.39E-01
4.111504e+003    7.30E-02
4.1118421e+003    6.60E-02
4.1121803e+003    9.60E-02
4.1125185e+003    1.40E-01
4.1128568e+003    1.83E-01
4.1131951e+003    2.19E-01
4.1135335e+003    2.51E-01
4.113872e+003    2.94E-01
4.1142105e+003    3.55E-01
4.114549e+003    4.25E-01
4.1148877e+003    4.75E-01
4.1152263e+003    4.77E-01
4.1155651e+003    4.20E-01
4.1159039e+003    3.25E-01
4.1162427e+003    2.26E-01
4.1165816e+003    1.61E-01
4.1169205e+003    1.50E-01
4.1172596e+003    1.98E-01
4.1175986e+003    2.88E-01
4.1179377e+003    3.92E-01
4.1182769e+003    4.76E-01
4.1186161e+003    5.06E-01
4.1189554e+003    4.61E-01
4.1192948e+003    3.54E-01
4.1196342e+003    2.32E-01
4.1199736e+003    1.41E-01
4.1203131e+003    9.61E-02
4.1206527e+003    7.11E-02
4.1209923e+003    4.44E-02
4.121332e+003    2.62E-02
4.1216718e+003    4.57E-02
4.1220115e+003    1.11E-01
4.1223514e+003    1.98E-01
4.1226913e+003    2.72E-01
4.1230313e+003    3.27E-01
4.1233713e+003    3.70E-01
4.1237113e+003    4.05E-01
4.1240515e+003    4.15E-01
4.1243917e+003    3.83E-01
4.1247319e+003    3.14E-01
4.1250722e+003    2.33E-01
4.1254125e+003    1.67E-01
4.1257529e+003    1.29E-01
4.1260934e+003    1.08E-01
4.1264339e+003    8.85E-02
4.1267745e+003    6.41E-02
4.1271151e+003    4.86E-02
4.1274558e+003    5.64E-02
4.1277966e+003    8.19E-02
4.1281374e+003    1.06E-01
4.1284782e+003    1.18E-01
4.1288192e+003    1.37E-01
4.1291601e+003    1.88E-01
4.1295012e+003    2.76E-01
4.1298422e+003    3.71E-01
4.1301834e+003    4.28E-01
4.1305246e+003    4.22E-01
4.1308658e+003    3.63E-01
4.1312071e+003    2.87E-01
4.1315485e+003    2.38E-01
4.1318899e+003    2.39E-01
4.1322314e+003    2.85E-01
4.1325729e+003    3.48E-01
4.1329145e+003    3.98E-01
4.1332562e+003    4.22E-01
4.1335979e+003    4.23E-01
4.1339396e+003    4.05E-01
4.1342815e+003    3.65E-01
4.1346233e+003    3.00E-01
4.1349653e+003    2.21E-01
4.1353073e+003    1.57E-01
4.1356493e+003    1.45E-01
4.1359914e+003    1.91E-01
4.1363336e+003    2.71E-01
4.1366758e+003    3.35E-01
4.137018e+003    3.46E-01
4.1373604e+003    3.04E-01
4.1377027e+003    2.41E-01
4.1380452e+003    1.94E-01
4.1383877e+003    1.77E-01
4.1387302e+003    1.76E-01
4.1390728e+003    1.65E-01
4.1394155e+003    1.34E-01
4.1397582e+003    1.04E-01
4.140101e+003    1.07E-01
4.1404439e+003    1.57E-01
4.1407867e+003    2.41E-01
4.1411297e+003    3.19E-01
4.1414727e+003    3.60E-01
4.1418158e+003    3.58E-01
4.1421589e+003    3.40E-01
4.1425021e+003    3.39E-01
4.1428453e+003    3.76E-01
4.1431886e+003    4.38E-01
4.1435319e+003    4.98E-01
4.1438754e+003    5.28E-01
4.1442188e+003    5.26E-01
4.1445623e+003    5.07E-01
4.1449059e+003    4.83E-01
4.1452495e+003    4.54E-01
4.1455932e+003    4.13E-01
4.145937e+003    3.67E-01
4.1462808e+003    3.33E-01
4.1466246e+003    3.28E-01
4.1469686e+003    3.49E-01
4.1473125e+003    3.75E-01
4.1476566e+003    3.85E-01
4.1480007e+003    3.72E-01
4.1483448e+003    3.41E-01
4.148689e+003    3.04E-01
4.1490333e+003    2.76E-01
4.1493776e+003    2.70E-01
4.149722e+003    2.95E-01
4.1500664e+003    3.46E-01
4.1504109e+003    4.07E-01
4.1507554e+003    4.62E-01
4.1511e+003    4.94E-01
4.1514447e+003    4.96E-01
4.1517894e+003    4.71E-01
4.1521342e+003    4.20E-01
4.152479e+003    3.42E-01
4.1528239e+003    2.35E-01
4.1531689e+003    1.10E-01
4.1535139e+003    -5.89E-03
4.1538589e+003    -7.76E-02
4.1542041e+003    -8.57E-02
4.1545492e+003    -3.19E-02
4.1548945e+003    6.66E-02
4.1552398e+003    1.89E-01
4.1555851e+003    3.14E-01
4.1559305e+003    4.11E-01
4.156276e+003    4.52E-01
4.1566215e+003    4.18E-01
4.1569671e+003    3.16E-01
4.1573127e+003    1.80E-01
4.1576584e+003    5.80E-02
4.1580042e+003    -1.41E-02
4.15835e+003    -2.09E-02
4.1586958e+003    3.09E-02
4.1590418e+003    1.21E-01
4.1593877e+003    2.28E-01
4.1597338e+003    3.37E-01
4.1600799e+003    4.37E-01
4.160426e+003    5.12E-01
4.1607722e+003    5.41E-01
4.1611185e+003    5.09E-01
4.1614648e+003    4.25E-01
4.1618112e+003    3.21E-01
4.1621577e+003    2.38E-01
4.1625042e+003    1.94E-01
4.1628507e+003    1.78E-01
4.1631973e+003    1.61E-01
4.163544e+003    1.28E-01
4.1638907e+003    8.86E-02
4.1642375e+003    6.44E-02
4.1645844e+003    6.96E-02
4.1649313e+003    9.61E-02
4.1652782e+003    1.21E-01
4.1656253e+003    1.28E-01
4.1659723e+003    1.21E-01
4.1663195e+003    1.21E-01
4.1666667e+003    0.00E+00
