1500  0.00
1502  0.00
1504  0.00
1506  0.00
1508  0.0014
1510  0.0126
1512  0.0028
1514  0.0073
1516  0.0042
1518  0.0049
1520  0.0080
1522  0.0098
1524  0.0094
1526  0.0065
1528  0.0052
1530  0.0063
1532  0.0119
1534  0.0073
1536  0.0154
1538  0.0119
1540  0.0056
1542  0.0059
1544  0.0123
1546  0.0056
1548  0.0186
1550  0.0126
1552  0.0109
1554  0.0123
1556  0.0066
1558  0.0091
1560  0.0137
1562  0.0214
1564  0.0119
1566  0.0084
1568  0.0105
1570  0.0109
1572  0.0063
1574  0.0274
1576  0.0281
1578  0.0302
1580  0.0277
1582  0.0421
1584  0.0478
1586  0.0643
1588  0.0815
1590  0.1012
1592  0.1188
1594  0.1522
1596  0.1719
1598  0.1990
1600  0.2373
1602  0.2612
1604  0.3118
1606  0.3266
1608  0.3670
1610  0.4338
1612  0.4704
1614  0.5474
1616  0.6058
1618  0.6765
1620  0.7440
1622  0.7285
1624  0.8301
1626  0.8108
1628  0.8646
1630  0.8762
1632  0.9026
1634  0.9803
1636  0.9395
1638  1     
1640  0.9866
1642  0.9852
1644  0.9324
1646  0.9047
1648  0.8931
1650  0.8892
1652  0.9040
1654  0.8695
1656  0.8308
1658  0.7475
1660  0.7144
1662  0.6543
1664  0.6111
1666  0.6054
1668  0.5632
1670  0.4694
1672  0.4170
1674  0.3994
1676  0.3336
1678  0.3020
1680  0.2630
1682  0.2222
1684  0.1993
1686  0.1666
1688  0.1434
1690  0.1251
1692  0.0966
1694  0.0857
1696  0.0833
1698  0.0615
1700  0.0425
1702  0.0386
1704  0.0355
1706  0.0337
1708  0.0302
1710  0.0200
1712  0.0249
1714  0.0228
1716  0.0246
1718  0.0130
1720  0.0140
1722  0.0059
1724  0.0091
1726  0.0144
1728  0.0137
1730  0.0056
1732  0.0063
1734  0.0080
1736  0.0098
1738  0.0119
1740  0.0031
1742  0.0087
1744  0.0056
1746  0.0077
1748  0.0059
1750  0.0112
1752  0.0042
1754  0.0080
1756  0.0052
1758  0.0056
1760  0.0066
1762  0.0116
1764  0.0066
1766  0.0045
1768  0.0070
1770  0.0077
1772  0.0087
1774  0.0066
1776  0.0087
1778  0.0052
1780  0.0094
1782  0.0035
1784  0.0080
1786  0.0031
1788  0.0084
1790  0.0080
1792  0.0045
1794  0.0035
1796  0.00
1798  0.00
1800  0.00

