930  0.00
931  0.00537
932  0.00604
933  0.00470
934  0.00604
935  0.00537
936  0.00537
937  0.00470
938  0.00604
939  0.00671
940  0.00805
941  0.00738
942  0.00805
943  0.00873
944  0.00738
945  0.00738
946  0.00738
947  0.00805
948  0.00738
949  0.01007
950  0.01141
951  0.01141
952  0.01343
953  0.01343
954  0.01410
955  0.01611
956  0.01813
957  0.02081
958  0.02686
959  0.03290
960  0.04298
961  0.05507
962  0.07454
963  0.10141
964  0.14170
965  0.19677
966  0.27266
967  0.36937
968  0.48220
969  0.60779
970  0.73203
971  0.83747
972  0.92142
973  0.97313
974  0.98925
975  0.99597
976  0.99664
977  0.98656
978  0.97985
979  0.97179
980  0.95836
981  0.94492
982  0.92948
983  0.90664
984  0.87844
985  0.83949
986  0.79113
987  0.72934
988  0.65144
989  0.56279
990  0.46205
991  0.36467
992  0.27333
993  0.19073
994  0.12558
995  0.08126
996  0.05104
997  0.03492
998  0.02417
999  0.01611
1000 0.01208
1001 0.00873
1002 0.00671
1003 0.00537
1004 0.00470
1005 0.00

