870 0.00
871 0.002
872 0.00263
873 0.00263
874 0.00175
875 0.00263
876 0.00263
877 0.00263
878 0.00263
879 0.00351
880 0.00351
881 0.00527
882 0.00791
883 0.01407
884 0.02110
885 0.03342
886 0.05101
887 0.07827
888 0.11785
889 0.18205
890 0.27088
891 0.37730
892 0.49780
893 0.61653
894 0.72207
895 0.82233
896 0.89270
897 0.94019
898 0.96394
899 0.99032
900 1      
901 0.99648
902 0.98328
903 0.96745
904 0.95866
905 0.94283
906 0.93843
907 0.92436
908 0.92084
909 0.90061
910 0.87774
911 0.82497
912 0.74054
913 0.64819
914 0.54353
915 0.43007
916 0.32805
917 0.24538
918 0.17590
919 0.12225
920 0.08179
921 0.05628
922 0.03781
923 0.02814
924 0.01847
925 0.01231
926 0.00703
927 0.00703
928 0.00351
929 0.00263
930 0.00
