400  9.39E-05 
401  5.55E-05 
402  8.26E-05 
403  6.63E-05 
404  8.25E-05 
405  4.43E-06 
406  4.28E-05 
407  7.26E-05 
408  1.35E-05 
409  5.58E-05 
410  6.85E-05 
411  5.30E-05 
412  9.40E-05 
413  6.60E-05 
414  7.83E-05 
415  3.36E-06 
416  8.24E-05 
417  7.27E-05 
418  1.51E-05 
419  3.86E-06 
420  7.94E-05 
421  7.64E-05 
422  7.54E-05 
423  6.72E-05 
424  7.38E-05 
425  8.51E-05 
426  7.32E-05 
427  5.20E-05 
428  5.55E-05 
429  8.42E-05 
430  4.92E-05 
431  6.34E-05 
432  5.80E-05 
433  5.44E-05 
434  1.69E-05 
435  6.89E-05 
436  4.57E-06 
437  4.77E-05 
438  5.83E-05 
439  8.37E-05 
440  4.89E-05 
441  8.24E-05 
442  2.36E-05 
443  6.70E-05 
444  6.56E-05 
445  8.74E-05 
446  7.58E-05 
447  8.26E-05 
448  3.75E-05 
449  8.37E-05 
450  8.31E-06 
451  4.12E-05 
452  6.34E-05 
453  4.15E-05 
454  3.45E-05 
455  3.62E-05 
456  5.59E-05 
457  5.86E-05 
458  6.65E-05 
459  8.33E-05 
460  1.61E-05 
461  2.52E-05 
462  5.64E-05 
463  9.70E-05 
464  9.03E-05 
465  2.75E-05 
466  3.39E-05 
467  8.01E-06 
468  5.97E-05 
469  1.97E-05 
470  6.34E-05 
471  4.85E-05 
472  3.02E-05 
473  1.23E-05 
474  9.25E-05 
475  3.08E-05 
476  9.66E-05 
477  4.25E-05 
478  7.36E-05 
479  3.23E-05 
480  8.92E-05 
481  5.44E-06 
482  4.29E-05 
483  8.54E-05 
484  0.0001021
485  1.99E-05 
486  6.65E-05 
487  9.51E-05 
488  4.51E-05 
489  3.68E-05 
490  8.64E-05 
491  6.86E-05 
492  2.75E-05 
493  9.24E-05 
494  9.20E-05 
495  3.49E-05 
496  8.22E-05 
497  2.07E-05 
498  2.20E-05 
499  1.26E-05 
500  2.41E-05 
501  9.93E-05 
502  1.01E-07 
503  2.07E-05 
504  0.0001017
505  5.34E-06 
506  1.87E-05 
507  8.15E-05 
508  7.10E-05 
509  5.09E-05 
510  1.69E-05 
511  0.0001035
512  2.63E-05 
513  6.32E-05 
514  4.31E-05 
515  7.57E-05 
516  4.32E-05 
517  3.49E-05 
518  7.41E-05 
519  3.73E-05 
520  7.01E-05 
521  6.37E-05 
522  3.51E-05 
523  6.89E-05 
524  5.68E-05 
525  7.32E-05 
526  5.98E-05 
527  8.47E-05 
528  7.02E-05 
529  8.31E-05 
530  9.08E-05 
531  9.51E-05 
532  3.55E-05 
533  1.05E-05 
534  8.09E-05 
535  9.69E-05 
536  5.89E-05 
537  7.95E-05 
538  8.83E-05 
539  7.93E-05 
540  2.86E-05 
541  1.68E-05 
542  4.59E-05 
543  1.14E-05 
544  6.36E-05 
545  9.65E-05 
546  3.56E-05 
547  6.42E-05 
548  8.73E-05 
549  8.49E-05 
550  7.02E-05 
551  8.45E-05 
552  2.19E-05 
553  8.43E-06 
554  5.67E-05 
555  7.01E-05 
556  4.29E-05 
557  1.68E-06 
558  3.09E-05 
559  0.002161 
560  0.001404 
561  0.002072 
562  0.002702 
563  0.003575 
564  0.007326 
565  0.01021  
566  0.01465  
567  0.02014  
568  0.02966  
569  0.04083  
570  0.05477  
571  0.06911  
572  0.08709  
573  0.1094   
574  0.1328   
575  0.156    
576  0.1777   
577  0.1964   
578  0.2118   
579  0.2216   
580  0.23     
581  0.2352   
582  0.239    
583  0.2446   
584  0.2522   
585  0.2659   
586  0.2795   
587  0.2993   
588  0.3226   
589  0.3459   
590  0.3788   
591  0.4149   
592  0.462    
593  0.5016   
594  0.5447   
595  0.586    
596  0.6233   
597  0.6414   
598  0.6602   
599  0.6653   
600  0.6658   
601  0.658    
602  0.6456   
603  0.6473   
604  0.6426   
605  0.6545   
606  0.6617   
607  0.6768   
608  0.685    
609  0.6875   
610  0.6912   
611  0.6907   
612  0.6854   
613  0.6801   
614  0.6671   
615  0.652    
616  0.6422   
617  0.6344   
618  0.6364   
619  0.6329   
620  0.6433   
621  0.6556   
622  0.6677   
623  0.6843   
624  0.7011   
625  0.7219   
626  0.7392   
627  0.7469   
628  0.7514   
629  0.7527   
630  0.7571   
631  0.7568   
632  0.7527   
633  0.7507   
634  0.7486   
635  0.7514   
636  0.766    
637  0.7765   
638  0.7913   
639  0.7949   
640  0.7958   
641  0.7943   
642  0.7904   
643  0.7937   
644  0.799    
645  0.8002   
646  0.7982   
647  0.8096   
648  0.826    
649  0.8478   
650  0.8579   
651  0.8788   
652  0.8808   
653  0.8845   
654  0.8916   
655  0.891    
656  0.9078   
657  0.9183   
658  0.9368   
659  0.9418   
660  0.9543   
661  0.967    
662  0.9804   
663  0.9877   
664  1        
665  0.9914   
666  0.98     
667  0.9757   
668  0.9601   
669  0.9651   
670  0.9584   
671  0.9578   
672  0.9457   
673  0.9327   
674  0.9199   
675  0.9049   
676  0.8884   
677  0.8772   
678  0.8511   
679  0.8135   
680  0.7739   
681  0.7177   
682  0.6709   
683  0.6091   
684  0.5533   
685  0.4876   
686  0.4253   
687  0.3726   
688  0.3244   
689  0.279    
690  0.2393   
691  0.2029   
692  0.1748   
693  0.1525   
694  0.1298   
695  0.112    
696  0.09619  
697  0.08433  
698  0.07116  
699  0.0594   
700  0.04628  
701  0.03701  
702  0.02819  
703  0.02032  
704  0.01162  
705  0.006288 
706  0.0004497
707  8.00E-05 
708  4.79E-05 
709  5.63E-05 
710  1.80E-05 
711  2.55E-05 
712  0        
713  6.65E-05 
714  7.92E-05 
715  7.24E-05 
716  2.81E-05 
717  4.92E-05 
718  4.62E-05 
719  3.46E-06 
720  4.36E-05 
721  5.55E-05 
722  3.60E-05 
723  8.78E-05 
724  7.49E-05 
725  7.26E-05 
726  3.48E-05 
727  6.71E-05 
728  2.40E-05 
729  9.97E-05 
730  5.79E-05 
731  2.58E-05 
732  2.18E-06 
733  5.90E-05 
734  2.66E-05 
735  4.31E-05 
736  7.71E-05 
737  2.78E-05 
738  2.33E-05 
739  9.11E-05 
740  2.02E-05 
741  8.18E-06 
742  6.39E-05 
743  3.91E-05 
744  8.91E-05 
745  7.65E-05 
746  5.69E-05 
747  3.48E-05 
748  4.41E-05 
749  0.0001021
750  9.15E-05 
751  6.97E-05 
752  4.78E-05 
753  5.34E-05 
754  5.26E-05 
755  6.15E-05 
756  5.52E-05 
757  5.86E-06 
758  3.12E-05 
759  2.96E-05 
760  2.95E-05 
761  2.05E-05 
762  3.52E-05 
763  2.00E-05 
764  7.32E-05 
765  4.45E-05 
766  0.000107 
767  1.12E-05 
768  6.93E-05 
769  1.48E-05 
770  9.59E-05 
771  6.80E-05 
772  3.55E-05 
773  7.80E-05 
774  9.17E-05 
775  7.39E-05 
776  2.41E-05 
777  5.77E-05 
778  4.04E-05 
779  7.99E-05 
780  7.62E-05 
781  6.87E-05 
782  8.02E-05 
783  3.38E-05 
784  3.31E-05 
785  8.70E-05 
786  6.47E-05 
787  5.21E-05 
788  1.64E-05 
789  9.93E-05 
790  3.74E-05 
791  5.90E-05 
792  4.97E-05 
793  5.70E-05 
794  2.82E-05 
795  8.43E-05 
796  9.09E-05 
797  4.54E-05 
798  2.57E-05 
799  8.07E-05 
800  9.35E-05 