8.6956522e+003    0.00E+00
8.6971647e+003    1.42E-01
8.6986778e+003    1.41E-01
8.7001914e+003    1.42E-01
8.7017055e+003    1.50E-01
8.7032202e+003    1.64E-01
8.7047354e+003    1.81E-01
8.7062511e+003    1.95E-01
8.7077673e+003    1.98E-01
8.7092841e+003    1.84E-01
8.7108014e+003    1.54E-01
8.7123192e+003    1.17E-01
8.7138376e+003    8.27E-02
8.7153565e+003    6.33E-02
8.7168759e+003    6.52E-02
8.7183958e+003    8.72E-02
8.7199163e+003    1.22E-01
8.7214373e+003    1.59E-01
8.7229588e+003    1.89E-01
8.7244809e+003    2.06E-01
8.7260035e+003    2.11E-01
8.7275266e+003    2.06E-01
8.7290503e+003    1.92E-01
8.7305745e+003    1.73E-01
8.7320992e+003    1.52E-01
8.7336245e+003    1.32E-01
8.7351502e+003    1.18E-01
8.7366766e+003    1.14E-01
8.7382034e+003    1.16E-01
8.7397308e+003    1.17E-01
8.7412587e+003    1.08E-01
8.7427872e+003    8.92E-02
8.7443162e+003    6.45E-02
8.7458457e+003    4.52E-02
8.7473758e+003    4.11E-02
8.7489064e+003    5.56E-02
8.7504375e+003    8.30E-02
8.7519692e+003    1.13E-01
8.7535014e+003    1.37E-01
8.7550341e+003    1.49E-01
8.7565674e+003    1.52E-01
8.7581012e+003    1.50E-01
8.7596356e+003    1.49E-01
8.7611705e+003    1.49E-01
8.7627059e+003    1.53E-01
8.7642419e+003    1.59E-01
8.7657784e+003    1.66E-01
8.7673154e+003    1.70E-01
8.768853e+003    1.69E-01
8.7703912e+003    1.61E-01
8.7719298e+003    1.49E-01
8.773469e+003    1.40E-01
8.7750088e+003    1.41E-01
8.7765491e+003    1.59E-01
8.7780899e+003    1.94E-01
8.7796313e+003    2.41E-01
8.7811732e+003    2.89E-01
8.7827156e+003    3.28E-01
8.7842586e+003    3.49E-01
8.7858021e+003    3.46E-01
8.7873462e+003    3.19E-01
8.7888908e+003    2.69E-01
8.790436e+003    2.01E-01
8.7919817e+003    1.28E-01
8.793528e+003    6.36E-02
8.7950748e+003    2.12E-02
8.7966221e+003    8.05E-03
8.79817e+003    2.31E-02
8.7997184e+003    5.76E-02
8.8012674e+003    9.95E-02
8.8028169e+003    1.36E-01
8.804367e+003    1.61E-01
8.8059176e+003    1.69E-01
8.8074687e+003    1.65E-01
8.8090204e+003    1.55E-01
8.8105727e+003    1.48E-01
8.8121255e+003    1.48E-01
8.8136788e+003    1.56E-01
8.8152327e+003    1.72E-01
8.8167872e+003    1.88E-01
8.8183422e+003    2.00E-01
8.8198977e+003    2.06E-01
8.8214538e+003    2.07E-01
8.8230104e+003    2.03E-01
8.8245676e+003    1.99E-01
8.8261253e+003    1.96E-01
8.8276836e+003    1.93E-01
8.8292425e+003    1.90E-01
8.8308018e+003    1.84E-01
8.8323618e+003    1.77E-01
8.8339223e+003    1.70E-01
8.8354833e+003    1.70E-01
8.8370449e+003    1.79E-01
8.838607e+003    1.96E-01
8.8401697e+003    2.19E-01
8.841733e+003    2.39E-01
8.8432968e+003    2.52E-01
8.8448611e+003    2.54E-01
8.846426e+003    2.48E-01
8.8479915e+003    2.35E-01
8.8495575e+003    2.18E-01
8.8511241e+003    2.00E-01
8.8526912e+003    1.82E-01
8.8542589e+003    1.66E-01
8.8558271e+003    1.57E-01
8.8573959e+003    1.57E-01
8.8589653e+003    1.70E-01
8.8605352e+003    1.90E-01
8.8621056e+003    2.09E-01
8.8636767e+003    2.20E-01
8.8652482e+003    2.19E-01
8.8668204e+003    2.08E-01
8.868393e+003    1.94E-01
8.8699663e+003    1.87E-01
8.8715401e+003    1.94E-01
8.8731145e+003    2.17E-01
8.8746894e+003    2.51E-01
8.8762649e+003    2.87E-01
8.8778409e+003    3.15E-01
8.8794175e+003    3.23E-01
8.8809947e+003    3.06E-01
8.8825724e+003    2.65E-01
8.8841507e+003    2.08E-01
8.8857295e+003    1.49E-01
8.8873089e+003    9.74E-02
8.8888889e+003    5.94E-02
8.8904694e+003    3.43E-02
8.8920505e+003    1.94E-02
8.8936322e+003    1.45E-02
8.8952144e+003    2.34E-02
8.8967972e+003    5.06E-02
8.8983805e+003    9.77E-02
8.8999644e+003    1.59E-01
8.9015489e+003    2.22E-01
8.9031339e+003    2.72E-01
8.9047195e+003    2.99E-01
8.9063057e+003    3.01E-01
8.9078924e+003    2.82E-01
8.9094797e+003    2.54E-01
8.9110675e+003    2.27E-01
8.912656e+003    2.09E-01
8.914245e+003    1.97E-01
8.9158345e+003    1.88E-01
8.9174246e+003    1.73E-01
8.9190153e+003    1.50E-01
8.9206066e+003    1.24E-01
8.9221984e+003    1.02E-01
8.9237908e+003    9.26E-02
8.9253838e+003    9.63E-02
8.9269773e+003    1.10E-01
8.9285714e+003    1.27E-01
8.9301661e+003    1.41E-01
8.9317613e+003    1.50E-01
8.9333572e+003    1.57E-01
8.9349535e+003    1.63E-01
8.9365505e+003    1.71E-01
8.938148e+003    1.80E-01
8.9397461e+003    1.91E-01
8.9413448e+003    2.04E-01
8.942944e+003    2.18E-01
8.9445438e+003    2.33E-01
8.9461442e+003    2.46E-01
8.9477452e+003    2.57E-01
8.9493467e+003    2.64E-01
8.9509488e+003    2.71E-01
8.9525515e+003    2.79E-01
8.9541547e+003    2.88E-01
8.9557586e+003    2.99E-01
8.957363e+003    3.07E-01
8.9589679e+003    3.11E-01
8.9605735e+003    3.09E-01
8.9621796e+003    3.04E-01
8.9637863e+003    2.96E-01
8.9653936e+003    2.85E-01
8.9670014e+003    2.71E-01
8.9686099e+003    2.51E-01
8.9702189e+003    2.24E-01
8.9718285e+003    1.92E-01
8.9734386e+003    1.60E-01
8.9750494e+003    1.34E-01
8.9766607e+003    1.18E-01
8.9782726e+003    1.15E-01
8.9798851e+003    1.25E-01
8.9814981e+003    1.48E-01
8.9831117e+003    1.81E-01
8.984726e+003    2.19E-01
8.9863408e+003    2.55E-01
8.9879561e+003    2.81E-01
8.9895721e+003    2.93E-01
8.9911886e+003    2.91E-01
8.9928058e+003    2.81E-01
8.9944235e+003    2.73E-01
8.9960417e+003    2.70E-01
8.9976606e+003    2.75E-01
8.9992801e+003    2.84E-01
9.0009001e+003    2.94E-01
9.0025207e+003    3.03E-01
9.0041419e+003    3.12E-01
9.0057637e+003    3.20E-01
9.0073861e+003    3.24E-01
9.009009e+003    3.23E-01
9.0106325e+003    3.18E-01
9.0122567e+003    3.14E-01
9.0138814e+003    3.17E-01
9.0155067e+003    3.30E-01
9.0171326e+003    3.51E-01
9.018759e+003    3.71E-01
9.0203861e+003    3.81E-01
9.0220137e+003    3.76E-01
9.0236419e+003    3.54E-01
9.0252708e+003    3.24E-01
9.0269002e+003    2.96E-01
9.0285302e+003    2.82E-01
9.0301607e+003    2.87E-01
9.0317919e+003    3.08E-01
9.0334237e+003    3.36E-01
9.035056e+003    3.58E-01
9.036689e+003    3.66E-01
9.0383225e+003    3.57E-01
9.0399566e+003    3.34E-01
9.0415913e+003    3.05E-01
9.0432266e+003    2.75E-01
9.0448625e+003    2.52E-01
9.046499e+003    2.39E-01
9.0481361e+003    2.38E-01
9.0497738e+003    2.47E-01
9.051412e+003    2.64E-01
9.0530509e+003    2.85E-01
9.0546903e+003    3.05E-01
9.0563304e+003    3.24E-01
9.057971e+003    3.41E-01
9.0596122e+003    3.55E-01
9.0612541e+003    3.66E-01
9.0628965e+003    3.72E-01
9.0645395e+003    3.72E-01
9.0661831e+003    3.68E-01
9.0678273e+003    3.63E-01
9.0694722e+003    3.58E-01
9.0711176e+003    3.50E-01
9.0727636e+003    3.40E-01
9.0744102e+003    3.28E-01
9.0760574e+003    3.17E-01
9.0777052e+003    3.11E-01
9.0793536e+003    3.09E-01
9.0810025e+003    3.08E-01
9.0826521e+003    3.02E-01
9.0843023e+003    2.88E-01
9.0859531e+003    2.69E-01
9.0876045e+003    2.53E-01
9.0892565e+003    2.47E-01
9.0909091e+003    2.55E-01
9.0925623e+003    2.75E-01
9.0942161e+003    2.99E-01
9.0958705e+003    3.22E-01
9.0975255e+003    3.40E-01
9.0991811e+003    3.54E-01
9.1008373e+003    3.66E-01
9.1024941e+003    3.76E-01
9.1041515e+003    3.82E-01
9.1058095e+003    3.85E-01
9.1074681e+003    3.89E-01
9.1091273e+003    4.02E-01
9.1107872e+003    4.26E-01
9.1124476e+003    4.62E-01
9.1141086e+003    5.05E-01
9.1157703e+003    5.46E-01
9.1174325e+003    5.79E-01
9.1190954e+003    5.97E-01
9.1207588e+003    5.96E-01
9.1224229e+003    5.76E-01
9.1240876e+003    5.37E-01
9.1257529e+003    4.89E-01
9.1274188e+003    4.42E-01
9.1290853e+003    4.09E-01
9.1307524e+003    3.96E-01
9.1324201e+003    4.06E-01
9.1340884e+003    4.33E-01
9.1357574e+003    4.69E-01
9.1374269e+003    5.05E-01
9.1390971e+003    5.34E-01
9.1407678e+003    5.51E-01
9.1424392e+003    5.53E-01
9.1441112e+003    5.42E-01
9.1457838e+003    5.24E-01
9.147457e+003    5.10E-01
9.1491308e+003    5.04E-01
9.1508053e+003    5.08E-01
9.1524803e+003    5.14E-01
9.154156e+003    5.16E-01
9.1558323e+003    5.10E-01
9.1575092e+003    4.97E-01
9.1591867e+003    4.82E-01
9.1608648e+003    4.71E-01
9.1625435e+003    4.66E-01
9.1642229e+003    4.67E-01
9.1659028e+003    4.71E-01
9.1675834e+003    4.79E-01
9.1692646e+003    4.89E-01
9.1709464e+003    5.01E-01
9.1726289e+003    5.11E-01
9.1743119e+003    5.18E-01
9.1759956e+003    5.18E-01
9.1776799e+003    5.14E-01
9.1793648e+003    5.08E-01
9.1810503e+003    5.06E-01
9.1827365e+003    5.11E-01
9.1844232e+003    5.20E-01
9.1861106e+003    5.32E-01
9.1877986e+003    5.43E-01
9.1894872e+003    5.51E-01
9.1911765e+003    5.57E-01
9.1928663e+003    5.64E-01
9.1945568e+003    5.76E-01
9.1962479e+003    5.95E-01
9.1979397e+003    6.19E-01
9.199632e+003    6.44E-01
9.201325e+003    6.63E-01
9.2030186e+003    6.71E-01
9.2047128e+003    6.67E-01
9.2064077e+003    6.55E-01
9.2081031e+003    6.43E-01
9.2097992e+003    6.40E-01
9.2114959e+003    6.49E-01
9.2131933e+003    6.68E-01
9.2148913e+003    6.91E-01
9.2165899e+003    7.11E-01
9.2182891e+003    7.23E-01
9.2199889e+003    7.28E-01
9.2216894e+003    7.25E-01
9.2233905e+003    7.17E-01
9.2250923e+003    7.03E-01
9.2267946e+003    6.87E-01
9.2284976e+003    6.76E-01
9.2302012e+003    6.80E-01
9.2319055e+003    7.10E-01
9.2336103e+003    7.67E-01
9.2353158e+003    8.43E-01
9.237022e+003    9.20E-01
9.2387288e+003    9.79E-01
9.2404361e+003    1.01E+00
9.2421442e+003    1.00E+00
9.2438528e+003    9.72E-01
9.2455621e+003    9.32E-01
9.2472721e+003    8.94E-01
9.2489826e+003    8.66E-01
9.2506938e+003    8.50E-01
9.2524056e+003    8.44E-01
9.2541181e+003    8.45E-01
9.2558312e+003    8.53E-01
9.2575449e+003    8.73E-01
9.2592593e+003    9.07E-01
9.2609743e+003    9.56E-01
9.2626899e+003    1.01E+00
9.2644062e+003    1.07E+00
9.2661231e+003    1.11E+00
9.2678406e+003    1.15E+00
9.2695588e+003    1.18E+00
9.2712776e+003    1.21E+00
9.272997e+003    1.24E+00
9.2747171e+003    1.26E+00
9.2764378e+003    1.28E+00
9.2781592e+003    1.28E+00
9.2798812e+003    1.28E+00
9.2816039e+003    1.28E+00
9.2833271e+003    1.29E+00
9.2850511e+003    1.31E+00
9.2867756e+003    1.33E+00
9.2885008e+003    1.34E+00
9.2902267e+003    1.36E+00
9.2919532e+003    1.37E+00
9.2936803e+003    1.40E+00
9.2954081e+003    1.44E+00
9.2971365e+003    1.48E+00
9.2988655e+003    1.50E+00
9.3005952e+003    1.51E+00
9.3023256e+003    1.50E+00
9.3040566e+003    1.46E+00
9.3057882e+003    1.43E+00
9.3075205e+003    1.40E+00
9.3092534e+003    1.40E+00
9.310987e+003    1.43E+00
9.3127212e+003    1.48E+00
9.314456e+003    1.54E+00
9.3161915e+003    1.60E+00
9.3179277e+003    1.64E+00
9.3196645e+003    1.66E+00
9.3214019e+003    1.67E+00
9.32314e+003    1.68E+00
9.3248788e+003    1.70E+00
9.3266182e+003    1.73E+00
9.3283582e+003    1.78E+00
9.3300989e+003    1.83E+00
9.3318402e+003    1.86E+00
9.3335822e+003    1.89E+00
9.3353249e+003    1.91E+00
9.3370682e+003    1.93E+00
9.3388121e+003    1.96E+00
9.3405567e+003    2.00E+00
9.3423019e+003    2.03E+00
9.3440478e+003    2.07E+00
9.3457944e+003    2.09E+00
9.3475416e+003    2.11E+00
9.3492895e+003    2.13E+00
9.351038e+003    2.14E+00
9.3527871e+003    2.16E+00
9.354537e+003    2.19E+00
9.3562874e+003    2.22E+00
9.3580386e+003    2.26E+00
9.3597903e+003    2.30E+00
9.3615428e+003    2.34E+00
9.3632959e+003    2.38E+00
9.3650496e+003    2.42E+00
9.366804e+003    2.47E+00
9.3685591e+003    2.52E+00
9.3703148e+003    2.58E+00
9.3720712e+003    2.65E+00
9.3738283e+003    2.73E+00
9.375586e+003    2.79E+00
9.3773443e+003    2.86E+00
9.3791034e+003    2.92E+00
9.380863e+003    2.99E+00
9.3826234e+003    3.07E+00
9.3843844e+003    3.17E+00
9.386146e+003    3.27E+00
9.3879084e+003    3.37E+00
9.3896714e+003    3.46E+00
9.391435e+003    3.54E+00
9.3931993e+003    3.61E+00
9.3949643e+003    3.67E+00
9.3967299e+003    3.73E+00
9.3984962e+003    3.80E+00
9.4002632e+003    3.86E+00
9.4020308e+003    3.94E+00
9.4037991e+003    4.02E+00
9.4055681e+003    4.11E+00
9.4073377e+003    4.21E+00
9.409108e+003    4.30E+00
9.410879e+003    4.39E+00
9.4126506e+003    4.48E+00
9.4144229e+003    4.58E+00
9.4161959e+003    4.68E+00
9.4179695e+003    4.78E+00
9.4197438e+003    4.89E+00
9.4215187e+003    5.00E+00
9.4232944e+003    5.12E+00
9.4250707e+003    5.24E+00
9.4268477e+003    5.37E+00
9.4286253e+003    5.50E+00
9.4304036e+003    5.63E+00
9.4321826e+003    5.75E+00
9.4339623e+003    5.87E+00
9.4357426e+003    5.99E+00
9.4375236e+003    6.12E+00
9.4393053e+003    6.27E+00
9.4410876e+003    6.43E+00
9.4428706e+003    6.60E+00
9.4446543e+003    6.78E+00
9.4464387e+003    6.96E+00
9.4482237e+003    7.15E+00
9.4500095e+003    7.34E+00
9.4517958e+003    7.54E+00
9.4535829e+003    7.75E+00
9.4553707e+003    7.96E+00
9.4571591e+003    8.16E+00
9.4589482e+003    8.36E+00
9.4607379e+003    8.56E+00
9.4625284e+003    8.75E+00
9.4643195e+003    8.96E+00
9.4661113e+003    9.19E+00
9.4679038e+003    9.44E+00
9.469697e+003    9.72E+00
9.4714908e+003    1.00E+01
9.4732853e+003    1.03E+01
9.4750805e+003    1.06E+01
9.4768764e+003    1.08E+01
9.478673e+003    1.11E+01
9.4804702e+003    1.14E+01
9.4822682e+003    1.17E+01
9.4840668e+003    1.21E+01
9.4858661e+003    1.24E+01
9.487666e+003    1.28E+01
9.4894667e+003    1.32E+01
9.491268e+003    1.36E+01
9.4930701e+003    1.40E+01
9.4948728e+003    1.44E+01
9.4966762e+003    1.48E+01
9.4984802e+003    1.52E+01
9.500285e+003    1.56E+01
9.5020905e+003    1.61E+01
9.5038966e+003    1.65E+01
9.5057034e+003    1.70E+01
9.5075109e+003    1.74E+01
9.5093191e+003    1.80E+01
9.511128e+003    1.85E+01
9.5129376e+003    1.91E+01
9.5147479e+003    1.97E+01
9.5165588e+003    2.03E+01
9.5183705e+003    2.09E+01
9.5201828e+003    2.16E+01
9.5219958e+003    2.22E+01
9.5238095e+003    2.28E+01
9.5256239e+003    2.35E+01
9.527439e+003    2.42E+01
9.5292548e+003    2.50E+01
9.5310713e+003    2.57E+01
9.5328885e+003    2.65E+01
9.5347063e+003    2.72E+01
9.5365249e+003    2.80E+01
9.5383441e+003    2.88E+01
9.5401641e+003    2.97E+01
9.5419847e+003    3.06E+01
9.5438061e+003    3.15E+01
9.5456281e+003    3.24E+01
9.5474508e+003    3.34E+01
9.5492743e+003    3.44E+01
9.5510984e+003    3.53E+01
9.5529232e+003    3.63E+01
9.5547487e+003    3.73E+01
9.5565749e+003    3.82E+01
9.5584018e+003    3.93E+01
9.5602294e+003    4.03E+01
9.5620578e+003    4.14E+01
9.5638868e+003    4.26E+01
9.5657165e+003    4.38E+01
9.5675469e+003    4.50E+01
9.569378e+003    4.63E+01
9.5712098e+003    4.75E+01
9.5730423e+003    4.88E+01
9.5748755e+003    5.00E+01
9.5767094e+003    5.13E+01
9.5785441e+003    5.25E+01
9.5803794e+003    5.37E+01
9.5822154e+003    5.49E+01
9.5840521e+003    5.62E+01
9.5858896e+003    5.74E+01
9.5877277e+003    5.87E+01
9.5895666e+003    6.00E+01
9.5914061e+003    6.14E+01
9.5932464e+003    6.27E+01
9.5950873e+003    6.40E+01
9.596929e+003    6.53E+01
9.5987714e+003    6.66E+01
9.6006144e+003    6.79E+01
9.6024582e+003    6.91E+01
9.6043027e+003    7.04E+01
9.6061479e+003    7.17E+01
9.6079939e+003    7.29E+01
9.6098405e+003    7.41E+01
9.6116878e+003    7.53E+01
9.6135359e+003    7.64E+01
9.6153846e+003    7.76E+01
9.6172341e+003    7.87E+01
9.6190843e+003    7.98E+01
9.6209352e+003    8.09E+01
9.6227868e+003    8.19E+01
9.6246391e+003    8.30E+01
9.6264921e+003    8.40E+01
9.6283459e+003    8.49E+01
9.6302003e+003    8.59E+01
9.6320555e+003    8.68E+01
9.6339114e+003    8.77E+01
9.635768e+003    8.86E+01
9.6376253e+003    8.94E+01
9.6394833e+003    9.02E+01
9.6413421e+003    9.10E+01
9.6432015e+003    9.17E+01
9.6450617e+003    9.24E+01
9.6469226e+003    9.30E+01
9.6487843e+003    9.36E+01
9.6506466e+003    9.41E+01
9.6525097e+003    9.46E+01
9.6543734e+003    9.51E+01
9.6562379e+003    9.56E+01
9.6581031e+003    9.61E+01
9.6599691e+003    9.65E+01
9.6618357e+003    9.69E+01
9.6637031e+003    9.73E+01
9.6655712e+003    9.76E+01
9.6674401e+003    9.80E+01
9.6693096e+003    9.83E+01
9.6711799e+003    9.87E+01
9.6730509e+003    9.90E+01
9.6749226e+003    9.93E+01
9.676795e+003    9.95E+01
9.6786682e+003    9.97E+01
9.6805421e+003    9.98E+01
9.6824167e+003    9.99E+01
9.6842921e+003    9.99E+01
9.6861682e+003    1.00E+02
9.688045e+003    1.00E+02
9.6899225e+003    1.00E+02
9.6918007e+003    1.00E+02
9.6936797e+003    9.99E+01
9.6955594e+003    9.99E+01
9.6974399e+003    9.98E+01
9.699321e+003    9.97E+01
9.7012029e+003    9.96E+01
9.7030856e+003    9.96E+01
9.7049689e+003    9.95E+01
9.706853e+003    9.94E+01
9.7087379e+003    9.92E+01
9.7106234e+003    9.89E+01
9.7125097e+003    9.85E+01
9.7143967e+003    9.82E+01
9.7162845e+003    9.78E+01
9.718173e+003    9.74E+01
9.7200622e+003    9.71E+01
9.7219522e+003    9.67E+01
9.7238429e+003    9.63E+01
9.7257343e+003    9.59E+01
9.7276265e+003    9.54E+01
9.7295194e+003    9.49E+01
9.731413e+003    9.43E+01
9.7333074e+003    9.37E+01
9.7352025e+003    9.31E+01
9.7370983e+003    9.24E+01
9.7389949e+003    9.17E+01
9.7408923e+003    9.09E+01
9.7427903e+003    9.02E+01
9.7446891e+003    8.94E+01
9.7465887e+003    8.85E+01
9.748489e+003    8.77E+01
9.75039e+003    8.68E+01
9.7522918e+003    8.59E+01
9.7541943e+003    8.49E+01
9.7560976e+003    8.39E+01
9.7580016e+003    8.29E+01
9.7599063e+003    8.18E+01
9.7618118e+003    8.07E+01
9.763718e+003    7.96E+01
9.765625e+003    7.84E+01
9.7675327e+003    7.72E+01
9.7694412e+003    7.60E+01
9.7713504e+003    7.48E+01
9.7732604e+003    7.36E+01
9.7751711e+003    7.23E+01
9.7770825e+003    7.10E+01
9.7789947e+003    6.96E+01
9.7809077e+003    6.83E+01
9.7828214e+003    6.70E+01
9.7847358e+003    6.57E+01
9.786651e+003    6.43E+01
9.788567e+003    6.29E+01
9.7904836e+003    6.15E+01
9.7924011e+003    6.01E+01
9.7943193e+003    5.87E+01
9.7962382e+003    5.73E+01
9.7981579e+003    5.60E+01
9.8000784e+003    5.47E+01
9.8019996e+003    5.34E+01
9.8039216e+003    5.21E+01
9.8058443e+003    5.08E+01
9.8077678e+003    4.94E+01
9.809692e+003    4.81E+01
9.811617e+003    4.68E+01
9.8135427e+003    4.55E+01
9.8154692e+003    4.43E+01
9.8173964e+003    4.31E+01
9.8193244e+003    4.19E+01
9.8212532e+003    4.07E+01
9.8231827e+003    3.96E+01
9.825113e+003    3.84E+01
9.827044e+003    3.72E+01
9.8289758e+003    3.61E+01
9.8309084e+003    3.50E+01
9.8328417e+003    3.40E+01
9.8347758e+003    3.30E+01
9.8367106e+003    3.21E+01
9.8386462e+003    3.11E+01
9.8405826e+003    3.02E+01
9.8425197e+003    2.93E+01
9.8444576e+003    2.84E+01
9.8463962e+003    2.75E+01
9.8483356e+003    2.66E+01
9.8502758e+003    2.57E+01
9.8522167e+003    2.49E+01
9.8541585e+003    2.42E+01
9.8561009e+003    2.34E+01
9.8580442e+003    2.27E+01
9.8599882e+003    2.20E+01
9.8619329e+003    2.13E+01
9.8638785e+003    2.07E+01
9.8658248e+003    2.00E+01
9.8677719e+003    1.94E+01
9.8697197e+003    1.87E+01
9.8716683e+003    1.81E+01
9.8736177e+003    1.75E+01
9.8755678e+003    1.70E+01
9.8775188e+003    1.64E+01
9.8794705e+003    1.59E+01
9.8814229e+003    1.54E+01
9.8833762e+003    1.49E+01
9.8853302e+003    1.44E+01
9.887285e+003    1.40E+01
9.8892405e+003    1.36E+01
9.8911968e+003    1.32E+01
9.8931539e+003    1.28E+01
9.8951118e+003    1.25E+01
9.8970705e+003    1.21E+01
9.8990299e+003    1.18E+01
9.9009901e+003    1.14E+01
9.9029511e+003    1.11E+01
9.9049128e+003    1.08E+01
9.9068754e+003    1.05E+01
9.9088387e+003    1.02E+01
9.9108028e+003    9.85E+00
9.9127676e+003    9.54E+00
9.9147333e+003    9.23E+00
9.9166997e+003    8.92E+00
9.9186669e+003    8.62E+00
9.9206349e+003    8.33E+00
9.9226037e+003    8.07E+00
9.9245732e+003    7.84E+00
9.9265436e+003    7.64E+00
9.9285147e+003    7.46E+00
9.9304866e+003    7.29E+00
9.9324593e+003    7.11E+00
9.9344327e+003    6.91E+00
9.936407e+003    6.70E+00
9.938382e+003    6.50E+00
9.9403579e+003    6.31E+00
9.9423345e+003    6.15E+00
9.9443119e+003    6.02E+00
9.94629e+003    5.90E+00
9.948269e+003    5.78E+00
9.9502488e+003    5.65E+00
9.9522293e+003    5.51E+00
9.9542106e+003    5.35E+00
9.9561928e+003    5.19E+00
9.9581757e+003    5.03E+00
9.9601594e+003    4.87E+00
9.9621439e+003    4.72E+00
9.9641291e+003    4.59E+00
9.9661152e+003    4.48E+00
9.9681021e+003    4.38E+00
9.9700897e+003    4.29E+00
9.9720782e+003    4.19E+00
9.9740674e+003    4.09E+00
9.9760575e+003    3.98E+00
9.9780483e+003    3.87E+00
9.9800399e+003    3.78E+00
9.9820323e+003    3.71E+00
9.9840256e+003    3.66E+00
9.9860196e+003    3.62E+00
9.9880144e+003    3.57E+00
9.99001e+003    3.50E+00
9.9920064e+003    3.43E+00
9.9940036e+003    3.34E+00
9.9960016e+003    3.26E+00
9.9980004e+003    3.18E+00
10.0e+003    3.10E+00
10.0020004e+003    3.04E+00
10.0040016e+003    2.97E+00
10.0060036e+003    2.91E+00
10.0080064e+003    2.84E+00
10.01001e+003    2.77E+00
10.0120144e+003    2.69E+00
10.0140196e+003    2.60E+00
10.0160256e+003    2.52E+00
10.0180325e+003    2.45E+00
10.0200401e+003    2.40E+00
10.0220485e+003    2.37E+00
10.0240577e+003    2.34E+00
10.0260678e+003    2.31E+00
10.0280786e+003    2.29E+00
10.0300903e+003    2.26E+00
10.0321027e+003    2.24E+00
10.034116e+003    2.21E+00
10.0361301e+003    2.18E+00
10.038145e+003    2.13E+00
10.0401606e+003    2.07E+00
10.0421771e+003    2.00E+00
10.0441945e+003    1.93E+00
10.0462126e+003    1.88E+00
10.0482315e+003    1.84E+00
10.0502513e+003    1.81E+00
10.0522718e+003    1.79E+00
10.0542932e+003    1.77E+00
10.0563154e+003    1.76E+00
10.0583384e+003    1.76E+00
10.0603622e+003    1.75E+00
10.0623868e+003    1.74E+00
10.0644122e+003    1.73E+00
10.0664385e+003    1.70E+00
10.0684656e+003    1.65E+00
10.0704935e+003    1.58E+00
10.0725222e+003    1.50E+00
10.0745517e+003    1.41E+00
10.076582e+003    1.35E+00
10.0786132e+003    1.30E+00
10.0806452e+003    1.28E+00
10.082678e+003    1.28E+00
10.0847116e+003    1.28E+00
10.086746e+003    1.28E+00
10.0887813e+003    1.28E+00
10.0908174e+003    1.28E+00
10.0928543e+003    1.27E+00
10.094892e+003    1.26E+00
10.0969305e+003    1.24E+00
10.0989699e+003    1.21E+00
10.1010101e+003    1.17E+00
10.1030511e+003    1.13E+00
10.105093e+003    1.10E+00
10.1071356e+003    1.08E+00
10.1091791e+003    1.07E+00
10.1112235e+003    1.08E+00
10.1132686e+003    1.09E+00
10.1153146e+003    1.10E+00
10.1173614e+003    1.10E+00
10.119409e+003    1.08E+00
10.1214575e+003    1.05E+00
10.1235068e+003    1.02E+00
10.1255569e+003    9.89E-01
10.1276079e+003    9.61E-01
10.1296596e+003    9.34E-01
10.1317123e+003    9.04E-01
10.1337657e+003    8.71E-01
10.13582e+003    8.36E-01
10.1378751e+003    8.07E-01
10.139931e+003    7.89E-01
10.1419878e+003    7.83E-01
10.1440454e+003    7.81E-01
10.1461039e+003    7.75E-01
10.1481632e+003    7.61E-01
10.1502233e+003    7.40E-01
10.1522843e+003    7.24E-01
10.1543461e+003    7.22E-01
10.1564087e+003    7.36E-01
10.1584722e+003    7.58E-01
10.1605365e+003    7.75E-01
10.1626016e+003    7.78E-01
10.1646676e+003    7.65E-01
10.1667344e+003    7.43E-01
10.1688021e+003    7.22E-01
10.1708706e+003    7.10E-01
10.17294e+003    7.04E-01
10.1750102e+003    7.01E-01
10.1770812e+003    6.94E-01
10.1791531e+003    6.79E-01
10.1812258e+003    6.60E-01
10.1832994e+003    6.37E-01
10.1853738e+003    6.11E-01
10.1874491e+003    5.79E-01
10.1895252e+003    5.40E-01
10.1916021e+003    4.93E-01
10.1936799e+003    4.46E-01
10.1957586e+003    4.11E-01
10.1978381e+003    3.96E-01
10.1999184e+003    4.02E-01
10.2019996e+003    4.18E-01
10.2040816e+003    4.35E-01
10.2061645e+003    4.44E-01
10.2082483e+003    4.46E-01
10.2103329e+003    4.49E-01
10.2124183e+003    4.60E-01
10.2145046e+003    4.82E-01
10.2165917e+003    5.09E-01
10.2186797e+003    5.32E-01
10.2207686e+003    5.43E-01
10.2228583e+003    5.38E-01
10.2249489e+003    5.19E-01
10.2270403e+003    4.92E-01
10.2291326e+003    4.62E-01
10.2312257e+003    4.33E-01
10.2333197e+003    4.11E-01
10.2354145e+003    3.97E-01
10.2375102e+003    3.91E-01
10.2396068e+003    3.91E-01
10.2417042e+003    3.90E-01
10.2438025e+003    3.82E-01
10.2459016e+003    3.65E-01
10.2480016e+003    3.40E-01
10.2501025e+003    3.17E-01
10.2522042e+003    3.07E-01
10.2543068e+003    3.22E-01
10.2564103e+003    3.62E-01
10.2585146e+003    4.18E-01
10.2606197e+003    4.74E-01
10.2627258e+003    5.14E-01
10.2648327e+003    5.28E-01
10.2669405e+003    5.13E-01
10.2690491e+003    4.78E-01
10.2711586e+003    4.32E-01
10.273269e+003    3.85E-01
10.2753802e+003    3.44E-01
10.2774923e+003    3.13E-01
10.2796053e+003    2.97E-01
10.2817191e+003    2.95E-01
10.2838338e+003    3.05E-01
10.2859494e+003    3.23E-01
10.2880658e+003    3.43E-01
10.2901832e+003    3.62E-01
10.2923014e+003    3.77E-01
10.2944204e+003    3.85E-01
10.2965404e+003    3.85E-01
10.2986612e+003    3.76E-01
10.3007829e+003    3.62E-01
10.3029054e+003    3.49E-01
10.3050289e+003    3.44E-01
10.3071532e+003    3.51E-01
10.3092784e+003    3.67E-01
10.3114044e+003    3.81E-01
10.3135314e+003    3.83E-01
10.3156592e+003    3.66E-01
10.3177879e+003    3.34E-01
10.3199174e+003    3.00E-01
10.3220479e+003    2.77E-01
10.3241792e+003    2.72E-01
10.3263114e+003    2.84E-01
10.3284445e+003    3.07E-01
10.3305785e+003    3.28E-01
10.3327134e+003    3.39E-01
10.3348491e+003    3.35E-01
10.3369857e+003    3.20E-01
10.3391232e+003    2.97E-01
10.3412616e+003    2.76E-01
10.3434009e+003    2.63E-01
10.3455411e+003    2.62E-01
10.3476821e+003    2.71E-01
10.3498241e+003    2.86E-01
10.3519669e+003    3.02E-01
10.3541106e+003    3.12E-01
10.3562552e+003    3.13E-01
10.3584007e+003    3.05E-01
10.360547e+003    2.90E-01
10.3626943e+003    2.71E-01
10.3648425e+003    2.49E-01
10.3669915e+003    2.30E-01
10.3691414e+003    2.19E-01
10.3712923e+003    2.21E-01
10.373444e+003    2.38E-01
10.3755966e+003    2.68E-01
10.3777501e+003    3.05E-01
10.3799045e+003    3.39E-01
10.3820598e+003    3.61E-01
10.384216e+003    3.69E-01
10.3863731e+003    3.64E-01
10.3885311e+003    3.51E-01
10.3906899e+003    3.35E-01
10.3928497e+003    3.18E-01
10.3950104e+003    2.98E-01
10.397172e+003    2.73E-01
10.3993344e+003    2.43E-01
10.4014978e+003    2.13E-01
10.4036621e+003    1.90E-01
10.4058273e+003    1.81E-01
10.4079933e+003    1.87E-01
10.4101603e+003    2.04E-01
10.4123282e+003    2.23E-01
10.414497e+003    2.33E-01
10.4166667e+003    2.28E-01
10.4188373e+003    2.06E-01
10.4210088e+003    1.72E-01
10.4231812e+003    1.35E-01
10.4253545e+003    1.06E-01
10.4275287e+003    9.53E-02
10.4297038e+003    1.10E-01
10.4318798e+003    1.47E-01
10.4340568e+003    1.96E-01
10.4362346e+003    2.42E-01
10.4384134e+003    2.72E-01
10.440593e+003    2.81E-01
10.4427736e+003    2.75E-01
10.4449551e+003    2.63E-01
10.4471375e+003    2.54E-01
10.4493208e+003    2.48E-01
10.451505e+003    2.38E-01
10.4536902e+003    2.16E-01
10.4558762e+003    1.81E-01
10.4580632e+003    1.43E-01
10.460251e+003    1.16E-01
10.4624398e+003    1.11E-01
10.4646296e+003    1.33E-01
10.4668202e+003    1.71E-01
10.4690117e+003    2.14E-01
10.4712042e+003    2.51E-01
10.4733976e+003    2.76E-01
10.4755919e+003    2.90E-01
10.4777871e+003    2.93E-01
10.4799832e+003    2.84E-01
10.4821803e+003    2.61E-01
10.4843783e+003    2.28E-01
10.4865772e+003    1.90E-01
10.488777e+003    1.60E-01
10.4909778e+003    1.46E-01
10.4931794e+003    1.47E-01
10.495382e+003    1.59E-01
10.4975856e+003    1.75E-01
10.49979e+003    1.89E-01
10.5019954e+003    2.00E-01
10.5042017e+003    2.12E-01
10.5064089e+003    2.22E-01
10.5086171e+003    2.30E-01
10.5108262e+003    2.31E-01
10.5130362e+003    2.25E-01
10.5152471e+003    2.13E-01
10.517459e+003    1.99E-01
10.5196718e+003    1.86E-01
10.5218855e+003    1.80E-01
10.5241002e+003    1.83E-01
10.5263158e+003    0.00E+00
