645  0.00
646  0.002
647  0.0023
648  0.00293
649  0.00293
650  0.00411
651  0.00411
652  0.00528
653  0.00587
654  0.00470
655  0.00470
656  0.00528
657  0.00528
658  0.00470
659  0.00528
660  0.00587
661  0.00587
662  0.00822
663  0.00881
664  0.01233
665  0.01586
666  0.02115
667  0.03349
668  0.05287
669  0.08578
670  0.13161
671  0.20622
672  0.29612
673  0.39012
674  0.49236
675  0.59165
676  0.68096
677  0.75381
678  0.79083
679  0.80023
680  0.84312
681  0.86486
682  0.87837
683  0.88836
684  0.92244
685  0.94829
686  0.97649
687  0.96298
688  0.94947
689  0.95593
690  0.96357
691  0.93125
692  0.83960
693  0.68390
694  0.52761
695  0.35605
696  0.21915
697  0.13337
698  0.08108
699  0.05405
700  0.03877
701  0.02879
702  0.02350
703  0.02056
704  0.01880
705  0.01703
706  0.01586
707  0.01527
708  0.01527
709  0.01468
710  0.01292
711  0.01351
712  0.01292
713  0.01175
714  0.00998
715  0.01057
716  0.00881
717  0.00822
718  0.00705
719  0.005
720  0.00
