910  0.00
911  0.00129
912  0.00324
913  0.00259
914  0.00194
915  0.00389
916  0.00519
917  0.00714
918  0.00844
919  0.01103
920  0.01363
921  0.02013
922  0.02792
923  0.04155
924  0.06233
925  0.09805
926  0.15194
927  0.23701
928  0.35844
929  0.49610
930  0.64090
931  0.77532
932  0.87987
933  0.95000
934  0.97987
935  0.99350
936  0.98896
937  0.98441
938  0.99220
939  0.98376
940  0.98961
941  0.98896
942  0.99805
943  0.98441
944  0.95649
945  0.92402
946  0.88376
947  0.82727
948  0.74480
949  0.63181
950  0.49350
951  0.36363
952  0.25324
953  0.16623
954  0.10649
955  0.06818
956  0.04545
957  0.02987
958  0.01883
959  0.01298
960  0.00844
961  0.00584
962  0.00389
963  0.00259
964  0.00194
965  0.00
