420  0.00
421  0.00
422  0.00
423  0.0014
424  0.0021
425  0.0029
426  0.0014
427  0.0021
428  0.0029
429  0.0021
430  0.0029
431  0.0014
432  0.0021
433  0.0029
434  0.0014
435  0.0043
436  0.0080
437  0.0175
438  0.0328
439  0.0570
440  0.0884
441  0.1301
442  0.1681
443  0.1951
444  0.2200
445  0.2236
446  0.2368
447  0.2463
448  0.2733
449  0.3092
450  0.3435
451  0.3991
452  0.4517
453  0.4897
454  0.5007
455  0.4985
456  0.4802
457  0.4554
458  0.4217
459  0.4108
460  0.4130
461  0.4195
462  0.4407
463  0.4773
464  0.5168
465  0.5548
466  0.5796
467  0.5964
468  0.5833
469  0.5921
470  0.5935
471  0.5921
472  0.5957
473  0.6016
474  0.6089
475  0.6250
476  0.6432
477  0.6739
478  0.6725
479  0.7002
480  0.7192
481  0.7244
482  0.7514
483  0.7543
484  0.7653
485  0.8004
486  0.8318
487  0.8771
488  0.9261
489  0.9568
490  0.9904
491  1     
492  0.9788
493  0.9459
494  0.8874
495  0.8209
496  0.7149
497  0.6337
498  0.5233
499  0.4100
500  0.3055
501  0.2149
502  0.1520
503  0.1016
504  0.0701
505  0.0475
506  0.0307
507  0.0226
508  0.0160
509  0.0109
510  0.0102
511  0.0065
512  0.0029
513  0.0021
514  0.0029
515  0.0014
516  0.0014
517  0.0007
518  0.0014
519  0.0014
520  0.0036
521  0.0029
522  0.0014
523  0.0014
524  0.0029
525  0.0029
526  0.0014
527  0.0021
528  0.00
529  0.00
530  0.00
