   6.8400000e+03   9.0873822e-03
   6.8410000e+03   9.3149217e-03
   6.8420000e+03   9.5424612e-03
   6.8430000e+03   9.7840855e-03
   6.8440000e+03   1.0025710e-02
   6.8450000e+03   1.0281324e-02
   6.8460000e+03   1.0536938e-02
   6.8470000e+03   1.0805966e-02
   6.8480000e+03   1.1074994e-02
   6.8490000e+03   1.1357648e-02
   6.8500000e+03   1.1640302e-02
   6.8510000e+03   1.1943042e-02
   6.8520000e+03   1.2245783e-02
   6.8530000e+03   1.2568919e-02
   6.8540000e+03   1.2892054e-02
   6.8550000e+03   1.3235483e-02
   6.8560000e+03   1.3578912e-02
   6.8570000e+03   1.3948677e-02
   6.8580000e+03   1.4318441e-02
   6.8590000e+03   1.4702838e-02
   6.8600000e+03   1.5087235e-02
   6.8610000e+03   1.5468109e-02
   6.8620000e+03   1.5848982e-02
   6.8630000e+03   1.6230409e-02
   6.8640000e+03   1.6611836e-02
   6.8650000e+03   1.6985868e-02
   6.8660000e+03   1.7359900e-02
   6.8670000e+03   1.7722740e-02
   6.8680000e+03   1.8085579e-02
   6.8690000e+03   1.8454403e-02
   6.8700000e+03   1.8823228e-02
   6.8710000e+03   1.9198675e-02
   6.8720000e+03   1.9574123e-02
   6.8730000e+03   1.9967839e-02
   6.8740000e+03   2.0361555e-02
   6.8750000e+03   2.0794260e-02
   6.8760000e+03   2.1226964e-02
   6.8770000e+03   2.1694925e-02
   6.8780000e+03   2.2162886e-02
   6.8790000e+03   2.2690772e-02
   6.8800000e+03   2.3218659e-02
   6.8810000e+03   2.3800306e-02
   6.8820000e+03   2.4381953e-02
   6.8830000e+03   2.5046610e-02
   6.8840000e+03   2.5711267e-02
   6.8850000e+03   2.6465714e-02
   6.8860000e+03   2.7220161e-02
   6.8870000e+03   2.8075819e-02
   6.8880000e+03   2.8931478e-02
   6.8890000e+03   2.9917962e-02
   6.8900000e+03   3.0904445e-02
   6.8910000e+03   3.2014829e-02
   6.8920000e+03   3.3125212e-02
   6.8930000e+03   3.4376752e-02
   6.8940000e+03   3.5628292e-02
   6.8950000e+03   3.7022571e-02
   6.8960000e+03   3.8416850e-02
   6.8970000e+03   3.9947744e-02
   6.8980000e+03   4.1478637e-02
   6.8990000e+03   4.3147006e-02
   6.9000000e+03   4.4815376e-02
   6.9010000e+03   4.6616097e-02
   6.9020000e+03   4.8416818e-02
   6.9030000e+03   5.0339957e-02
   6.9040000e+03   5.2263095e-02
   6.9050000e+03   5.4310570e-02
   6.9060000e+03   5.6358045e-02
   6.9070000e+03   5.8523049e-02
   6.9080000e+03   6.0688052e-02
   6.9090000e+03   6.2969846e-02
   6.9100000e+03   6.5251640e-02
   6.9110000e+03   6.7650208e-02
   6.9120000e+03   7.0048775e-02
   6.9130000e+03   7.2558025e-02
   6.9140000e+03   7.5067274e-02
   6.9150000e+03   7.7696334e-02
   6.9160000e+03   8.0325395e-02
   6.9170000e+03   8.3090762e-02
   6.9180000e+03   8.5856129e-02
   6.9190000e+03   8.8752584e-02
   6.9200000e+03   9.1649038e-02
   6.9210000e+03   9.4714321e-02
   6.9220000e+03   9.7779604e-02
   6.9230000e+03   1.0100466e-01
   6.9240000e+03   1.0422971e-01
   6.9250000e+03   1.0765583e-01
   6.9260000e+03   1.1108195e-01
   6.9270000e+03   1.1474365e-01
   6.9280000e+03   1.1840534e-01
   6.9290000e+03   1.2229833e-01
   6.9300000e+03   1.2619133e-01
   6.9310000e+03   1.3036033e-01
   6.9320000e+03   1.3452933e-01
   6.9330000e+03   1.3896372e-01
   6.9340000e+03   1.4339811e-01
   6.9350000e+03   1.4813921e-01
   6.9360000e+03   1.5288030e-01
   6.9370000e+03   1.5794386e-01
   6.9380000e+03   1.6300742e-01
   6.9390000e+03   1.6838329e-01
   6.9400000e+03   1.7375916e-01
   6.9410000e+03   1.7944982e-01
   6.9420000e+03   1.8514048e-01
   6.9430000e+03   1.9114375e-01
   6.9440000e+03   1.9714703e-01
   6.9450000e+03   2.0345479e-01
   6.9460000e+03   2.0976255e-01
   6.9470000e+03   2.1638437e-01
   6.9480000e+03   2.2300618e-01
   6.9490000e+03   2.2989992e-01
   6.9500000e+03   2.3679365e-01
   6.9510000e+03   2.4394184e-01
   6.9520000e+03   2.5109003e-01
   6.9530000e+03   2.5848855e-01
   6.9540000e+03   2.6588706e-01
   6.9550000e+03   2.7350481e-01
   6.9560000e+03   2.8112256e-01
   6.9570000e+03   2.8896766e-01
   6.9580000e+03   2.9681275e-01
   6.9590000e+03   3.0483696e-01
   6.9600000e+03   3.1286116e-01
   6.9610000e+03   3.2105796e-01
   6.9620000e+03   3.2925475e-01
   6.9630000e+03   3.3761932e-01
   6.9640000e+03   3.4598388e-01
   6.9650000e+03   3.5450223e-01
   6.9660000e+03   3.6302058e-01
   6.9670000e+03   3.7169659e-01
   6.9680000e+03   3.8037261e-01
   6.9690000e+03   3.8919992e-01
   6.9700000e+03   3.9802723e-01
   6.9710000e+03   4.0700388e-01
   6.9720000e+03   4.1598053e-01
   6.9730000e+03   4.2511552e-01
   6.9740000e+03   4.3425051e-01
   6.9750000e+03   4.4354860e-01
   6.9760000e+03   4.5284668e-01
   6.9770000e+03   4.6230429e-01
   6.9780000e+03   4.7176190e-01
   6.9790000e+03   4.8138069e-01
   6.9800000e+03   4.9099948e-01
   6.9810000e+03   5.0078032e-01
   6.9820000e+03   5.1056117e-01
   6.9830000e+03   5.2047446e-01
   6.9840000e+03   5.3038776e-01
   6.9850000e+03   5.4044711e-01
   6.9860000e+03   5.5050646e-01
   6.9870000e+03   5.6066399e-01
   6.9880000e+03   5.7082153e-01
   6.9890000e+03   5.8104291e-01
   6.9900000e+03   5.9126429e-01
   6.9910000e+03   6.0154803e-01
   6.9920000e+03   6.1183178e-01
   6.9930000e+03   6.2206462e-01
   6.9940000e+03   6.3229747e-01
   6.9950000e+03   6.4250959e-01
   6.9960000e+03   6.5272170e-01
   6.9970000e+03   6.6279657e-01
   6.9980000e+03   6.7287143e-01
   6.9990000e+03   6.8276411e-01
   7.0000000e+03   6.9265679e-01
   7.0010000e+03   7.0234747e-01
   7.0020000e+03   7.1203815e-01
   7.0030000e+03   7.2139327e-01
   7.0040000e+03   7.3074840e-01
   7.0050000e+03   7.3980039e-01
   7.0060000e+03   7.4885238e-01
   7.0070000e+03   7.5750125e-01
   7.0080000e+03   7.6615011e-01
   7.0090000e+03   7.7437717e-01
   7.0100000e+03   7.8260423e-01
   7.0110000e+03   7.9039671e-01
   7.0120000e+03   7.9818920e-01
   7.0130000e+03   8.0549287e-01
   7.0140000e+03   8.1279654e-01
   7.0150000e+03   8.1962777e-01
   7.0160000e+03   8.2645899e-01
   7.0170000e+03   8.3282916e-01
   7.0180000e+03   8.3919932e-01
   7.0190000e+03   8.4509659e-01
   7.0200000e+03   8.5099386e-01
   7.0210000e+03   8.5645802e-01
   7.0220000e+03   8.6192217e-01
   7.0230000e+03   8.6697445e-01
   7.0240000e+03   8.7202673e-01
   7.0250000e+03   8.7667130e-01
   7.0260000e+03   8.8131587e-01
   7.0270000e+03   8.8563173e-01
   7.0280000e+03   8.8994758e-01
   7.0290000e+03   8.9391776e-01
   7.0300000e+03   8.9788793e-01
   7.0310000e+03   9.0157432e-01
   7.0320000e+03   9.0526071e-01
   7.0330000e+03   9.0869376e-01
   7.0340000e+03   9.1212681e-01
   7.0350000e+03   9.1530774e-01
   7.0360000e+03   9.1848867e-01
   7.0370000e+03   9.2147254e-01
   7.0380000e+03   9.2445641e-01
   7.0390000e+03   9.2723014e-01
   7.0400000e+03   9.3000386e-01
   7.0410000e+03   9.3260941e-01
   7.0420000e+03   9.3521495e-01
   7.0430000e+03   9.3766473e-01
   7.0440000e+03   9.4011451e-01
   7.0450000e+03   9.4241073e-01
   7.0460000e+03   9.4470695e-01
   7.0470000e+03   9.4686975e-01
   7.0480000e+03   9.4903254e-01
   7.0490000e+03   9.5105597e-01
   7.0500000e+03   9.5307939e-01
   7.0510000e+03   9.5499245e-01
   7.0520000e+03   9.5690551e-01
   7.0530000e+03   9.5871134e-01
   7.0540000e+03   9.6051716e-01
   7.0550000e+03   9.6222097e-01
   7.0560000e+03   9.6392477e-01
   7.0570000e+03   9.6553685e-01
   7.0580000e+03   9.6714893e-01
   7.0590000e+03   9.6866678e-01
   7.0600000e+03   9.7018462e-01
   7.0610000e+03   9.7163623e-01
   7.0620000e+03   9.7308784e-01
   7.0630000e+03   9.7447403e-01
   7.0640000e+03   9.7586022e-01
   7.0650000e+03   9.7718585e-01
   7.0660000e+03   9.7851148e-01
   7.0670000e+03   9.7978730e-01
   7.0680000e+03   9.8106312e-01
   7.0690000e+03   9.8228506e-01
   7.0700000e+03   9.8350700e-01
   7.0710000e+03   9.8467219e-01
   7.0720000e+03   9.8583739e-01
   7.0730000e+03   9.8695227e-01
   7.0740000e+03   9.8806715e-01
   7.0750000e+03   9.8911152e-01
   7.0760000e+03   9.9015588e-01
   7.0770000e+03   9.9111641e-01
   7.0780000e+03   9.9207693e-01
   7.0790000e+03   9.9295666e-01
   7.0800000e+03   9.9383640e-01
   7.0810000e+03   9.9461631e-01
   7.0820000e+03   9.9539623e-01
   7.0830000e+03   9.9608169e-01
   7.0840000e+03   9.9676716e-01
   7.0850000e+03   9.9734114e-01
   7.0860000e+03   9.9791513e-01
   7.0870000e+03   9.9836654e-01
   7.0880000e+03   9.9881796e-01
   7.0890000e+03   9.9914950e-01
   7.0900000e+03   9.9948104e-01
   7.0910000e+03   9.9967765e-01
   7.0920000e+03   9.9987427e-01
   7.0930000e+03   9.9993713e-01
   7.0940000e+03   1.0000000e+00
   7.0950000e+03   9.9992941e-01
   7.0960000e+03   9.9985882e-01
   7.0970000e+03   9.9964491e-01
   7.0980000e+03   9.9943100e-01
   7.0990000e+03   9.9908678e-01
   7.1000000e+03   9.9874255e-01
   7.1010000e+03   9.9830207e-01
   7.1020000e+03   9.9786158e-01
   7.1030000e+03   9.9731332e-01
   7.1040000e+03   9.9676506e-01
   7.1050000e+03   9.9614848e-01
   7.1060000e+03   9.9553190e-01
   7.1070000e+03   9.9486335e-01
   7.1080000e+03   9.9419481e-01
   7.1090000e+03   9.9347571e-01
   7.1100000e+03   9.9275661e-01
   7.1110000e+03   9.9202739e-01
   7.1120000e+03   9.9129818e-01
   7.1130000e+03   9.9054832e-01
   7.1140000e+03   9.8979847e-01
   7.1150000e+03   9.8905834e-01
   7.1160000e+03   9.8831822e-01
   7.1170000e+03   9.8759887e-01
   7.1180000e+03   9.8687952e-01
   7.1190000e+03   9.8618431e-01
   7.1200000e+03   9.8548910e-01
   7.1210000e+03   9.8485729e-01
   7.1220000e+03   9.8422547e-01
   7.1230000e+03   9.8365059e-01
   7.1240000e+03   9.8307570e-01
   7.1250000e+03   9.8256849e-01
   7.1260000e+03   9.8206129e-01
   7.1270000e+03   9.8163513e-01
   7.1280000e+03   9.8120898e-01
   7.1290000e+03   9.8085319e-01
   7.1300000e+03   9.8049741e-01
   7.1310000e+03   9.8019724e-01
   7.1320000e+03   9.7989706e-01
   7.1330000e+03   9.7965792e-01
   7.1340000e+03   9.7941878e-01
   7.1350000e+03   9.7922254e-01
   7.1360000e+03   9.7902630e-01
   7.1370000e+03   9.7886249e-01
   7.1380000e+03   9.7869868e-01
   7.1390000e+03   9.7857039e-01
   7.1400000e+03   9.7844209e-01
   7.1410000e+03   9.7833866e-01
   7.1420000e+03   9.7823524e-01
   7.1430000e+03   9.7815947e-01
   7.1440000e+03   9.7808371e-01
   7.1450000e+03   9.7802748e-01
   7.1460000e+03   9.7797125e-01
   7.1470000e+03   9.7792997e-01
   7.1480000e+03   9.7788869e-01
   7.1490000e+03   9.7786292e-01
   7.1500000e+03   9.7783715e-01
   7.1510000e+03   9.7781598e-01
   7.1520000e+03   9.7779480e-01
   7.1530000e+03   9.7777668e-01
   7.1540000e+03   9.7775856e-01
   7.1550000e+03   9.7774983e-01
   7.1560000e+03   9.7774110e-01
   7.1570000e+03   9.7774172e-01
   7.1580000e+03   9.7774233e-01
   7.1590000e+03   9.7775425e-01
   7.1600000e+03   9.7776616e-01
   7.1610000e+03   9.7780915e-01
   7.1620000e+03   9.7785213e-01
   7.1630000e+03   9.7792575e-01
   7.1640000e+03   9.7799938e-01
   7.1650000e+03   9.7810545e-01
   7.1660000e+03   9.7821152e-01
   7.1670000e+03   9.7835705e-01
   7.1680000e+03   9.7850258e-01
   7.1690000e+03   9.7868442e-01
   7.1700000e+03   9.7886625e-01
   7.1710000e+03   9.7907256e-01
   7.1720000e+03   9.7927887e-01
   7.1730000e+03   9.7951288e-01
   7.1740000e+03   9.7974688e-01
   7.1750000e+03   9.7999867e-01
   7.1760000e+03   9.8025046e-01
   7.1770000e+03   9.8050915e-01
   7.1780000e+03   9.8076784e-01
   7.1790000e+03   9.8103756e-01
   7.1800000e+03   9.8130727e-01
   7.1810000e+03   9.8156626e-01
   7.1820000e+03   9.8182525e-01
   7.1830000e+03   9.8207578e-01
   7.1840000e+03   9.8232632e-01
   7.1850000e+03   9.8255707e-01
   7.1860000e+03   9.8278782e-01
   7.1870000e+03   9.8297717e-01
   7.1880000e+03   9.8316653e-01
   7.1890000e+03   9.8332220e-01
   7.1900000e+03   9.8347788e-01
   7.1910000e+03   9.8357762e-01
   7.1920000e+03   9.8367736e-01
   7.1930000e+03   9.8371402e-01
   7.1940000e+03   9.8375068e-01
   7.1950000e+03   9.8372627e-01
   7.1960000e+03   9.8370186e-01
   7.1970000e+03   9.8360623e-01
   7.1980000e+03   9.8351061e-01
   7.1990000e+03   9.8334445e-01
   7.2000000e+03   9.8317829e-01
   7.2010000e+03   9.8294618e-01
   7.2020000e+03   9.8271407e-01
   7.2030000e+03   9.8241468e-01
   7.2040000e+03   9.8211529e-01
   7.2050000e+03   9.8175197e-01
   7.2060000e+03   9.8138865e-01
   7.2070000e+03   9.8097520e-01
   7.2080000e+03   9.8056175e-01
   7.2090000e+03   9.8009267e-01
   7.2100000e+03   9.7962360e-01
   7.2110000e+03   9.7911470e-01
   7.2120000e+03   9.7860581e-01
   7.2130000e+03   9.7806781e-01
   7.2140000e+03   9.7752982e-01
   7.2150000e+03   9.7695959e-01
   7.2160000e+03   9.7638937e-01
   7.2170000e+03   9.7581281e-01
   7.2180000e+03   9.7523625e-01
   7.2190000e+03   9.7465104e-01
   7.2200000e+03   9.7406583e-01
   7.2210000e+03   9.7348148e-01
   7.2220000e+03   9.7289713e-01
   7.2230000e+03   9.7233007e-01
   7.2240000e+03   9.7176301e-01
   7.2250000e+03   9.7120751e-01
   7.2260000e+03   9.7065202e-01
   7.2270000e+03   9.7012027e-01
   7.2280000e+03   9.6958853e-01
   7.2290000e+03   9.6908464e-01
   7.2300000e+03   9.6858075e-01
   7.2310000e+03   9.6810239e-01
   7.2320000e+03   9.6762403e-01
   7.2330000e+03   9.6717402e-01
   7.2340000e+03   9.6672400e-01
   7.2350000e+03   9.6630295e-01
   7.2360000e+03   9.6588189e-01
   7.2370000e+03   9.6548468e-01
   7.2380000e+03   9.6508746e-01
   7.2390000e+03   9.6471353e-01
   7.2400000e+03   9.6433960e-01
   7.2410000e+03   9.6398768e-01
   7.2420000e+03   9.6363576e-01
   7.2430000e+03   9.6329514e-01
   7.2440000e+03   9.6295453e-01
   7.2450000e+03   9.6262837e-01
   7.2460000e+03   9.6230222e-01
   7.2470000e+03   9.6198224e-01
   7.2480000e+03   9.6166227e-01
   7.2490000e+03   9.6133949e-01
   7.2500000e+03   9.6101671e-01
   7.2510000e+03   9.6069454e-01
   7.2520000e+03   9.6037238e-01
   7.2530000e+03   9.6004304e-01
   7.2540000e+03   9.5971371e-01
   7.2550000e+03   9.5937458e-01
   7.2560000e+03   9.5903546e-01
   7.2570000e+03   9.5868909e-01
   7.2580000e+03   9.5834272e-01
   7.2590000e+03   9.5798924e-01
   7.2600000e+03   9.5763576e-01
   7.2610000e+03   9.5727353e-01
   7.2620000e+03   9.5691130e-01
   7.2630000e+03   9.5654866e-01
   7.2640000e+03   9.5618602e-01
   7.2650000e+03   9.5582561e-01
   7.2660000e+03   9.5546520e-01
   7.2670000e+03   9.5510706e-01
   7.2680000e+03   9.5474892e-01
   7.2690000e+03   9.5440322e-01
   7.2700000e+03   9.5405751e-01
   7.2710000e+03   9.5372044e-01
   7.2720000e+03   9.5338337e-01
   7.2730000e+03   9.5306448e-01
   7.2740000e+03   9.5274558e-01
   7.2750000e+03   9.5245421e-01
   7.2760000e+03   9.5216283e-01
   7.2770000e+03   9.5189487e-01
   7.2780000e+03   9.5162690e-01
   7.2790000e+03   9.5139836e-01
   7.2800000e+03   9.5116981e-01
   7.2810000e+03   9.5098443e-01
   7.2820000e+03   9.5079905e-01
   7.2830000e+03   9.5065547e-01
   7.2840000e+03   9.5051188e-01
   7.2850000e+03   9.5041679e-01
   7.2860000e+03   9.5032171e-01
   7.2870000e+03   9.5027668e-01
   7.2880000e+03   9.5023166e-01
   7.2890000e+03   9.5022631e-01
   7.2900000e+03   9.5022097e-01
   7.2910000e+03   9.5025092e-01
   7.2920000e+03   9.5028087e-01
   7.2930000e+03   9.5034728e-01
   7.2940000e+03   9.5041369e-01
   7.2950000e+03   9.5050301e-01
   7.2960000e+03   9.5059233e-01
   7.2970000e+03   9.5070561e-01
   7.2980000e+03   9.5081890e-01
   7.2990000e+03   9.5095205e-01
   7.3000000e+03   9.5108521e-01
   7.3010000e+03   9.5123110e-01
   7.3020000e+03   9.5137699e-01
   7.3030000e+03   9.5154026e-01
   7.3040000e+03   9.5170354e-01
   7.3050000e+03   9.5186584e-01
   7.3060000e+03   9.5202815e-01
   7.3070000e+03   9.5218514e-01
   7.3080000e+03   9.5234213e-01
   7.3090000e+03   9.5249270e-01
   7.3100000e+03   9.5264326e-01
   7.3110000e+03   9.5276278e-01
   7.3120000e+03   9.5288229e-01
   7.3130000e+03   9.5297129e-01
   7.3140000e+03   9.5306028e-01
   7.3150000e+03   9.5311891e-01
   7.3160000e+03   9.5317755e-01
   7.3170000e+03   9.5319925e-01
   7.3180000e+03   9.5322095e-01
   7.3190000e+03   9.5320658e-01
   7.3200000e+03   9.5319220e-01
   7.3210000e+03   9.5315608e-01
   7.3220000e+03   9.5311995e-01
   7.3230000e+03   9.5306460e-01
   7.3240000e+03   9.5300924e-01
   7.3250000e+03   9.5293551e-01
   7.3260000e+03   9.5286178e-01
   7.3270000e+03   9.5278149e-01
   7.3280000e+03   9.5270120e-01
   7.3290000e+03   9.5261048e-01
   7.3300000e+03   9.5251976e-01
   7.3310000e+03   9.5242726e-01
   7.3320000e+03   9.5233475e-01
   7.3330000e+03   9.5224622e-01
   7.3340000e+03   9.5215769e-01
   7.3350000e+03   9.5206947e-01
   7.3360000e+03   9.5198125e-01
   7.3370000e+03   9.5192028e-01
   7.3380000e+03   9.5185931e-01
   7.3390000e+03   9.5182723e-01
   7.3400000e+03   9.5179515e-01
   7.3410000e+03   9.5179690e-01
   7.3420000e+03   9.5179865e-01
   7.3430000e+03   9.5186154e-01
   7.3440000e+03   9.5192443e-01
   7.3450000e+03   9.5204507e-01
   7.3460000e+03   9.5216572e-01
   7.3470000e+03   9.5234562e-01
   7.3480000e+03   9.5252553e-01
   7.3490000e+03   9.5277155e-01
   7.3500000e+03   9.5301758e-01
   7.3510000e+03   9.5332744e-01
   7.3520000e+03   9.5363729e-01
   7.3530000e+03   9.5400067e-01
   7.3540000e+03   9.5436405e-01
   7.3550000e+03   9.5478060e-01
   7.3560000e+03   9.5519714e-01
   7.3570000e+03   9.5566460e-01
   7.3580000e+03   9.5613205e-01
   7.3590000e+03   9.5664069e-01
   7.3600000e+03   9.5714934e-01
   7.3610000e+03   9.5770533e-01
   7.3620000e+03   9.5826132e-01
   7.3630000e+03   9.5884909e-01
   7.3640000e+03   9.5943685e-01
   7.3650000e+03   9.6004515e-01
   7.3660000e+03   9.6065345e-01
   7.3670000e+03   9.6128865e-01
   7.3680000e+03   9.6192386e-01
   7.3690000e+03   9.6255423e-01
   7.3700000e+03   9.6318461e-01
   7.3710000e+03   9.6380762e-01
   7.3720000e+03   9.6443063e-01
   7.3730000e+03   9.6504110e-01
   7.3740000e+03   9.6565157e-01
   7.3750000e+03   9.6621326e-01
   7.3760000e+03   9.6677495e-01
   7.3770000e+03   9.6729404e-01
   7.3780000e+03   9.6781313e-01
   7.3790000e+03   9.6827984e-01
   7.3800000e+03   9.6874655e-01
   7.3810000e+03   9.6914679e-01
   7.3820000e+03   9.6954702e-01
   7.3830000e+03   9.6988785e-01
   7.3840000e+03   9.7022868e-01
   7.3850000e+03   9.7049098e-01
   7.3860000e+03   9.7075327e-01
   7.3870000e+03   9.7092985e-01
   7.3880000e+03   9.7110644e-01
   7.3890000e+03   9.7120048e-01
   7.3900000e+03   9.7129453e-01
   7.3910000e+03   9.7129435e-01
   7.3920000e+03   9.7129417e-01
   7.3930000e+03   9.7120497e-01
   7.3940000e+03   9.7111578e-01
   7.3950000e+03   9.7092688e-01
   7.3960000e+03   9.7073799e-01
   7.3970000e+03   9.7043333e-01
   7.3980000e+03   9.7012866e-01
   7.3990000e+03   9.6971361e-01
   7.4000000e+03   9.6929856e-01
   7.4010000e+03   9.6876779e-01
   7.4020000e+03   9.6823703e-01
   7.4030000e+03   9.6759210e-01
   7.4040000e+03   9.6694717e-01
   7.4050000e+03   9.6618643e-01
   7.4060000e+03   9.6542569e-01
   7.4070000e+03   9.6452099e-01
   7.4080000e+03   9.6361629e-01
   7.4090000e+03   9.6257027e-01
   7.4100000e+03   9.6152425e-01
   7.4110000e+03   9.6032885e-01
   7.4120000e+03   9.5913346e-01
   7.4130000e+03   9.5776607e-01
   7.4140000e+03   9.5639868e-01
   7.4150000e+03   9.5487559e-01
   7.4160000e+03   9.5335251e-01
   7.4170000e+03   9.5163397e-01
   7.4180000e+03   9.4991543e-01
   7.4190000e+03   9.4797014e-01
   7.4200000e+03   9.4602485e-01
   7.4210000e+03   9.4386932e-01
   7.4220000e+03   9.4171378e-01
   7.4230000e+03   9.3930118e-01
   7.4240000e+03   9.3688858e-01
   7.4250000e+03   9.3421424e-01
   7.4260000e+03   9.3153991e-01
   7.4270000e+03   9.2859907e-01
   7.4280000e+03   9.2565823e-01
   7.4290000e+03   9.2239097e-01
   7.4300000e+03   9.1912371e-01
   7.4310000e+03   9.1553995e-01
   7.4320000e+03   9.1195619e-01
   7.4330000e+03   9.0803879e-01
   7.4340000e+03   9.0412139e-01
   7.4350000e+03   8.9983542e-01
   7.4360000e+03   8.9554945e-01
   7.4370000e+03   8.9090940e-01
   7.4380000e+03   8.8626936e-01
   7.4390000e+03   8.8125292e-01
   7.4400000e+03   8.7623647e-01
   7.4410000e+03   8.7082380e-01
   7.4420000e+03   8.6541113e-01
   7.4430000e+03   8.5961274e-01
   7.4440000e+03   8.5381435e-01
   7.4450000e+03   8.4763350e-01
   7.4460000e+03   8.4145266e-01
   7.4470000e+03   8.3488097e-01
   7.4480000e+03   8.2830928e-01
   7.4490000e+03   8.2136046e-01
   7.4500000e+03   8.1441164e-01
   7.4510000e+03   8.0711448e-01
   7.4520000e+03   7.9981732e-01
   7.4530000e+03   7.9215360e-01
   7.4540000e+03   7.8448988e-01
   7.4550000e+03   7.7650004e-01
   7.4560000e+03   7.6851019e-01
   7.4570000e+03   7.6023855e-01
   7.4580000e+03   7.5196691e-01
   7.4590000e+03   7.4338831e-01
   7.4600000e+03   7.3480971e-01
   7.4610000e+03   7.2599024e-01
   7.4620000e+03   7.1717077e-01
   7.4630000e+03   7.0814176e-01
   7.4640000e+03   6.9911276e-01
   7.4650000e+03   6.8985886e-01
   7.4660000e+03   6.8060496e-01
   7.4670000e+03   6.7120912e-01
   7.4680000e+03   6.6181329e-01
   7.4690000e+03   6.5227664e-01
   7.4700000e+03   6.4273999e-01
   7.4710000e+03   6.3307556e-01
   7.4720000e+03   6.2341113e-01
   7.4730000e+03   6.1369518e-01
   7.4740000e+03   6.0397924e-01
   7.4750000e+03   5.9418978e-01
   7.4760000e+03   5.8440032e-01
   7.4770000e+03   5.7457581e-01
   7.4780000e+03   5.6475131e-01
   7.4790000e+03   5.5494757e-01
   7.4800000e+03   5.4514382e-01
   7.4810000e+03   5.3533396e-01
   7.4820000e+03   5.2552410e-01
   7.4830000e+03   5.1576031e-01
   7.4840000e+03   5.0599651e-01
   7.4850000e+03   4.9631057e-01
   7.4860000e+03   4.8662464e-01
   7.4870000e+03   4.7699906e-01
   7.4880000e+03   4.6737348e-01
   7.4890000e+03   4.5786572e-01
   7.4900000e+03   4.4835796e-01
   7.4910000e+03   4.3897537e-01
   7.4920000e+03   4.2959277e-01
   7.4930000e+03   4.2033640e-01
   7.4940000e+03   4.1108003e-01
   7.4950000e+03   4.0200122e-01
   7.4960000e+03   3.9292242e-01
   7.4970000e+03   3.8400820e-01
   7.4980000e+03   3.7509398e-01
   7.4990000e+03   3.6636693e-01
   7.5000000e+03   3.5763988e-01
   7.5010000e+03   3.4914432e-01
   7.5020000e+03   3.4064877e-01
   7.5030000e+03   3.3236761e-01
   7.5040000e+03   3.2408645e-01
   7.5050000e+03   3.1604448e-01
   7.5060000e+03   3.0800252e-01
   7.5070000e+03   3.0022241e-01
   7.5080000e+03   2.9244230e-01
   7.5090000e+03   2.8491066e-01
   7.5100000e+03   2.7737901e-01
   7.5110000e+03   2.7012702e-01
   7.5120000e+03   2.6287503e-01
   7.5130000e+03   2.5592092e-01
   7.5140000e+03   2.4896680e-01
   7.5150000e+03   2.4229875e-01
   7.5160000e+03   2.3563070e-01
   7.5170000e+03   2.2925003e-01
   7.5180000e+03   2.2286936e-01
   7.5190000e+03   2.1677623e-01
   7.5200000e+03   2.1068309e-01
   7.5210000e+03   2.0487638e-01
   7.5220000e+03   1.9906968e-01
   7.5230000e+03   1.9354968e-01
   7.5240000e+03   1.8802969e-01
   7.5250000e+03   1.8280459e-01
   7.5260000e+03   1.7757948e-01
   7.5270000e+03   1.7262966e-01
   7.5280000e+03   1.6767983e-01
   7.5290000e+03   1.6298288e-01
   7.5300000e+03   1.5828593e-01
   7.5310000e+03   1.5385100e-01
   7.5320000e+03   1.4941606e-01
   7.5330000e+03   1.4522783e-01
   7.5340000e+03   1.4103960e-01
   7.5350000e+03   1.3708927e-01
   7.5360000e+03   1.3313893e-01
   7.5370000e+03   1.2943388e-01
   7.5380000e+03   1.2572883e-01
   7.5390000e+03   1.2223120e-01
   7.5400000e+03   1.1873357e-01
   7.5410000e+03   1.1542772e-01
   7.5420000e+03   1.1212186e-01
   7.5430000e+03   1.0901620e-01
   7.5440000e+03   1.0591055e-01
   7.5450000e+03   1.0298040e-01
   7.5460000e+03   1.0005024e-01
   7.5470000e+03   9.7299416e-02
   7.5480000e+03   9.4548586e-02
   7.5490000e+03   9.1968409e-02
   7.5500000e+03   8.9388232e-02
   7.5510000e+03   8.6946107e-02
   7.5520000e+03   8.4503981e-02
   7.5530000e+03   8.2203991e-02
   7.5540000e+03   7.9904001e-02
   7.5550000e+03   7.7741089e-02
   7.5560000e+03   7.5578178e-02
   7.5570000e+03   7.3538417e-02
   7.5580000e+03   7.1498655e-02
   7.5590000e+03   6.9590933e-02
   7.5600000e+03   6.7683210e-02
   7.5610000e+03   6.5888530e-02
   7.5620000e+03   6.4093850e-02
   7.5630000e+03   6.2393452e-02
   7.5640000e+03   6.0693053e-02
   7.5650000e+03   5.9095343e-02
   7.5660000e+03   5.7497633e-02
   7.5670000e+03   5.5992163e-02
   7.5680000e+03   5.4486693e-02
   7.5690000e+03   5.3069038e-02
   7.5700000e+03   5.1651382e-02
   7.5710000e+03   5.0324580e-02
   7.5720000e+03   4.8997777e-02
   7.5730000e+03   4.7742629e-02
   7.5740000e+03   4.6487481e-02
   7.5750000e+03   4.5297852e-02
   7.5760000e+03   4.4108223e-02
   7.5770000e+03   4.2987749e-02
   7.5780000e+03   4.1867274e-02
   7.5790000e+03   4.0806037e-02
   7.5800000e+03   3.9744800e-02
   7.5810000e+03   3.8743756e-02
   7.5820000e+03   3.7742712e-02
   7.5830000e+03   3.6799618e-02
   7.5840000e+03   3.5856525e-02
   7.5850000e+03   3.4962359e-02
   7.5860000e+03   3.4068194e-02
   7.5870000e+03   3.3225009e-02
   7.5880000e+03   3.2381824e-02
   7.5890000e+03   3.1586666e-02
   7.5900000e+03   3.0791509e-02
   7.5910000e+03   3.0038807e-02
   7.5920000e+03   2.9286106e-02
   7.5930000e+03   2.8579938e-02
   7.5940000e+03   2.7873770e-02
   7.5950000e+03   2.7205539e-02
   7.5960000e+03   2.6537307e-02
   7.5970000e+03   2.5898012e-02
   7.5980000e+03   2.5258716e-02
   7.5990000e+03   2.4652155e-02
   7.6000000e+03   2.4045594e-02
   7.6010000e+03   2.3467974e-02
   7.6020000e+03   2.2890355e-02
   7.6030000e+03   2.2338047e-02
   7.6040000e+03   2.1785738e-02
   7.6050000e+03   2.1260358e-02
   7.6060000e+03   2.0734978e-02
   7.6070000e+03   2.0236660e-02
   7.6080000e+03   1.9738342e-02
   7.6090000e+03   1.9268059e-02
   7.6100000e+03   1.8797777e-02
   7.6110000e+03   1.8354847e-02
   7.6120000e+03   1.7911918e-02
   7.6130000e+03   1.7492068e-02
   7.6140000e+03   1.7072218e-02
   7.6150000e+03   1.6676348e-02
   7.6160000e+03   1.6280478e-02
   7.6170000e+03   1.5907100e-02
   7.6180000e+03   1.5533722e-02
   7.6190000e+03   1.5174564e-02
   7.6200000e+03   1.4815405e-02
   7.6210000e+03   1.4468894e-02
   7.6220000e+03   1.4122383e-02
   7.6230000e+03   1.3790650e-02
   7.6240000e+03   1.3458917e-02
   7.6250000e+03   1.3141783e-02
   7.6260000e+03   1.2824650e-02
   7.6270000e+03   1.2520063e-02
   7.6280000e+03   1.2215477e-02
   7.6290000e+03   1.1927346e-02
   7.6300000e+03   1.1639216e-02
   7.6310000e+03   1.1373321e-02
   7.6320000e+03   1.1107426e-02
   7.6330000e+03   1.0864599e-02
   7.6340000e+03   1.0621772e-02
   7.6350000e+03   1.0397175e-02
   7.6360000e+03   1.0172577e-02
   7.6370000e+03   9.9627363e-03
   7.6380000e+03   9.7528952e-03
   7.6390000e+03   9.5609874e-03
   7.6400000e+03   9.3690797e-03
   7.6410000e+03   9.1875649e-03
   7.6420000e+03   9.0060502e-03
