   3.6090000e+03   0.0000000e+00
   3.6100000e+03   0.0000000e+00
   3.6110000e+03   9.1831803e-03
   3.6120000e+03   1.0149831e-02
   3.6130000e+03   1.0149831e-02
   3.6140000e+03   1.1599807e-02
   3.6150000e+03   1.0633156e-02
   3.6160000e+03   1.0633156e-02
   3.6170000e+03   1.1599807e-02
   3.6180000e+03   1.2566457e-02
   3.6190000e+03   1.2566457e-02
   3.6200000e+03   1.3049783e-02
   3.6210000e+03   1.3533108e-02
   3.6220000e+03   1.4983084e-02
   3.6230000e+03   1.5949734e-02
   3.6240000e+03   1.5949734e-02
   3.6250000e+03   1.6433059e-02
   3.6260000e+03   1.6916385e-02
   3.6270000e+03   1.6916385e-02
   3.6280000e+03   1.8366361e-02
   3.6290000e+03   1.8366361e-02
   3.6300000e+03   2.0299662e-02
   3.6310000e+03   2.0299662e-02
   3.6320000e+03   2.1749638e-02
   3.6330000e+03   2.1749638e-02
   3.6340000e+03   2.3682939e-02
   3.6350000e+03   2.5616240e-02
   3.6360000e+03   2.6099565e-02
   3.6370000e+03   2.6582890e-02
   3.6380000e+03   2.8032866e-02
   3.6390000e+03   2.9482842e-02
   3.6400000e+03   3.0932818e-02
   3.6410000e+03   3.1899468e-02
   3.6420000e+03   3.3832769e-02
   3.6430000e+03   3.4799420e-02
   3.6440000e+03   3.6249396e-02
   3.6450000e+03   3.8182697e-02
   3.6460000e+03   3.9632673e-02
   3.6470000e+03   4.2532624e-02
   3.6480000e+03   4.4465926e-02
   3.6490000e+03   4.6882552e-02
   3.6500000e+03   4.8815853e-02
   3.6510000e+03   5.0265829e-02
   3.6520000e+03   5.3165781e-02
   3.6530000e+03   5.6549058e-02
   3.6540000e+03   5.8482359e-02
   3.6550000e+03   6.1865636e-02
   3.6560000e+03   6.5732238e-02
   3.6570000e+03   6.8632189e-02
   3.6580000e+03   7.1048816e-02
   3.6590000e+03   7.4915418e-02
   3.6600000e+03   7.8782020e-02
   3.6610000e+03   8.1681972e-02
   3.6620000e+03   8.6998550e-02
   3.6630000e+03   9.1831803e-02
   3.6640000e+03   9.5698405e-02
   3.6650000e+03   1.0004833e-01
   3.6660000e+03   1.0536491e-01
   3.6670000e+03   1.1068149e-01
   3.6680000e+03   1.1599807e-01
   3.6690000e+03   1.2179797e-01
   3.6700000e+03   1.2614790e-01
   3.6710000e+03   1.3243113e-01
   3.6720000e+03   1.4161431e-01
   3.6730000e+03   1.4644756e-01
   3.6740000e+03   1.5418076e-01
   3.6750000e+03   1.6239729e-01
   3.6760000e+03   1.6964717e-01
   3.6770000e+03   1.7786370e-01
   3.6780000e+03   1.8704688e-01
   3.6790000e+03   1.9429676e-01
   3.6800000e+03   2.0347994e-01
   3.6810000e+03   2.1362977e-01
   3.6820000e+03   2.2232963e-01
   3.6830000e+03   2.3247946e-01
   3.6840000e+03   2.4262929e-01
   3.6850000e+03   2.5277912e-01
   3.6860000e+03   2.6292895e-01
   3.6870000e+03   2.7452876e-01
   3.6880000e+03   2.8806187e-01
   3.6890000e+03   3.0111165e-01
   3.6900000e+03   3.1512808e-01
   3.6910000e+03   3.2527791e-01
   3.6920000e+03   3.3881102e-01
   3.6930000e+03   3.5137748e-01
   3.6940000e+03   3.6346061e-01
   3.6950000e+03   3.8231029e-01
   3.6960000e+03   3.9197680e-01
   3.6970000e+03   4.1034316e-01
   3.6980000e+03   4.2194297e-01
   3.6990000e+03   4.3595940e-01
   3.7000000e+03   4.5190913e-01
   3.7010000e+03   4.6495892e-01
   3.7020000e+03   4.8042533e-01
   3.7030000e+03   4.9975834e-01
   3.7040000e+03   5.1474142e-01
   3.7050000e+03   5.2489125e-01
   3.7060000e+03   5.4664089e-01
   3.7070000e+03   5.6065732e-01
   3.7080000e+03   5.7225713e-01
   3.7090000e+03   5.8917351e-01
   3.7100000e+03   6.0512325e-01
   3.7110000e+03   6.1962301e-01
   3.7120000e+03   6.4137264e-01
   3.7130000e+03   6.5200580e-01
   3.7140000e+03   6.6892218e-01
   3.7150000e+03   6.8632189e-01
   3.7160000e+03   6.9937168e-01
   3.7170000e+03   7.0662156e-01
   3.7180000e+03   7.2692122e-01
   3.7190000e+03   7.3465442e-01
   3.7200000e+03   7.4722088e-01
   3.7210000e+03   7.5785404e-01
   3.7220000e+03   7.7912035e-01
   3.7230000e+03   7.8830353e-01
   3.7240000e+03   8.0086999e-01
   3.7250000e+03   8.0231996e-01
   3.7260000e+03   8.1536974e-01
   3.7270000e+03   8.3325278e-01
   3.7280000e+03   8.3711938e-01
   3.7290000e+03   8.4485259e-01
   3.7300000e+03   8.5403577e-01
   3.7310000e+03   8.7481875e-01
   3.7320000e+03   8.6805220e-01
   3.7330000e+03   8.7530208e-01
   3.7340000e+03   8.9173514e-01
   3.7350000e+03   8.9318511e-01
   3.7360000e+03   8.9415176e-01
   3.7370000e+03   9.0043499e-01
   3.7380000e+03   9.0816820e-01
   3.7390000e+03   9.1155147e-01
   3.7400000e+03   9.1928468e-01
   3.7410000e+03   9.2508458e-01
   3.7420000e+03   9.2846786e-01
   3.7430000e+03   9.3040116e-01
   3.7440000e+03   9.3861769e-01
   3.7450000e+03   9.3861769e-01
   3.7460000e+03   9.4103432e-01
   3.7470000e+03   9.4345094e-01
   3.7480000e+03   9.4731754e-01
   3.7490000e+03   9.5698405e-01
   3.7500000e+03   9.6036733e-01
   3.7510000e+03   9.4586757e-01
   3.7520000e+03   9.4780087e-01
   3.7530000e+03   9.5311745e-01
   3.7540000e+03   9.5360077e-01
   3.7550000e+03   9.5263412e-01
   3.7560000e+03   9.5698405e-01
   3.7570000e+03   9.6278395e-01
   3.7580000e+03   9.6181730e-01
   3.7590000e+03   9.6230063e-01
   3.7600000e+03   9.6181730e-01
   3.7610000e+03   9.6085065e-01
   3.7620000e+03   9.6423393e-01
   3.7630000e+03   9.6230063e-01
   3.7640000e+03   9.5940068e-01
   3.7650000e+03   9.6326728e-01
   3.7660000e+03   9.6520058e-01
   3.7670000e+03   9.6375060e-01
   3.7680000e+03   9.6278395e-01
   3.7690000e+03   9.6230063e-01
   3.7700000e+03   9.6858386e-01
   3.7710000e+03   9.6133398e-01
   3.7720000e+03   9.6036733e-01
   3.7730000e+03   9.5891735e-01
   3.7740000e+03   9.6036733e-01
   3.7750000e+03   9.6375060e-01
   3.7760000e+03   9.5795070e-01
   3.7770000e+03   9.5795070e-01
   3.7780000e+03   9.7245046e-01
   3.7790000e+03   9.5746738e-01
   3.7800000e+03   9.5456742e-01
   3.7810000e+03   9.6713388e-01
   3.7820000e+03   9.5553407e-01
   3.7830000e+03   9.5601740e-01
   3.7840000e+03   9.6665056e-01
   3.7850000e+03   9.5746738e-01
   3.7860000e+03   9.5650072e-01
   3.7870000e+03   9.6616723e-01
   3.7880000e+03   9.5795070e-01
   3.7890000e+03   9.4925085e-01
   3.7900000e+03   9.5456742e-01
   3.7910000e+03   9.5070082e-01
   3.7920000e+03   9.3861769e-01
   3.7930000e+03   9.4876752e-01
   3.7940000e+03   9.5311745e-01
   3.7950000e+03   9.5118415e-01
   3.7960000e+03   9.5215080e-01
   3.7970000e+03   9.5070082e-01
   3.7980000e+03   9.4586757e-01
   3.7990000e+03   9.4586757e-01
   3.8000000e+03   9.4635089e-01
   3.8010000e+03   9.4635089e-01
   3.8020000e+03   9.4780087e-01
   3.8030000e+03   9.4635089e-01
   3.8040000e+03   9.4973417e-01
   3.8050000e+03   9.4876752e-01
   3.8060000e+03   9.4828420e-01
   3.8070000e+03   9.5843403e-01
   3.8080000e+03   9.4635089e-01
   3.8090000e+03   9.5070082e-01
   3.8100000e+03   9.4828420e-01
   3.8110000e+03   9.5795070e-01
   3.8120000e+03   9.5021750e-01
   3.8130000e+03   9.5118415e-01
   3.8140000e+03   9.5166747e-01
   3.8150000e+03   9.5021750e-01
   3.8160000e+03   9.6278395e-01
   3.8170000e+03   9.5360077e-01
   3.8180000e+03   9.4538424e-01
   3.8190000e+03   9.5891735e-01
   3.8200000e+03   9.6036733e-01
   3.8210000e+03   9.6085065e-01
   3.8220000e+03   9.7293378e-01
   3.8230000e+03   9.6761721e-01
   3.8240000e+03   9.6375060e-01
   3.8250000e+03   9.7003383e-01
   3.8260000e+03   9.6713388e-01
   3.8270000e+03   9.7245046e-01
   3.8280000e+03   9.7728371e-01
   3.8290000e+03   9.7776704e-01
   3.8300000e+03   9.6568391e-01
   3.8310000e+03   9.7970034e-01
   3.8320000e+03   9.8260029e-01
   3.8330000e+03   9.8115031e-01
   3.8340000e+03   9.8695022e-01
   3.8350000e+03   9.8405027e-01
   3.8360000e+03   9.8405027e-01
   3.8370000e+03   9.8888352e-01
   3.8380000e+03   9.9420010e-01
   3.8390000e+03   1.0000000e+00
   3.8400000e+03   9.9178347e-01
   3.8410000e+03   9.9468342e-01
   3.8420000e+03   9.9661672e-01
   3.8430000e+03   9.9275012e-01
   3.8440000e+03   9.9613340e-01
   3.8450000e+03   9.9565007e-01
   3.8460000e+03   9.8936684e-01
   3.8470000e+03   9.9081682e-01
   3.8480000e+03   9.8985017e-01
   3.8490000e+03   9.8743354e-01
   3.8500000e+03   9.8646689e-01
   3.8510000e+03   9.8260029e-01
   3.8520000e+03   9.7535041e-01
   3.8530000e+03   9.7390043e-01
   3.8540000e+03   9.8356694e-01
   3.8550000e+03   9.5940068e-01
   3.8560000e+03   9.5650072e-01
   3.8570000e+03   9.5408410e-01
   3.8580000e+03   9.4538424e-01
   3.8590000e+03   9.3571774e-01
   3.8600000e+03   9.2943451e-01
   3.8610000e+03   9.1976800e-01
   3.8620000e+03   9.0865152e-01
   3.8630000e+03   9.0381827e-01
   3.8640000e+03   8.8786854e-01
   3.8650000e+03   8.8883519e-01
   3.8660000e+03   8.6660222e-01
   3.8670000e+03   8.5451909e-01
   3.8680000e+03   8.4001933e-01
   3.8690000e+03   8.2793620e-01
   3.8700000e+03   8.1246979e-01
   3.8710000e+03   7.9748671e-01
   3.8720000e+03   7.9023683e-01
   3.8730000e+03   7.6752054e-01
   3.8740000e+03   7.4770420e-01
   3.8750000e+03   7.3272112e-01
   3.8760000e+03   7.1725471e-01
   3.8770000e+03   7.0082165e-01
   3.8780000e+03   6.8003867e-01
   3.8790000e+03   6.6505558e-01
   3.8800000e+03   6.4813920e-01
   3.8810000e+03   6.3073949e-01
   3.8820000e+03   6.1092315e-01
   3.8830000e+03   5.9207347e-01
   3.8840000e+03   5.7515708e-01
   3.8850000e+03   5.5824070e-01
   3.8860000e+03   5.3745771e-01
   3.8870000e+03   5.2682455e-01
   3.8880000e+03   5.0555824e-01
   3.8890000e+03   4.8767521e-01
   3.8900000e+03   4.7414210e-01
   3.8910000e+03   4.5045916e-01
   3.8920000e+03   4.4030933e-01
   3.8930000e+03   4.1904302e-01
   3.8940000e+03   4.0405993e-01
   3.8950000e+03   3.8666022e-01
   3.8960000e+03   3.7167714e-01
   3.8970000e+03   3.6007733e-01
   3.8980000e+03   3.4267762e-01
   3.8990000e+03   3.3107782e-01
   3.9000000e+03   3.1512808e-01
   3.9010000e+03   3.0159497e-01
   3.9020000e+03   2.8902852e-01
   3.9030000e+03   2.7597873e-01
   3.9040000e+03   2.6389560e-01
   3.9050000e+03   2.5374577e-01
   3.9060000e+03   2.4504592e-01
   3.9070000e+03   2.3392943e-01
   3.9080000e+03   2.2281295e-01
   3.9090000e+03   2.1314645e-01
   3.9100000e+03   2.0347994e-01
   3.9110000e+03   1.9574674e-01
   3.9120000e+03   1.8753021e-01
   3.9130000e+03   1.7979700e-01
   3.9140000e+03   1.7109715e-01
   3.9150000e+03   1.6336394e-01
   3.9160000e+03   1.5804737e-01
   3.9170000e+03   1.5128081e-01
   3.9180000e+03   1.4354761e-01
   3.9190000e+03   1.3678105e-01
   3.9200000e+03   1.3098115e-01
   3.9210000e+03   1.2518125e-01
   3.9220000e+03   1.1986467e-01
   3.9230000e+03   1.1503142e-01
   3.9240000e+03   1.1019816e-01
   3.9250000e+03   1.0536491e-01
   3.9260000e+03   1.0318995e-01
   3.9270000e+03   1.0101498e-01
   3.9280000e+03   9.9565007e-02
   3.9290000e+03   9.3281779e-02
   3.9300000e+03   8.8931851e-02
   3.9310000e+03   8.6515225e-02
   3.9320000e+03   8.3131948e-02
   3.9330000e+03   7.9748671e-02
   3.9340000e+03   7.6848719e-02
   3.9350000e+03   7.2498792e-02
   3.9360000e+03   7.0565491e-02
   3.9370000e+03   6.7182214e-02
   3.9380000e+03   6.5732238e-02
   3.9390000e+03   6.2348961e-02
   3.9400000e+03   5.9449009e-02
   3.9410000e+03   5.8482359e-02
   3.9420000e+03   5.7032383e-02
   3.9430000e+03   5.4132431e-02
   3.9440000e+03   5.1715805e-02
   3.9450000e+03   5.0265829e-02
   3.9460000e+03   4.8815853e-02
   3.9470000e+03   4.5915901e-02
   3.9480000e+03   4.4465926e-02
   3.9490000e+03   4.3015950e-02
   3.9500000e+03   4.1565974e-02
   3.9510000e+03   4.0599323e-02
   3.9520000e+03   4.0115998e-02
   3.9530000e+03   3.8182697e-02
   3.9540000e+03   3.6732721e-02
   3.9550000e+03   3.5766071e-02
   3.9560000e+03   3.3832769e-02
   3.9570000e+03   3.3832769e-02
   3.9580000e+03   3.1899468e-02
   3.9590000e+03   3.0449493e-02
   3.9600000e+03   2.9966167e-02
   3.9610000e+03   2.8516191e-02
   3.9620000e+03   2.8516191e-02
   3.9630000e+03   2.7066216e-02
   3.9640000e+03   2.6099565e-02
   3.9650000e+03   2.5616240e-02
   3.9660000e+03   2.5132914e-02
   3.9670000e+03   2.4649589e-02
   3.9680000e+03   2.4166264e-02
   3.9690000e+03   2.2716288e-02
   3.9700000e+03   2.1749638e-02
   3.9710000e+03   2.1266312e-02
   3.9720000e+03   2.0782987e-02
   3.9730000e+03   1.9333011e-02
   3.9740000e+03   2.0299662e-02
   3.9750000e+03   2.0299662e-02
   3.9760000e+03   1.9816336e-02
   3.9770000e+03   1.8366361e-02
   3.9780000e+03   1.7883035e-02
   3.9790000e+03   1.7883035e-02
   3.9800000e+03   1.5949734e-02
   3.9810000e+03   1.6916385e-02
   3.9820000e+03   1.6916385e-02
   3.9830000e+03   1.5949734e-02
   3.9840000e+03   1.4499758e-02
   3.9850000e+03   1.5949734e-02
   3.9860000e+03   1.4983084e-02
   3.9870000e+03   1.4016433e-02
   3.9880000e+03   1.7061382e-02
   3.9890000e+03   1.2566457e-02
   3.9900000e+03   1.3533108e-02
   3.9910000e+03   1.3049783e-02
   3.9920000e+03   1.1599807e-02
   3.9930000e+03   1.1116481e-02
   3.9940000e+03   1.0633156e-02
   3.9950000e+03   1.1116481e-02
   3.9960000e+03   1.1599807e-02
   3.9970000e+03   1.0149831e-02
   3.9980000e+03   9.6665056e-03
   3.9990000e+03   1.0149831e-02
   4.0000000e+03   9.6665056e-03
   4.0010000e+03   9.1831803e-03
   4.0020000e+03   1.0149831e-02
   4.0030000e+03   1.0149831e-02
   4.0040000e+03   9.1831803e-03
   4.0050000e+03   9.1831803e-03
   4.0060000e+03   9.1831803e-03
   4.0070000e+03   0.0000000e+00
   4.0080000e+03   9.1831803e-03
   4.0100000e+03   0.0000000e+00
   4.0110000e+03   0.0000000e+00
   4.0120000e+03   0.0000000e+00
