   9.1200000e+02   0.0000000e+00
   9.1250000e+02   1.0573178e-02
   9.1300000e+02   1.2242627e-02
   9.1350000e+02   1.3912076e-02
   9.1400000e+02   1.5025042e-02
   9.1450000e+02   1.7807457e-02
   9.1500000e+02   2.0589872e-02
   9.1550000e+02   2.4485253e-02
   9.1600000e+02   2.7824151e-02
   9.1650000e+02   3.2276016e-02
   9.1700000e+02   3.6171397e-02
   9.1750000e+02   4.3962159e-02
   9.1800000e+02   5.1752922e-02
   9.1850000e+02   5.9543684e-02
   9.1900000e+02   6.7334446e-02
   9.1950000e+02   7.5125209e-02
   9.2000000e+02   8.2915971e-02
   9.2050000e+02   9.8497496e-02
   9.2100000e+02   1.1240957e-01
   9.2150000e+02   1.3132999e-01
   9.2200000e+02   1.4969393e-01
   9.2250000e+02   1.7417919e-01
   9.2300000e+02   1.9866444e-01
   9.2350000e+02   2.2648859e-01
   9.2400000e+02   2.5431274e-01
   9.2450000e+02   2.8992766e-01
   9.2500000e+02   3.2498609e-01
   9.2550000e+02   3.7173066e-01
   9.2600000e+02   4.1791875e-01
   9.2650000e+02   4.6744574e-01
   9.2700000e+02   5.1641625e-01
   9.2750000e+02   5.7317752e-01
   9.2800000e+02   6.2938230e-01
   9.2850000e+02   6.8113523e-01
   9.2900000e+02   7.3233166e-01
   9.2950000e+02   7.8464107e-01
   9.3000000e+02   8.3639399e-01
   9.3050000e+02   8.7646077e-01
   9.3100000e+02   9.1597106e-01
   9.3150000e+02   9.3934335e-01
   9.3200000e+02   9.6215915e-01
   9.3250000e+02   9.7551475e-01
   9.3300000e+02   9.8831386e-01
   9.3350000e+02   9.9443517e-01
   9.3400000e+02   1.0000000e+00
   9.3450000e+02   9.9944352e-01
   9.3500000e+02   9.9888703e-01
   9.3550000e+02   9.8831386e-01
   9.3600000e+02   9.7774068e-01
   9.3650000e+02   9.7161937e-01
   9.3700000e+02   9.6549805e-01
   9.3750000e+02   9.6048971e-01
   9.3800000e+02   9.5548136e-01
   9.3850000e+02   9.4546466e-01
   9.3900000e+02   9.3489149e-01
   9.3950000e+02   9.3043962e-01
   9.4000000e+02   9.2543127e-01
   9.4050000e+02   9.2209238e-01
   9.4100000e+02   9.1875348e-01
   9.4150000e+02   9.1151920e-01
   9.4200000e+02   9.0428492e-01
   9.4250000e+02   9.0372844e-01
   9.4300000e+02   9.0317195e-01
   9.4350000e+02   8.9148581e-01
   9.4400000e+02   8.7924318e-01
   9.4450000e+02   8.4585420e-01
   9.4500000e+02   8.1190874e-01
   9.4550000e+02   7.7017251e-01
   9.4600000e+02   7.2843628e-01
   9.4650000e+02   6.7111853e-01
   9.4700000e+02   6.1380078e-01
   9.4750000e+02   5.5592654e-01
   9.4800000e+02   4.9805231e-01
   9.4850000e+02   4.3739566e-01
   9.4900000e+02   3.7618253e-01
   9.4950000e+02   3.2109071e-01
   9.5000000e+02   2.6544240e-01
   9.5050000e+02   2.2426266e-01
   9.5100000e+02   1.8252643e-01
   9.5150000e+02   1.5080690e-01
   9.5200000e+02   1.1853088e-01
   9.5250000e+02   9.9053979e-02
   9.5300000e+02   7.9020590e-02
   9.5350000e+02   6.5664997e-02
   9.5400000e+02   5.1752922e-02
   9.5450000e+02   4.3962159e-02
   9.5500000e+02   3.6171397e-02
   9.5550000e+02   3.0606566e-02
   9.5600000e+02   2.5041736e-02
   9.5650000e+02   2.1702838e-02
   9.5700000e+02   1.7807457e-02
   9.5750000e+02   1.6138008e-02
   9.5800000e+02   1.3912076e-02
   9.5850000e+02   1.2242627e-02
   9.5900000e+02   1.0573178e-02
   9.5950000e+02   9.4602115e-03
