   8.7950000e+02   0.0000000e+00
   8.8000000e+02   0.0000000e+00
   8.8050000e+02   0.0000000e+00
   8.8100000e+02   0.0000000e+00
   8.8150000e+02   1.0544815e-02
   8.8200000e+02   1.1423550e-02
   8.8250000e+02   1.3181019e-02
   8.8300000e+02   1.4059754e-02
   8.8350000e+02   1.5817223e-02
   8.8400000e+02   1.7574692e-02
   8.8450000e+02   2.0210896e-02
   8.8500000e+02   2.2847100e-02
   8.8550000e+02   2.7240773e-02
   8.8600000e+02   3.1634446e-02
   8.8650000e+02   3.7785589e-02
   8.8700000e+02   4.3057996e-02
   8.8750000e+02   5.0966608e-02
   8.8800000e+02   5.8875220e-02
   8.8850000e+02   6.9420035e-02
   8.8900000e+02   7.9964851e-02
   8.8950000e+02   9.3145870e-02
   8.9000000e+02   1.0544815e-01
   8.9050000e+02   1.2478032e-01
   8.9100000e+02   1.4323374e-01
   8.9150000e+02   1.6959578e-01
   8.9200000e+02   1.9507909e-01
   8.9250000e+02   2.2407733e-01
   8.9300000e+02   2.5307557e-01
   8.9350000e+02   2.9349736e-01
   8.9400000e+02   3.3304042e-01
   8.9450000e+02   3.8224956e-01
   8.9500000e+02   4.3145870e-01
   8.9550000e+02   4.8330404e-01
   8.9600000e+02   5.3514938e-01
   8.9650000e+02   5.8875220e-01
   8.9700000e+02   6.4235501e-01
   8.9750000e+02   6.8980668e-01
   8.9800000e+02   7.3725835e-01
   8.9850000e+02   7.7855888e-01
   8.9900000e+02   8.1898067e-01
   8.9950000e+02   8.4622144e-01
   9.0000000e+02   8.7258348e-01
   9.0050000e+02   8.9367311e-01
   9.0100000e+02   9.1388401e-01
   9.0150000e+02   9.2970123e-01
   9.0200000e+02   9.4551845e-01
   9.0250000e+02   9.5166960e-01
   9.0300000e+02   9.5694200e-01
   9.0350000e+02   9.6485062e-01
   9.0400000e+02   9.7275923e-01
   9.0450000e+02   9.8066784e-01
   9.0500000e+02   9.8857645e-01
   9.0550000e+02   9.9209139e-01
   9.0600000e+02   9.9472759e-01
   9.0650000e+02   9.9472759e-01
   9.0700000e+02   9.9472759e-01
   9.0750000e+02   9.9736380e-01
   9.0800000e+02   1.0000000e+00
   9.0850000e+02   9.9560633e-01
   9.0900000e+02   9.9121265e-01
   9.0950000e+02   9.8857645e-01
   9.1000000e+02   9.8506151e-01
   9.1050000e+02   9.7012302e-01
   9.1100000e+02   9.5518453e-01
   9.1150000e+02   9.3760984e-01
   9.1200000e+02   9.1915641e-01
   9.1250000e+02   8.8752197e-01
   9.1300000e+02   8.5500879e-01
   9.1350000e+02   8.1107206e-01
   9.1400000e+02   7.6625659e-01
   9.1450000e+02   7.1001757e-01
   9.1500000e+02   6.5289982e-01
   9.1550000e+02   5.8963093e-01
   9.1600000e+02   5.2636204e-01
   9.1650000e+02   4.6572935e-01
   9.1700000e+02   4.0509666e-01
   9.1750000e+02   3.5237258e-01
   9.1800000e+02   2.9964851e-01
   9.1850000e+02   2.5746924e-01
   9.1900000e+02   2.1528998e-01
   9.1950000e+02   1.8277680e-01
   9.2000000e+02   1.5026362e-01
   9.2050000e+02   1.2741652e-01
   9.2100000e+02   1.0456942e-01
   9.2150000e+02   8.9630931e-02
   9.2200000e+02   7.3813708e-02
   9.2250000e+02   6.4147627e-02
   9.2300000e+02   5.3602812e-02
   9.2350000e+02   4.6572935e-02
   9.2400000e+02   3.9543058e-02
   9.2450000e+02   3.4270650e-02
   9.2500000e+02   2.8998243e-02
   9.2550000e+02   2.5483304e-02
   9.2600000e+02   2.1968366e-02
   9.2650000e+02   1.9332162e-02
   9.2700000e+02   1.6695958e-02
   9.2750000e+02   1.4938489e-02
   9.2800000e+02   1.3181019e-02
   9.2850000e+02   1.1423550e-02
   9.2900000e+02   9.6660808e-03
   9.2950000e+02   0.0000000e+00
   9.3000000e+02   0.0000000e+00
   9.3050000e+02   0.0000000e+00
