   7.1850000e+02   0.0000000e+00
   7.1900000e+02   9.5706864e-03
   7.1950000e+02   1.0391031e-02
   7.2000000e+02   1.1211375e-02
   7.2050000e+02   1.2578616e-02
   7.2100000e+02   1.3672409e-02
   7.2150000e+02   1.5313098e-02
   7.2200000e+02   1.6680339e-02
   7.2250000e+02   1.8867925e-02
   7.2300000e+02   2.0782062e-02
   7.2350000e+02   2.3243095e-02
   7.2400000e+02   2.5704129e-02
   7.2450000e+02   2.8712059e-02
   7.2500000e+02   3.2266885e-02
   7.2550000e+02   3.6368608e-02
   7.2600000e+02   4.2111020e-02
   7.2650000e+02   4.7306535e-02
   7.2700000e+02   5.4416188e-02
   7.2750000e+02   6.2346185e-02
   7.2800000e+02   7.1643424e-02
   7.2850000e+02   8.1761006e-02
   7.2900000e+02   9.3519278e-02
   7.2950000e+02   1.0637134e-01
   7.3000000e+02   1.2031720e-01
   7.3050000e+02   1.3699754e-01
   7.3100000e+02   1.5422477e-01
   7.3150000e+02   1.7445994e-01
   7.3200000e+02   1.9742959e-01
   7.3250000e+02   2.2313372e-01
   7.3300000e+02   2.5129888e-01
   7.3350000e+02   2.8301887e-01
   7.3400000e+02   3.1747334e-01
   7.3450000e+02   3.5849057e-01
   7.3500000e+02   4.0142193e-01
   7.3550000e+02   4.4982226e-01
   7.3600000e+02   4.9767569e-01
   7.3650000e+02   5.5181843e-01
   7.3700000e+02   5.9748428e-01
   7.3750000e+02   6.6311184e-01
   7.3800000e+02   7.1616079e-01
   7.3850000e+02   7.5389664e-01
   7.3900000e+02   8.1296144e-01
   7.3950000e+02   8.5479902e-01
   7.4000000e+02   8.9417555e-01
   7.4050000e+02   9.2234072e-01
   7.4100000e+02   9.5023243e-01
   7.4150000e+02   9.5351381e-01
   7.4200000e+02   9.7703035e-01
   7.4250000e+02   9.9015587e-01
   7.4300000e+02   9.9398414e-01
   7.4350000e+02   9.9371069e-01
   7.4400000e+02   9.9890621e-01
   7.4450000e+02   1.0000000e+00
   7.4500000e+02   9.9863276e-01
   7.4550000e+02   9.9671862e-01
   7.4600000e+02   1.0000000e+00
   7.4650000e+02   9.9835931e-01
   7.4700000e+02   9.9671862e-01
   7.4750000e+02   9.9808586e-01
   7.4800000e+02   9.9371069e-01
   7.4850000e+02   9.9207000e-01
   7.4900000e+02   9.9234345e-01
   7.4950000e+02   9.9207000e-01
   7.5000000e+02   9.8878862e-01
   7.5050000e+02   9.6691277e-01
   7.5100000e+02   9.8058518e-01
   7.5150000e+02   9.8796828e-01
   7.5200000e+02   9.6117036e-01
   7.5250000e+02   9.4968553e-01
   7.5300000e+02   9.2972382e-01
   7.5350000e+02   9.1003555e-01
   7.5400000e+02   8.7968280e-01
   7.5450000e+02   8.4550178e-01
   7.5500000e+02   8.0065628e-01
   7.5550000e+02   7.4815422e-01
   7.5600000e+02   6.9783976e-01
   7.5650000e+02   6.4479081e-01
   7.5700000e+02   5.8435876e-01
   7.5750000e+02   5.1927810e-01
   7.5800000e+02   4.6212743e-01
   7.5850000e+02   4.0442986e-01
   7.5900000e+02   3.5001367e-01
   7.5950000e+02   2.9887886e-01
   7.6000000e+02   2.5375991e-01
   7.6050000e+02   2.1328958e-01
   7.6100000e+02   1.7856166e-01
   7.6150000e+02   1.4711512e-01
   7.6200000e+02   1.2250479e-01
   7.6250000e+02   1.0226962e-01
   7.6300000e+02   8.5862729e-02
   7.6350000e+02   7.2463768e-02
   7.6400000e+02   6.2346185e-02
   7.6450000e+02   5.4416188e-02
   7.6500000e+02   4.5939295e-02
   7.6550000e+02   4.0470331e-02
   7.6600000e+02   3.5548264e-02
   7.6650000e+02   3.0899645e-02
   7.6700000e+02   2.7891715e-02
   7.6750000e+02   2.4610336e-02
   7.6800000e+02   2.1875855e-02
   7.6850000e+02   1.9688269e-02
   7.6900000e+02   1.8047580e-02
   7.6950000e+02   1.5859995e-02
   7.7000000e+02   1.4766202e-02
   7.7050000e+02   1.3398961e-02
   7.7100000e+02   1.2305168e-02
   7.7150000e+02   1.1211375e-02
   7.7200000e+02   1.0391031e-02
   7.7250000e+02   9.5706864e-03
   7.7300000e+02   0.0000000e+00
