   6.4050000e+02   0.0000000e+00
   6.4100000e+02   9.1973244e-03
   6.4150000e+02   1.0312152e-02
   6.4200000e+02   1.0869565e-02
   6.4250000e+02   1.1984392e-02
   6.4300000e+02   1.3099220e-02
   6.4350000e+02   1.3656633e-02
   6.4400000e+02   1.5050167e-02
   6.4450000e+02   1.6443701e-02
   6.4500000e+02   1.7837235e-02
   6.4550000e+02   1.9509476e-02
   6.4600000e+02   2.0903010e-02
   6.4650000e+02   2.2853958e-02
   6.4700000e+02   2.4804905e-02
   6.4750000e+02   2.7034560e-02
   6.4800000e+02   2.9821628e-02
   6.4850000e+02   3.3444816e-02
   6.4900000e+02   3.7346711e-02
   6.4950000e+02   4.0969900e-02
   6.5000000e+02   4.7380156e-02
   6.5050000e+02   5.3232999e-02
   6.5100000e+02   5.9643255e-02
   6.5150000e+02   6.8561873e-02
   6.5200000e+02   7.8037904e-02
   6.5250000e+02   8.8071349e-02
   6.5300000e+02   1.0005574e-01
   6.5350000e+02   1.1594203e-01
   6.5400000e+02   1.2876254e-01
   6.5450000e+02   1.4687848e-01
   6.5500000e+02   1.6694537e-01
   6.5550000e+02   1.8338907e-01
   6.5600000e+02   2.0652174e-01
   6.5650000e+02   2.3104794e-01
   6.5700000e+02   2.6142698e-01
   6.5750000e+02   2.9236343e-01
   6.5800000e+02   3.3221851e-01
   6.5850000e+02   3.7012263e-01
   6.5900000e+02   4.1304348e-01
   6.5950000e+02   4.5457079e-01
   6.6000000e+02   5.0919732e-01
   6.6050000e+02   5.5100334e-01
   6.6100000e+02   6.0813824e-01
   6.6150000e+02   6.4827202e-01
   6.6200000e+02   7.0345596e-01
   6.6250000e+02   7.4080268e-01
   6.6300000e+02   7.7703456e-01
   6.6350000e+02   8.1187291e-01
   6.6400000e+02   8.5284281e-01
   6.6450000e+02   8.8099220e-01
   6.6500000e+02   8.8963211e-01
   6.6550000e+02   9.1220736e-01
   6.6600000e+02   9.2391304e-01
   6.6650000e+02   9.3784838e-01
   6.6700000e+02   9.6042363e-01
   6.6750000e+02   9.6153846e-01
   6.6800000e+02   9.7603122e-01
   6.6850000e+02   9.7045708e-01
   6.6900000e+02   9.9080268e-01
   6.6950000e+02   9.9219621e-01
   6.7000000e+02   9.8606466e-01
   6.7050000e+02   9.8355630e-01
   6.7100000e+02   1.0000000e+00
   6.7150000e+02   9.8522854e-01
   6.7200000e+02   9.9052397e-01
   6.7250000e+02   9.7435897e-01
   6.7300000e+02   9.7129320e-01
   6.7350000e+02   9.7463768e-01
   6.7400000e+02   9.6683389e-01
   6.7450000e+02   9.4230769e-01
   6.7500000e+02   9.2670011e-01
   6.7550000e+02   9.0886288e-01
   6.7600000e+02   9.0189521e-01
   6.7650000e+02   8.7207358e-01
   6.7700000e+02   8.4587514e-01
   6.7750000e+02   8.1354515e-01
   6.7800000e+02   7.7591973e-01
   6.7850000e+02   7.2686734e-01
   6.7900000e+02   6.8283166e-01
   6.7950000e+02   6.3823857e-01
   6.8000000e+02   5.8472687e-01
   6.8050000e+02   5.3400223e-01
   6.8100000e+02   4.8327759e-01
   6.8150000e+02   4.3701226e-01
   6.8200000e+02   3.8628763e-01
   6.8250000e+02   3.3751394e-01
   6.8300000e+02   2.9542921e-01
   6.8350000e+02   2.5724638e-01
   6.8400000e+02   2.2296544e-01
   6.8450000e+02   1.9342252e-01
   6.8500000e+02   1.6750279e-01
   6.8550000e+02   1.4548495e-01
   6.8600000e+02   1.2625418e-01
   6.8650000e+02   1.1008919e-01
   6.8700000e+02   9.6711260e-02
   6.8750000e+02   8.4448161e-02
   6.8800000e+02   7.5529543e-02
   6.8850000e+02   6.7168339e-02
   6.8900000e+02   5.9921962e-02
   6.8950000e+02   5.3790412e-02
   6.9000000e+02   4.9331104e-02
   6.9050000e+02   4.4593088e-02
   6.9100000e+02   4.0969900e-02
   6.9150000e+02   3.7068004e-02
   6.9200000e+02   3.4002230e-02
   6.9250000e+02   3.1772575e-02
   6.9300000e+02   2.8985507e-02
   6.9350000e+02   2.7034560e-02
   6.9400000e+02   2.4804905e-02
   6.9450000e+02   2.3411371e-02
   6.9500000e+02   2.2017837e-02
   6.9550000e+02   2.0066890e-02
   6.9600000e+02   1.8673356e-02
   6.9650000e+02   1.7837235e-02
   6.9700000e+02   1.6443701e-02
   6.9750000e+02   1.5607581e-02
   6.9800000e+02   1.4492754e-02
   6.9850000e+02   1.3377926e-02
   6.9900000e+02   1.2820513e-02
   6.9950000e+02   1.1984392e-02
   7.0000000e+02   1.1426979e-02
   7.0050000e+02   1.0869565e-02
   7.0100000e+02   1.0033445e-02
   7.0150000e+02   9.4760312e-03
   7.0200000e+02   0.0000000e+00
