   4.2900000e+02   0.0000000e+00
   4.2950000e+02   0.0000000e+00
   4.3000000e+02   0.0000000e+00
   4.3050000e+02   1.2820513e-02
   4.3100000e+02   1.7094017e-02
   4.3150000e+02   2.1367521e-02
   4.3200000e+02   2.3504274e-02
   4.3250000e+02   2.9914530e-02
   4.3300000e+02   3.4188034e-02
   4.3350000e+02   4.2735043e-02
   4.3400000e+02   4.9145299e-02
   4.3450000e+02   5.7692308e-02
   4.3500000e+02   6.4102564e-02
   4.3550000e+02   7.6923077e-02
   4.3600000e+02   8.7606838e-02
   4.3650000e+02   1.0256410e-01
   4.3700000e+02   1.1538462e-01
   4.3750000e+02   1.3247863e-01
   4.3800000e+02   1.4743590e-01
   4.3850000e+02   1.6666667e-01
   4.3900000e+02   1.8376068e-01
   4.3950000e+02   2.0299145e-01
   4.4000000e+02   2.2222222e-01
   4.4050000e+02   2.4358974e-01
   4.4100000e+02   2.6282051e-01
   4.4150000e+02   2.8418803e-01
   4.4200000e+02   3.0555556e-01
   4.4250000e+02   3.2478632e-01
   4.4300000e+02   3.4188034e-01
   4.4350000e+02   3.5897436e-01
   4.4400000e+02   3.7393162e-01
   4.4450000e+02   3.8461538e-01
   4.4500000e+02   3.9529915e-01
   4.4550000e+02   4.0384615e-01
   4.4600000e+02   4.1239316e-01
   4.4650000e+02   4.2094017e-01
   4.4700000e+02   4.2948718e-01
   4.4750000e+02   4.4017094e-01
   4.4800000e+02   4.4871795e-01
   4.4850000e+02   4.6367521e-01
   4.4900000e+02   4.7649573e-01
   4.4950000e+02   4.9358974e-01
   4.5000000e+02   5.1068376e-01
   4.5050000e+02   5.2350427e-01
   4.5100000e+02   5.3418803e-01
   4.5150000e+02   5.4700855e-01
   4.5200000e+02   5.5769231e-01
   4.5250000e+02   5.7478632e-01
   4.5300000e+02   5.9188034e-01
   4.5350000e+02   6.0897436e-01
   4.5400000e+02   6.2393162e-01
   4.5450000e+02   6.3461538e-01
   4.5500000e+02   6.4529915e-01
   4.5550000e+02   6.6452991e-01
   4.5600000e+02   6.8162393e-01
   4.5650000e+02   6.8589744e-01
   4.5700000e+02   6.9017094e-01
   4.5750000e+02   6.9230769e-01
   4.5800000e+02   6.9230769e-01
   4.5850000e+02   6.9017094e-01
   4.5900000e+02   6.8589744e-01
   4.5950000e+02   6.8803419e-01
   4.6000000e+02   6.8803419e-01
   4.6050000e+02   6.8376068e-01
   4.6100000e+02   6.7948718e-01
   4.6150000e+02   6.8376068e-01
   4.6200000e+02   6.8803419e-01
   4.6250000e+02   6.8803419e-01
   4.6300000e+02   6.8803419e-01
   4.6350000e+02   6.9658120e-01
   4.6400000e+02   7.0512821e-01
   4.6450000e+02   7.1153846e-01
   4.6500000e+02   7.1581197e-01
   4.6550000e+02   7.2649573e-01
   4.6600000e+02   7.3717949e-01
   4.6650000e+02   7.5213675e-01
   4.6700000e+02   7.6709402e-01
   4.6750000e+02   7.7564103e-01
   4.6800000e+02   7.8205128e-01
   4.6850000e+02   7.9487179e-01
   4.6900000e+02   8.0769231e-01
   4.6950000e+02   8.2051282e-01
   4.7000000e+02   8.3119658e-01
   4.7050000e+02   8.3974359e-01
   4.7100000e+02   8.4615385e-01
   4.7150000e+02   8.5256410e-01
   4.7200000e+02   8.5897436e-01
   4.7250000e+02   8.6965812e-01
   4.7300000e+02   8.7820513e-01
   4.7350000e+02   8.8461538e-01
   4.7400000e+02   8.8888889e-01
   4.7450000e+02   9.0384615e-01
   4.7500000e+02   9.1880342e-01
   4.7550000e+02   9.2521368e-01
   4.7600000e+02   9.3162393e-01
   4.7650000e+02   9.3589744e-01
   4.7700000e+02   9.4017094e-01
   4.7750000e+02   9.5512821e-01
   4.7800000e+02   9.7008547e-01
   4.7850000e+02   9.7649573e-01
   4.7900000e+02   9.8076923e-01
   4.7950000e+02   9.8931624e-01
   4.8000000e+02   9.9786325e-01
   4.8050000e+02   1.0000000e+00
   4.8100000e+02   1.0000000e+00
   4.8150000e+02   1.0000000e+00
   4.8200000e+02   9.9786325e-01
   4.8250000e+02   9.9358974e-01
   4.8300000e+02   9.8717949e-01
   4.8350000e+02   9.8290598e-01
   4.8400000e+02   9.7649573e-01
   4.8450000e+02   9.6794872e-01
   4.8500000e+02   9.5940171e-01
   4.8550000e+02   9.4444444e-01
   4.8600000e+02   9.2948718e-01
   4.8650000e+02   9.1025641e-01
   4.8700000e+02   8.9102564e-01
   4.8750000e+02   8.7606838e-01
   4.8800000e+02   8.5897436e-01
   4.8850000e+02   8.3119658e-01
   4.8900000e+02   8.0341880e-01
   4.8950000e+02   7.8205128e-01
   4.9000000e+02   7.5854701e-01
   4.9050000e+02   7.2435897e-01
   4.9100000e+02   6.9017094e-01
   4.9150000e+02   6.5384615e-01
   4.9200000e+02   6.1538462e-01
   4.9250000e+02   5.7478632e-01
   4.9300000e+02   5.3205128e-01
   4.9350000e+02   4.9145299e-01
   4.9400000e+02   4.4871795e-01
   4.9450000e+02   4.0384615e-01
   4.9500000e+02   3.5897436e-01
   4.9550000e+02   3.2051282e-01
   4.9600000e+02   2.7991453e-01
   4.9650000e+02   2.5000000e-01
   4.9700000e+02   2.1794872e-01
   4.9750000e+02   1.9230769e-01
   4.9800000e+02   1.6666667e-01
   4.9850000e+02   1.4529915e-01
   4.9900000e+02   1.2393162e-01
   4.9950000e+02   1.1111111e-01
   5.0000000e+02   9.8290598e-02
   5.0050000e+02   8.7606838e-02
   5.0100000e+02   7.4786325e-02
   5.0150000e+02   6.6239316e-02
   5.0200000e+02   5.7692308e-02
   5.0250000e+02   5.3418803e-02
   5.0300000e+02   4.9145299e-02
   5.0350000e+02   4.4871795e-02
   5.0400000e+02   3.8461538e-02
   5.0450000e+02   3.4188034e-02
   5.0500000e+02   2.9914530e-02
   5.0550000e+02   2.7777778e-02
   5.0600000e+02   2.3504274e-02
   5.0650000e+02   2.3504274e-02
   5.0700000e+02   2.1367521e-02
   5.0750000e+02   1.9230769e-02
   5.0800000e+02   1.7094017e-02
   5.0850000e+02   1.4957265e-02
   5.0900000e+02   1.2820513e-02
   5.0950000e+02   1.2820513e-02
   5.1000000e+02   1.0683761e-02
   5.1050000e+02   1.0683761e-02
   5.1100000e+02   1.0683761e-02
   5.1150000e+02   1.2820513e-02
   5.1200000e+02   1.2820513e-02
   5.1250000e+02   1.0683761e-02
   5.1300000e+02   0.0000000e+00
   5.1350000e+02   0.0000000e+00
   5.1400000e+02   0.0000000e+00
   5.1450000e+02   0.0000000e+00
   5.1500000e+02   0.0000000e+00
   5.1550000e+02   0.0000000e+00
   5.1600000e+02   0.0000000e+00
   5.1650000e+02   0.0000000e+00
