   1.0430000e+04   0.0000000e+00
   1.0440000e+04   2.0235956e-02
   1.0450000e+04   2.0314087e-02
   1.0460000e+04   2.1486054e-02
   1.0470000e+04   1.9767169e-02
   1.0480000e+04   1.8751465e-02
   1.0490000e+04   1.8907727e-02
   1.0500000e+04   1.9063989e-02
   1.0510000e+04   1.9220252e-02
   1.0520000e+04   2.1095398e-02
   1.0530000e+04   2.2267365e-02
   1.0540000e+04   2.2267365e-02
   1.0550000e+04   2.2267365e-02
   1.0560000e+04   2.2267365e-02
   1.0570000e+04   2.2267365e-02
   1.0580000e+04   2.2267365e-02
   1.0590000e+04   2.2579889e-02
   1.0600000e+04   2.2892413e-02
   1.0610000e+04   2.3204938e-02
   1.0620000e+04   2.3517462e-02
   1.0630000e+04   2.2892413e-02
   1.0640000e+04   2.2423627e-02
   1.0650000e+04   2.1720447e-02
   1.0660000e+04   2.1017267e-02
   1.0670000e+04   1.9532776e-02
   1.0680000e+04   1.8985858e-02
   1.0690000e+04   1.7970154e-02
   1.0700000e+04   1.7735761e-02
   1.0710000e+04   1.6876318e-02
   1.0720000e+04   1.8282678e-02
   1.0730000e+04   1.8517072e-02
   1.0740000e+04   1.8751465e-02
   1.0750000e+04   1.8438941e-02
   1.0760000e+04   1.8751465e-02
   1.0770000e+04   1.7579498e-02
   1.0780000e+04   1.7579498e-02
   1.0790000e+04   1.7579498e-02
   1.0800000e+04   1.7579498e-02
   1.0810000e+04   1.7579498e-02
   1.0820000e+04   1.7579498e-02
   1.0830000e+04   1.7579498e-02
   1.0840000e+04   1.7345105e-02
   1.0850000e+04   1.9376514e-02
   1.0860000e+04   1.9532776e-02
   1.0870000e+04   1.9689038e-02
   1.0880000e+04   1.8204547e-02
   1.0890000e+04   1.9142120e-02
   1.0900000e+04   1.6251270e-02
   1.0910000e+04   1.4219861e-02
   1.0920000e+04   1.3829205e-02
   1.0930000e+04   1.7188843e-02
   1.0940000e+04   1.8360809e-02
   1.0950000e+04   2.2579889e-02
   1.0960000e+04   2.5705133e-02
   1.0970000e+04   3.1643097e-02
   1.0980000e+04   2.9221033e-02
   1.0990000e+04   2.8205329e-02
   1.1000000e+04   2.5548871e-02
   1.1010000e+04   2.3908118e-02
   1.1020000e+04   1.7813892e-02
   1.1030000e+04   1.7970154e-02
   1.1040000e+04   1.6954450e-02
   1.1050000e+04   1.7345105e-02
   1.1060000e+04   1.8829596e-02
   1.1070000e+04   2.0314087e-02
   1.1080000e+04   1.7970154e-02
   1.1090000e+04   2.0704743e-02
   1.1100000e+04   2.2189234e-02
   1.1110000e+04   2.3673725e-02
   1.1120000e+04   2.5158215e-02
   1.1130000e+04   3.1018048e-02
   1.1140000e+04   3.0080475e-02
   1.1150000e+04   2.7111493e-02
   1.1160000e+04   2.5627002e-02
   1.1170000e+04   2.3361200e-02
   1.1180000e+04   2.0548480e-02
   1.1190000e+04   2.0782874e-02
   1.1200000e+04   2.4611298e-02
   1.1210000e+04   2.8517853e-02
   1.1220000e+04   3.4768341e-02
   1.1230000e+04   4.2581452e-02
   1.1240000e+04   5.0277365e-02
   1.1250000e+04   5.7856083e-02
   1.1260000e+04   6.5434800e-02
   1.1270000e+04   7.3013517e-02
   1.1280000e+04   8.5123838e-02
   1.1290000e+04   9.6687241e-02
   1.1300000e+04   1.0770373e-01
   1.1310000e+04   1.2223611e-01
   1.1320000e+04   1.3497148e-01
   1.1330000e+04   1.4911321e-01
   1.1340000e+04   1.6618486e-01
   1.1350000e+04   1.8618642e-01
   1.1360000e+04   2.0650051e-01
   1.1370000e+04   2.3533089e-01
   1.1380000e+04   2.6025471e-01
   1.1390000e+04   2.8869443e-01
   1.1400000e+04   3.1807172e-01
   1.1410000e+04   3.4948043e-01
   1.1420000e+04   3.8049848e-01
   1.1430000e+04   4.1042269e-01
   1.1440000e+04   4.4870693e-01
   1.1450000e+04   4.8511602e-01
   1.1460000e+04   5.2097820e-01
   1.1470000e+04   5.5785608e-01
   1.1480000e+04   5.9824986e-01
   1.1490000e+04   6.2590827e-01
   1.1500000e+04   6.5958278e-01
   1.1510000e+04   6.9372607e-01
   1.1520000e+04   7.2318150e-01
   1.1530000e+04   7.5185561e-01
   1.1540000e+04   7.8834284e-01
   1.1550000e+04   8.1631377e-01
   1.1560000e+04   8.4311274e-01
   1.1570000e+04   8.7194312e-01
   1.1580000e+04   8.9780452e-01
   1.1590000e+04   9.1389952e-01
   1.1600000e+04   9.3421361e-01
   1.1610000e+04   9.4679272e-01
   1.1620000e+04   9.5780920e-01
   1.1630000e+04   9.6812251e-01
   1.1640000e+04   9.7976404e-01
   1.1650000e+04   9.8413939e-01
   1.1660000e+04   9.9382764e-01
   1.1670000e+04   9.9890616e-01
   1.1680000e+04   1.0000000e+00
   1.1690000e+04   9.9554653e-01
   1.1700000e+04   9.9156184e-01
   1.1710000e+04   9.8327994e-01
   1.1720000e+04   9.7187280e-01
   1.1730000e+04   9.6335651e-01
   1.1740000e+04   9.5749668e-01
   1.1750000e+04   9.5058208e-01
   1.1760000e+04   9.4097195e-01
   1.1770000e+04   9.3269005e-01
   1.1780000e+04   9.2464255e-01
   1.1790000e+04   9.1378233e-01
   1.1800000e+04   9.0647707e-01
   1.1810000e+04   9.0038284e-01
   1.1820000e+04   8.9421049e-01
   1.1830000e+04   8.8585046e-01
   1.1840000e+04   8.8241269e-01
   1.1850000e+04   8.7944371e-01
   1.1860000e+04   8.7545902e-01
   1.1870000e+04   8.6959919e-01
   1.1880000e+04   8.6577076e-01
   1.1890000e+04   8.5959841e-01
   1.1900000e+04   8.5256661e-01
   1.1910000e+04   8.4772248e-01
   1.1920000e+04   8.4608173e-01
   1.1930000e+04   8.4178451e-01
   1.1940000e+04   8.3865927e-01
   1.1950000e+04   8.3631534e-01
   1.1960000e+04   8.3209626e-01
   1.1970000e+04   8.2600203e-01
   1.1980000e+04   8.2436128e-01
   1.1990000e+04   8.1975154e-01
   1.2000000e+04   8.1576686e-01
   1.2010000e+04   8.1568873e-01
   1.2020000e+04   8.1490741e-01
   1.2030000e+04   8.0998516e-01
   1.2040000e+04   8.0771935e-01
   1.2050000e+04   8.0107821e-01
   1.2060000e+04   7.9474959e-01
   1.2070000e+04   7.9193687e-01
   1.2080000e+04   7.8724900e-01
   1.2090000e+04   7.7818580e-01
   1.2100000e+04   7.7717009e-01
   1.2110000e+04   7.6896633e-01
   1.2120000e+04   7.5951246e-01
   1.2130000e+04   7.5951246e-01
   1.2140000e+04   7.6146574e-01
   1.2150000e+04   7.5630909e-01
   1.2160000e+04   7.5615282e-01
   1.2170000e+04   7.5537151e-01
   1.2180000e+04   7.4787093e-01
   1.2190000e+04   7.4099539e-01
   1.2200000e+04   7.3451051e-01
   1.2210000e+04   7.2747871e-01
   1.2220000e+04   7.2044691e-01
   1.2230000e+04   7.1552465e-01
   1.2240000e+04   7.0614892e-01
   1.2250000e+04   6.9896086e-01
   1.2260000e+04   6.9263224e-01
   1.2270000e+04   6.8427221e-01
   1.2280000e+04   6.7786546e-01
   1.2290000e+04   6.7489648e-01
   1.2300000e+04   6.6747402e-01
   1.2310000e+04   6.6044222e-01
   1.2320000e+04   6.5380108e-01
   1.2330000e+04   6.4497226e-01
   1.2340000e+04   6.3489335e-01
   1.2350000e+04   6.2590827e-01
   1.2360000e+04   6.1270412e-01
   1.2370000e+04   6.0551606e-01
   1.2380000e+04   5.9223377e-01
   1.2390000e+04   5.8176420e-01
   1.2400000e+04   5.7363857e-01
   1.2410000e+04   5.6113759e-01
   1.2420000e+04   5.4613642e-01
   1.2430000e+04   5.3519806e-01
   1.2440000e+04   5.2261895e-01
   1.2450000e+04   5.0933667e-01
   1.2460000e+04   4.9722635e-01
   1.2470000e+04   4.8222517e-01
   1.2480000e+04   4.7089616e-01
   1.2490000e+04   4.5542621e-01
   1.2500000e+04   4.4019064e-01
   1.2510000e+04   4.2683022e-01
   1.2520000e+04   4.1167279e-01
   1.2530000e+04   3.8995234e-01
   1.2540000e+04   3.7229471e-01
   1.2550000e+04   3.5112118e-01
   1.2560000e+04   3.3236972e-01
   1.2570000e+04   3.1486835e-01
   1.2580000e+04   2.9838269e-01
   1.2590000e+04   2.8260020e-01
   1.2600000e+04   2.6994296e-01
   1.2610000e+04   2.5228533e-01
   1.2620000e+04   2.3689351e-01
   1.2630000e+04   2.1986093e-01
   1.2640000e+04   2.0384405e-01
   1.2650000e+04   1.8431127e-01
   1.2660000e+04   1.7079459e-01
   1.2670000e+04   1.5344949e-01
   1.2680000e+04   1.3618251e-01
   1.2690000e+04   1.1930620e-01
   1.2700000e+04   1.0438315e-01
   1.2710000e+04   8.9460114e-02
   1.2720000e+04   7.6724744e-02
   1.2730000e+04   6.8677240e-02
   1.2740000e+04   6.0629737e-02
   1.2750000e+04   5.4848035e-02
   1.2760000e+04   4.9378858e-02
   1.2770000e+04   4.5472303e-02
   1.2780000e+04   4.0628174e-02
   1.2790000e+04   3.5315259e-02
   1.2800000e+04   3.0627393e-02
   1.2810000e+04   2.8986640e-02
   1.2820000e+04   2.5705133e-02
   1.2830000e+04   2.6330182e-02
   1.2840000e+04   2.6486444e-02
   1.2850000e+04   2.5001953e-02
   1.2860000e+04   2.3048676e-02
   1.2870000e+04   2.4611298e-02
   1.2880000e+04   2.2658020e-02
   1.2890000e+04   2.2032971e-02
   1.2900000e+04   2.5001953e-02
   1.2910000e+04   2.6330182e-02
   1.2920000e+04   2.5001953e-02
   1.2930000e+04   2.7502149e-02
   1.2940000e+04   3.0392999e-02
   1.2950000e+04   2.5392609e-02
   1.2960000e+04   2.3048676e-02
   1.2970000e+04   2.1642316e-02
   1.2980000e+04   1.5548090e-02
   1.2990000e+04   9.4538636e-03
   1.3000000e+04   9.3757325e-03
   1.3010000e+04   0.0000000e+00
   1.3020000e+04   0.0000000e+00
   1.3030000e+04   0.0000000e+00
   1.3040000e+04   9.2194703e-03
   1.3050000e+04   1.0547699e-02
   1.3060000e+04   1.1875928e-02
   1.3070000e+04   1.3204157e-02
   1.3080000e+04   1.2500977e-02
   1.3090000e+04   1.2891632e-02
   1.3100000e+04   1.4688648e-02
   1.3110000e+04   1.5313696e-02
   1.3120000e+04   1.3985468e-02
   1.3130000e+04   1.2422846e-02
   1.3140000e+04   1.0860223e-02
   1.3150000e+04   0.0000000e+00
   1.3160000e+04   0.0000000e+00
   1.3170000e+04   0.0000000e+00
   1.3180000e+04   0.0000000e+00
   1.3190000e+04   0.0000000e+00
   1.3200000e+04   0.0000000e+00
   1.3210000e+04   0.0000000e+00
   1.3220000e+04   9.8445191e-03
   1.3230000e+04   1.1797797e-02
   1.3240000e+04   1.3751074e-02
   1.3250000e+04   1.5704352e-02
   1.3260000e+04   1.7657630e-02
   1.3270000e+04   1.6016876e-02
   1.3280000e+04   1.5626221e-02
   1.3290000e+04   1.5235565e-02
   1.3300000e+04   1.4844910e-02
   1.3310000e+04   1.3516681e-02
   1.3320000e+04   1.4923041e-02
   1.3330000e+04   1.5157434e-02
   1.3340000e+04   1.5391827e-02
   1.3350000e+04   1.3985468e-02
   1.3360000e+04   1.2969763e-02
   1.3370000e+04   1.3360419e-02
   1.3380000e+04   1.3751074e-02
   1.3390000e+04   1.0391437e-02
   1.3400000e+04   0.0000000e+00
   1.3410000e+04   1.2657239e-02
   1.3420000e+04   1.2813501e-02
   1.3430000e+04   1.0235175e-02
   1.3440000e+04   1.5860614e-02
   1.3450000e+04   2.1486054e-02
   1.3460000e+04   2.0939136e-02
   1.3470000e+04   1.7501367e-02
   1.3480000e+04   0.0000000e+00
   1.3490000e+04   0.0000000e+00
   1.3500000e+04   0.0000000e+00
   1.3510000e+04   0.0000000e+00
   1.3520000e+04   0.0000000e+00
   1.3530000e+04   0.0000000e+00
