   3.8300000e+02   1.0600707e-02
   3.8350000e+02   1.0600707e-02
   3.8850000e+02   0.0000000e+00
   3.8900000e+02   0.0000000e+00
   3.8950000e+02   0.0000000e+00
   3.9000000e+02   0.0000000e+00
   3.9050000e+02   1.7667845e-02
   3.9100000e+02   2.8268551e-02
   3.9150000e+02   4.2402827e-02
   3.9200000e+02   5.3003534e-02
   3.9250000e+02   6.0070671e-02
   3.9300000e+02   6.7137809e-02
   3.9350000e+02   8.4805654e-02
   3.9400000e+02   9.8939929e-02
   3.9450000e+02   1.0247350e-01
   3.9500000e+02   1.0247350e-01
   3.9550000e+02   1.2014134e-01
   3.9600000e+02   1.3427562e-01
   3.9650000e+02   1.5547703e-01
   3.9700000e+02   1.7314488e-01
   3.9750000e+02   2.0494700e-01
   3.9800000e+02   2.3674912e-01
   3.9850000e+02   2.7915194e-01
   3.9900000e+02   3.1802120e-01
   3.9950000e+02   3.6395760e-01
   4.0000000e+02   4.0989399e-01
   4.0050000e+02   4.5936396e-01
   4.0100000e+02   5.0883392e-01
   4.0150000e+02   5.4063604e-01
   4.0200000e+02   5.6890459e-01
   4.0250000e+02   5.9010601e-01
   4.0300000e+02   6.0777385e-01
   4.0350000e+02   6.2897527e-01
   4.0400000e+02   6.4664311e-01
   4.0450000e+02   6.6784452e-01
   4.0500000e+02   6.8904594e-01
   4.0550000e+02   7.1731449e-01
   4.0600000e+02   7.4204947e-01
   4.0650000e+02   7.6678445e-01
   4.0700000e+02   7.9151943e-01
   4.0750000e+02   8.2685512e-01
   4.0800000e+02   8.6219081e-01
   4.0850000e+02   8.9045936e-01
   4.0900000e+02   9.1872792e-01
   4.0950000e+02   9.3639576e-01
   4.1000000e+02   9.5053004e-01
   4.1050000e+02   9.7173145e-01
   4.1100000e+02   9.8939929e-01
   4.1150000e+02   9.9646643e-01
   4.1200000e+02   1.0000000e+00
   4.1250000e+02   9.8939929e-01
   4.1300000e+02   9.7879859e-01
   4.1350000e+02   9.7879859e-01
   4.1400000e+02   9.7526502e-01
   4.1450000e+02   9.7879859e-01
   4.1500000e+02   9.8233216e-01
   4.1550000e+02   9.7879859e-01
   4.1600000e+02   9.7173145e-01
   4.1650000e+02   9.6466431e-01
   4.1700000e+02   9.5759717e-01
   4.1750000e+02   9.6466431e-01
   4.1800000e+02   9.6819788e-01
   4.1850000e+02   9.3286219e-01
   4.1900000e+02   8.9752650e-01
   4.1950000e+02   8.6219081e-01
   4.2000000e+02   8.2332155e-01
   4.2050000e+02   7.6678445e-01
   4.2100000e+02   7.0671378e-01
   4.2150000e+02   6.0070671e-01
   4.2200000e+02   4.9469965e-01
   4.2250000e+02   4.0636042e-01
   4.2300000e+02   3.1802120e-01
   4.2350000e+02   2.5088339e-01
   4.2400000e+02   1.8021201e-01
   4.2450000e+02   1.4840989e-01
   4.2500000e+02   1.1660777e-01
   4.2550000e+02   9.1872792e-02
   4.2600000e+02   6.3604240e-02
   4.2650000e+02   5.6537102e-02
   4.2700000e+02   4.5936396e-02
   4.2750000e+02   3.8869258e-02
   4.2800000e+02   2.8268551e-02
   4.2850000e+02   2.8268551e-02
   4.2900000e+02   2.4734982e-02
   4.2950000e+02   2.1201413e-02
   4.3000000e+02   1.7667845e-02
   4.3050000e+02   1.7667845e-02
   4.3100000e+02   1.7667845e-02
   4.3150000e+02   2.1201413e-02
   4.3200000e+02   2.1201413e-02
   4.3250000e+02   1.7667845e-02
   4.3300000e+02   1.0600707e-02
   4.3350000e+02   1.0600707e-02
   4.3400000e+02   1.0600707e-02
   4.3500000e+02   1.0600707e-02
   4.3750000e+02   0.0000000e+00
   4.3800000e+02   0.0000000e+00
   4.3850000e+02   0.0000000e+00
