   6.8100000e+02   0.0000000e+00
   6.8150000e+02   0.0000000e+00
   6.8200000e+02   9.0607067e-03
   6.8250000e+02   9.9667774e-03
   6.8300000e+02   1.0872848e-02
   6.8350000e+02   1.2382966e-02
   6.8400000e+02   1.3893084e-02
   6.8450000e+02   1.5705225e-02
   6.8500000e+02   1.7215343e-02
   6.8550000e+02   1.9631531e-02
   6.8600000e+02   2.2047720e-02
   6.8650000e+02   2.5369979e-02
   6.8700000e+02   2.8692238e-02
   6.8750000e+02   3.2316521e-02
   6.8800000e+02   3.5940803e-02
   6.8850000e+02   4.2283298e-02
   6.8900000e+02   4.8323769e-02
   6.8950000e+02   5.5874358e-02
   6.9000000e+02   6.3122924e-02
   6.9050000e+02   7.2183630e-02
   6.9100000e+02   8.1244337e-02
   6.9150000e+02   9.3929326e-02
   6.9200000e+02   1.0661432e-01
   6.9250000e+02   1.2231954e-01
   6.9300000e+02   1.3802477e-01
   6.9350000e+02   1.5705225e-01
   6.9400000e+02   1.7577771e-01
   6.9450000e+02   1.9842948e-01
   6.9500000e+02   2.2108124e-01
   6.9550000e+02   2.4796134e-01
   6.9600000e+02   2.7484144e-01
   6.9650000e+02   3.0292963e-01
   6.9700000e+02   3.3101782e-01
   6.9750000e+02   3.6967683e-01
   6.9800000e+02   4.0833585e-01
   6.9850000e+02   4.4850498e-01
   6.9900000e+02   4.8867412e-01
   6.9950000e+02   5.3216551e-01
   7.0000000e+02   5.7565690e-01
   7.0050000e+02   6.2337662e-01
   7.0100000e+02   6.7079432e-01
   7.0150000e+02   7.1851404e-01
   7.0200000e+02   7.6593174e-01
   7.0250000e+02   8.0851706e-01
   7.0300000e+02   8.5110239e-01
   7.0350000e+02   8.8130474e-01
   7.0400000e+02   9.1120507e-01
   7.0450000e+02   9.2147387e-01
   7.0500000e+02   9.3144065e-01
   7.0550000e+02   9.5590456e-01
   7.0600000e+02   9.8006645e-01
   7.0650000e+02   9.8640894e-01
   7.0700000e+02   9.9244941e-01
   7.0750000e+02   9.9637572e-01
   7.0800000e+02   1.0000000e+00
   7.0850000e+02   9.9305346e-01
   7.0900000e+02   9.8580489e-01
   7.0950000e+02   9.7674419e-01
   7.1000000e+02   9.6738146e-01
   7.1050000e+02   9.6254908e-01
   7.1100000e+02   9.5771670e-01
   7.1150000e+02   9.5046814e-01
   7.1200000e+02   9.4291755e-01
   7.1250000e+02   9.3295077e-01
   7.1300000e+02   9.2298399e-01
   7.1350000e+02   9.1784959e-01
   7.1400000e+02   9.1271519e-01
   7.1450000e+02   9.0365449e-01
   7.1500000e+02   8.9429175e-01
   7.1550000e+02   8.7133796e-01
   7.1600000e+02   8.4808215e-01
   7.1650000e+02   8.3781335e-01
   7.1700000e+02   8.2754455e-01
   7.1750000e+02   7.9945636e-01
   7.1800000e+02   7.7136817e-01
   7.1850000e+02   7.2395047e-01
   7.1900000e+02   6.7653277e-01
   7.1950000e+02   6.2579281e-01
   7.2000000e+02   5.7475083e-01
   7.2050000e+02   5.2068861e-01
   7.2100000e+02   4.6632437e-01
   7.2150000e+02   4.1196013e-01
   7.2200000e+02   3.5759589e-01
   7.2250000e+02   3.1017819e-01
   7.2300000e+02   2.6245847e-01
   7.2350000e+02   2.2651767e-01
   7.2400000e+02   1.9057686e-01
   7.2450000e+02   1.6399879e-01
   7.2500000e+02   1.3742072e-01
   7.2550000e+02   1.1899728e-01
   7.2600000e+02   1.0027182e-01
   7.2650000e+02   8.6076714e-02
   7.2700000e+02   7.1881607e-02
   7.2750000e+02   6.2518876e-02
   7.2800000e+02   5.3156146e-02
   7.2850000e+02   4.7115675e-02
   7.2900000e+02   4.0773180e-02
   7.2950000e+02   3.6544850e-02
   7.3000000e+02   3.2014497e-02
   7.3050000e+02   2.8994262e-02
   7.3100000e+02   2.5974026e-02
   7.3150000e+02   2.3557838e-02
   7.3200000e+02   2.0839625e-02
   7.3250000e+02   1.9631531e-02
   7.3300000e+02   1.8121413e-02
   7.3350000e+02   1.6611296e-02
   7.3400000e+02   1.5101178e-02
   7.3450000e+02   1.3893084e-02
   7.3500000e+02   1.2684989e-02
   7.3550000e+02   1.2080942e-02
   7.3600000e+02   1.1174872e-02
   7.3650000e+02   1.0872848e-02
   7.3700000e+02   1.0268801e-02
   7.3750000e+02   9.6647539e-03
