   1.5680000e+03   0.0000000e+00
   1.5690000e+03   0.0000000e+00
   1.5700000e+03   0.0000000e+00
   1.5710000e+03   9.0175605e-03
   1.5720000e+03   0.0000000e+00
   1.5730000e+03   0.0000000e+00
   1.5740000e+03   0.0000000e+00
   1.5750000e+03   0.0000000e+00
   1.5760000e+03   0.0000000e+00
   1.5770000e+03   0.0000000e+00
   1.5780000e+03   0.0000000e+00
   1.5790000e+03   0.0000000e+00
   1.5800000e+03   1.0441386e-02
   1.5810000e+03   1.2339820e-02
   1.5820000e+03   1.4238253e-02
   1.5830000e+03   1.8509729e-02
   1.5840000e+03   2.3255814e-02
   1.5850000e+03   2.7052682e-02
   1.5860000e+03   3.0849549e-02
   1.5870000e+03   3.3697200e-02
   1.5880000e+03   3.7494067e-02
   1.5890000e+03   3.8917893e-02
   1.5900000e+03   4.6511628e-02
   1.5910000e+03   4.8884670e-02
   1.5920000e+03   5.2206929e-02
   1.5930000e+03   5.7902231e-02
   1.5940000e+03   6.1224490e-02
   1.5950000e+03   6.5495966e-02
   1.5960000e+03   7.0242050e-02
   1.5970000e+03   7.5937352e-02
   1.5980000e+03   8.2107262e-02
   1.5990000e+03   9.2548647e-02
   1.6000000e+03   1.0204082e-01
   1.6010000e+03   1.1817750e-01
   1.6020000e+03   1.3146654e-01
   1.6030000e+03   1.5092549e-01
   1.6040000e+03   1.6563835e-01
   1.6050000e+03   1.9316564e-01
   1.6060000e+03   2.1167537e-01
   1.6070000e+03   2.3160892e-01
   1.6080000e+03   2.6530612e-01
   1.6090000e+03   2.8856194e-01
   1.6100000e+03   3.1466540e-01
   1.6110000e+03   3.4598956e-01
   1.6120000e+03   3.7731372e-01
   1.6130000e+03   4.0104414e-01
   1.6140000e+03   4.3189369e-01
   1.6150000e+03   4.6559089e-01
   1.6160000e+03   4.9264357e-01
   1.6170000e+03   5.2159468e-01
   1.6180000e+03   5.5339345e-01
   1.6190000e+03   5.8424300e-01
   1.6200000e+03   6.1034646e-01
   1.6210000e+03   6.3550071e-01
   1.6220000e+03   6.6729948e-01
   1.6230000e+03   6.9909824e-01
   1.6240000e+03   7.3469388e-01
   1.6250000e+03   7.4371144e-01
   1.6260000e+03   7.6981490e-01
   1.6270000e+03   7.8974846e-01
   1.6280000e+03   8.1252966e-01
   1.6290000e+03   8.3863313e-01
   1.6300000e+03   8.5666825e-01
   1.6310000e+03   8.6188894e-01
   1.6320000e+03   8.8941623e-01
   1.6330000e+03   9.0792596e-01
   1.6340000e+03   9.2263882e-01
   1.6350000e+03   9.2975795e-01
   1.6360000e+03   9.4969150e-01
   1.6370000e+03   9.4447081e-01
   1.6380000e+03   9.5823446e-01
   1.6390000e+03   9.7199810e-01
   1.6400000e+03   9.7389654e-01
   1.6410000e+03   9.9193166e-01
   1.6420000e+03   9.9240626e-01
   1.6430000e+03   9.9620313e-01
   1.6440000e+03   9.9572852e-01
   1.6450000e+03   1.0000000e+00
   1.6460000e+03   9.9193166e-01
   1.6470000e+03   9.9572852e-01
   1.6480000e+03   9.7674419e-01
   1.6490000e+03   9.7721879e-01
   1.6500000e+03   9.7247271e-01
   1.6510000e+03   9.8243949e-01
   1.6520000e+03   9.7579497e-01
   1.6530000e+03   9.7437114e-01
   1.6540000e+03   9.6535358e-01
   1.6550000e+03   9.5775985e-01
   1.6560000e+03   9.3640247e-01
   1.6570000e+03   9.3545325e-01
   1.6580000e+03   9.2406265e-01
   1.6590000e+03   9.1267205e-01
   1.6600000e+03   8.9416232e-01
   1.6610000e+03   8.8087328e-01
   1.6620000e+03   8.4480304e-01
   1.6630000e+03   8.4243000e-01
   1.6640000e+03   8.2107262e-01
   1.6650000e+03   7.9876602e-01
   1.6660000e+03   7.7218794e-01
   1.6670000e+03   7.4940674e-01
   1.6680000e+03   7.0147129e-01
   1.6690000e+03   6.8485999e-01
   1.6700000e+03   6.6587565e-01
   1.6710000e+03   6.1082107e-01
   1.6720000e+03   5.7475083e-01
   1.6730000e+03   5.5861414e-01
   1.6740000e+03   5.5861414e-01
   1.6750000e+03   4.8837209e-01
   1.6760000e+03   4.5704794e-01
   1.6770000e+03   4.1243474e-01
   1.6780000e+03   3.9012814e-01
   1.6790000e+03   3.4076887e-01
   1.6800000e+03   3.1893688e-01
   1.6810000e+03   2.8856194e-01
   1.6820000e+03   2.5913621e-01
   1.6830000e+03   2.3920266e-01
   1.6840000e+03   2.1214998e-01
   1.6850000e+03   1.8936877e-01
   1.6860000e+03   1.6326531e-01
   1.6870000e+03   1.4950166e-01
   1.6880000e+03   1.3194115e-01
   1.6890000e+03   1.2149976e-01
   1.6900000e+03   1.0488847e-01
   1.6910000e+03   9.5870907e-02
   1.6920000e+03   8.4005695e-02
   1.6930000e+03   7.3089701e-02
   1.6940000e+03   6.5021357e-02
   1.6950000e+03   5.8851448e-02
   1.6960000e+03   5.2681538e-02
   1.6970000e+03   4.5087803e-02
   1.6980000e+03   4.0816327e-02
   1.6990000e+03   3.5595634e-02
   1.7000000e+03   3.2273374e-02
   1.7010000e+03   2.7052682e-02
   1.7020000e+03   3.0374941e-02
   1.7030000e+03   2.1357380e-02
   1.7040000e+03   1.8035121e-02
   1.7050000e+03   1.5662079e-02
   1.7060000e+03   1.5187470e-02
   1.7070000e+03   1.2814428e-02
   1.7080000e+03   9.0175605e-03
   1.7090000e+03   9.9667774e-03
   1.7100000e+03   9.4921690e-03
