   9.2200000e+03   0.0000000e+00
   9.2300000e+03   0.0000000e+00
   9.2400000e+03   1.3631816e-02
   9.2500000e+03   1.3506753e-02
   9.2600000e+03   1.4007004e-02
   9.2700000e+03   1.6508254e-02
   9.2800000e+03   1.8009005e-02
   9.2900000e+03   1.7508754e-02
   9.3000000e+03   1.6258129e-02
   9.3100000e+03   1.6133067e-02
   9.3200000e+03   1.4257129e-02
   9.3300000e+03   1.3756878e-02
   9.3400000e+03   1.5007504e-02
   9.3500000e+03   1.8634317e-02
   9.3600000e+03   2.1385693e-02
   9.3700000e+03   2.2886443e-02
   9.3800000e+03   2.1885943e-02
   9.3900000e+03   2.1260630e-02
   9.4000000e+03   1.9509755e-02
   9.4100000e+03   1.8384192e-02
   9.4200000e+03   2.0260130e-02
   9.4300000e+03   1.9884942e-02
   9.4400000e+03   1.9884942e-02
   9.4500000e+03   1.8884442e-02
   9.4600000e+03   1.7383692e-02
   9.4700000e+03   1.5257629e-02
   9.4800000e+03   1.5757879e-02
   9.4900000e+03   1.6008004e-02
   9.5000000e+03   1.6508254e-02
   9.5100000e+03   1.6883442e-02
   9.5200000e+03   1.7383692e-02
   9.5300000e+03   1.6508254e-02
   9.5400000e+03   1.6508254e-02
   9.5500000e+03   1.6258129e-02
   9.5600000e+03   1.7133567e-02
   9.5700000e+03   1.6383192e-02
   9.5800000e+03   1.8134067e-02
   9.5900000e+03   1.8259130e-02
   9.6000000e+03   1.9759880e-02
   9.6100000e+03   1.9884942e-02
   9.6200000e+03   2.0135068e-02
   9.6300000e+03   2.0260130e-02
   9.6400000e+03   2.0760380e-02
   9.6500000e+03   2.0510255e-02
   9.6600000e+03   1.9384692e-02
   9.6700000e+03   2.0010005e-02
   9.6800000e+03   1.7258629e-02
   9.6900000e+03   1.4882441e-02
   9.7000000e+03   1.5257629e-02
   9.7100000e+03   1.6258129e-02
   9.7200000e+03   1.5757879e-02
   9.7300000e+03   1.6258129e-02
   9.7400000e+03   1.8634317e-02
   9.7500000e+03   1.7758879e-02
   9.7600000e+03   1.7883942e-02
   9.7700000e+03   1.8884442e-02
   9.7800000e+03   2.0635318e-02
   9.7900000e+03   1.8634317e-02
   9.8000000e+03   1.9384692e-02
   9.8100000e+03   1.8634317e-02
   9.8200000e+03   1.6133067e-02
   9.8300000e+03   1.8009005e-02
   9.8400000e+03   1.9884942e-02
   9.8500000e+03   2.0260130e-02
   9.8600000e+03   2.0385193e-02
   9.8700000e+03   2.1760880e-02
   9.8800000e+03   2.1385693e-02
   9.8900000e+03   2.2886443e-02
   9.9000000e+03   2.4137069e-02
   9.9100000e+03   2.7263632e-02
   9.9200000e+03   3.0390195e-02
   9.9300000e+03   2.9514757e-02
   9.9400000e+03   3.1390695e-02
   9.9500000e+03   3.4517259e-02
   9.9600000e+03   3.4017009e-02
   9.9700000e+03   3.8644322e-02
   9.9800000e+03   4.4272136e-02
   9.9900000e+03   4.9899950e-02
   1.0000000e+04   5.4027014e-02
   1.0010000e+04   6.1780890e-02
   1.0020000e+04   6.7533767e-02
   1.0030000e+04   7.4287144e-02
   1.0040000e+04   8.1665833e-02
   1.0050000e+04   9.2421211e-02
   1.0060000e+04   1.0430215e-01
   1.0070000e+04   1.1580790e-01
   1.0080000e+04   1.3094047e-01
   1.0090000e+04   1.4532266e-01
   1.0100000e+04   1.6133067e-01
   1.0110000e+04   1.7971486e-01
   1.0120000e+04   2.0160080e-01
   1.0130000e+04   2.2398699e-01
   1.0140000e+04   2.5037519e-01
   1.0150000e+04   2.7726363e-01
   1.0160000e+04   3.0427714e-01
   1.0170000e+04   3.3079040e-01
   1.0180000e+04   3.5955478e-01
   1.0190000e+04   3.8831916e-01
   1.0200000e+04   4.1733367e-01
   1.0210000e+04   4.4759880e-01
   1.0220000e+04   4.8049025e-01
   1.0230000e+04   5.1225613e-01
   1.0240000e+04   5.4302151e-01
   1.0250000e+04   5.7353677e-01
   1.0260000e+04   6.0680340e-01
   1.0270000e+04   6.3694347e-01
   1.0280000e+04   6.6545773e-01
   1.0290000e+04   6.9409705e-01
   1.0300000e+04   7.2098549e-01
   1.0310000e+04   7.4499750e-01
   1.0320000e+04   7.7038519e-01
   1.0330000e+04   7.9589795e-01
   1.0340000e+04   8.2003502e-01
   1.0350000e+04   8.4379690e-01
   1.0360000e+04   8.6705853e-01
   1.0370000e+04   8.8569285e-01
   1.0380000e+04   9.0207604e-01
   1.0390000e+04   9.1933467e-01
   1.0400000e+04   9.3546773e-01
   1.0410000e+04   9.4734867e-01
   1.0420000e+04   9.5960480e-01
   1.0430000e+04   9.7161081e-01
   1.0440000e+04   9.7948974e-01
   1.0450000e+04   9.8674337e-01
   1.0460000e+04   9.9349675e-01
   1.0470000e+04   9.9524762e-01
   1.0480000e+04   9.9787394e-01
   1.0490000e+04   9.9837419e-01
   1.0500000e+04   9.9887444e-01
   1.0510000e+04   9.9937469e-01
   1.0520000e+04   1.0000000e+00
   1.0530000e+04   9.9912456e-01
   1.0540000e+04   9.9862431e-01
   1.0550000e+04   9.9612306e-01
   1.0560000e+04   9.9312156e-01
   1.0570000e+04   9.9024512e-01
   1.0580000e+04   9.8874437e-01
   1.0590000e+04   9.8624312e-01
   1.0600000e+04   9.8311656e-01
   1.0610000e+04   9.7798899e-01
   1.0620000e+04   9.7573787e-01
   1.0630000e+04   9.6948474e-01
   1.0640000e+04   9.6910955e-01
   1.0650000e+04   9.6910955e-01
   1.0660000e+04   9.6835918e-01
   1.0670000e+04   9.6923462e-01
   1.0680000e+04   9.7098549e-01
   1.0690000e+04   9.6710855e-01
   1.0700000e+04   9.6298149e-01
   1.0710000e+04   9.6198099e-01
   1.0720000e+04   9.5760380e-01
   1.0730000e+04   9.5410205e-01
   1.0740000e+04   9.5222611e-01
   1.0750000e+04   9.5197599e-01
   1.0760000e+04   9.5222611e-01
   1.0770000e+04   9.5322661e-01
   1.0780000e+04   9.5247624e-01
   1.0790000e+04   9.5085043e-01
   1.0800000e+04   9.4884942e-01
   1.0810000e+04   9.4397199e-01
   1.0820000e+04   9.4084542e-01
   1.0830000e+04   9.3871936e-01
   1.0840000e+04   9.3621811e-01
   1.0850000e+04   9.3159080e-01
   1.0860000e+04   9.2746373e-01
   1.0870000e+04   9.2296148e-01
   1.0880000e+04   9.1970985e-01
   1.0890000e+04   9.1608304e-01
   1.0900000e+04   9.1420710e-01
   1.0910000e+04   9.1333167e-01
   1.0920000e+04   9.1270635e-01
   1.0930000e+04   9.0895448e-01
   1.0940000e+04   9.0607804e-01
   1.0950000e+04   9.0357679e-01
   1.0960000e+04   9.0095048e-01
   1.0970000e+04   8.9607304e-01
   1.0980000e+04   8.9494747e-01
   1.0990000e+04   8.9207104e-01
   1.1000000e+04   8.8744372e-01
   1.1010000e+04   8.8244122e-01
   1.1020000e+04   8.7831416e-01
   1.1030000e+04   8.7306153e-01
   1.1040000e+04   8.6643322e-01
   1.1050000e+04   8.5892946e-01
   1.1060000e+04   8.5080040e-01
   1.1070000e+04   8.4079540e-01
   1.1080000e+04   8.2778889e-01
   1.1090000e+04   8.1415708e-01
   1.1100000e+04   7.9839920e-01
   1.1110000e+04   7.7988994e-01
   1.1120000e+04   7.5850425e-01
   1.1130000e+04   7.3549275e-01
   1.1140000e+04   7.1373187e-01
   1.1150000e+04   6.9109555e-01
   1.1160000e+04   6.6283142e-01
   1.1170000e+04   6.3756878e-01
   1.1180000e+04   6.0805403e-01
   1.1190000e+04   5.7928964e-01
   1.1200000e+04   5.4889945e-01
   1.1210000e+04   5.2276138e-01
   1.1220000e+04   4.9199600e-01
   1.1230000e+04   4.6610805e-01
   1.1240000e+04   4.3921961e-01
   1.1250000e+04   4.1120560e-01
   1.1260000e+04   3.8356678e-01
   1.1270000e+04   3.5605303e-01
   1.1280000e+04   3.2741371e-01
   1.1290000e+04   2.9777389e-01
   1.1300000e+04   2.6950975e-01
   1.1310000e+04   2.4199600e-01
   1.1320000e+04   2.1548274e-01
   1.1330000e+04   1.8884442e-01
   1.1340000e+04   1.6520760e-01
   1.1350000e+04   1.4594797e-01
   1.1360000e+04   1.2668834e-01
   1.1370000e+04   1.0917959e-01
   1.1380000e+04   9.6173087e-02
   1.1390000e+04   8.2416208e-02
   1.1400000e+04   6.7908954e-02
   1.1410000e+04   5.7153577e-02
   1.1420000e+04   5.0150075e-02
   1.1430000e+04   4.2271136e-02
   1.1440000e+04   3.7268634e-02
   1.1450000e+04   3.4267134e-02
   1.1460000e+04   3.1390695e-02
   1.1470000e+04   2.8389195e-02
   1.1480000e+04   2.7138569e-02
   1.1490000e+04   2.3761881e-02
   1.1500000e+04   2.2261131e-02
   1.1510000e+04   2.2636318e-02
   1.1520000e+04   2.2511256e-02
   1.1530000e+04   2.2011006e-02
   1.1540000e+04   2.3011506e-02
   1.1550000e+04   2.1260630e-02
   1.1560000e+04   2.0135068e-02
   1.1570000e+04   1.8009005e-02
   1.1580000e+04   1.6633317e-02
   1.1590000e+04   1.6633317e-02
   1.1600000e+04   1.7508754e-02
   1.1610000e+04   1.7633817e-02
   1.1620000e+04   1.8134067e-02
   1.1630000e+04   1.9009505e-02
   1.1640000e+04   1.7883942e-02
   1.1650000e+04   1.7508754e-02
   1.1660000e+04   1.6383192e-02
   1.1670000e+04   1.7133567e-02
   1.1680000e+04   1.6633317e-02
   1.1690000e+04   1.7383692e-02
   1.1700000e+04   1.7883942e-02
   1.1710000e+04   1.8634317e-02
   1.1720000e+04   1.7008504e-02
   1.1730000e+04   1.6383192e-02
   1.1740000e+04   1.5882941e-02
   1.1750000e+04   1.3506753e-02
   1.1760000e+04   1.3131566e-02
   1.1770000e+04   1.4507254e-02
   1.1780000e+04   1.6133067e-02
   1.1790000e+04   1.6883442e-02
   1.1800000e+04   1.7008504e-02
   1.1810000e+04   1.6758379e-02
   1.1820000e+04   1.5882941e-02
   1.1830000e+04   1.5382691e-02
   1.1840000e+04   1.4382191e-02
   1.1850000e+04   1.7508754e-02
   1.1860000e+04   1.6758379e-02
   1.1870000e+04   1.5757879e-02
   1.1880000e+04   1.4757379e-02
   1.1890000e+04   1.4632316e-02
   1.1900000e+04   1.2381191e-02
   1.1910000e+04   1.3756878e-02
   1.1920000e+04   1.5507754e-02
   1.1930000e+04   1.6758379e-02
   1.1940000e+04   1.6883442e-02
   1.1950000e+04   1.6133067e-02
   1.1960000e+04   1.2881441e-02
   1.1970000e+04   1.2256128e-02
   1.1980000e+04   1.0755378e-02
   1.1990000e+04   1.1130565e-02
   1.2000000e+04   1.1880940e-02
   1.2010000e+04   1.4507254e-02
   1.2020000e+04   1.5382691e-02
   1.2030000e+04   1.8009005e-02
   1.2040000e+04   1.7508754e-02
   1.2050000e+04   1.8509255e-02
   1.2060000e+04   1.9384692e-02
   1.2070000e+04   2.1385693e-02
   1.2080000e+04   1.9509755e-02
   1.2090000e+04   1.9509755e-02
   1.2100000e+04   1.9759880e-02
   1.2110000e+04   1.9259630e-02
   1.2120000e+04   1.6508254e-02
   1.2130000e+04   1.9259630e-02
   1.2140000e+04   1.8634317e-02
   1.2150000e+04   1.7383692e-02
   1.2160000e+04   1.6883442e-02
   1.2170000e+04   1.7883942e-02
   1.2180000e+04   1.4819910e-02
   1.2190000e+04   1.4694847e-02
   1.2200000e+04   1.6445723e-02
   1.2210000e+04   1.4444722e-02
   1.2220000e+04   0.0000000e+00
   1.2230000e+04   0.0000000e+00
   1.2240000e+04   0.0000000e+00
