   1.3400000e+03   9.7784838e-03
   1.3410000e+03   1.0428796e-02
   1.3420000e+03   1.1079109e-02
   1.3430000e+03   1.3605656e-02
   1.3440000e+03   1.6132204e-02
   1.3450000e+03   2.1066490e-02
   1.3460000e+03   2.6000775e-02
   1.3470000e+03   3.2608665e-02
   1.3480000e+03   3.9216555e-02
   1.3490000e+03   4.4441830e-02
   1.3500000e+03   4.9667105e-02
   1.3510000e+03   5.4042325e-02
   1.3520000e+03   5.8417544e-02
   1.3530000e+03   6.6820296e-02
   1.3540000e+03   7.5223047e-02
   1.3550000e+03   9.0748248e-02
   1.3560000e+03   1.0627345e-01
   1.3570000e+03   1.3264284e-01
   1.3580000e+03   1.5901223e-01
   1.3590000e+03   1.9738841e-01
   1.3600000e+03   2.3576459e-01
   1.3610000e+03   2.8202201e-01
   1.3620000e+03   3.2827943e-01
   1.3630000e+03   3.8063537e-01
   1.3640000e+03   4.3299131e-01
   1.3650000e+03   4.9274569e-01
   1.3660000e+03   5.5250007e-01
   1.3670000e+03   6.1279199e-01
   1.3680000e+03   6.7308390e-01
   1.3690000e+03   7.2705658e-01
   1.3700000e+03   7.8102926e-01
   1.3710000e+03   8.2395806e-01
   1.3720000e+03   8.6688685e-01
   1.3730000e+03   8.9549727e-01
   1.3740000e+03   9.2410768e-01
   1.3750000e+03   9.4180664e-01
   1.3760000e+03   9.5950560e-01
   1.3770000e+03   9.6977976e-01
   1.3780000e+03   9.8005391e-01
   1.3790000e+03   9.8586455e-01
   1.3800000e+03   9.9167520e-01
   1.3810000e+03   9.9432729e-01
   1.3820000e+03   9.9697938e-01
   1.3830000e+03   9.9848969e-01
   1.3840000e+03   1.0000000e+00
   1.3850000e+03   9.9966318e-01
   1.3860000e+03   9.9932637e-01
   1.3870000e+03   9.9448853e-01
   1.3880000e+03   9.8965069e-01
   1.3890000e+03   9.7507026e-01
   1.3900000e+03   9.6048984e-01
   1.3910000e+03   9.2786817e-01
   1.3920000e+03   8.9524650e-01
   1.3930000e+03   8.4184369e-01
   1.3940000e+03   7.8844088e-01
   1.3950000e+03   7.1723087e-01
   1.3960000e+03   6.4602085e-01
   1.3970000e+03   5.6806335e-01
   1.3980000e+03   4.9010585e-01
   1.3990000e+03   4.2108939e-01
   1.4000000e+03   3.5207292e-01
   1.4010000e+03   2.9795244e-01
   1.4020000e+03   2.4383195e-01
   1.4030000e+03   2.0517825e-01
   1.4040000e+03   1.6652454e-01
   1.4050000e+03   1.4050428e-01
   1.4060000e+03   1.1448402e-01
   1.4070000e+03   9.7043805e-02
   1.4080000e+03   7.9603585e-02
   1.4090000e+03   6.7843171e-02
   1.4100000e+03   5.6082756e-02
   1.4110000e+03   4.7860870e-02
   1.4120000e+03   3.9638983e-02
   1.4130000e+03   3.4195960e-02
   1.4140000e+03   2.8752936e-02
   1.4150000e+03   2.5169198e-02
   1.4160000e+03   2.1585460e-02
   1.4170000e+03   1.8910964e-02
   1.4180000e+03   1.6236467e-02
   1.4190000e+03   1.3935235e-02
   1.4200000e+03   1.1634003e-02
   1.4210000e+03   1.0128773e-02
