9.200   0.005292
9.205   0.005707
9.210   0.003552
9.215   0.004783
9.220   0.005378
9.225   0.009262
9.230   0.007456
9.235   0.005642
9.240   0.005740
9.245   0.005740
9.250   0.007459
9.255   0.006969
9.260   0.005405
9.265   0.004590
9.270   0.005321
9.275   0.005225
9.280   0.004990
9.285   0.005062
9.290   0.006810
9.295   0.006486
9.300   0.004518
9.305   0.006789
9.310   0.004960
9.315   0.004879
9.320   0.004864
9.325   0.003176
9.330   0.005905
9.335   0.005694
9.340   0.005797
9.345   0.005658
9.350   0.005465
9.355   0.006670
9.360   0.005779
9.365   0.006588
9.370   0.005347
9.375   0.004043
9.380   0.007236
9.385   0.004481
9.390   0.006393
9.395   0.004929
9.400   0.006878
9.405   0.005714
9.410   0.005269
9.415   0.005905
9.420   0.007816
9.425   0.006109
9.430   0.008270
9.435   0.006433
9.440   0.007532
9.445   0.005925
9.450   0.006633
9.455   0.006207
9.460   0.007181
9.465   0.007287
9.470   0.005453
9.475   0.007768
9.480   0.005217
9.485   0.004639
9.490   0.004807
9.495   0.007114
9.500   0.005826
9.505   0.008383
9.510   0.007325
9.515   0.006491
9.520   0.006558
9.525   0.005512
9.530   0.005387
9.535   0.006967
9.540   0.006243
9.545   0.006481
9.550   0.005772
9.555   0.007005
9.560   0.005978
9.565   0.005620
9.570   0.006882
9.575   0.005807
9.580   0.006097
9.585   0.007369
9.590   0.006995
9.595   0.008386
9.600   0.004908
9.605   0.007378
9.610   0.008797
9.615   0.006364
9.620   0.004379
9.625   0.005354
9.630   0.007144
9.635   0.006888
9.640   0.005828
9.645   0.006040
9.650   0.007783
9.655   0.006927
9.660   0.006441
9.665   0.007328
9.670   0.008186
9.675   0.006315
9.680   0.005294
9.685   0.005174
9.690   0.004738
9.695   0.006176
9.700   0.006208
9.705   0.005949
9.710   0.008587
9.715   0.004791
9.720   0.007870
9.725   0.006249
9.730   0.004811
9.735   0.007854
9.740   0.006406
9.745   0.003801
9.750   0.008008
9.755   0.009099
9.760   0.014357
9.765   0.006189
9.770   0.007936
9.775   0.007425
9.780   0.008587
9.785   0.008419
9.790   0.008497
9.795   0.008229
9.800   0.007916
9.805   0.010339
9.810   0.008895
9.815   0.010521
9.820   0.011252
9.825   0.009458
9.830   0.011331
9.835   0.010021
9.840   0.009259
9.845   0.009301
9.850   0.009459
9.855   0.009753
9.860   0.005598
9.865   0.009847
9.870   0.009396
9.875   0.011889
9.880   0.012294
9.885   0.008963
9.890   0.013113
9.895   0.015846
9.900   0.015868
9.905   0.011332
9.910   0.010907
9.915   0.012343
9.920   0.013259
9.925   0.012495
9.930   0.014099
9.935   0.009541
9.940   0.016816
9.945   0.017324
9.950   0.019522
9.955   0.014161
9.960   0.016457
9.965   0.018997
9.970   0.016427
9.975   0.021572
9.980   0.019134
9.985   0.018423
9.990   0.020961
9.995   0.019786
10.000  0.016390
10.005  0.024061
10.010  0.027555
10.015  0.021820
10.020  0.023787
10.025  0.024060
10.030  0.026333
10.035  0.029753
10.040  0.030191
10.045  0.028989
10.050  0.035086
10.055  0.032528
10.060  0.033049
10.065  0.034450
10.070  0.038587
10.075  0.042785
10.080  0.041967
10.085  0.044783
10.090  0.044483
10.095  0.048426
10.100  0.045485
10.105  0.054266
10.110  0.054689
10.115  0.051286
10.120  0.056601
10.125  0.063390
10.130  0.064932
10.135  0.066952
10.140  0.069638
10.145  0.069049
10.150  0.067462
10.155  0.073828
10.160  0.083038
10.165  0.085368
10.170  0.079696
10.175  0.088461
10.180  0.094628
10.185  0.098562
10.190  0.107348
10.195  0.108392
10.200  0.109775
10.205  0.120513
10.210  0.115907
10.215  0.126318
10.220  0.136848
10.225  0.135593
10.230  0.148763
10.235  0.153713
10.240  0.161475
10.245  0.167470
10.250  0.174796
10.255  0.178898
10.260  0.183681
10.265  0.196904
10.270  0.204834
10.275  0.212470
10.280  0.216600
10.285  0.224959
10.290  0.243622
10.295  0.246546
10.300  0.253418
10.305  0.263393
10.310  0.282750
10.315  0.288856
10.320  0.302516
10.325  0.308846
10.330  0.316921
10.335  0.334740
10.340  0.349263
10.345  0.359795
10.350  0.373365
10.355  0.382484
10.360  0.394481
10.365  0.405735
10.370  0.425542
10.375  0.439445
10.380  0.455812
10.385  0.472409
10.390  0.480425
10.395  0.502878
10.400  0.513410
10.405  0.531728
10.410  0.556737
10.415  0.565008
10.420  0.580294
10.425  0.595192
10.430  0.612483
10.435  0.623678
10.440  0.645128
10.445  0.658160
10.450  0.666931
10.455  0.674889
10.460  0.692504
10.465  0.709395
10.470  0.724203
10.475  0.740059
10.480  0.740238
10.485  0.751212
10.490  0.771647
10.495  0.780035
10.500  0.792812
10.505  0.807213
10.510  0.819281
10.515  0.813264
10.520  0.836467
10.525  0.834041
10.530  0.848165
10.535  0.857814
10.540  0.864069
10.545  0.884575
10.550  0.884708
10.555  0.893084
10.560  0.902397
10.565  0.911925
10.570  0.916420
10.575  0.932145
10.580  0.935071
10.585  0.936673
10.590  0.947149
10.595  0.940535
10.600  0.946060
10.605  0.954273
10.610  0.955671
10.615  0.962881
10.620  0.966607
10.625  0.970471
10.630  0.977066
10.635  0.979448
10.640  0.975168
10.645  0.974429
10.650  0.980419
10.655  0.980423
10.660  1.000000
10.665  0.979348
10.670  0.982984
10.675  0.975993
10.680  0.985342
10.685  0.986379
10.690  0.987639
10.695  0.983461
10.700  0.974918
10.705  0.972333
10.710  0.987476
10.715  0.981597
10.720  0.971146
10.725  0.975399
10.730  0.973767
10.735  0.981127
10.740  0.978383
10.745  0.977703
10.750  0.972796
10.755  0.978918
10.760  0.971980
10.765  0.983856
10.770  0.975575
10.775  0.985569
10.780  0.978985
10.785  0.982752
10.790  0.990822
10.795  0.986249
10.800  0.986308
10.805  0.985602
10.810  0.983332
10.815  0.979026
10.820  0.986145
10.825  0.981957
10.830  0.977926
10.835  0.992621
10.840  0.997557
10.845  0.990663
10.850  0.985867
10.855  0.985010
10.860  0.982342
10.865  0.976556
10.870  0.971704
10.875  0.971915
10.880  0.966047
10.885  0.965281
10.890  0.960688
10.895  0.964293
10.900  0.958230
10.905  0.954496
10.910  0.955171
10.915  0.960591
10.920  0.956314
10.925  0.948433
10.930  0.941876
10.935  0.955324
10.940  0.962115
10.945  0.962924
10.950  0.955249
10.955  0.955452
10.960  0.956105
10.965  0.960220
10.970  0.955737
10.975  0.957306
10.980  0.962545
10.985  0.966595
10.990  0.966329
10.995  0.960433
11.000  0.966141
11.005  0.956190
11.010  0.950176
11.015  0.963391
11.020  0.954691
11.025  0.964318
11.030  0.952168
11.035  0.956125
11.040  0.940277
11.045  0.955445
11.050  0.951326
11.055  0.951126
11.060  0.946860
11.065  0.934274
11.070  0.931315
11.075  0.926541
11.080  0.932869
11.085  0.929946
11.090  0.924645
11.095  0.916331
11.100  0.919064
11.105  0.909321
11.110  0.901645
11.115  0.913609
11.120  0.901270
11.125  0.889565
11.130  0.904019
11.135  0.882579
11.140  0.904986
11.145  0.891445
11.150  0.886260
11.155  0.888067
11.160  0.881255
11.165  0.873294
11.170  0.869588
11.175  0.859677
11.180  0.851183
11.185  0.847705
11.190  0.837556
11.195  0.833259
11.200  0.824604
11.205  0.813803
11.210  0.799670
11.215  0.787541
11.220  0.769822
11.225  0.750374
11.230  0.739040
11.235  0.724483
11.240  0.709063
11.245  0.696381
11.250  0.678149
11.255  0.663648
11.260  0.645195
11.265  0.630998
11.270  0.611443
11.275  0.597134
11.280  0.579530
11.285  0.575220
11.290  0.553083
11.295  0.542905
11.300  0.508413
11.305  0.504573
11.310  0.486981
11.315  0.475945
11.320  0.462880
11.325  0.451653
11.330  0.440377
11.335  0.425370
11.340  0.407526
11.345  0.403909
11.350  0.376765
11.355  0.380937
11.360  0.374046
11.365  0.353086
11.370  0.342106
11.375  0.330647
11.380  0.319354
11.385  0.305944
11.390  0.297250
11.395  0.283497
11.400  0.273775
11.405  0.257630
11.410  0.248937
11.415  0.239112
11.420  0.229584
11.425  0.229971
11.430  0.211944
11.435  0.200243
11.440  0.197824
11.445  0.197457
11.450  0.184547
11.455  0.178256
11.460  0.162405
11.465  0.159433
11.470  0.155188
11.475  0.154044
11.480  0.149471
11.485  0.140501
11.490  0.144666
11.495  0.132385
11.500  0.128719
11.505  0.113607
11.510  0.120811
11.515  0.116009
11.520  0.113383
11.525  0.100606
11.530  0.107578
11.535  0.096855
11.540  0.095931
11.545  0.091867
11.550  0.090264
11.555  0.083465
11.560  0.086149
11.565  0.086295
11.570  0.076422
11.575  0.080031
11.580  0.069313
11.585  0.067204
11.590  0.070812
11.595  0.069269
11.600  0.053617
11.605  0.048771
11.610  0.056709
11.615  0.058561
11.620  0.052527
11.625  0.048618
11.630  0.052276
11.635  0.044719
11.640  0.047914
11.645  0.050478
11.650  0.037812
11.655  0.044610
11.660  0.031945
11.665  0.037202
11.670  0.035810
11.675  0.029327
11.680  0.025674
11.685  0.021355
11.690  0.019071
11.695  0.021406
11.700  0.012621
11.705  0.013108
11.710  0.013702
11.715  0.013573
11.720  0.014097
11.725  0.011853
11.730  0.007812
11.735  0.011341
11.740  0.009811
11.745  0.008046
11.750  0.008668
11.755  0.007645
11.760  0.012025
11.765  0.007786
11.770  0.012078
11.775  0.010218
11.780  0.009259
11.785  0.009503
11.790  0.005931
11.795  0.008866
11.800  0.007465
11.805  0.006080
11.810  0.012075
11.815  0.007089
11.820  0.005350
11.825  0.005345
11.830  0.008728
11.835  0.006793
11.840  0.006944
11.845  0.007715
11.850  0.006815
11.855  0.007728
11.860  0.005696
11.865  0.008341
11.870  0.008234
11.875  0.006229
11.880  0.005180
11.885  0.008305
11.890  0.007579
11.895  0.007650
11.900  0.004350
11.905  0.005586
11.910  0.007450
11.915  0.008755
11.920  0.007907
11.925  0.005624
11.930  0.005049
11.935  0.005905
11.940  0.007148
11.945  0.006187
11.950  0.007528
11.955  0.004660
11.960  0.004072
11.965  0.005431
11.970  0.006896
11.975  0.006794
11.980  0.004861
11.985  0.006766
11.990  0.005111
11.995  0.007468
12.000  0.007047
12.005  0.008251
12.010  0.006074
12.015  0.007354
12.020  0.005439
12.025  0.006560
12.030  0.009481
12.035  0.005352
12.040  0.004923
12.045  0.005352
12.050  0.003421
12.055  0.005197
12.060  0.005114
12.065  0.006710
12.070  0.007200
12.075  0.006359
12.080  0.004943
12.085  0.004460
12.090  0.007148
12.095  0.005857
12.100  0.006614
12.105  0.007039
12.110  0.005800
12.115  0.006727
12.120  0.005041
12.125  0.003794
12.130  0.006778
12.135  0.006050
12.140  0.007308
12.145  0.005277
12.150  0.005938
12.155  0.005182
12.160  0.006929
12.165  0.008144
12.170  0.006416
12.175  0.007381
12.180  0.007374
12.185  0.004905
12.190  0.005811
12.195  0.007062
12.200  0.005551
12.205  0.006025
12.210  0.006787
12.215  0.007713
12.220  0.007516
12.225  0.007815
12.230  0.005757
12.235  0.006550
12.240  0.006270
12.245  0.008244
12.250  0.006037
12.255  0.008172
12.260  0.007424
12.265  0.006253
12.270  0.005964
12.275  0.006890
12.280  0.006754
12.285  0.007663
12.290  0.007664
12.295  0.005792
12.300  0.006949