  0   28 134 238
  1   28 134 238
  2   28 134 238
  3   28 134 238
  4   28 134 238
  5   28 134 238
  6   28 134 238
  7   28 134 238
  8   28 134 238
  9   28 134 238
 10   28 134 238
 11   28 134 238
 12   28 134 238
 13   28 134 238
 14   28 134 238
 15   28 134 238
 16   28 134 238
 17   28 134 238
 18   28 134 238
 19   28 134 238
 20   28 134 238
 21   28 134 238
 22   28 134 238
 23   28 134 238
 24   28 134 238
 25   28 134 238
 26   28 134 238
 27   28 134 238
 28   28 134 238
 29   28 134 238
 30   28 134 238
 31   28 134 238
 32   28 134 238
 33   28 134 238
 34   28 134 238
 35   28 134 238
 36   28 134 238
 37   28 134 238
 38   28 134 238
 39   28 134 238
 40   28 134 238
 41   28 134 238
 42   28 134 238
 43   28 134 238
 44   28 134 238
 45   28 134 238
 46   28 134 238
 47   28 134 238
 48   28 134 238
 49   28 134 238
 50   28 134 238
 51  205 170 125
 52  205 170 125
 53  205 170 125
 54  205 170 125
 55  205 170 125
 56  205 170 125
 57  205 170 125
 58  205 170 125
 59  205 170 125
 60  205 170 125
 61  205 170 125
 62  205 170 125
 63  205 170 125
 64  205 170 125
 65  205 170 125
 66  205 170 125
 67  205 170 125
 68  205 170 125
 69  205 170 125
 70  205 170 125
 71  205 170 125
 72  205 170 125
 73  205 170 125
 74  205 170 125
 75  205 170 125
 76  205 170 125
 77  205 170 125
 78  205 170 125
 79  205 170 125
 80  205 170 125
 81  205 170 125
 82  205 170 125
 83  205 170 125
 84  205 170 125
 85  205 170 125
 86  205 170 125
 87  205 170 125
 88  205 170 125
 89  205 170 125
 90  205 170 125
 91  205 170 125
 92  205 170 125
 93  205 170 125
 94  205 170 125
 95  205 170 125
 96  205 170 125
 97  205 170 125
 98  205 170 125
 99  205 170 125
100  205 170 125
101  205 170 125
102  205 205 193
103  205 205 193
104  205 205 193
105  205 205 193
106  205 205 193
107  205 205 193
108  205 205 193
109  205 205 193
110  205 205 193
111  205 205 193
112  205 205 193
113  205 205 193
114  205 205 193
115  205 205 193
116  205 205 193
117  205 205 193
118  205 205 193
119  205 205 193
120  205 205 193
121  205 205 193
122  205 205 193
123  205 205 193
124  205 205 193
125  205 205 193
126  205 205 193
127  205 205 193
128  205 205 193
129  205 205 193
130  205 205 193
131  205 205 193
132  205 205 193
133  205 205 193
134  205 205 193
135  205 205 193
136  205 205 193
137  205 205 193
138  205 205 193
139  205 205 193
140  205 205 193
141  205 205 193
142  205 205 193
143  205 205 193
144  205 205 193
145  205 205 193
146  205 205 193
147  205 205 193
148  205 205 193
149  205 205 193
150  205 205 193
151  205 205 193
152  205 205 193
153  220  20  60
154  220  20  60
155  220  20  60
156  220  20  60
157  220  20  60
158  220  20  60
159  220  20  60
160  220  20  60
161  220  20  60
162  220  20  60
163  220  20  60
164  220  20  60
165  220  20  60
166  220  20  60
167  220  20  60
168  220  20  60
169  220  20  60
170  220  20  60
171  220  20  60
172  220  20  60
173  220  20  60
174  220  20  60
175  220  20  60
176  220  20  60
177  220  20  60
178  220  20  60
179  220  20  60
180  220  20  60
181  220  20  60
182  220  20  60
183  220  20  60
184  220  20  60
185  220  20  60
186  220  20  60
187  220  20  60
188  220  20  60
189  220  20  60
190  220  20  60
191  220  20  60
192  220  20  60
193  220  20  60
194  220  20  60
195  220  20  60
196  220  20  60
197  220  20  60
198  220  20  60
199  220  20  60
200  220  20  60
201  220  20  60
202  220  20  60
203  220  20  60
204  220  20  60
205  255 255   0
206  255 255   0
207  255 255   0
208  255 255   0
209  255 255   0
210  255 255   0
211  255 255   0
212  255 255   0
213  255 255   0
214  255 255   0
215  255 255   0
216  255 255   0
217  255 255   0
218  255 255   0
219  255 255   0
220  255 255   0
221  255 255   0
222  255 255   0
223  255 255   0
224  255 255   0
225  255 255   0
226  255 255   0
226  255 255   0
227  255 255   0
228  255 255   0
229  255 255   0
230  255 255   0
231  255 255   0
232  255 255   0
233  255 255   0
234  255 255   0
235  255 255   0
236  255 255   0
237  255 255   0
238  255 255   0
239  255 255   0
240  255 255   0
241  255 255   0
242  255 255   0
243  255 255   0
244  255 255   0
245  255 255   0
246  255 255   0
247  255 255   0
248  255 255   0
249  255 255   0
250  255 255   0
251  255 255   0
252  255 255   0
253  255 255   0
254  255 255   0
255  255 255   0
