  0    0   0   0 
  1    0   0   0 
  2    0   0   0 
  3    0   0   0 
  4    0   0   0 
  5    0   0   0 
  6    0   0   0 
  7    0   0   0 
  8    0   0   0 
  9  210 105  30
 10  210 105  30
 11  210 105  30
 12  210 105  30
 13  210 105  30
 14  210 105  30
 15  210 105  30
 16  210 105  30
 17  210 105  30
 18  210 105  30
 19  210 105  30
 20  210 105  30
 21  210 105  30
 22  210 105  30
 23  210 105  30
 24  210 105  30
 25  210 105  30
 26  210 105  30
 27  210 105  30
 28  210 105  30
 29  210 105  30
 30  210 105  30
 31  210 105  30
 32  210 105  30
 33  210 105  30
 34  210 105  30
 35  210 105  30
 36  210 105  30
 37  210 105  30
 38  210 105  30
 39  210 105  30
 40  210 105  30
 41  210 105  30
 42  210 105  30
 43  210 105  30
 44  210 105  30
 45  210 105  30
 46  210 105  30
 47  210 105  30
 48  210 105  30
 49  210 105  30
 50  210 105  30
 51  210 105  30
 52  210 105  30
 53  210 105  30
 54  210 105  30
 55  210 105  30
 56  210 105  30
 57  210 105  30
 58  210 105  30
 59  210 105  30
 60  210 105  30
 61  210 105  30
 62  210 105  30
 63  210 105  30
 64  210 105  30
 65  210 105  30
 66  210 105  30
 67  210 105  30
 68  210 105  30
 69  210 105  30
 70  210 105  30
 71  210 105  30
 72  210 105  30
 73  210 105  30
 74  210 105  30
 75  210 105  30
 76  210 105  30
 77  210 105  30
 78  210 105  30
 79  210 105  30
 80  210 105  30
 81  210 105  30
 82  210 105  30
 83  210 105  30
 84  210 105  30
 85  210 105  30
 86  210 105  30
 87  210 105  30
 88  210 105  30
 89  210 105  30
 90  210 105  30
 91  210 105  30
 92  210 105  30
 93  210 105  30
 94  210 105  30
 95  210 105  30
 96  210 105  30
 97  210 105  30
 98  210 105  30
 99  210 105  30
100  210 105  30
101  210 105  30
102  210 105  30
103  210 105  30
104  210 105  30
105  210 105  30
106  210 105  30
107  210 105  30
108  210 105  30
109  210 105  30
110  210 105  30
111  210 105  30
112  210 105  30
113  210 105  30
114  210 105  30
115  210 105  30
116  210 105  30
117  210 105  30
118  210 105  30
119  210 105  30
120  210 105  30
121  210 105  30
122  210 105  30
123  210 105  30
124  210 105  30
125  210 105  30
126   30 144 255
127   30 144 255
128   30 144 255
129   30 144 255
130   30 144 255
131   30 144 255
132   30 144 255
133   30 144 255
134   30 144 255
135   30 144 255
136   30 144 255
137   30 144 255
138   30 144 255
139   30 144 255
140   30 144 255
141   30 144 255
142   30 144 255
143   30 144 255
144   30 144 255
145   30 144 255
146   30 144 255
147   30 144 255
148   30 144 255
149   30 144 255
150   30 144 255
151   30 144 255
152   30 144 255
153   30 144 255
154   30 144 255
155   30 144 255
156   30 144 255
157   30 144 255
158   30 144 255
159   30 144 255
160   30 144 255
161   30 144 255
162   30 144 255
163   30 144 255
164   30 144 255
165   30 144 255
166   30 144 255
167   30 144 255
168   30 144 255
169   30 144 255
170   30 144 255
171   30 144 255
172   30 144 255
173   30 144 255
174   30 144 255
175   30 144 255
176   30 144 255
177   30 144 255
178   30 144 255
179   30 144 255
180   30 144 255
181   30 144 255
182   30 144 255
183   30 144 255
184   30 144 255
185   30 144 255
186   30 144 255
187   30 144 255
188   30 144 255
189   30 144 255
190   30 144 255
191   30 144 255
192   30 144 255
193   30 144 255
194   30 144 255
195   30 144 255
196   30 144 255
197   30 144 255
198   30 144 255
199   30 144 255
200   30 144 255
201   30 144 255
202   30 144 255
203   30 144 255
204   30 144 255
205   30 144 255
206   30 144 255
207   30 144 255
208   30 144 255
209   30 144 255
210   30 144 255
211   30 144 255
212   30 144 255
213   30 144 255
214   30 144 255
215   30 144 255
216   30 144 255
217   30 144 255
218   30 144 255
219   30 144 255
220   30 144 255
221   30 144 255
222   30 144 255
223   30 144 255
224   30 144 255
225   30 144 255
226   30 144 255
226   30 144 255
227   30 144 255
228   30 144 255
229   30 144 255
230   30 144 255
231   30 144 255
232   30 144 255
233   30 144 255
234   30 144 255
235   30 144 255
236   30 144 255
237   30 144 255
238   30 144 255
239   30 144 255
240   30 144 255
241   30 144 255
242   30 144 255
243   30 144 255
244   30 144 255
245   30 144 255
246   30 144 255
247   30 144 255
248   30 144 255
249   30 144 255
250   30 144 255
251   30 144 255
252   30 144 255
253   30 144 255
254   30 144 255
255   30 144 255
